# generation power_min power_avg power_max util_min util_avg util_max
1 6.202375 7.583282 9.163222 0.313923 0.455187 0.681578
100 5.036121 6.210071 6.896226 0.298509 0.457767 0.595884
200 4.467958 5.135188 5.625019 0.254428 0.441294 0.593169
300 3.886646 4.361658 4.696352 0.254428 0.391223 0.586233
400 3.335711 3.712458 4.015540 0.233641 0.344413 0.536051
500 2.887343 3.213994 3.422105 0.230734 0.291021 0.459325
600 2.549789 2.873927 3.051231 0.242916 0.289908 0.329896
700 2.448472 2.609297 2.705099 0.241802 0.269438 0.320333
800 2.389468 2.452629 2.525468 0.226438 0.261917 0.305087
900 2.353174 2.385114 2.410978 0.227566 0.253906 0.273221
1000 2.348756 2.353718 2.357564 0.228721 0.229288 0.231792
1100 2.348756 2.352018 2.353164 0.229668 0.230220 0.231792
1200 2.348756 2.348756 2.348756 0.231792 0.231792 0.231792
1300 2.348756 2.348756 2.348756 0.231792 0.231792 0.231792
1400 2.348756 2.348756 2.348756 0.231792 0.231792 0.231792
1500 2.348756 2.348756 2.348756 0.231792 0.231792 0.231792
1600 2.348756 2.348756 2.348756 0.231792 0.231792 0.231792
1700 2.348756 2.348756 2.348756 0.231792 0.231792 0.231792
1800 2.348756 2.348756 2.348756 0.231792 0.231792 0.231792
1900 2.348756 2.348756 2.348756 0.231792 0.231792 0.231792
2000 2.348756 2.348756 2.348756 0.231792 0.231792 0.231792
2100 2.348756 2.348756 2.348756 0.231792 0.231792 0.231792
2200 2.348756 2.348756 2.348756 0.231792 0.231792 0.231792
2300 2.348756 2.348756 2.348756 0.231792 0.231792 0.231792
2400 2.348756 2.348756 2.348756 0.231792 0.231792 0.231792
2500 2.348756 2.348756 2.348756 0.231792 0.231792 0.231792
2600 2.348756 2.348756 2.348756 0.231792 0.231792 0.231792
2700 2.348756 2.348756 2.348756 0.231792 0.231792 0.231792
2800 2.348756 2.348756 2.348756 0.231792 0.231792 0.231792
2900 2.348756 2.348756 2.348756 0.231792 0.231792 0.231792
3000 2.348756 2.348756 2.348756 0.231792 0.231792 0.231792
3100 2.348756 2.348756 2.348756 0.231792 0.231792 0.231792
3200 2.348756 2.348756 2.348756 0.231792 0.231792 0.231792
3300 2.348756 2.348756 2.348756 0.231792 0.231792 0.231792
3400 2.348756 2.348756 2.348756 0.231792 0.231792 0.231792
3500 2.348756 2.348756 2.348756 0.231792 0.231792 0.231792
3600 2.348756 2.348756 2.348756 0.231792 0.231792 0.231792
3700 2.348756 2.348756 2.348756 0.231792 0.231792 0.231792
3800 2.348756 2.348756 2.348756 0.231792 0.231792 0.231792
3900 2.348756 2.348756 2.348756 0.231792 0.231792 0.231792
4000 2.348756 2.348756 2.348756 0.231792 0.231792 0.231792
4100 2.348756 2.348756 2.348756 0.231792 0.231792 0.231792
4200 2.348756 2.348756 2.348756 0.231792 0.231792 0.231792
4300 2.348756 2.348756 2.348756 0.231792 0.231792 0.231792
4400 2.348756 2.348756 2.348756 0.231792 0.231792 0.231792
4500 2.348756 2.348756 2.348756 0.231792 0.231792 0.231792
4600 2.348756 2.348756 2.348756 0.231792 0.231792 0.231792
4700 2.348756 2.348756 2.348756 0.231792 0.231792 0.231792
4800 2.348756 2.348756 2.348756 0.231792 0.231792 0.231792
4900 2.348756 2.348756 2.348756 0.231792 0.231792 0.231792
5000 2.348756 2.348756 2.348756 0.231792 0.231792 0.231792
5100 2.348756 2.348756 2.348756 0.231792 0.231792 0.231792
5200 2.348756 2.348756 2.348756 0.231792 0.231792 0.231792
5300 2.348756 2.348756 2.348756 0.231792 0.231792 0.231792
5400 2.348756 2.348756 2.348756 0.231792 0.231792 0.231792
5500 2.348756 2.348756 2.348756 0.231792 0.231792 0.231792
5600 2.348756 2.348756 2.348756 0.231792 0.231792 0.231792
5700 2.348756 2.348756 2.348756 0.231792 0.231792 0.231792
5800 2.348756 2.348756 2.348756 0.231792 0.231792 0.231792
5900 2.348756 2.348756 2.348756 0.231792 0.231792 0.231792
6000 2.348756 2.348756 2.348756 0.231792 0.231792 0.231792
6100 2.348756 2.348756 2.348756 0.231792 0.231792 0.231792
6200 2.348756 2.348756 2.348756 0.231792 0.231792 0.231792
6300 2.348756 2.348756 2.348756 0.231792 0.231792 0.231792
6400 2.348756 2.348756 2.348756 0.231792 0.231792 0.231792
6500 2.348756 2.348756 2.348756 0.231792 0.231792 0.231792
6600 2.348756 2.348756 2.348756 0.231792 0.231792 0.231792
6700 2.348756 2.348756 2.348756 0.231792 0.231792 0.231792
6800 2.348756 2.348756 2.348756 0.231792 0.231792 0.231792
6900 2.348756 2.348756 2.348756 0.231792 0.231792 0.231792
7000 2.348756 2.348756 2.348756 0.231792 0.231792 0.231792
7100 2.348756 2.348756 2.348756 0.231792 0.231792 0.231792
7200 2.348756 2.348756 2.348756 0.231792 0.231792 0.231792
7300 2.348756 2.348756 2.348756 0.231792 0.231792 0.231792
7400 2.348756 2.348756 2.348756 0.231792 0.231792 0.231792
7500 2.348756 2.348756 2.348756 0.231792 0.231792 0.231792
7600 2.348756 2.348756 2.348756 0.231792 0.231792 0.231792
7700 2.348756 2.348756 2.348756 0.231792 0.231792 0.231792
7800 2.348756 2.348756 2.348756 0.231792 0.231792 0.231792
7900 2.348756 2.348756 2.348756 0.231792 0.231792 0.231792
8000 2.348756 2.348756 2.348756 0.231792 0.231792 0.231792
8100 2.348756 2.348756 2.348756 0.231792 0.231792 0.231792
8200 2.348756 2.348756 2.348756 0.231792 0.231792 0.231792
8300 2.348756 2.348756 2.348756 0.231792 0.231792 0.231792
8400 2.348756 2.348756 2.348756 0.231792 0.231792 0.231792
8500 2.348756 2.348756 2.348756 0.231792 0.231792 0.231792
8600 2.348756 2.348756 2.348756 0.231792 0.231792 0.231792
8700 2.348756 2.348756 2.348756 0.231792 0.231792 0.231792
8800 2.348756 2.348756 2.348756 0.231792 0.231792 0.231792
8900 2.348756 2.348756 2.348756 0.231792 0.231792 0.231792
9000 2.348756 2.348756 2.348756 0.231792 0.231792 0.231792
9100 2.348756 2.348756 2.348756 0.231792 0.231792 0.231792
9200 2.348756 2.348756 2.348756 0.231792 0.231792 0.231792
9300 2.348756 2.348756 2.348756 0.231792 0.231792 0.231792
9400 2.348756 2.348756 2.348756 0.231792 0.231792 0.231792
9500 2.348756 2.348756 2.348756 0.231792 0.231792 0.231792
9600 2.348756 2.348756 2.348756 0.231792 0.231792 0.231792
9700 2.348756 2.348756 2.348756 0.231792 0.231792 0.231792
9800 2.348756 2.348756 2.348756 0.231792 0.231792 0.231792
9900 2.348756 2.348756 2.348756 0.231792 0.231792 0.231792
10000 2.348756 2.348756 2.348756 0.231792 0.231792 0.231792
10100 2.348756 2.348756 2.348756 0.231792 0.231792 0.231792
10200 2.348756 2.348756 2.348756 0.231792 0.231792 0.231792
10300 2.348756 2.348756 2.348756 0.231792 0.231792 0.231792
10400 2.348756 2.348756 2.348756 0.231792 0.231792 0.231792
10500 2.348756 2.348756 2.348756 0.231792 0.231792 0.231792
10600 2.348756 2.348756 2.348756 0.231792 0.231792 0.231792
10700 2.348756 2.348756 2.348756 0.231792 0.231792 0.231792
10800 2.348756 2.348756 2.348756 0.231792 0.231792 0.231792
10900 2.348756 2.348756 2.348756 0.231792 0.231792 0.231792
11000 2.348756 2.348756 2.348756 0.231792 0.231792 0.231792
11100 2.348756 2.348756 2.348756 0.231792 0.231792 0.231792
11200 2.348756 2.348756 2.348756 0.231792 0.231792 0.231792
11300 2.348756 2.348756 2.348756 0.231792 0.231792 0.231792
11400 2.348756 2.348756 2.348756 0.231792 0.231792 0.231792
11500 2.348756 2.348756 2.348756 0.231792 0.231792 0.231792
11600 2.348756 2.348756 2.348756 0.231792 0.231792 0.231792
11700 2.348756 2.348756 2.348756 0.231792 0.231792 0.231792
11800 2.348756 2.348756 2.348756 0.231792 0.231792 0.231792
11900 2.348756 2.348756 2.348756 0.231792 0.231792 0.231792
12000 2.348756 2.348756 2.348756 0.231792 0.231792 0.231792
12100 2.348756 2.348756 2.348756 0.231792 0.231792 0.231792
12200 2.348756 2.348756 2.348756 0.231792 0.231792 0.231792
12300 2.348756 2.348756 2.348756 0.231792 0.231792 0.231792
12400 2.348756 2.348756 2.348756 0.231792 0.231792 0.231792
12500 2.348756 2.348756 2.348756 0.231792 0.231792 0.231792
12600 2.348756 2.348756 2.348756 0.231792 0.231792 0.231792
12700 2.348756 2.348756 2.348756 0.231792 0.231792 0.231792
12800 2.348756 2.348756 2.348756 0.231792 0.231792 0.231792
12900 2.348756 2.348756 2.348756 0.231792 0.231792 0.231792
13000 2.348756 2.348756 2.348756 0.231792 0.231792 0.231792
13100 2.348756 2.348756 2.348756 0.231792 0.231792 0.231792
13200 2.348756 2.348756 2.348756 0.231792 0.231792 0.231792
13300 2.348756 2.348756 2.348756 0.231792 0.231792 0.231792
13400 2.348756 2.348756 2.348756 0.231792 0.231792 0.231792
13500 2.348756 2.348756 2.348756 0.231792 0.231792 0.231792
13600 2.348756 2.348756 2.348756 0.231792 0.231792 0.231792
13700 2.348756 2.348756 2.348756 0.231792 0.231792 0.231792
13800 2.348756 2.348756 2.348756 0.231792 0.231792 0.231792
13900 2.348756 2.348756 2.348756 0.231792 0.231792 0.231792
14000 2.348756 2.348756 2.348756 0.231792 0.231792 0.231792
14100 2.348756 2.348756 2.348756 0.231792 0.231792 0.231792
14200 2.348756 2.348756 2.348756 0.231792 0.231792 0.231792
14300 2.348756 2.348756 2.348756 0.231792 0.231792 0.231792
14400 2.348756 2.348756 2.348756 0.231792 0.231792 0.231792
14500 2.348756 2.348756 2.348756 0.231792 0.231792 0.231792
14600 2.348756 2.348756 2.348756 0.231792 0.231792 0.231792
14700 2.348756 2.348756 2.348756 0.231792 0.231792 0.231792
14800 2.348756 2.348756 2.348756 0.231792 0.231792 0.231792
14900 2.348756 2.348756 2.348756 0.231792 0.231792 0.231792
15000 2.348756 2.348756 2.348756 0.231792 0.231792 0.231792
15100 2.348756 2.348756 2.348756 0.231792 0.231792 0.231792
15200 2.348756 2.348756 2.348756 0.231792 0.231792 0.231792
15300 2.348756 2.348756 2.348756 0.231792 0.231792 0.231792
15400 2.348756 2.348756 2.348756 0.231792 0.231792 0.231792
15500 2.348756 2.348756 2.348756 0.231792 0.231792 0.231792
15600 2.348756 2.348756 2.348756 0.231792 0.231792 0.231792
15700 2.348756 2.348756 2.348756 0.231792 0.231792 0.231792
15800 2.348756 2.348756 2.348756 0.231792 0.231792 0.231792
15900 2.348756 2.348756 2.348756 0.231792 0.231792 0.231792
16000 2.348756 2.348756 2.348756 0.231792 0.231792 0.231792
16100 2.348756 2.348756 2.348756 0.231792 0.231792 0.231792
16200 2.348756 2.348756 2.348756 0.231792 0.231792 0.231792
16300 2.348756 2.348756 2.348756 0.231792 0.231792 0.231792
16400 2.348756 2.348756 2.348756 0.231792 0.231792 0.231792
16500 2.348756 2.348756 2.348756 0.231792 0.231792 0.231792
16600 2.348756 2.348756 2.348756 0.231792 0.231792 0.231792
16700 2.348756 2.348756 2.348756 0.231792 0.231792 0.231792
16800 2.348756 2.348756 2.348756 0.231792 0.231792 0.231792
16900 2.348756 2.348756 2.348756 0.231792 0.231792 0.231792
17000 2.348756 2.348756 2.348756 0.231792 0.231792 0.231792
17100 2.348756 2.348756 2.348756 0.231792 0.231792 0.231792
17200 2.348756 2.348756 2.348756 0.231792 0.231792 0.231792
17300 2.348756 2.348756 2.348756 0.231792 0.231792 0.231792
17400 2.348756 2.348756 2.348756 0.231792 0.231792 0.231792
17500 2.348756 2.348756 2.348756 0.231792 0.231792 0.231792
17600 2.348756 2.348756 2.348756 0.231792 0.231792 0.231792
17700 2.348756 2.348756 2.348756 0.231792 0.231792 0.231792
17800 2.348756 2.348756 2.348756 0.231792 0.231792 0.231792
17900 2.348756 2.348756 2.348756 0.231792 0.231792 0.231792
18000 2.348756 2.348756 2.348756 0.231792 0.231792 0.231792
18100 2.348756 2.348756 2.348756 0.231792 0.231792 0.231792
18200 2.348756 2.348756 2.348756 0.231792 0.231792 0.231792
18300 2.348756 2.348756 2.348756 0.231792 0.231792 0.231792
18400 2.348756 2.348756 2.348756 0.231792 0.231792 0.231792
18500 2.348756 2.348756 2.348756 0.231792 0.231792 0.231792
18600 2.348756 2.348756 2.348756 0.231792 0.231792 0.231792
18700 2.348756 2.348756 2.348756 0.231792 0.231792 0.231792
18800 2.348756 2.348756 2.348756 0.231792 0.231792 0.231792
18900 2.348756 2.348756 2.348756 0.231792 0.231792 0.231792
19000 2.348756 2.348756 2.348756 0.231792 0.231792 0.231792
19100 2.348756 2.348756 2.348756 0.231792 0.231792 0.231792
19200 2.348756 2.348756 2.348756 0.231792 0.231792 0.231792
19300 2.348756 2.348756 2.348756 0.231792 0.231792 0.231792
19400 2.348756 2.348756 2.348756 0.231792 0.231792 0.231792
19500 2.348756 2.348756 2.348756 0.231792 0.231792 0.231792
19600 2.348756 2.348756 2.348756 0.231792 0.231792 0.231792
19700 2.348756 2.348756 2.348756 0.231792 0.231792 0.231792
19800 2.348756 2.348756 2.348756 0.231792 0.231792 0.231792
19900 2.348756 2.348756 2.348756 0.231792 0.231792 0.231792
20000 2.348756 2.348756 2.348756 0.231792 0.231792 0.231792
20100 2.348756 2.348756 2.348756 0.231792 0.231792 0.231792
20200 2.348756 2.348756 2.348756 0.231792 0.231792 0.231792
20300 2.348756 2.348756 2.348756 0.231792 0.231792 0.231792
20400 2.348756 2.348756 2.348756 0.231792 0.231792 0.231792
20500 2.348756 2.348756 2.348756 0.231792 0.231792 0.231792
20600 2.348756 2.348756 2.348756 0.231792 0.231792 0.231792
20700 2.348756 2.348756 2.348756 0.231792 0.231792 0.231792
20800 2.348756 2.348756 2.348756 0.231792 0.231792 0.231792
20900 2.348756 2.348756 2.348756 0.231792 0.231792 0.231792
21000 2.348756 2.348756 2.348756 0.231792 0.231792 0.231792
21100 2.348756 2.348756 2.348756 0.231792 0.231792 0.231792
21200 2.348756 2.348756 2.348756 0.231792 0.231792 0.231792
21300 2.348756 2.348756 2.348756 0.231792 0.231792 0.231792
21400 2.348756 2.348756 2.348756 0.231792 0.231792 0.231792
21500 2.348756 2.348756 2.348756 0.231792 0.231792 0.231792
21600 2.348756 2.348756 2.348756 0.231792 0.231792 0.231792
21700 2.348756 2.348756 2.348756 0.231792 0.231792 0.231792
21800 2.348756 2.348756 2.348756 0.231792 0.231792 0.231792
21900 2.348756 2.348756 2.348756 0.231792 0.231792 0.231792
22000 2.348756 2.348756 2.348756 0.231792 0.231792 0.231792
22100 2.348756 2.348756 2.348756 0.231792 0.231792 0.231792
22200 2.348756 2.348756 2.348756 0.231792 0.231792 0.231792
22300 2.348756 2.348756 2.348756 0.231792 0.231792 0.231792
22400 2.348756 2.348756 2.348756 0.231792 0.231792 0.231792
22500 2.348756 2.348756 2.348756 0.231792 0.231792 0.231792
22600 2.348756 2.348756 2.348756 0.231792 0.231792 0.231792
22700 2.348756 2.348756 2.348756 0.231792 0.231792 0.231792
22800 2.348756 2.348756 2.348756 0.231792 0.231792 0.231792
22900 2.348756 2.348756 2.348756 0.231792 0.231792 0.231792
23000 2.348756 2.348756 2.348756 0.231792 0.231792 0.231792
23100 2.348756 2.348756 2.348756 0.231792 0.231792 0.231792
23200 2.348756 2.348756 2.348756 0.231792 0.231792 0.231792
23300 2.348756 2.348756 2.348756 0.231792 0.231792 0.231792
23400 2.348756 2.348756 2.348756 0.231792 0.231792 0.231792
23500 2.348756 2.348756 2.348756 0.231792 0.231792 0.231792
23600 2.348756 2.348756 2.348756 0.231792 0.231792 0.231792
23700 2.348756 2.348756 2.348756 0.231792 0.231792 0.231792
23800 2.348756 2.348756 2.348756 0.231792 0.231792 0.231792
23900 2.348756 2.348756 2.348756 0.231792 0.231792 0.231792
24000 2.348756 2.348756 2.348756 0.231792 0.231792 0.231792
24100 2.348756 2.348756 2.348756 0.231792 0.231792 0.231792
24200 2.348756 2.348756 2.348756 0.231792 0.231792 0.231792
24300 2.348756 2.348756 2.348756 0.231792 0.231792 0.231792
24400 2.348756 2.348756 2.348756 0.231792 0.231792 0.231792
24500 2.348756 2.348756 2.348756 0.231792 0.231792 0.231792
24600 2.348756 2.348756 2.348756 0.231792 0.231792 0.231792
24700 2.348756 2.348756 2.348756 0.231792 0.231792 0.231792
24800 2.348756 2.348756 2.348756 0.231792 0.231792 0.231792
24900 2.348756 2.348756 2.348756 0.231792 0.231792 0.231792
25000 2.348756 2.348756 2.348756 0.231792 0.231792 0.231792
25100 2.348756 2.348756 2.348756 0.231792 0.231792 0.231792
25200 2.348756 2.348756 2.348756 0.231792 0.231792 0.231792
25300 2.348756 2.348756 2.348756 0.231792 0.231792 0.231792
25400 2.348756 2.348756 2.348756 0.231792 0.231792 0.231792
25500 2.348756 2.348756 2.348756 0.231792 0.231792 0.231792
25600 2.348756 2.348756 2.348756 0.231792 0.231792 0.231792
25700 2.348756 2.348756 2.348756 0.231792 0.231792 0.231792
25800 2.348756 2.348756 2.348756 0.231792 0.231792 0.231792
25900 2.348756 2.348756 2.348756 0.231792 0.231792 0.231792
26000 2.348756 2.348756 2.348756 0.231792 0.231792 0.231792
26100 2.348756 2.348756 2.348756 0.231792 0.231792 0.231792
26200 2.348756 2.348756 2.348756 0.231792 0.231792 0.231792
26300 2.348756 2.348756 2.348756 0.231792 0.231792 0.231792
26400 2.348756 2.348756 2.348756 0.231792 0.231792 0.231792
26500 2.348756 2.348756 2.348756 0.231792 0.231792 0.231792
26600 2.348756 2.348756 2.348756 0.231792 0.231792 0.231792
26700 2.348756 2.348756 2.348756 0.231792 0.231792 0.231792
26800 2.348756 2.348756 2.348756 0.231792 0.231792 0.231792
26900 2.348756 2.348756 2.348756 0.231792 0.231792 0.231792
27000 2.348756 2.348756 2.348756 0.231792 0.231792 0.231792
27100 2.348756 2.348756 2.348756 0.231792 0.231792 0.231792
27200 2.348756 2.348756 2.348756 0.231792 0.231792 0.231792
27300 2.348756 2.348756 2.348756 0.231792 0.231792 0.231792
27400 2.348756 2.348756 2.348756 0.231792 0.231792 0.231792
27500 2.348756 2.348756 2.348756 0.231792 0.231792 0.231792
27600 2.348756 2.348756 2.348756 0.231792 0.231792 0.231792
27700 2.348756 2.348756 2.348756 0.231792 0.231792 0.231792
27800 2.348756 2.348756 2.348756 0.231792 0.231792 0.231792
27900 2.348756 2.348756 2.348756 0.231792 0.231792 0.231792
28000 2.348756 2.348756 2.348756 0.231792 0.231792 0.231792
28100 2.348756 2.348756 2.348756 0.231792 0.231792 0.231792
28200 2.348756 2.348756 2.348756 0.231792 0.231792 0.231792
28300 2.348756 2.348756 2.348756 0.231792 0.231792 0.231792
28400 2.348756 2.348756 2.348756 0.231792 0.231792 0.231792
28500 2.348756 2.348756 2.348756 0.231792 0.231792 0.231792
28600 2.348756 2.348756 2.348756 0.231792 0.231792 0.231792
28700 2.348756 2.348756 2.348756 0.231792 0.231792 0.231792
28800 2.348756 2.348756 2.348756 0.231792 0.231792 0.231792
28900 2.348756 2.348756 2.348756 0.231792 0.231792 0.231792
29000 2.348756 2.348756 2.348756 0.231792 0.231792 0.231792
29100 2.348756 2.348756 2.348756 0.231792 0.231792 0.231792
29200 2.348756 2.348756 2.348756 0.231792 0.231792 0.231792
29300 2.348756 2.348756 2.348756 0.231792 0.231792 0.231792
29400 2.348756 2.348756 2.348756 0.231792 0.231792 0.231792
29500 2.348756 2.348756 2.348756 0.231792 0.231792 0.231792
29600 2.348756 2.348756 2.348756 0.231792 0.231792 0.231792
29700 2.348756 2.348756 2.348756 0.231792 0.231792 0.231792
29800 2.348756 2.348756 2.348756 0.231792 0.231792 0.231792
29900 2.348756 2.348756 2.348756 0.231792 0.231792 0.231792
30000 2.348756 2.348756 2.348756 0.231792 0.231792 0.231792
30100 2.348756 2.348756 2.348756 0.231792 0.231792 0.231792
30200 2.348756 2.348756 2.348756 0.231792 0.231792 0.231792
30300 2.348756 2.348756 2.348756 0.231792 0.231792 0.231792
30400 2.348756 2.348756 2.348756 0.231792 0.231792 0.231792
30500 2.348756 2.348756 2.348756 0.231792 0.231792 0.231792
30600 2.348756 2.348756 2.348756 0.231792 0.231792 0.231792
30700 2.348756 2.348756 2.348756 0.231792 0.231792 0.231792
30800 2.348756 2.348756 2.348756 0.231792 0.231792 0.231792
30900 2.348756 2.348756 2.348756 0.231792 0.231792 0.231792
31000 2.348756 2.348756 2.348756 0.231792 0.231792 0.231792
31100 2.348756 2.348756 2.348756 0.231792 0.231792 0.231792
31200 2.348756 2.348756 2.348756 0.231792 0.231792 0.231792
31300 2.348756 2.348756 2.348756 0.231792 0.231792 0.231792
31400 2.348756 2.348756 2.348756 0.231792 0.231792 0.231792
31500 2.348756 2.348756 2.348756 0.231792 0.231792 0.231792
31600 2.348756 2.348756 2.348756 0.231792 0.231792 0.231792
31700 2.348756 2.348756 2.348756 0.231792 0.231792 0.231792
31800 2.348756 2.348756 2.348756 0.231792 0.231792 0.231792
31900 2.348756 2.348756 2.348756 0.231792 0.231792 0.231792
32000 2.348756 2.348756 2.348756 0.231792 0.231792 0.231792
32100 2.348756 2.348756 2.348756 0.231792 0.231792 0.231792
32200 2.348756 2.348756 2.348756 0.231792 0.231792 0.231792
32300 2.348756 2.348756 2.348756 0.231792 0.231792 0.231792
32400 2.348756 2.348756 2.348756 0.231792 0.231792 0.231792
32500 2.348756 2.348756 2.348756 0.231792 0.231792 0.231792
32600 2.348756 2.348756 2.348756 0.231792 0.231792 0.231792
32700 2.348756 2.348756 2.348756 0.231792 0.231792 0.231792
32800 2.348756 2.348756 2.348756 0.231792 0.231792 0.231792
32900 2.348756 2.348756 2.348756 0.231792 0.231792 0.231792
33000 2.348756 2.348756 2.348756 0.231792 0.231792 0.231792
33100 2.348756 2.348756 2.348756 0.231792 0.231792 0.231792
33200 2.348756 2.348756 2.348756 0.231792 0.231792 0.231792
33300 2.348756 2.348756 2.348756 0.231792 0.231792 0.231792
33400 2.348756 2.348756 2.348756 0.231792 0.231792 0.231792
33500 2.348756 2.348756 2.348756 0.231792 0.231792 0.231792
33600 2.348756 2.348756 2.348756 0.231792 0.231792 0.231792
33700 2.348756 2.348756 2.348756 0.231792 0.231792 0.231792
33800 2.348756 2.348756 2.348756 0.231792 0.231792 0.231792
33900 2.348756 2.348756 2.348756 0.231792 0.231792 0.231792
34000 2.348756 2.348756 2.348756 0.231792 0.231792 0.231792
34100 2.348756 2.348756 2.348756 0.231792 0.231792 0.231792
34200 2.348756 2.348756 2.348756 0.231792 0.231792 0.231792
34300 2.348756 2.348756 2.348756 0.231792 0.231792 0.231792
34400 2.348756 2.348756 2.348756 0.231792 0.231792 0.231792
34500 2.348756 2.348756 2.348756 0.231792 0.231792 0.231792
34600 2.348756 2.348756 2.348756 0.231792 0.231792 0.231792
34700 2.348756 2.348756 2.348756 0.231792 0.231792 0.231792
34800 2.348756 2.348756 2.348756 0.231792 0.231792 0.231792
34900 2.348756 2.348756 2.348756 0.231792 0.231792 0.231792
35000 2.348756 2.348756 2.348756 0.231792 0.231792 0.231792
35100 2.348756 2.348756 2.348756 0.231792 0.231792 0.231792
35200 2.348756 2.348756 2.348756 0.231792 0.231792 0.231792
35300 2.348756 2.348756 2.348756 0.231792 0.231792 0.231792
35400 2.348756 2.348756 2.348756 0.231792 0.231792 0.231792
35500 2.348756 2.348756 2.348756 0.231792 0.231792 0.231792
35600 2.348756 2.348756 2.348756 0.231792 0.231792 0.231792
35700 2.348756 2.348756 2.348756 0.231792 0.231792 0.231792
35800 2.348756 2.348756 2.348756 0.231792 0.231792 0.231792
35900 2.348756 2.348756 2.348756 0.231792 0.231792 0.231792
36000 2.348756 2.348756 2.348756 0.231792 0.231792 0.231792
36100 2.348756 2.348756 2.348756 0.231792 0.231792 0.231792
36200 2.348756 2.348756 2.348756 0.231792 0.231792 0.231792
36300 2.348756 2.348756 2.348756 0.231792 0.231792 0.231792
36400 2.348756 2.348756 2.348756 0.231792 0.231792 0.231792
36500 2.348756 2.348756 2.348756 0.231792 0.231792 0.231792
36600 2.348756 2.348756 2.348756 0.231792 0.231792 0.231792
36700 2.348756 2.348756 2.348756 0.231792 0.231792 0.231792
36800 2.348756 2.348756 2.348756 0.231792 0.231792 0.231792
36900 2.348756 2.348756 2.348756 0.231792 0.231792 0.231792
37000 2.348756 2.348756 2.348756 0.231792 0.231792 0.231792
37100 2.348756 2.348756 2.348756 0.231792 0.231792 0.231792
37200 2.348756 2.348756 2.348756 0.231792 0.231792 0.231792
37300 2.348756 2.348756 2.348756 0.231792 0.231792 0.231792
37400 2.348756 2.348756 2.348756 0.231792 0.231792 0.231792
37500 2.348756 2.348756 2.348756 0.231792 0.231792 0.231792
37600 2.348756 2.348756 2.348756 0.231792 0.231792 0.231792
37700 2.348756 2.348756 2.348756 0.231792 0.231792 0.231792
37800 2.348756 2.348756 2.348756 0.231792 0.231792 0.231792
37900 2.348756 2.348756 2.348756 0.231792 0.231792 0.231792
38000 2.348756 2.348756 2.348756 0.231792 0.231792 0.231792
38100 2.348756 2.348756 2.348756 0.231792 0.231792 0.231792
38200 2.348756 2.348756 2.348756 0.231792 0.231792 0.231792
38300 2.348756 2.348756 2.348756 0.231792 0.231792 0.231792
38400 2.348756 2.348756 2.348756 0.231792 0.231792 0.231792
38500 2.348756 2.348756 2.348756 0.231792 0.231792 0.231792
38600 2.348756 2.348756 2.348756 0.231792 0.231792 0.231792
38700 2.348756 2.348756 2.348756 0.231792 0.231792 0.231792
38800 2.348756 2.348756 2.348756 0.231792 0.231792 0.231792
38900 2.348756 2.348756 2.348756 0.231792 0.231792 0.231792
39000 2.348756 2.348756 2.348756 0.231792 0.231792 0.231792
39100 2.348756 2.348756 2.348756 0.231792 0.231792 0.231792
39200 2.348756 2.348756 2.348756 0.231792 0.231792 0.231792
39300 2.348756 2.348756 2.348756 0.231792 0.231792 0.231792
39400 2.348756 2.348756 2.348756 0.231792 0.231792 0.231792
39500 2.348756 2.348756 2.348756 0.231792 0.231792 0.231792
39600 2.348756 2.348756 2.348756 0.231792 0.231792 0.231792
39700 2.348756 2.348756 2.348756 0.231792 0.231792 0.231792
39800 2.348756 2.348756 2.348756 0.231792 0.231792 0.231792
39900 2.348756 2.348756 2.348756 0.231792 0.231792 0.231792
40000 2.348756 2.348756 2.348756 0.231792 0.231792 0.231792
40100 2.348756 2.348756 2.348756 0.231792 0.231792 0.231792
40200 2.348756 2.348756 2.348756 0.231792 0.231792 0.231792
40300 2.348756 2.348756 2.348756 0.231792 0.231792 0.231792
40400 2.348756 2.348756 2.348756 0.231792 0.231792 0.231792
40500 2.348756 2.348756 2.348756 0.231792 0.231792 0.231792
40600 2.348756 2.348756 2.348756 0.231792 0.231792 0.231792
40700 2.348756 2.348756 2.348756 0.231792 0.231792 0.231792
40800 2.348756 2.348756 2.348756 0.231792 0.231792 0.231792
40900 2.348756 2.348756 2.348756 0.231792 0.231792 0.231792
41000 2.348756 2.348756 2.348756 0.231792 0.231792 0.231792
41100 2.348756 2.348756 2.348756 0.231792 0.231792 0.231792
41200 2.348756 2.348756 2.348756 0.231792 0.231792 0.231792
41300 2.348756 2.348756 2.348756 0.231792 0.231792 0.231792
41400 2.348756 2.348756 2.348756 0.231792 0.231792 0.231792
41500 2.348756 2.348756 2.348756 0.231792 0.231792 0.231792
41600 2.348756 2.348756 2.348756 0.231792 0.231792 0.231792
41700 2.348756 2.348756 2.348756 0.231792 0.231792 0.231792
41800 2.348756 2.348756 2.348756 0.231792 0.231792 0.231792
41900 2.348756 2.348756 2.348756 0.231792 0.231792 0.231792
42000 2.348756 2.348756 2.348756 0.231792 0.231792 0.231792
42100 2.348756 2.348756 2.348756 0.231792 0.231792 0.231792
42200 2.348756 2.348756 2.348756 0.231792 0.231792 0.231792
42300 2.348756 2.348756 2.348756 0.231792 0.231792 0.231792
42400 2.348756 2.348756 2.348756 0.231792 0.231792 0.231792
42500 2.348756 2.348756 2.348756 0.231792 0.231792 0.231792
42600 2.348756 2.348756 2.348756 0.231792 0.231792 0.231792
42700 2.348756 2.348756 2.348756 0.231792 0.231792 0.231792
42800 2.348756 2.348756 2.348756 0.231792 0.231792 0.231792
42900 2.348756 2.348756 2.348756 0.231792 0.231792 0.231792
43000 2.348756 2.348756 2.348756 0.231792 0.231792 0.231792
43100 2.348756 2.348756 2.348756 0.231792 0.231792 0.231792
43200 2.348756 2.348756 2.348756 0.231792 0.231792 0.231792
43300 2.348756 2.348756 2.348756 0.231792 0.231792 0.231792
43400 2.348756 2.348756 2.348756 0.231792 0.231792 0.231792
43500 2.348756 2.348756 2.348756 0.231792 0.231792 0.231792
43600 2.348756 2.348756 2.348756 0.231792 0.231792 0.231792
43700 2.348756 2.348756 2.348756 0.231792 0.231792 0.231792
43800 2.348756 2.348756 2.348756 0.231792 0.231792 0.231792
43900 2.348756 2.348756 2.348756 0.231792 0.231792 0.231792
44000 2.348756 2.348756 2.348756 0.231792 0.231792 0.231792
44100 2.348756 2.348756 2.348756 0.231792 0.231792 0.231792
44200 2.348756 2.348756 2.348756 0.231792 0.231792 0.231792
44300 2.348756 2.348756 2.348756 0.231792 0.231792 0.231792
44400 2.348756 2.348756 2.348756 0.231792 0.231792 0.231792
44500 2.348756 2.348756 2.348756 0.231792 0.231792 0.231792
44600 2.348756 2.348756 2.348756 0.231792 0.231792 0.231792
44700 2.348756 2.348756 2.348756 0.231792 0.231792 0.231792
44800 2.348756 2.348756 2.348756 0.231792 0.231792 0.231792
44900 2.348756 2.348756 2.348756 0.231792 0.231792 0.231792
45000 2.348756 2.348756 2.348756 0.231792 0.231792 0.231792
45100 2.348756 2.348756 2.348756 0.231792 0.231792 0.231792
45200 2.348756 2.348756 2.348756 0.231792 0.231792 0.231792
45300 2.348756 2.348756 2.348756 0.231792 0.231792 0.231792
45400 2.348756 2.348756 2.348756 0.231792 0.231792 0.231792
45500 2.348756 2.348756 2.348756 0.231792 0.231792 0.231792
45600 2.348756 2.348756 2.348756 0.231792 0.231792 0.231792
45700 2.348756 2.348756 2.348756 0.231792 0.231792 0.231792
45800 2.348756 2.348756 2.348756 0.231792 0.231792 0.231792
45900 2.348756 2.348756 2.348756 0.231792 0.231792 0.231792
46000 2.348756 2.348756 2.348756 0.231792 0.231792 0.231792
46100 2.348756 2.348756 2.348756 0.231792 0.231792 0.231792
46200 2.348756 2.348756 2.348756 0.231792 0.231792 0.231792
46300 2.348756 2.348756 2.348756 0.231792 0.231792 0.231792
46400 2.348756 2.348756 2.348756 0.231792 0.231792 0.231792
46500 2.348756 2.348756 2.348756 0.231792 0.231792 0.231792
46600 2.348756 2.348756 2.348756 0.231792 0.231792 0.231792
46700 2.348756 2.348756 2.348756 0.231792 0.231792 0.231792
46800 2.348756 2.348756 2.348756 0.231792 0.231792 0.231792
46900 2.348756 2.348756 2.348756 0.231792 0.231792 0.231792
47000 2.348756 2.348756 2.348756 0.231792 0.231792 0.231792
47100 2.348756 2.348756 2.348756 0.231792 0.231792 0.231792
47200 2.348756 2.348756 2.348756 0.231792 0.231792 0.231792
47300 2.348756 2.348756 2.348756 0.231792 0.231792 0.231792
47400 2.348756 2.348756 2.348756 0.231792 0.231792 0.231792
47500 2.348756 2.348756 2.348756 0.231792 0.231792 0.231792
47600 2.348756 2.348756 2.348756 0.231792 0.231792 0.231792
47700 2.348756 2.348756 2.348756 0.231792 0.231792 0.231792
47800 2.348756 2.348756 2.348756 0.231792 0.231792 0.231792
47900 2.348756 2.348756 2.348756 0.231792 0.231792 0.231792
48000 2.348756 2.348756 2.348756 0.231792 0.231792 0.231792
48100 2.348756 2.348756 2.348756 0.231792 0.231792 0.231792
48200 2.348756 2.348756 2.348756 0.231792 0.231792 0.231792
48300 2.348756 2.348756 2.348756 0.231792 0.231792 0.231792
48400 2.348756 2.348756 2.348756 0.231792 0.231792 0.231792
48500 2.348756 2.348756 2.348756 0.231792 0.231792 0.231792
48600 2.348756 2.348756 2.348756 0.231792 0.231792 0.231792
48700 2.348756 2.348756 2.348756 0.231792 0.231792 0.231792
48800 2.348756 2.348756 2.348756 0.231792 0.231792 0.231792
48900 2.348756 2.348756 2.348756 0.231792 0.231792 0.231792
49000 2.348756 2.348756 2.348756 0.231792 0.231792 0.231792
49100 2.348756 2.348756 2.348756 0.231792 0.231792 0.231792
49200 2.348756 2.348756 2.348756 0.231792 0.231792 0.231792
49300 2.348756 2.348756 2.348756 0.231792 0.231792 0.231792
49400 2.348756 2.348756 2.348756 0.231792 0.231792 0.231792
49500 2.348756 2.348756 2.348756 0.231792 0.231792 0.231792
49600 2.348756 2.348756 2.348756 0.231792 0.231792 0.231792
49700 2.348756 2.348756 2.348756 0.231792 0.231792 0.231792
49800 2.348756 2.348756 2.348756 0.231792 0.231792 0.231792
49900 2.348756 2.348756 2.348756 0.231792 0.231792 0.231792
50000 2.348756 2.348756 2.348756 0.231792 0.231792 0.231792
50100 2.348756 2.348756 2.348756 0.231792 0.231792 0.231792
50200 2.348756 2.348756 2.348756 0.231792 0.231792 0.231792
50300 2.348756 2.348756 2.348756 0.231792 0.231792 0.231792
50400 2.348756 2.348756 2.348756 0.231792 0.231792 0.231792
50500 2.348756 2.348756 2.348756 0.231792 0.231792 0.231792
50600 2.348756 2.348756 2.348756 0.231792 0.231792 0.231792
50700 2.348756 2.348756 2.348756 0.231792 0.231792 0.231792
50800 2.348756 2.348756 2.348756 0.231792 0.231792 0.231792
50900 2.348756 2.348756 2.348756 0.231792 0.231792 0.231792
51000 2.348756 2.348756 2.348756 0.231792 0.231792 0.231792
51100 2.348756 2.348756 2.348756 0.231792 0.231792 0.231792
51200 2.348756 2.348756 2.348756 0.231792 0.231792 0.231792
51300 2.348756 2.348756 2.348756 0.231792 0.231792 0.231792
51400 2.348756 2.348756 2.348756 0.231792 0.231792 0.231792
51500 2.348756 2.348756 2.348756 0.231792 0.231792 0.231792
51600 2.348756 2.348756 2.348756 0.231792 0.231792 0.231792
51700 2.348756 2.348756 2.348756 0.231792 0.231792 0.231792
51800 2.348756 2.348756 2.348756 0.231792 0.231792 0.231792
51900 2.348756 2.348756 2.348756 0.231792 0.231792 0.231792
52000 2.348756 2.348756 2.348756 0.231792 0.231792 0.231792
52100 2.348756 2.348756 2.348756 0.231792 0.231792 0.231792
52200 2.348756 2.348756 2.348756 0.231792 0.231792 0.231792
52300 2.348756 2.348756 2.348756 0.231792 0.231792 0.231792
52400 2.348756 2.348756 2.348756 0.231792 0.231792 0.231792
52500 2.348756 2.348756 2.348756 0.231792 0.231792 0.231792
52600 2.348756 2.348756 2.348756 0.231792 0.231792 0.231792
52700 2.348756 2.348756 2.348756 0.231792 0.231792 0.231792
52800 2.348756 2.348756 2.348756 0.231792 0.231792 0.231792
52900 2.348756 2.348756 2.348756 0.231792 0.231792 0.231792
53000 2.348756 2.348756 2.348756 0.231792 0.231792 0.231792
53100 2.348756 2.348756 2.348756 0.231792 0.231792 0.231792
53200 2.348756 2.348756 2.348756 0.231792 0.231792 0.231792
53300 2.348756 2.348756 2.348756 0.231792 0.231792 0.231792
53400 2.348756 2.348756 2.348756 0.231792 0.231792 0.231792
53500 2.348756 2.348756 2.348756 0.231792 0.231792 0.231792
53600 2.348756 2.348756 2.348756 0.231792 0.231792 0.231792
53700 2.348756 2.348756 2.348756 0.231792 0.231792 0.231792
53800 2.348756 2.348756 2.348756 0.231792 0.231792 0.231792
53900 2.348756 2.348756 2.348756 0.231792 0.231792 0.231792
54000 2.348756 2.348756 2.348756 0.231792 0.231792 0.231792
54100 2.348756 2.348756 2.348756 0.231792 0.231792 0.231792
54200 2.348756 2.348756 2.348756 0.231792 0.231792 0.231792
54300 2.348756 2.348756 2.348756 0.231792 0.231792 0.231792
54400 2.348756 2.348756 2.348756 0.231792 0.231792 0.231792
54500 2.348756 2.348756 2.348756 0.231792 0.231792 0.231792
54600 2.348756 2.348756 2.348756 0.231792 0.231792 0.231792
54700 2.348756 2.348756 2.348756 0.231792 0.231792 0.231792
54800 2.348756 2.348756 2.348756 0.231792 0.231792 0.231792
54900 2.348756 2.348756 2.348756 0.231792 0.231792 0.231792
55000 2.348756 2.348756 2.348756 0.231792 0.231792 0.231792
55100 2.348756 2.348756 2.348756 0.231792 0.231792 0.231792
55200 2.348756 2.348756 2.348756 0.231792 0.231792 0.231792
55300 2.348756 2.348756 2.348756 0.231792 0.231792 0.231792
55400 2.348756 2.348756 2.348756 0.231792 0.231792 0.231792
55500 2.348756 2.348756 2.348756 0.231792 0.231792 0.231792
55600 2.348756 2.348756 2.348756 0.231792 0.231792 0.231792
55700 2.348756 2.348756 2.348756 0.231792 0.231792 0.231792
55800 2.348756 2.348756 2.348756 0.231792 0.231792 0.231792
55900 2.348756 2.348756 2.348756 0.231792 0.231792 0.231792
56000 2.348756 2.348756 2.348756 0.231792 0.231792 0.231792
56100 2.348756 2.348756 2.348756 0.231792 0.231792 0.231792
56200 2.348756 2.348756 2.348756 0.231792 0.231792 0.231792
56300 2.348756 2.348756 2.348756 0.231792 0.231792 0.231792
56400 2.348756 2.348756 2.348756 0.231792 0.231792 0.231792
56500 2.348756 2.348756 2.348756 0.231792 0.231792 0.231792
56600 2.348756 2.348756 2.348756 0.231792 0.231792 0.231792
56700 2.348756 2.348756 2.348756 0.231792 0.231792 0.231792
56800 2.348756 2.348756 2.348756 0.231792 0.231792 0.231792
56900 2.348756 2.348756 2.348756 0.231792 0.231792 0.231792
57000 2.348756 2.348756 2.348756 0.231792 0.231792 0.231792
57100 2.348756 2.348756 2.348756 0.231792 0.231792 0.231792
57200 2.348756 2.348756 2.348756 0.231792 0.231792 0.231792
57300 2.348756 2.348756 2.348756 0.231792 0.231792 0.231792
57400 2.348756 2.348756 2.348756 0.231792 0.231792 0.231792
57500 2.348756 2.348756 2.348756 0.231792 0.231792 0.231792
57600 2.348756 2.348756 2.348756 0.231792 0.231792 0.231792
57700 2.348756 2.348756 2.348756 0.231792 0.231792 0.231792
57800 2.348756 2.348756 2.348756 0.231792 0.231792 0.231792
57900 2.348756 2.348756 2.348756 0.231792 0.231792 0.231792
58000 2.348756 2.348756 2.348756 0.231792 0.231792 0.231792
58100 2.348756 2.348756 2.348756 0.231792 0.231792 0.231792
58200 2.348756 2.348756 2.348756 0.231792 0.231792 0.231792
58300 2.348756 2.348756 2.348756 0.231792 0.231792 0.231792
58400 2.348756 2.348756 2.348756 0.231792 0.231792 0.231792
58500 2.348756 2.348756 2.348756 0.231792 0.231792 0.231792
58600 2.348756 2.348756 2.348756 0.231792 0.231792 0.231792
58700 2.348756 2.348756 2.348756 0.231792 0.231792 0.231792
58800 2.348756 2.348756 2.348756 0.231792 0.231792 0.231792
58900 2.348756 2.348756 2.348756 0.231792 0.231792 0.231792
59000 2.348756 2.348756 2.348756 0.231792 0.231792 0.231792
59100 2.348756 2.348756 2.348756 0.231792 0.231792 0.231792
59200 2.348756 2.348756 2.348756 0.231792 0.231792 0.231792
59300 2.348756 2.348756 2.348756 0.231792 0.231792 0.231792
59400 2.348756 2.348756 2.348756 0.231792 0.231792 0.231792
59500 2.348756 2.348756 2.348756 0.231792 0.231792 0.231792
59600 2.348756 2.348756 2.348756 0.231792 0.231792 0.231792
59700 2.348756 2.348756 2.348756 0.231792 0.231792 0.231792
59800 2.348756 2.348756 2.348756 0.231792 0.231792 0.231792
59900 2.348756 2.348756 2.348756 0.231792 0.231792 0.231792
60000 2.348756 2.348756 2.348756 0.231792 0.231792 0.231792
60100 2.348756 2.348756 2.348756 0.231792 0.231792 0.231792
60200 2.348756 2.348756 2.348756 0.231792 0.231792 0.231792
60300 2.348756 2.348756 2.348756 0.231792 0.231792 0.231792
60400 2.348756 2.348756 2.348756 0.231792 0.231792 0.231792
60500 2.348756 2.348756 2.348756 0.231792 0.231792 0.231792
60600 2.348756 2.348756 2.348756 0.231792 0.231792 0.231792
60700 2.348756 2.348756 2.348756 0.231792 0.231792 0.231792
60800 2.348756 2.348756 2.348756 0.231792 0.231792 0.231792
60900 2.348756 2.348756 2.348756 0.231792 0.231792 0.231792
61000 2.348756 2.348756 2.348756 0.231792 0.231792 0.231792
61100 2.348756 2.348756 2.348756 0.231792 0.231792 0.231792
61200 2.348756 2.348756 2.348756 0.231792 0.231792 0.231792
61300 2.348756 2.348756 2.348756 0.231792 0.231792 0.231792
61400 2.348756 2.348756 2.348756 0.231792 0.231792 0.231792
61500 2.348756 2.348756 2.348756 0.231792 0.231792 0.231792
61600 2.348756 2.348756 2.348756 0.231792 0.231792 0.231792
61700 2.348756 2.348756 2.348756 0.231792 0.231792 0.231792
61800 2.348756 2.348756 2.348756 0.231792 0.231792 0.231792
61900 2.348756 2.348756 2.348756 0.231792 0.231792 0.231792
62000 2.348756 2.348756 2.348756 0.231792 0.231792 0.231792
62100 2.348756 2.348756 2.348756 0.231792 0.231792 0.231792
62200 2.348756 2.348756 2.348756 0.231792 0.231792 0.231792
62300 2.348756 2.348756 2.348756 0.231792 0.231792 0.231792
62400 2.348756 2.348756 2.348756 0.231792 0.231792 0.231792
62500 2.348756 2.348756 2.348756 0.231792 0.231792 0.231792
62600 2.348756 2.348756 2.348756 0.231792 0.231792 0.231792
62700 2.348756 2.348756 2.348756 0.231792 0.231792 0.231792
62800 2.348756 2.348756 2.348756 0.231792 0.231792 0.231792
62900 2.348756 2.348756 2.348756 0.231792 0.231792 0.231792
63000 2.348756 2.348756 2.348756 0.231792 0.231792 0.231792
63100 2.348756 2.348756 2.348756 0.231792 0.231792 0.231792
63200 2.348756 2.348756 2.348756 0.231792 0.231792 0.231792
63300 2.348756 2.348756 2.348756 0.231792 0.231792 0.231792
63400 2.348756 2.348756 2.348756 0.231792 0.231792 0.231792
63500 2.348756 2.348756 2.348756 0.231792 0.231792 0.231792
63600 2.348756 2.348756 2.348756 0.231792 0.231792 0.231792
63700 2.348756 2.348756 2.348756 0.231792 0.231792 0.231792
63800 2.348756 2.348756 2.348756 0.231792 0.231792 0.231792
63900 2.348756 2.348756 2.348756 0.231792 0.231792 0.231792
64000 2.348756 2.348756 2.348756 0.231792 0.231792 0.231792
64100 2.348756 2.348756 2.348756 0.231792 0.231792 0.231792
64200 2.348756 2.348756 2.348756 0.231792 0.231792 0.231792
64300 2.348756 2.348756 2.348756 0.231792 0.231792 0.231792
64400 2.348756 2.348756 2.348756 0.231792 0.231792 0.231792
64500 2.348756 2.348756 2.348756 0.231792 0.231792 0.231792
64600 2.348756 2.348756 2.348756 0.231792 0.231792 0.231792
64700 2.348756 2.348756 2.348756 0.231792 0.231792 0.231792
64800 2.348756 2.348756 2.348756 0.231792 0.231792 0.231792
64900 2.348756 2.348756 2.348756 0.231792 0.231792 0.231792
65000 2.348756 2.348756 2.348756 0.231792 0.231792 0.231792
65100 2.348756 2.348756 2.348756 0.231792 0.231792 0.231792
65200 2.348756 2.348756 2.348756 0.231792 0.231792 0.231792
65300 2.348756 2.348756 2.348756 0.231792 0.231792 0.231792
65400 2.348756 2.348756 2.348756 0.231792 0.231792 0.231792
65500 2.348756 2.348756 2.348756 0.231792 0.231792 0.231792
65600 2.348756 2.348756 2.348756 0.231792 0.231792 0.231792
65700 2.348756 2.348756 2.348756 0.231792 0.231792 0.231792
65800 2.348756 2.348756 2.348756 0.231792 0.231792 0.231792
65900 2.348756 2.348756 2.348756 0.231792 0.231792 0.231792
66000 2.348756 2.348756 2.348756 0.231792 0.231792 0.231792
66100 2.348756 2.348756 2.348756 0.231792 0.231792 0.231792
66200 2.348756 2.348756 2.348756 0.231792 0.231792 0.231792
66300 2.348756 2.348756 2.348756 0.231792 0.231792 0.231792
66400 2.348756 2.348756 2.348756 0.231792 0.231792 0.231792
66500 2.348756 2.348756 2.348756 0.231792 0.231792 0.231792
66600 2.348756 2.348756 2.348756 0.231792 0.231792 0.231792
66700 2.348756 2.348756 2.348756 0.231792 0.231792 0.231792
66800 2.348756 2.348756 2.348756 0.231792 0.231792 0.231792
66900 2.348756 2.348756 2.348756 0.231792 0.231792 0.231792
67000 2.348756 2.348756 2.348756 0.231792 0.231792 0.231792
67100 2.348756 2.348756 2.348756 0.231792 0.231792 0.231792
67200 2.348756 2.348756 2.348756 0.231792 0.231792 0.231792
67300 2.348756 2.348756 2.348756 0.231792 0.231792 0.231792
67400 2.348756 2.348756 2.348756 0.231792 0.231792 0.231792
67500 2.348756 2.348756 2.348756 0.231792 0.231792 0.231792
67600 2.348756 2.348756 2.348756 0.231792 0.231792 0.231792
67700 2.348756 2.348756 2.348756 0.231792 0.231792 0.231792
67800 2.348756 2.348756 2.348756 0.231792 0.231792 0.231792
67900 2.348756 2.348756 2.348756 0.231792 0.231792 0.231792
68000 2.348756 2.348756 2.348756 0.231792 0.231792 0.231792
68100 2.348756 2.348756 2.348756 0.231792 0.231792 0.231792
68200 2.348756 2.348756 2.348756 0.231792 0.231792 0.231792
68300 2.348756 2.348756 2.348756 0.231792 0.231792 0.231792
68400 2.348756 2.348756 2.348756 0.231792 0.231792 0.231792
68500 2.348756 2.348756 2.348756 0.231792 0.231792 0.231792
68600 2.348756 2.348756 2.348756 0.231792 0.231792 0.231792
68700 2.348756 2.348756 2.348756 0.231792 0.231792 0.231792
68800 2.348756 2.348756 2.348756 0.231792 0.231792 0.231792
68900 2.348756 2.348756 2.348756 0.231792 0.231792 0.231792
69000 2.348756 2.348756 2.348756 0.231792 0.231792 0.231792
69100 2.348756 2.348756 2.348756 0.231792 0.231792 0.231792
69200 2.348756 2.348756 2.348756 0.231792 0.231792 0.231792
69300 2.348756 2.348756 2.348756 0.231792 0.231792 0.231792
69400 2.348756 2.348756 2.348756 0.231792 0.231792 0.231792
69500 2.348756 2.348756 2.348756 0.231792 0.231792 0.231792
69600 2.348756 2.348756 2.348756 0.231792 0.231792 0.231792
69700 2.348756 2.348756 2.348756 0.231792 0.231792 0.231792
69800 2.348756 2.348756 2.348756 0.231792 0.231792 0.231792
69900 2.348756 2.348756 2.348756 0.231792 0.231792 0.231792
70000 2.348756 2.348756 2.348756 0.231792 0.231792 0.231792
70100 2.348756 2.348756 2.348756 0.231792 0.231792 0.231792
70200 2.348756 2.348756 2.348756 0.231792 0.231792 0.231792
70300 2.348756 2.348756 2.348756 0.231792 0.231792 0.231792
70400 2.348756 2.348756 2.348756 0.231792 0.231792 0.231792
70500 2.348756 2.348756 2.348756 0.231792 0.231792 0.231792
70600 2.348756 2.348756 2.348756 0.231792 0.231792 0.231792
70700 2.348756 2.348756 2.348756 0.231792 0.231792 0.231792
70800 2.348756 2.348756 2.348756 0.231792 0.231792 0.231792
70900 2.348756 2.348756 2.348756 0.231792 0.231792 0.231792
71000 2.348756 2.348756 2.348756 0.231792 0.231792 0.231792
71100 2.348756 2.348756 2.348756 0.231792 0.231792 0.231792
71200 2.348756 2.348756 2.348756 0.231792 0.231792 0.231792
71300 2.348756 2.348756 2.348756 0.231792 0.231792 0.231792
71400 2.348756 2.348756 2.348756 0.231792 0.231792 0.231792
71500 2.348756 2.348756 2.348756 0.231792 0.231792 0.231792
71600 2.348756 2.348756 2.348756 0.231792 0.231792 0.231792
71700 2.348756 2.348756 2.348756 0.231792 0.231792 0.231792
71800 2.348756 2.348756 2.348756 0.231792 0.231792 0.231792
71900 2.348756 2.348756 2.348756 0.231792 0.231792 0.231792
72000 2.348756 2.348756 2.348756 0.231792 0.231792 0.231792
72100 2.348756 2.348756 2.348756 0.231792 0.231792 0.231792
72200 2.348756 2.348756 2.348756 0.231792 0.231792 0.231792
72300 2.348756 2.348756 2.348756 0.231792 0.231792 0.231792
72400 2.348756 2.348756 2.348756 0.231792 0.231792 0.231792
72500 2.348756 2.348756 2.348756 0.231792 0.231792 0.231792
72600 2.348756 2.348756 2.348756 0.231792 0.231792 0.231792
72700 2.348756 2.348756 2.348756 0.231792 0.231792 0.231792
72800 2.348756 2.348756 2.348756 0.231792 0.231792 0.231792
72900 2.348756 2.348756 2.348756 0.231792 0.231792 0.231792
73000 2.348756 2.348756 2.348756 0.231792 0.231792 0.231792
73100 2.348756 2.348756 2.348756 0.231792 0.231792 0.231792
73200 2.348756 2.348756 2.348756 0.231792 0.231792 0.231792
73300 2.348756 2.348756 2.348756 0.231792 0.231792 0.231792
73400 2.348756 2.348756 2.348756 0.231792 0.231792 0.231792
73500 2.348756 2.348756 2.348756 0.231792 0.231792 0.231792
73600 2.348756 2.348756 2.348756 0.231792 0.231792 0.231792
73700 2.348756 2.348756 2.348756 0.231792 0.231792 0.231792
73800 2.348756 2.348756 2.348756 0.231792 0.231792 0.231792
73900 2.348756 2.348756 2.348756 0.231792 0.231792 0.231792
74000 2.348756 2.348756 2.348756 0.231792 0.231792 0.231792
74100 2.348756 2.348756 2.348756 0.231792 0.231792 0.231792
74200 2.348756 2.348756 2.348756 0.231792 0.231792 0.231792
74300 2.348756 2.348756 2.348756 0.231792 0.231792 0.231792
74400 2.348756 2.348756 2.348756 0.231792 0.231792 0.231792
74500 2.348756 2.348756 2.348756 0.231792 0.231792 0.231792
74600 2.348756 2.348756 2.348756 0.231792 0.231792 0.231792
74700 2.348756 2.348756 2.348756 0.231792 0.231792 0.231792
74800 2.348756 2.348756 2.348756 0.231792 0.231792 0.231792
74900 2.348756 2.348756 2.348756 0.231792 0.231792 0.231792
75000 2.348756 2.348756 2.348756 0.231792 0.231792 0.231792
75100 2.348756 2.348756 2.348756 0.231792 0.231792 0.231792
75200 2.348756 2.348756 2.348756 0.231792 0.231792 0.231792
75300 2.348756 2.348756 2.348756 0.231792 0.231792 0.231792
75400 2.348756 2.348756 2.348756 0.231792 0.231792 0.231792
75500 2.348756 2.348756 2.348756 0.231792 0.231792 0.231792
75600 2.348756 2.348756 2.348756 0.231792 0.231792 0.231792
75700 2.348756 2.348756 2.348756 0.231792 0.231792 0.231792
75800 2.348756 2.348756 2.348756 0.231792 0.231792 0.231792
75900 2.348756 2.348756 2.348756 0.231792 0.231792 0.231792
76000 2.348756 2.348756 2.348756 0.231792 0.231792 0.231792
76100 2.348756 2.348756 2.348756 0.231792 0.231792 0.231792
76200 2.348756 2.348756 2.348756 0.231792 0.231792 0.231792
76300 2.348756 2.348756 2.348756 0.231792 0.231792 0.231792
76400 2.348756 2.348756 2.348756 0.231792 0.231792 0.231792
76500 2.348756 2.348756 2.348756 0.231792 0.231792 0.231792
76600 2.348756 2.348756 2.348756 0.231792 0.231792 0.231792
76700 2.348756 2.348756 2.348756 0.231792 0.231792 0.231792
76800 2.348756 2.348756 2.348756 0.231792 0.231792 0.231792
76900 2.348756 2.348756 2.348756 0.231792 0.231792 0.231792
77000 2.348756 2.348756 2.348756 0.231792 0.231792 0.231792
77100 2.348756 2.348756 2.348756 0.231792 0.231792 0.231792
77200 2.348756 2.348756 2.348756 0.231792 0.231792 0.231792
77300 2.348756 2.348756 2.348756 0.231792 0.231792 0.231792
77400 2.348756 2.348756 2.348756 0.231792 0.231792 0.231792
77500 2.348756 2.348756 2.348756 0.231792 0.231792 0.231792
77600 2.348756 2.348756 2.348756 0.231792 0.231792 0.231792
77700 2.348756 2.348756 2.348756 0.231792 0.231792 0.231792
77800 2.348756 2.348756 2.348756 0.231792 0.231792 0.231792
77900 2.348756 2.348756 2.348756 0.231792 0.231792 0.231792
78000 2.348756 2.348756 2.348756 0.231792 0.231792 0.231792
78100 2.348756 2.348756 2.348756 0.231792 0.231792 0.231792
78200 2.348756 2.348756 2.348756 0.231792 0.231792 0.231792
78300 2.348756 2.348756 2.348756 0.231792 0.231792 0.231792
78400 2.348756 2.348756 2.348756 0.231792 0.231792 0.231792
78500 2.348756 2.348756 2.348756 0.231792 0.231792 0.231792
78600 2.348756 2.348756 2.348756 0.231792 0.231792 0.231792
78700 2.348756 2.348756 2.348756 0.231792 0.231792 0.231792
78800 2.348756 2.348756 2.348756 0.231792 0.231792 0.231792
78900 2.348756 2.348756 2.348756 0.231792 0.231792 0.231792
79000 2.348756 2.348756 2.348756 0.231792 0.231792 0.231792
79100 2.348756 2.348756 2.348756 0.231792 0.231792 0.231792
79200 2.348756 2.348756 2.348756 0.231792 0.231792 0.231792
79300 2.348756 2.348756 2.348756 0.231792 0.231792 0.231792
79400 2.348756 2.348756 2.348756 0.231792 0.231792 0.231792
79500 2.348756 2.348756 2.348756 0.231792 0.231792 0.231792
79600 2.348756 2.348756 2.348756 0.231792 0.231792 0.231792
79700 2.348756 2.348756 2.348756 0.231792 0.231792 0.231792
79800 2.348756 2.348756 2.348756 0.231792 0.231792 0.231792
79900 2.348756 2.348756 2.348756 0.231792 0.231792 0.231792
80000 2.348756 2.348756 2.348756 0.231792 0.231792 0.231792
80100 2.348756 2.348756 2.348756 0.231792 0.231792 0.231792
80200 2.348756 2.348756 2.348756 0.231792 0.231792 0.231792
80300 2.348756 2.348756 2.348756 0.231792 0.231792 0.231792
80400 2.348756 2.348756 2.348756 0.231792 0.231792 0.231792
80500 2.348756 2.348756 2.348756 0.231792 0.231792 0.231792
80600 2.348756 2.348756 2.348756 0.231792 0.231792 0.231792
80700 2.348756 2.348756 2.348756 0.231792 0.231792 0.231792
80800 2.348756 2.348756 2.348756 0.231792 0.231792 0.231792
80900 2.348756 2.348756 2.348756 0.231792 0.231792 0.231792
81000 2.348756 2.348756 2.348756 0.231792 0.231792 0.231792
81100 2.348756 2.348756 2.348756 0.231792 0.231792 0.231792
81200 2.348756 2.348756 2.348756 0.231792 0.231792 0.231792
81300 2.348756 2.348756 2.348756 0.231792 0.231792 0.231792
81400 2.348756 2.348756 2.348756 0.231792 0.231792 0.231792
81500 2.348756 2.348756 2.348756 0.231792 0.231792 0.231792
81600 2.348756 2.348756 2.348756 0.231792 0.231792 0.231792
81700 2.348756 2.348756 2.348756 0.231792 0.231792 0.231792
81800 2.348756 2.348756 2.348756 0.231792 0.231792 0.231792
81900 2.348756 2.348756 2.348756 0.231792 0.231792 0.231792
82000 2.348756 2.348756 2.348756 0.231792 0.231792 0.231792
82100 2.348756 2.348756 2.348756 0.231792 0.231792 0.231792
82200 2.348756 2.348756 2.348756 0.231792 0.231792 0.231792
82300 2.348756 2.348756 2.348756 0.231792 0.231792 0.231792
82400 2.348756 2.348756 2.348756 0.231792 0.231792 0.231792
82500 2.348756 2.348756 2.348756 0.231792 0.231792 0.231792
82600 2.348756 2.348756 2.348756 0.231792 0.231792 0.231792
82700 2.348756 2.348756 2.348756 0.231792 0.231792 0.231792
82800 2.348756 2.348756 2.348756 0.231792 0.231792 0.231792
82900 2.348756 2.348756 2.348756 0.231792 0.231792 0.231792
83000 2.348756 2.348756 2.348756 0.231792 0.231792 0.231792
83100 2.348756 2.348756 2.348756 0.231792 0.231792 0.231792
83200 2.348756 2.348756 2.348756 0.231792 0.231792 0.231792
83300 2.348756 2.348756 2.348756 0.231792 0.231792 0.231792
83400 2.348756 2.348756 2.348756 0.231792 0.231792 0.231792
83500 2.348756 2.348756 2.348756 0.231792 0.231792 0.231792
83600 2.348756 2.348756 2.348756 0.231792 0.231792 0.231792
83700 2.348756 2.348756 2.348756 0.231792 0.231792 0.231792
83800 2.348756 2.348756 2.348756 0.231792 0.231792 0.231792
83900 2.348756 2.348756 2.348756 0.231792 0.231792 0.231792
84000 2.348756 2.348756 2.348756 0.231792 0.231792 0.231792
84100 2.348756 2.348756 2.348756 0.231792 0.231792 0.231792
84200 2.348756 2.348756 2.348756 0.231792 0.231792 0.231792
84300 2.348756 2.348756 2.348756 0.231792 0.231792 0.231792
84400 2.348756 2.348756 2.348756 0.231792 0.231792 0.231792
84500 2.348756 2.348756 2.348756 0.231792 0.231792 0.231792
84600 2.348756 2.348756 2.348756 0.231792 0.231792 0.231792
84700 2.348756 2.348756 2.348756 0.231792 0.231792 0.231792
84800 2.348756 2.348756 2.348756 0.231792 0.231792 0.231792
84900 2.348756 2.348756 2.348756 0.231792 0.231792 0.231792
85000 2.348756 2.348756 2.348756 0.231792 0.231792 0.231792
85100 2.348756 2.348756 2.348756 0.231792 0.231792 0.231792
85200 2.348756 2.348756 2.348756 0.231792 0.231792 0.231792
85300 2.348756 2.348756 2.348756 0.231792 0.231792 0.231792
85400 2.348756 2.348756 2.348756 0.231792 0.231792 0.231792
85500 2.348756 2.348756 2.348756 0.231792 0.231792 0.231792
85600 2.348756 2.348756 2.348756 0.231792 0.231792 0.231792
85700 2.348756 2.348756 2.348756 0.231792 0.231792 0.231792
85800 2.348756 2.348756 2.348756 0.231792 0.231792 0.231792
85900 2.348756 2.348756 2.348756 0.231792 0.231792 0.231792
86000 2.348756 2.348756 2.348756 0.231792 0.231792 0.231792
86100 2.348756 2.348756 2.348756 0.231792 0.231792 0.231792
86200 2.348756 2.348756 2.348756 0.231792 0.231792 0.231792
86300 2.348756 2.348756 2.348756 0.231792 0.231792 0.231792
86400 2.348756 2.348756 2.348756 0.231792 0.231792 0.231792
86500 2.348756 2.348756 2.348756 0.231792 0.231792 0.231792
86600 2.348756 2.348756 2.348756 0.231792 0.231792 0.231792
86700 2.348756 2.348756 2.348756 0.231792 0.231792 0.231792
86800 2.348756 2.348756 2.348756 0.231792 0.231792 0.231792
86900 2.348756 2.348756 2.348756 0.231792 0.231792 0.231792
87000 2.348756 2.348756 2.348756 0.231792 0.231792 0.231792
87100 2.348756 2.348756 2.348756 0.231792 0.231792 0.231792
87200 2.348756 2.348756 2.348756 0.231792 0.231792 0.231792
87300 2.348756 2.348756 2.348756 0.231792 0.231792 0.231792
87400 2.348756 2.348756 2.348756 0.231792 0.231792 0.231792
87500 2.348756 2.348756 2.348756 0.231792 0.231792 0.231792
87600 2.348756 2.348756 2.348756 0.231792 0.231792 0.231792
87700 2.348756 2.348756 2.348756 0.231792 0.231792 0.231792
87800 2.348756 2.348756 2.348756 0.231792 0.231792 0.231792
87900 2.348756 2.348756 2.348756 0.231792 0.231792 0.231792
88000 2.348756 2.348756 2.348756 0.231792 0.231792 0.231792
88100 2.348756 2.348756 2.348756 0.231792 0.231792 0.231792
88200 2.348756 2.348756 2.348756 0.231792 0.231792 0.231792
88300 2.348756 2.348756 2.348756 0.231792 0.231792 0.231792
88400 2.348756 2.348756 2.348756 0.231792 0.231792 0.231792
88500 2.348756 2.348756 2.348756 0.231792 0.231792 0.231792
88600 2.348756 2.348756 2.348756 0.231792 0.231792 0.231792
88700 2.348756 2.348756 2.348756 0.231792 0.231792 0.231792
88800 2.348756 2.348756 2.348756 0.231792 0.231792 0.231792
88900 2.348756 2.348756 2.348756 0.231792 0.231792 0.231792
89000 2.348756 2.348756 2.348756 0.231792 0.231792 0.231792
89100 2.348756 2.348756 2.348756 0.231792 0.231792 0.231792
89200 2.348756 2.348756 2.348756 0.231792 0.231792 0.231792
89300 2.348756 2.348756 2.348756 0.231792 0.231792 0.231792
89400 2.348756 2.348756 2.348756 0.231792 0.231792 0.231792
89500 2.348756 2.348756 2.348756 0.231792 0.231792 0.231792
89600 2.348756 2.348756 2.348756 0.231792 0.231792 0.231792
89700 2.348756 2.348756 2.348756 0.231792 0.231792 0.231792
89800 2.348756 2.348756 2.348756 0.231792 0.231792 0.231792
89900 2.348756 2.348756 2.348756 0.231792 0.231792 0.231792
90000 2.348756 2.348756 2.348756 0.231792 0.231792 0.231792
90100 2.348756 2.348756 2.348756 0.231792 0.231792 0.231792
90200 2.348756 2.348756 2.348756 0.231792 0.231792 0.231792
90300 2.348756 2.348756 2.348756 0.231792 0.231792 0.231792
90400 2.348756 2.348756 2.348756 0.231792 0.231792 0.231792
90500 2.348756 2.348756 2.348756 0.231792 0.231792 0.231792
90600 2.348756 2.348756 2.348756 0.231792 0.231792 0.231792
90700 2.348756 2.348756 2.348756 0.231792 0.231792 0.231792
90800 2.348756 2.348756 2.348756 0.231792 0.231792 0.231792
90900 2.348756 2.348756 2.348756 0.231792 0.231792 0.231792
91000 2.348756 2.348756 2.348756 0.231792 0.231792 0.231792
91100 2.348756 2.348756 2.348756 0.231792 0.231792 0.231792
91200 2.348756 2.348756 2.348756 0.231792 0.231792 0.231792
91300 2.348756 2.348756 2.348756 0.231792 0.231792 0.231792
91400 2.348756 2.348756 2.348756 0.231792 0.231792 0.231792
91500 2.348756 2.348756 2.348756 0.231792 0.231792 0.231792
91600 2.348756 2.348756 2.348756 0.231792 0.231792 0.231792
91700 2.348756 2.348756 2.348756 0.231792 0.231792 0.231792
91800 2.348756 2.348756 2.348756 0.231792 0.231792 0.231792
91900 2.348756 2.348756 2.348756 0.231792 0.231792 0.231792
92000 2.348756 2.348756 2.348756 0.231792 0.231792 0.231792
92100 2.348756 2.348756 2.348756 0.231792 0.231792 0.231792
92200 2.348756 2.348756 2.348756 0.231792 0.231792 0.231792
92300 2.348756 2.348756 2.348756 0.231792 0.231792 0.231792
92400 2.348756 2.348756 2.348756 0.231792 0.231792 0.231792
92500 2.348756 2.348756 2.348756 0.231792 0.231792 0.231792
92600 2.348756 2.348756 2.348756 0.231792 0.231792 0.231792
92700 2.348756 2.348756 2.348756 0.231792 0.231792 0.231792
92800 2.348756 2.348756 2.348756 0.231792 0.231792 0.231792
92900 2.348756 2.348756 2.348756 0.231792 0.231792 0.231792
93000 2.348756 2.348756 2.348756 0.231792 0.231792 0.231792
93100 2.348756 2.348756 2.348756 0.231792 0.231792 0.231792
93200 2.348756 2.348756 2.348756 0.231792 0.231792 0.231792
93300 2.348756 2.348756 2.348756 0.231792 0.231792 0.231792
93400 2.348756 2.348756 2.348756 0.231792 0.231792 0.231792
93500 2.348756 2.348756 2.348756 0.231792 0.231792 0.231792
93600 2.348756 2.348756 2.348756 0.231792 0.231792 0.231792
93700 2.348756 2.348756 2.348756 0.231792 0.231792 0.231792
93800 2.348756 2.348756 2.348756 0.231792 0.231792 0.231792
93900 2.348756 2.348756 2.348756 0.231792 0.231792 0.231792
94000 2.348756 2.348756 2.348756 0.231792 0.231792 0.231792
94100 2.348756 2.348756 2.348756 0.231792 0.231792 0.231792
94200 2.348756 2.348756 2.348756 0.231792 0.231792 0.231792
94300 2.348756 2.348756 2.348756 0.231792 0.231792 0.231792
94400 2.348756 2.348756 2.348756 0.231792 0.231792 0.231792
94500 2.348756 2.348756 2.348756 0.231792 0.231792 0.231792
94600 2.348756 2.348756 2.348756 0.231792 0.231792 0.231792
94700 2.348756 2.348756 2.348756 0.231792 0.231792 0.231792
94800 2.348756 2.348756 2.348756 0.231792 0.231792 0.231792
94900 2.348756 2.348756 2.348756 0.231792 0.231792 0.231792
95000 2.348756 2.348756 2.348756 0.231792 0.231792 0.231792
95100 2.348756 2.348756 2.348756 0.231792 0.231792 0.231792
95200 2.348756 2.348756 2.348756 0.231792 0.231792 0.231792
95300 2.348756 2.348756 2.348756 0.231792 0.231792 0.231792
95400 2.348756 2.348756 2.348756 0.231792 0.231792 0.231792
95500 2.348756 2.348756 2.348756 0.231792 0.231792 0.231792
95600 2.348756 2.348756 2.348756 0.231792 0.231792 0.231792
95700 2.348756 2.348756 2.348756 0.231792 0.231792 0.231792
95800 2.348756 2.348756 2.348756 0.231792 0.231792 0.231792
95900 2.348756 2.348756 2.348756 0.231792 0.231792 0.231792
96000 2.348756 2.348756 2.348756 0.231792 0.231792 0.231792
96100 2.348756 2.348756 2.348756 0.231792 0.231792 0.231792
96200 2.348756 2.348756 2.348756 0.231792 0.231792 0.231792
96300 2.348756 2.348756 2.348756 0.231792 0.231792 0.231792
96400 2.348756 2.348756 2.348756 0.231792 0.231792 0.231792
96500 2.348756 2.348756 2.348756 0.231792 0.231792 0.231792
96600 2.348756 2.348756 2.348756 0.231792 0.231792 0.231792
96700 2.348756 2.348756 2.348756 0.231792 0.231792 0.231792
96800 2.348756 2.348756 2.348756 0.231792 0.231792 0.231792
96900 2.348756 2.348756 2.348756 0.231792 0.231792 0.231792
97000 2.348756 2.348756 2.348756 0.231792 0.231792 0.231792
97100 2.348756 2.348756 2.348756 0.231792 0.231792 0.231792
97200 2.348756 2.348756 2.348756 0.231792 0.231792 0.231792
97300 2.348756 2.348756 2.348756 0.231792 0.231792 0.231792
97400 2.348756 2.348756 2.348756 0.231792 0.231792 0.231792
97500 2.348756 2.348756 2.348756 0.231792 0.231792 0.231792
97600 2.348756 2.348756 2.348756 0.231792 0.231792 0.231792
97700 2.348756 2.348756 2.348756 0.231792 0.231792 0.231792
97800 2.348756 2.348756 2.348756 0.231792 0.231792 0.231792
97900 2.348756 2.348756 2.348756 0.231792 0.231792 0.231792
98000 2.348756 2.348756 2.348756 0.231792 0.231792 0.231792
98100 2.348756 2.348756 2.348756 0.231792 0.231792 0.231792
98200 2.348756 2.348756 2.348756 0.231792 0.231792 0.231792
98300 2.348756 2.348756 2.348756 0.231792 0.231792 0.231792
98400 2.348756 2.348756 2.348756 0.231792 0.231792 0.231792
98500 2.348756 2.348756 2.348756 0.231792 0.231792 0.231792
98600 2.348756 2.348756 2.348756 0.231792 0.231792 0.231792
98700 2.348756 2.348756 2.348756 0.231792 0.231792 0.231792
98800 2.348756 2.348756 2.348756 0.231792 0.231792 0.231792
98900 2.348756 2.348756 2.348756 0.231792 0.231792 0.231792
99000 2.348756 2.348756 2.348756 0.231792 0.231792 0.231792
99100 2.348756 2.348756 2.348756 0.231792 0.231792 0.231792
99200 2.348756 2.348756 2.348756 0.231792 0.231792 0.231792
99300 2.348756 2.348756 2.348756 0.231792 0.231792 0.231792
99400 2.348756 2.348756 2.348756 0.231792 0.231792 0.231792
99500 2.348756 2.348756 2.348756 0.231792 0.231792 0.231792
99600 2.348756 2.348756 2.348756 0.231792 0.231792 0.231792
99700 2.348756 2.348756 2.348756 0.231792 0.231792 0.231792
99800 2.348756 2.348756 2.348756 0.231792 0.231792 0.231792
99900 2.348756 2.348756 2.348756 0.231792 0.231792 0.231792
100000 2.348756 2.348756 2.348756 0.231792 0.231792 0.231792
