898 1237815 9 0.077000 4138 1895 1677 0
989 1398219 8 0.176700 5631 1604 1740 1
778 962098 13 0.019200 5434 1206 1089 0
632 1005466 9 0.134200 4527 3236 1034 0
628 738291 11 0.166600 4735 1654 1187 0
844 821879 12 0.128300 4717 1853 1683 0
772 1071948 11 0.076600 4953 3953 1076 1
787 1155278 14 0.084500 4143 3422 1002 1
700 784045 9 0.135000 5713 1275 1652 1
538 655304 9 0.071700 5387 894 1198 0
994 1515101 13 0.114000 4900 2253 1124 0
632 1043676 8 0.031400 4542 2162 1540 1
872 1192801 11 0.046900 4639 3535 1250 1
641 915178 15 0.090100 4424 3334 958 1
689 1143251 13 0.057500 5948 2424 1027 0
783 1276056 14 0.081900 5261 1249 1164 0
551 686499 10 0.032800 5437 1876 1568 1
850 1260104 9 0.101800 4270 2443 880 1
513 438004 13 0.092700 5537 1061 1242 0
878 763819 7 0.134400 4335 2218 1150 1
606 1078913 12 0.144100 4302 1035 934 0
704 1254148 12 0.122500 5582 1879 935 1
746 801730 12 0.082700 5499 3954 1282 1
794 827185 14 0.188100 4482 3744 1543 1
698 602160 9 0.007900 5490 2184 1424 1
715 607589 10 0.090300 5129 2059 833 0
929 1698426 10 0.158500 5977 1203 1839 0
900 1004785 12 0.096200 4855 3629 1680 1
563 772250 13 0.075200 5097 2533 1097 0
590 858055 11 0.161900 4477 1026 1382 1
696 1110136 14 0.135900 5620 2617 1157 1
608 994213 11 0.042800 4950 2656 896 0
642 830312 10 0.096300 4663 2038 1558 1
638 1102179 11 0.106300 5866 1758 1420 1
702 943040 12 0.052800 5593 1471 1179 0
599 771193 9 0.032900 5320 805 1101 0
582 811527 15 0.167800 5684 2113 830 0
680 1253357 10 0.057500 4089 2420 891 1
921 1445185 11 0.159800 4000 2603 1648 0
556 656908 11 0.088100 4619 1518 1500 0
858 976177 11 0.109400 4506 3386 1703 1
651 1151137 10 0.098500 4222 2571 1349 0
553 826570 10 0.099500 5829 2700 1111 0
585 588232 14 0.108700 5802 3060 1662 0
768 1192876 11 0.117000 5573 2700 1170 0
831 680774 11 0.090000 4519 3951 1592 1
620 583684 12 0.077900 4310 2074 1757 0
819 1185453 7 0.050200 5215 1339 1831 0
653 548977 7 0.048100 5609 897 1534 1
763 921865 8 0.083500 5906 1020 1567 0
967 1203205 13 0.148700 5714 2935 840 0
689 876453 10 0.135500 5484 2117 1899 1
521 567253 14 0.113800 4534 1263 861 1
990 899079 8 0.039500 4452 2398 1310 1
572 967481 12 0.172100 4402 3307 1184 0
830 1095711 9 0.113800 4596 1417 1095 1
548 545983 13 0.068300 4106 1954 811 1
579 736259 10 0.103600 4515 2495 1682 1
613 628826 15 0.145400 5165 3487 1997 0
901 1411285 11 0.114700 5244 1209 1159 0
626 679386 13 0.087900 4704 1839 1461 1
877 1443479 12 0.060700 5394 2159 844 0
771 1230445 12 0.104900 4249 1976 1082 1
857 1575783 7 0.177600 5695 1834 1679 1
912 790095 11 0.080900 4065 1261 868 1
702 970779 14 0.048700 4667 3401 1097 1
905 1411871 14 0.149800 5346 1155 1957 0
805 996552 10 0.048700 4274 3136 1046 0
894 982536 12 0.108100 4965 2860 1287 0
800 1044451 10 0.068000 5714 2692 1186 0
761 885681 12 0.051500 4464 1749 1581 0
707 988775 12 0.060400 5983 2148 1821 0
968 1702094 11 0.121800 4740 3413 1947 0
871 973319 11 0.170300 5387 3044 1312 1
847 949760 12 0.066200 5230 3152 1222 1
582 1086267 9 0.044200 5156 2855 1917 1
563 782299 14 0.096600 4408 2356 855 1
644 860481 8 0.110100 4956 3292 1728 0
869 1231958 10 0.023000 5176 2519 922 1
861 1075717 14 0.041300 4468 2406 1246 1
900 1071082 8 0.123400 4401 3769 1736 1
788 856809 13 0.070100 4798 1926 1971 0
949 906226 8 0.142200 5814 887 1983 0
855 1112204 13 0.185300 4304 2460 1559 1
975 1319926 12 0.115200 5997 2710 1622 1
693 1066763 10 0.079900 4389 3303 1463 0
558 806666 15 0.125400 4387 1966 1136 1
760 1245411 10 0.108300 5154 3540 956 1
517 715767 8 0.054700 4768 2165 1312 1
987 1223266 9 0.147700 5038 1201 1386 0
732 648836 10 0.077800 4521 3000 1889 0
825 833469 11 0.068200 4142 2195 1909 0
916 1134013 15 0.153500 5522 3187 1829 0
580 652045 14 0.123000 4233 1506 1206 1
996 1097960 8 0.163600 5189 3428 983 1
819 1152850 14 0.124000 5723 2477 1877 0
862 790967 10 0.092300 5441 2312 878 1
569 789156 11 0.097400 4719 2800 1984 0
826 684630 9 0.101800 5703 1675 1673 0
539 591425 10 0.072500 4127 3635 1792 1
