# generation power_min power_avg power_max util_min util_avg util_max
1 16.461173 12.782816 16.461173 0.731598 1.126739 1.494655
100 8.184846 10.180258 12.311077 0.554985 0.866738 1.120727
200 6.537900 7.755566 8.797284 0.415557 0.673393 0.967653
300 5.391434 6.377225 7.042901 0.368077 0.639963 0.849136
400 4.695224 5.259669 5.787178 0.426906 0.558553 0.738177
500 4.509098 4.715578 4.902902 0.426426 0.509262 0.650872
600 4.386449 4.508943 4.599874 0.442940 0.468547 0.562830
700 4.361449 4.417180 4.491169 0.442597 0.454451 0.472126
800 4.352247 4.362672 4.366186 0.444188 0.445135 0.446246
900 4.349742 4.354854 4.361449 0.444471 0.445852 0.447252
1000 4.347584 4.350199 4.352247 0.446066 0.446500 0.447613
1100 4.347584 4.347584 4.347584 0.447210 0.447210 0.447210
1200 4.347584 4.347584 4.347584 0.447210 0.447210 0.447210
1300 4.347584 4.347584 4.347584 0.447210 0.447210 0.447210
1400 4.347584 4.347584 4.347584 0.447210 0.447210 0.447210
1500 4.347584 4.347584 4.347584 0.447210 0.447210 0.447210
1600 4.347584 4.347584 4.347584 0.447210 0.447210 0.447210
1700 4.347584 4.347584 4.347584 0.447210 0.447210 0.447210
1800 4.347584 4.347584 4.347584 0.447210 0.447210 0.447210
1900 4.347584 4.347584 4.347584 0.447210 0.447210 0.447210
2000 4.347584 4.347584 4.347584 0.447210 0.447210 0.447210
2100 4.347584 4.347584 4.347584 0.447210 0.447210 0.447210
2200 4.347584 4.347584 4.347584 0.447210 0.447210 0.447210
2300 4.347584 4.347584 4.347584 0.447210 0.447210 0.447210
2400 4.347584 4.347584 4.347584 0.447210 0.447210 0.447210
2500 4.347584 4.347584 4.347584 0.447210 0.447210 0.447210
2600 4.347584 4.347584 4.347584 0.447210 0.447210 0.447210
2700 4.347584 4.347584 4.347584 0.447210 0.447210 0.447210
2800 4.347584 4.347584 4.347584 0.447210 0.447210 0.447210
2900 4.347584 4.347584 4.347584 0.447210 0.447210 0.447210
3000 4.347584 4.347584 4.347584 0.447210 0.447210 0.447210
3100 4.347584 4.347584 4.347584 0.447210 0.447210 0.447210
3200 4.347584 4.347584 4.347584 0.447210 0.447210 0.447210
3300 4.347584 4.347584 4.347584 0.447210 0.447210 0.447210
3400 4.347584 4.347584 4.347584 0.447210 0.447210 0.447210
3500 4.347584 4.347584 4.347584 0.447210 0.447210 0.447210
3600 4.347584 4.347584 4.347584 0.447210 0.447210 0.447210
3700 4.347584 4.347584 4.347584 0.447210 0.447210 0.447210
3800 4.347584 4.347584 4.347584 0.447210 0.447210 0.447210
3900 4.347584 4.347584 4.347584 0.447210 0.447210 0.447210
4000 4.347584 4.347584 4.347584 0.447210 0.447210 0.447210
4100 4.347584 4.347584 4.347584 0.447210 0.447210 0.447210
4200 4.347584 4.347584 4.347584 0.447210 0.447210 0.447210
4300 4.347584 4.347584 4.347584 0.447210 0.447210 0.447210
4400 4.347584 4.347584 4.347584 0.447210 0.447210 0.447210
4500 4.347584 4.347584 4.347584 0.447210 0.447210 0.447210
4600 4.347584 4.347584 4.347584 0.447210 0.447210 0.447210
4700 4.347584 4.347584 4.347584 0.447210 0.447210 0.447210
4800 4.347584 4.347584 4.347584 0.447210 0.447210 0.447210
4900 4.347584 4.347584 4.347584 0.447210 0.447210 0.447210
5000 4.347584 4.347584 4.347584 0.447210 0.447210 0.447210
5100 4.347584 4.347584 4.347584 0.447210 0.447210 0.447210
5200 4.347584 4.347584 4.347584 0.447210 0.447210 0.447210
5300 4.347584 4.347584 4.347584 0.447210 0.447210 0.447210
5400 4.347584 4.347584 4.347584 0.447210 0.447210 0.447210
5500 4.347584 4.347584 4.347584 0.447210 0.447210 0.447210
5600 4.347584 4.347584 4.347584 0.447210 0.447210 0.447210
5700 4.347584 4.347584 4.347584 0.447210 0.447210 0.447210
5800 4.347584 4.347584 4.347584 0.447210 0.447210 0.447210
5900 4.347584 4.347584 4.347584 0.447210 0.447210 0.447210
6000 4.347584 4.347584 4.347584 0.447210 0.447210 0.447210
6100 4.347584 4.347584 4.347584 0.447210 0.447210 0.447210
6200 4.347584 4.347584 4.347584 0.447210 0.447210 0.447210
6300 4.347584 4.347584 4.347584 0.447210 0.447210 0.447210
6400 4.347584 4.347584 4.347584 0.447210 0.447210 0.447210
6500 4.347584 4.347584 4.347584 0.447210 0.447210 0.447210
6600 4.347584 4.347584 4.347584 0.447210 0.447210 0.447210
6700 4.347584 4.347584 4.347584 0.447210 0.447210 0.447210
6800 4.347584 4.347584 4.347584 0.447210 0.447210 0.447210
6900 4.347584 4.347584 4.347584 0.447210 0.447210 0.447210
7000 4.347584 4.347584 4.347584 0.447210 0.447210 0.447210
7100 4.347584 4.347584 4.347584 0.447210 0.447210 0.447210
7200 4.347584 4.347584 4.347584 0.447210 0.447210 0.447210
7300 4.347584 4.347584 4.347584 0.447210 0.447210 0.447210
7400 4.347584 4.347584 4.347584 0.447210 0.447210 0.447210
7500 4.347584 4.347584 4.347584 0.447210 0.447210 0.447210
7600 4.347584 4.347584 4.347584 0.447210 0.447210 0.447210
7700 4.347584 4.347584 4.347584 0.447210 0.447210 0.447210
7800 4.347584 4.347584 4.347584 0.447210 0.447210 0.447210
7900 4.347584 4.347584 4.347584 0.447210 0.447210 0.447210
8000 4.347584 4.347584 4.347584 0.447210 0.447210 0.447210
8100 4.347584 4.347584 4.347584 0.447210 0.447210 0.447210
8200 4.347584 4.347584 4.347584 0.447210 0.447210 0.447210
8300 4.347584 4.347584 4.347584 0.447210 0.447210 0.447210
8400 4.347584 4.347584 4.347584 0.447210 0.447210 0.447210
8500 4.347584 4.347584 4.347584 0.447210 0.447210 0.447210
8600 4.347584 4.347584 4.347584 0.447210 0.447210 0.447210
8700 4.347584 4.347584 4.347584 0.447210 0.447210 0.447210
8800 4.347584 4.347584 4.347584 0.447210 0.447210 0.447210
8900 4.347584 4.347584 4.347584 0.447210 0.447210 0.447210
9000 4.347584 4.347584 4.347584 0.447210 0.447210 0.447210
9100 4.347584 4.347584 4.347584 0.447210 0.447210 0.447210
9200 4.347584 4.347584 4.347584 0.447210 0.447210 0.447210
9300 4.347584 4.347584 4.347584 0.447210 0.447210 0.447210
9400 4.347584 4.347584 4.347584 0.447210 0.447210 0.447210
9500 4.347584 4.347584 4.347584 0.447210 0.447210 0.447210
9600 4.347584 4.347584 4.347584 0.447210 0.447210 0.447210
9700 4.347584 4.347584 4.347584 0.447210 0.447210 0.447210
9800 4.347584 4.347584 4.347584 0.447210 0.447210 0.447210
9900 4.347584 4.347584 4.347584 0.447210 0.447210 0.447210
10000 4.347584 4.347584 4.347584 0.447210 0.447210 0.447210
10100 4.347584 4.347584 4.347584 0.447210 0.447210 0.447210
10200 4.347584 4.347584 4.347584 0.447210 0.447210 0.447210
10300 4.347584 4.347584 4.347584 0.447210 0.447210 0.447210
10400 4.347584 4.347584 4.347584 0.447210 0.447210 0.447210
10500 4.347584 4.347584 4.347584 0.447210 0.447210 0.447210
10600 4.347584 4.347584 4.347584 0.447210 0.447210 0.447210
10700 4.347584 4.347584 4.347584 0.447210 0.447210 0.447210
10800 4.347584 4.347584 4.347584 0.447210 0.447210 0.447210
10900 4.347584 4.347584 4.347584 0.447210 0.447210 0.447210
11000 4.347584 4.347584 4.347584 0.447210 0.447210 0.447210
11100 4.347584 4.347584 4.347584 0.447210 0.447210 0.447210
11200 4.347584 4.347584 4.347584 0.447210 0.447210 0.447210
11300 4.347584 4.347584 4.347584 0.447210 0.447210 0.447210
11400 4.347584 4.347584 4.347584 0.447210 0.447210 0.447210
11500 4.347584 4.347584 4.347584 0.447210 0.447210 0.447210
11600 4.347584 4.347584 4.347584 0.447210 0.447210 0.447210
11700 4.347584 4.347584 4.347584 0.447210 0.447210 0.447210
11800 4.347584 4.347584 4.347584 0.447210 0.447210 0.447210
11900 4.347584 4.347584 4.347584 0.447210 0.447210 0.447210
12000 4.347584 4.347584 4.347584 0.447210 0.447210 0.447210
12100 4.347584 4.347584 4.347584 0.447210 0.447210 0.447210
12200 4.347584 4.347584 4.347584 0.447210 0.447210 0.447210
12300 4.347584 4.347584 4.347584 0.447210 0.447210 0.447210
12400 4.347584 4.347584 4.347584 0.447210 0.447210 0.447210
12500 4.347584 4.347584 4.347584 0.447210 0.447210 0.447210
12600 4.347584 4.347584 4.347584 0.447210 0.447210 0.447210
12700 4.347584 4.347584 4.347584 0.447210 0.447210 0.447210
12800 4.347584 4.347584 4.347584 0.447210 0.447210 0.447210
12900 4.347584 4.347584 4.347584 0.447210 0.447210 0.447210
13000 4.347584 4.347584 4.347584 0.447210 0.447210 0.447210
13100 4.347584 4.347584 4.347584 0.447210 0.447210 0.447210
13200 4.347584 4.347584 4.347584 0.447210 0.447210 0.447210
13300 4.347584 4.347584 4.347584 0.447210 0.447210 0.447210
13400 4.347584 4.347584 4.347584 0.447210 0.447210 0.447210
13500 4.347584 4.347584 4.347584 0.447210 0.447210 0.447210
13600 4.347584 4.347584 4.347584 0.447210 0.447210 0.447210
13700 4.347584 4.347584 4.347584 0.447210 0.447210 0.447210
13800 4.347584 4.347584 4.347584 0.447210 0.447210 0.447210
13900 4.347584 4.347584 4.347584 0.447210 0.447210 0.447210
14000 4.347584 4.347584 4.347584 0.447210 0.447210 0.447210
14100 4.347584 4.347584 4.347584 0.447210 0.447210 0.447210
14200 4.347584 4.347584 4.347584 0.447210 0.447210 0.447210
14300 4.347584 4.347584 4.347584 0.447210 0.447210 0.447210
14400 4.347584 4.347584 4.347584 0.447210 0.447210 0.447210
14500 4.347584 4.347584 4.347584 0.447210 0.447210 0.447210
14600 4.347584 4.347584 4.347584 0.447210 0.447210 0.447210
14700 4.347584 4.347584 4.347584 0.447210 0.447210 0.447210
14800 4.347584 4.347584 4.347584 0.447210 0.447210 0.447210
14900 4.347584 4.347584 4.347584 0.447210 0.447210 0.447210
15000 4.347584 4.347584 4.347584 0.447210 0.447210 0.447210
15100 4.347584 4.347584 4.347584 0.447210 0.447210 0.447210
15200 4.347584 4.347584 4.347584 0.447210 0.447210 0.447210
15300 4.347584 4.347584 4.347584 0.447210 0.447210 0.447210
15400 4.347584 4.347584 4.347584 0.447210 0.447210 0.447210
15500 4.347584 4.347584 4.347584 0.447210 0.447210 0.447210
15600 4.347584 4.347584 4.347584 0.447210 0.447210 0.447210
15700 4.347584 4.347584 4.347584 0.447210 0.447210 0.447210
15800 4.347584 4.347584 4.347584 0.447210 0.447210 0.447210
15900 4.347584 4.347584 4.347584 0.447210 0.447210 0.447210
16000 4.347584 4.347584 4.347584 0.447210 0.447210 0.447210
16100 4.347584 4.347584 4.347584 0.447210 0.447210 0.447210
16200 4.347584 4.347584 4.347584 0.447210 0.447210 0.447210
16300 4.347584 4.347584 4.347584 0.447210 0.447210 0.447210
16400 4.347584 4.347584 4.347584 0.447210 0.447210 0.447210
16500 4.347584 4.347584 4.347584 0.447210 0.447210 0.447210
16600 4.347584 4.347584 4.347584 0.447210 0.447210 0.447210
16700 4.347584 4.347584 4.347584 0.447210 0.447210 0.447210
16800 4.347584 4.347584 4.347584 0.447210 0.447210 0.447210
16900 4.347584 4.347584 4.347584 0.447210 0.447210 0.447210
17000 4.347584 4.347584 4.347584 0.447210 0.447210 0.447210
17100 4.347584 4.347584 4.347584 0.447210 0.447210 0.447210
17200 4.347584 4.347584 4.347584 0.447210 0.447210 0.447210
17300 4.347584 4.347584 4.347584 0.447210 0.447210 0.447210
17400 4.347584 4.347584 4.347584 0.447210 0.447210 0.447210
17500 4.347584 4.347584 4.347584 0.447210 0.447210 0.447210
17600 4.347584 4.347584 4.347584 0.447210 0.447210 0.447210
17700 4.347584 4.347584 4.347584 0.447210 0.447210 0.447210
17800 4.347584 4.347584 4.347584 0.447210 0.447210 0.447210
17900 4.347584 4.347584 4.347584 0.447210 0.447210 0.447210
18000 4.347584 4.347584 4.347584 0.447210 0.447210 0.447210
18100 4.347584 4.347584 4.347584 0.447210 0.447210 0.447210
18200 4.347584 4.347584 4.347584 0.447210 0.447210 0.447210
18300 4.347584 4.347584 4.347584 0.447210 0.447210 0.447210
18400 4.347584 4.347584 4.347584 0.447210 0.447210 0.447210
18500 4.347584 4.347584 4.347584 0.447210 0.447210 0.447210
18600 4.347584 4.347584 4.347584 0.447210 0.447210 0.447210
18700 4.347584 4.347584 4.347584 0.447210 0.447210 0.447210
18800 4.347584 4.347584 4.347584 0.447210 0.447210 0.447210
18900 4.347584 4.347584 4.347584 0.447210 0.447210 0.447210
19000 4.347584 4.347584 4.347584 0.447210 0.447210 0.447210
19100 4.347584 4.347584 4.347584 0.447210 0.447210 0.447210
19200 4.347584 4.347584 4.347584 0.447210 0.447210 0.447210
19300 4.347584 4.347584 4.347584 0.447210 0.447210 0.447210
19400 4.347584 4.347584 4.347584 0.447210 0.447210 0.447210
19500 4.347584 4.347584 4.347584 0.447210 0.447210 0.447210
19600 4.347584 4.347584 4.347584 0.447210 0.447210 0.447210
19700 4.347584 4.347584 4.347584 0.447210 0.447210 0.447210
19800 4.347584 4.347584 4.347584 0.447210 0.447210 0.447210
19900 4.347584 4.347584 4.347584 0.447210 0.447210 0.447210
20000 4.347584 4.347584 4.347584 0.447210 0.447210 0.447210
20100 4.347584 4.347584 4.347584 0.447210 0.447210 0.447210
20200 4.347584 4.347584 4.347584 0.447210 0.447210 0.447210
20300 4.347584 4.347584 4.347584 0.447210 0.447210 0.447210
20400 4.347584 4.347584 4.347584 0.447210 0.447210 0.447210
20500 4.347584 4.347584 4.347584 0.447210 0.447210 0.447210
20600 4.347584 4.347584 4.347584 0.447210 0.447210 0.447210
20700 4.347584 4.347584 4.347584 0.447210 0.447210 0.447210
20800 4.347584 4.347584 4.347584 0.447210 0.447210 0.447210
20900 4.347584 4.347584 4.347584 0.447210 0.447210 0.447210
21000 4.347584 4.347584 4.347584 0.447210 0.447210 0.447210
21100 4.347584 4.347584 4.347584 0.447210 0.447210 0.447210
21200 4.347584 4.347584 4.347584 0.447210 0.447210 0.447210
21300 4.347584 4.347584 4.347584 0.447210 0.447210 0.447210
21400 4.347584 4.347584 4.347584 0.447210 0.447210 0.447210
21500 4.347584 4.347584 4.347584 0.447210 0.447210 0.447210
21600 4.347584 4.347584 4.347584 0.447210 0.447210 0.447210
21700 4.347584 4.347584 4.347584 0.447210 0.447210 0.447210
21800 4.347584 4.347584 4.347584 0.447210 0.447210 0.447210
21900 4.347584 4.347584 4.347584 0.447210 0.447210 0.447210
22000 4.347584 4.347584 4.347584 0.447210 0.447210 0.447210
22100 4.347584 4.347584 4.347584 0.447210 0.447210 0.447210
22200 4.347584 4.347584 4.347584 0.447210 0.447210 0.447210
22300 4.347584 4.347584 4.347584 0.447210 0.447210 0.447210
22400 4.347584 4.347584 4.347584 0.447210 0.447210 0.447210
22500 4.347584 4.347584 4.347584 0.447210 0.447210 0.447210
22600 4.347584 4.347584 4.347584 0.447210 0.447210 0.447210
22700 4.347584 4.347584 4.347584 0.447210 0.447210 0.447210
22800 4.347584 4.347584 4.347584 0.447210 0.447210 0.447210
22900 4.347584 4.347584 4.347584 0.447210 0.447210 0.447210
23000 4.347584 4.347584 4.347584 0.447210 0.447210 0.447210
23100 4.347584 4.347584 4.347584 0.447210 0.447210 0.447210
23200 4.347584 4.347584 4.347584 0.447210 0.447210 0.447210
23300 4.347584 4.347584 4.347584 0.447210 0.447210 0.447210
23400 4.347584 4.347584 4.347584 0.447210 0.447210 0.447210
23500 4.347584 4.347584 4.347584 0.447210 0.447210 0.447210
23600 4.347584 4.347584 4.347584 0.447210 0.447210 0.447210
23700 4.347584 4.347584 4.347584 0.447210 0.447210 0.447210
23800 4.347584 4.347584 4.347584 0.447210 0.447210 0.447210
23900 4.347584 4.347584 4.347584 0.447210 0.447210 0.447210
24000 4.347584 4.347584 4.347584 0.447210 0.447210 0.447210
24100 4.347584 4.347584 4.347584 0.447210 0.447210 0.447210
24200 4.347584 4.347584 4.347584 0.447210 0.447210 0.447210
24300 4.347584 4.347584 4.347584 0.447210 0.447210 0.447210
24400 4.347584 4.347584 4.347584 0.447210 0.447210 0.447210
24500 4.347584 4.347584 4.347584 0.447210 0.447210 0.447210
24600 4.347584 4.347584 4.347584 0.447210 0.447210 0.447210
24700 4.347584 4.347584 4.347584 0.447210 0.447210 0.447210
24800 4.347584 4.347584 4.347584 0.447210 0.447210 0.447210
24900 4.347584 4.347584 4.347584 0.447210 0.447210 0.447210
25000 4.347584 4.347584 4.347584 0.447210 0.447210 0.447210
25100 4.347584 4.347584 4.347584 0.447210 0.447210 0.447210
25200 4.347584 4.347584 4.347584 0.447210 0.447210 0.447210
25300 4.347584 4.347584 4.347584 0.447210 0.447210 0.447210
25400 4.347584 4.347584 4.347584 0.447210 0.447210 0.447210
25500 4.347584 4.347584 4.347584 0.447210 0.447210 0.447210
25600 4.347584 4.347584 4.347584 0.447210 0.447210 0.447210
25700 4.347584 4.347584 4.347584 0.447210 0.447210 0.447210
25800 4.347584 4.347584 4.347584 0.447210 0.447210 0.447210
25900 4.347584 4.347584 4.347584 0.447210 0.447210 0.447210
26000 4.347584 4.347584 4.347584 0.447210 0.447210 0.447210
26100 4.347584 4.347584 4.347584 0.447210 0.447210 0.447210
26200 4.347584 4.347584 4.347584 0.447210 0.447210 0.447210
26300 4.347584 4.347584 4.347584 0.447210 0.447210 0.447210
26400 4.347584 4.347584 4.347584 0.447210 0.447210 0.447210
26500 4.347584 4.347584 4.347584 0.447210 0.447210 0.447210
26600 4.347584 4.347584 4.347584 0.447210 0.447210 0.447210
26700 4.347584 4.347584 4.347584 0.447210 0.447210 0.447210
26800 4.347584 4.347584 4.347584 0.447210 0.447210 0.447210
26900 4.347584 4.347584 4.347584 0.447210 0.447210 0.447210
27000 4.347584 4.347584 4.347584 0.447210 0.447210 0.447210
27100 4.347584 4.347584 4.347584 0.447210 0.447210 0.447210
27200 4.347584 4.347584 4.347584 0.447210 0.447210 0.447210
27300 4.347584 4.347584 4.347584 0.447210 0.447210 0.447210
27400 4.347584 4.347584 4.347584 0.447210 0.447210 0.447210
27500 4.347584 4.347584 4.347584 0.447210 0.447210 0.447210
27600 4.347584 4.347584 4.347584 0.447210 0.447210 0.447210
27700 4.347584 4.347584 4.347584 0.447210 0.447210 0.447210
27800 4.347584 4.347584 4.347584 0.447210 0.447210 0.447210
27900 4.347584 4.347584 4.347584 0.447210 0.447210 0.447210
28000 4.347584 4.347584 4.347584 0.447210 0.447210 0.447210
28100 4.347584 4.347584 4.347584 0.447210 0.447210 0.447210
28200 4.347584 4.347584 4.347584 0.447210 0.447210 0.447210
28300 4.347584 4.347584 4.347584 0.447210 0.447210 0.447210
28400 4.347584 4.347584 4.347584 0.447210 0.447210 0.447210
28500 4.347584 4.347584 4.347584 0.447210 0.447210 0.447210
28600 4.347584 4.347584 4.347584 0.447210 0.447210 0.447210
28700 4.347584 4.347584 4.347584 0.447210 0.447210 0.447210
28800 4.347584 4.347584 4.347584 0.447210 0.447210 0.447210
28900 4.347584 4.347584 4.347584 0.447210 0.447210 0.447210
29000 4.347584 4.347584 4.347584 0.447210 0.447210 0.447210
29100 4.347584 4.347584 4.347584 0.447210 0.447210 0.447210
29200 4.347584 4.347584 4.347584 0.447210 0.447210 0.447210
29300 4.347584 4.347584 4.347584 0.447210 0.447210 0.447210
29400 4.347584 4.347584 4.347584 0.447210 0.447210 0.447210
29500 4.347584 4.347584 4.347584 0.447210 0.447210 0.447210
29600 4.347584 4.347584 4.347584 0.447210 0.447210 0.447210
29700 4.347584 4.347584 4.347584 0.447210 0.447210 0.447210
29800 4.347584 4.347584 4.347584 0.447210 0.447210 0.447210
29900 4.347584 4.347584 4.347584 0.447210 0.447210 0.447210
30000 4.347584 4.347584 4.347584 0.447210 0.447210 0.447210
30100 4.347584 4.347584 4.347584 0.447210 0.447210 0.447210
30200 4.347584 4.347584 4.347584 0.447210 0.447210 0.447210
30300 4.347584 4.347584 4.347584 0.447210 0.447210 0.447210
30400 4.347584 4.347584 4.347584 0.447210 0.447210 0.447210
30500 4.347584 4.347584 4.347584 0.447210 0.447210 0.447210
30600 4.347584 4.347584 4.347584 0.447210 0.447210 0.447210
30700 4.347584 4.347584 4.347584 0.447210 0.447210 0.447210
30800 4.347584 4.347584 4.347584 0.447210 0.447210 0.447210
30900 4.347584 4.347584 4.347584 0.447210 0.447210 0.447210
31000 4.347584 4.347584 4.347584 0.447210 0.447210 0.447210
31100 4.347584 4.347584 4.347584 0.447210 0.447210 0.447210
31200 4.347584 4.347584 4.347584 0.447210 0.447210 0.447210
31300 4.347584 4.347584 4.347584 0.447210 0.447210 0.447210
31400 4.347584 4.347584 4.347584 0.447210 0.447210 0.447210
31500 4.347584 4.347584 4.347584 0.447210 0.447210 0.447210
31600 4.347584 4.347584 4.347584 0.447210 0.447210 0.447210
31700 4.347584 4.347584 4.347584 0.447210 0.447210 0.447210
31800 4.347584 4.347584 4.347584 0.447210 0.447210 0.447210
31900 4.347584 4.347584 4.347584 0.447210 0.447210 0.447210
32000 4.347584 4.347584 4.347584 0.447210 0.447210 0.447210
32100 4.347584 4.347584 4.347584 0.447210 0.447210 0.447210
32200 4.347584 4.347584 4.347584 0.447210 0.447210 0.447210
32300 4.347584 4.347584 4.347584 0.447210 0.447210 0.447210
32400 4.347584 4.347584 4.347584 0.447210 0.447210 0.447210
32500 4.347584 4.347584 4.347584 0.447210 0.447210 0.447210
32600 4.347584 4.347584 4.347584 0.447210 0.447210 0.447210
32700 4.347584 4.347584 4.347584 0.447210 0.447210 0.447210
32800 4.347584 4.347584 4.347584 0.447210 0.447210 0.447210
32900 4.347584 4.347584 4.347584 0.447210 0.447210 0.447210
33000 4.347584 4.347584 4.347584 0.447210 0.447210 0.447210
33100 4.347584 4.347584 4.347584 0.447210 0.447210 0.447210
33200 4.347584 4.347584 4.347584 0.447210 0.447210 0.447210
33300 4.347584 4.347584 4.347584 0.447210 0.447210 0.447210
33400 4.347584 4.347584 4.347584 0.447210 0.447210 0.447210
33500 4.347584 4.347584 4.347584 0.447210 0.447210 0.447210
33600 4.347584 4.347584 4.347584 0.447210 0.447210 0.447210
33700 4.347584 4.347584 4.347584 0.447210 0.447210 0.447210
33800 4.347584 4.347584 4.347584 0.447210 0.447210 0.447210
33900 4.347584 4.347584 4.347584 0.447210 0.447210 0.447210
34000 4.347584 4.347584 4.347584 0.447210 0.447210 0.447210
34100 4.347584 4.347584 4.347584 0.447210 0.447210 0.447210
34200 4.347584 4.347584 4.347584 0.447210 0.447210 0.447210
34300 4.347584 4.347584 4.347584 0.447210 0.447210 0.447210
34400 4.347584 4.347584 4.347584 0.447210 0.447210 0.447210
34500 4.347584 4.347584 4.347584 0.447210 0.447210 0.447210
34600 4.347584 4.347584 4.347584 0.447210 0.447210 0.447210
34700 4.347584 4.347584 4.347584 0.447210 0.447210 0.447210
34800 4.347584 4.347584 4.347584 0.447210 0.447210 0.447210
34900 4.347584 4.347584 4.347584 0.447210 0.447210 0.447210
35000 4.347584 4.347584 4.347584 0.447210 0.447210 0.447210
35100 4.347584 4.347584 4.347584 0.447210 0.447210 0.447210
35200 4.347584 4.347584 4.347584 0.447210 0.447210 0.447210
35300 4.347584 4.347584 4.347584 0.447210 0.447210 0.447210
35400 4.347584 4.347584 4.347584 0.447210 0.447210 0.447210
35500 4.347584 4.347584 4.347584 0.447210 0.447210 0.447210
35600 4.347584 4.347584 4.347584 0.447210 0.447210 0.447210
35700 4.347584 4.347584 4.347584 0.447210 0.447210 0.447210
35800 4.347584 4.347584 4.347584 0.447210 0.447210 0.447210
35900 4.347584 4.347584 4.347584 0.447210 0.447210 0.447210
36000 4.347584 4.347584 4.347584 0.447210 0.447210 0.447210
36100 4.347584 4.347584 4.347584 0.447210 0.447210 0.447210
36200 4.347584 4.347584 4.347584 0.447210 0.447210 0.447210
36300 4.347584 4.347584 4.347584 0.447210 0.447210 0.447210
36400 4.347584 4.347584 4.347584 0.447210 0.447210 0.447210
36500 4.347584 4.347584 4.347584 0.447210 0.447210 0.447210
36600 4.347584 4.347584 4.347584 0.447210 0.447210 0.447210
36700 4.347584 4.347584 4.347584 0.447210 0.447210 0.447210
36800 4.347584 4.347584 4.347584 0.447210 0.447210 0.447210
36900 4.347584 4.347584 4.347584 0.447210 0.447210 0.447210
37000 4.347584 4.347584 4.347584 0.447210 0.447210 0.447210
37100 4.347584 4.347584 4.347584 0.447210 0.447210 0.447210
37200 4.347584 4.347584 4.347584 0.447210 0.447210 0.447210
37300 4.347584 4.347584 4.347584 0.447210 0.447210 0.447210
37400 4.347584 4.347584 4.347584 0.447210 0.447210 0.447210
37500 4.347584 4.347584 4.347584 0.447210 0.447210 0.447210
37600 4.347584 4.347584 4.347584 0.447210 0.447210 0.447210
37700 4.347584 4.347584 4.347584 0.447210 0.447210 0.447210
37800 4.347584 4.347584 4.347584 0.447210 0.447210 0.447210
37900 4.347584 4.347584 4.347584 0.447210 0.447210 0.447210
38000 4.347584 4.347584 4.347584 0.447210 0.447210 0.447210
38100 4.347584 4.347584 4.347584 0.447210 0.447210 0.447210
38200 4.347584 4.347584 4.347584 0.447210 0.447210 0.447210
38300 4.347584 4.347584 4.347584 0.447210 0.447210 0.447210
38400 4.347584 4.347584 4.347584 0.447210 0.447210 0.447210
38500 4.347584 4.347584 4.347584 0.447210 0.447210 0.447210
38600 4.347584 4.347584 4.347584 0.447210 0.447210 0.447210
38700 4.347584 4.347584 4.347584 0.447210 0.447210 0.447210
38800 4.347584 4.347584 4.347584 0.447210 0.447210 0.447210
38900 4.347584 4.347584 4.347584 0.447210 0.447210 0.447210
39000 4.347584 4.347584 4.347584 0.447210 0.447210 0.447210
39100 4.347584 4.347584 4.347584 0.447210 0.447210 0.447210
39200 4.347584 4.347584 4.347584 0.447210 0.447210 0.447210
39300 4.347584 4.347584 4.347584 0.447210 0.447210 0.447210
39400 4.347584 4.347584 4.347584 0.447210 0.447210 0.447210
39500 4.347584 4.347584 4.347584 0.447210 0.447210 0.447210
39600 4.347584 4.347584 4.347584 0.447210 0.447210 0.447210
39700 4.347584 4.347584 4.347584 0.447210 0.447210 0.447210
39800 4.347584 4.347584 4.347584 0.447210 0.447210 0.447210
39900 4.347584 4.347584 4.347584 0.447210 0.447210 0.447210
40000 4.347584 4.347584 4.347584 0.447210 0.447210 0.447210
40100 4.347584 4.347584 4.347584 0.447210 0.447210 0.447210
40200 4.347584 4.347584 4.347584 0.447210 0.447210 0.447210
40300 4.347584 4.347584 4.347584 0.447210 0.447210 0.447210
40400 4.347584 4.347584 4.347584 0.447210 0.447210 0.447210
40500 4.347584 4.347584 4.347584 0.447210 0.447210 0.447210
40600 4.347584 4.347584 4.347584 0.447210 0.447210 0.447210
40700 4.347584 4.347584 4.347584 0.447210 0.447210 0.447210
40800 4.347584 4.347584 4.347584 0.447210 0.447210 0.447210
40900 4.347584 4.347584 4.347584 0.447210 0.447210 0.447210
41000 4.347584 4.347584 4.347584 0.447210 0.447210 0.447210
41100 4.347584 4.347584 4.347584 0.447210 0.447210 0.447210
41200 4.347584 4.347584 4.347584 0.447210 0.447210 0.447210
41300 4.347584 4.347584 4.347584 0.447210 0.447210 0.447210
41400 4.347584 4.347584 4.347584 0.447210 0.447210 0.447210
41500 4.347584 4.347584 4.347584 0.447210 0.447210 0.447210
41600 4.347584 4.347584 4.347584 0.447210 0.447210 0.447210
41700 4.347584 4.347584 4.347584 0.447210 0.447210 0.447210
41800 4.347584 4.347584 4.347584 0.447210 0.447210 0.447210
41900 4.347584 4.347584 4.347584 0.447210 0.447210 0.447210
42000 4.347584 4.347584 4.347584 0.447210 0.447210 0.447210
42100 4.347584 4.347584 4.347584 0.447210 0.447210 0.447210
42200 4.347584 4.347584 4.347584 0.447210 0.447210 0.447210
42300 4.347584 4.347584 4.347584 0.447210 0.447210 0.447210
42400 4.347584 4.347584 4.347584 0.447210 0.447210 0.447210
42500 4.347584 4.347584 4.347584 0.447210 0.447210 0.447210
42600 4.347584 4.347584 4.347584 0.447210 0.447210 0.447210
42700 4.347584 4.347584 4.347584 0.447210 0.447210 0.447210
42800 4.347584 4.347584 4.347584 0.447210 0.447210 0.447210
42900 4.347584 4.347584 4.347584 0.447210 0.447210 0.447210
43000 4.347584 4.347584 4.347584 0.447210 0.447210 0.447210
43100 4.347584 4.347584 4.347584 0.447210 0.447210 0.447210
43200 4.347584 4.347584 4.347584 0.447210 0.447210 0.447210
43300 4.347584 4.347584 4.347584 0.447210 0.447210 0.447210
43400 4.347584 4.347584 4.347584 0.447210 0.447210 0.447210
43500 4.347584 4.347584 4.347584 0.447210 0.447210 0.447210
43600 4.347584 4.347584 4.347584 0.447210 0.447210 0.447210
43700 4.347584 4.347584 4.347584 0.447210 0.447210 0.447210
43800 4.347584 4.347584 4.347584 0.447210 0.447210 0.447210
43900 4.347584 4.347584 4.347584 0.447210 0.447210 0.447210
44000 4.347584 4.347584 4.347584 0.447210 0.447210 0.447210
44100 4.347584 4.347584 4.347584 0.447210 0.447210 0.447210
44200 4.347584 4.347584 4.347584 0.447210 0.447210 0.447210
44300 4.347584 4.347584 4.347584 0.447210 0.447210 0.447210
44400 4.347584 4.347584 4.347584 0.447210 0.447210 0.447210
44500 4.347584 4.347584 4.347584 0.447210 0.447210 0.447210
44600 4.347584 4.347584 4.347584 0.447210 0.447210 0.447210
44700 4.347584 4.347584 4.347584 0.447210 0.447210 0.447210
44800 4.347584 4.347584 4.347584 0.447210 0.447210 0.447210
44900 4.347584 4.347584 4.347584 0.447210 0.447210 0.447210
45000 4.347584 4.347584 4.347584 0.447210 0.447210 0.447210
45100 4.347584 4.347584 4.347584 0.447210 0.447210 0.447210
45200 4.347584 4.347584 4.347584 0.447210 0.447210 0.447210
45300 4.347584 4.347584 4.347584 0.447210 0.447210 0.447210
45400 4.347584 4.347584 4.347584 0.447210 0.447210 0.447210
45500 4.347584 4.347584 4.347584 0.447210 0.447210 0.447210
45600 4.347584 4.347584 4.347584 0.447210 0.447210 0.447210
45700 4.347584 4.347584 4.347584 0.447210 0.447210 0.447210
45800 4.347584 4.347584 4.347584 0.447210 0.447210 0.447210
45900 4.347584 4.347584 4.347584 0.447210 0.447210 0.447210
46000 4.347584 4.347584 4.347584 0.447210 0.447210 0.447210
46100 4.347584 4.347584 4.347584 0.447210 0.447210 0.447210
46200 4.347584 4.347584 4.347584 0.447210 0.447210 0.447210
46300 4.347584 4.347584 4.347584 0.447210 0.447210 0.447210
46400 4.347584 4.347584 4.347584 0.447210 0.447210 0.447210
46500 4.347584 4.347584 4.347584 0.447210 0.447210 0.447210
46600 4.347584 4.347584 4.347584 0.447210 0.447210 0.447210
46700 4.347584 4.347584 4.347584 0.447210 0.447210 0.447210
46800 4.347584 4.347584 4.347584 0.447210 0.447210 0.447210
46900 4.347584 4.347584 4.347584 0.447210 0.447210 0.447210
47000 4.347584 4.347584 4.347584 0.447210 0.447210 0.447210
47100 4.347584 4.347584 4.347584 0.447210 0.447210 0.447210
47200 4.347584 4.347584 4.347584 0.447210 0.447210 0.447210
47300 4.347584 4.347584 4.347584 0.447210 0.447210 0.447210
47400 4.347584 4.347584 4.347584 0.447210 0.447210 0.447210
47500 4.347584 4.347584 4.347584 0.447210 0.447210 0.447210
47600 4.347584 4.347584 4.347584 0.447210 0.447210 0.447210
47700 4.347584 4.347584 4.347584 0.447210 0.447210 0.447210
47800 4.347584 4.347584 4.347584 0.447210 0.447210 0.447210
47900 4.347584 4.347584 4.347584 0.447210 0.447210 0.447210
48000 4.347584 4.347584 4.347584 0.447210 0.447210 0.447210
48100 4.347584 4.347584 4.347584 0.447210 0.447210 0.447210
48200 4.347584 4.347584 4.347584 0.447210 0.447210 0.447210
48300 4.347584 4.347584 4.347584 0.447210 0.447210 0.447210
48400 4.347584 4.347584 4.347584 0.447210 0.447210 0.447210
48500 4.347584 4.347584 4.347584 0.447210 0.447210 0.447210
48600 4.347584 4.347584 4.347584 0.447210 0.447210 0.447210
48700 4.347584 4.347584 4.347584 0.447210 0.447210 0.447210
48800 4.347584 4.347584 4.347584 0.447210 0.447210 0.447210
48900 4.347584 4.347584 4.347584 0.447210 0.447210 0.447210
49000 4.347584 4.347584 4.347584 0.447210 0.447210 0.447210
49100 4.347584 4.347584 4.347584 0.447210 0.447210 0.447210
49200 4.347584 4.347584 4.347584 0.447210 0.447210 0.447210
49300 4.347584 4.347584 4.347584 0.447210 0.447210 0.447210
49400 4.347584 4.347584 4.347584 0.447210 0.447210 0.447210
49500 4.347584 4.347584 4.347584 0.447210 0.447210 0.447210
49600 4.347584 4.347584 4.347584 0.447210 0.447210 0.447210
49700 4.347584 4.347584 4.347584 0.447210 0.447210 0.447210
49800 4.347584 4.347584 4.347584 0.447210 0.447210 0.447210
49900 4.347584 4.347584 4.347584 0.447210 0.447210 0.447210
50000 4.347584 4.347584 4.347584 0.447210 0.447210 0.447210
50100 4.347584 4.347584 4.347584 0.447210 0.447210 0.447210
50200 4.347584 4.347584 4.347584 0.447210 0.447210 0.447210
50300 4.347584 4.347584 4.347584 0.447210 0.447210 0.447210
50400 4.347584 4.347584 4.347584 0.447210 0.447210 0.447210
50500 4.347584 4.347584 4.347584 0.447210 0.447210 0.447210
50600 4.347584 4.347584 4.347584 0.447210 0.447210 0.447210
50700 4.347584 4.347584 4.347584 0.447210 0.447210 0.447210
50800 4.347584 4.347584 4.347584 0.447210 0.447210 0.447210
50900 4.347584 4.347584 4.347584 0.447210 0.447210 0.447210
51000 4.347584 4.347584 4.347584 0.447210 0.447210 0.447210
51100 4.347584 4.347584 4.347584 0.447210 0.447210 0.447210
51200 4.347584 4.347584 4.347584 0.447210 0.447210 0.447210
51300 4.347584 4.347584 4.347584 0.447210 0.447210 0.447210
51400 4.347584 4.347584 4.347584 0.447210 0.447210 0.447210
51500 4.347584 4.347584 4.347584 0.447210 0.447210 0.447210
51600 4.347584 4.347584 4.347584 0.447210 0.447210 0.447210
51700 4.347584 4.347584 4.347584 0.447210 0.447210 0.447210
51800 4.347584 4.347584 4.347584 0.447210 0.447210 0.447210
51900 4.347584 4.347584 4.347584 0.447210 0.447210 0.447210
52000 4.347584 4.347584 4.347584 0.447210 0.447210 0.447210
52100 4.347584 4.347584 4.347584 0.447210 0.447210 0.447210
52200 4.347584 4.347584 4.347584 0.447210 0.447210 0.447210
52300 4.347584 4.347584 4.347584 0.447210 0.447210 0.447210
52400 4.347584 4.347584 4.347584 0.447210 0.447210 0.447210
52500 4.347584 4.347584 4.347584 0.447210 0.447210 0.447210
52600 4.347584 4.347584 4.347584 0.447210 0.447210 0.447210
52700 4.347584 4.347584 4.347584 0.447210 0.447210 0.447210
52800 4.347584 4.347584 4.347584 0.447210 0.447210 0.447210
52900 4.347584 4.347584 4.347584 0.447210 0.447210 0.447210
53000 4.347584 4.347584 4.347584 0.447210 0.447210 0.447210
53100 4.347584 4.347584 4.347584 0.447210 0.447210 0.447210
53200 4.347584 4.347584 4.347584 0.447210 0.447210 0.447210
53300 4.347584 4.347584 4.347584 0.447210 0.447210 0.447210
53400 4.347584 4.347584 4.347584 0.447210 0.447210 0.447210
53500 4.347584 4.347584 4.347584 0.447210 0.447210 0.447210
53600 4.347584 4.347584 4.347584 0.447210 0.447210 0.447210
53700 4.347584 4.347584 4.347584 0.447210 0.447210 0.447210
53800 4.347584 4.347584 4.347584 0.447210 0.447210 0.447210
53900 4.347584 4.347584 4.347584 0.447210 0.447210 0.447210
54000 4.347584 4.347584 4.347584 0.447210 0.447210 0.447210
54100 4.347584 4.347584 4.347584 0.447210 0.447210 0.447210
54200 4.347584 4.347584 4.347584 0.447210 0.447210 0.447210
54300 4.347584 4.347584 4.347584 0.447210 0.447210 0.447210
54400 4.347584 4.347584 4.347584 0.447210 0.447210 0.447210
54500 4.347584 4.347584 4.347584 0.447210 0.447210 0.447210
54600 4.347584 4.347584 4.347584 0.447210 0.447210 0.447210
54700 4.347584 4.347584 4.347584 0.447210 0.447210 0.447210
54800 4.347584 4.347584 4.347584 0.447210 0.447210 0.447210
54900 4.347584 4.347584 4.347584 0.447210 0.447210 0.447210
55000 4.347584 4.347584 4.347584 0.447210 0.447210 0.447210
55100 4.347584 4.347584 4.347584 0.447210 0.447210 0.447210
55200 4.347584 4.347584 4.347584 0.447210 0.447210 0.447210
55300 4.347584 4.347584 4.347584 0.447210 0.447210 0.447210
55400 4.347584 4.347584 4.347584 0.447210 0.447210 0.447210
55500 4.347584 4.347584 4.347584 0.447210 0.447210 0.447210
55600 4.347584 4.347584 4.347584 0.447210 0.447210 0.447210
55700 4.347584 4.347584 4.347584 0.447210 0.447210 0.447210
55800 4.347584 4.347584 4.347584 0.447210 0.447210 0.447210
55900 4.347584 4.347584 4.347584 0.447210 0.447210 0.447210
56000 4.347584 4.347584 4.347584 0.447210 0.447210 0.447210
56100 4.347584 4.347584 4.347584 0.447210 0.447210 0.447210
56200 4.347584 4.347584 4.347584 0.447210 0.447210 0.447210
56300 4.347584 4.347584 4.347584 0.447210 0.447210 0.447210
56400 4.347584 4.347584 4.347584 0.447210 0.447210 0.447210
56500 4.347584 4.347584 4.347584 0.447210 0.447210 0.447210
56600 4.347584 4.347584 4.347584 0.447210 0.447210 0.447210
56700 4.347584 4.347584 4.347584 0.447210 0.447210 0.447210
56800 4.347584 4.347584 4.347584 0.447210 0.447210 0.447210
56900 4.347584 4.347584 4.347584 0.447210 0.447210 0.447210
57000 4.347584 4.347584 4.347584 0.447210 0.447210 0.447210
57100 4.347584 4.347584 4.347584 0.447210 0.447210 0.447210
57200 4.347584 4.347584 4.347584 0.447210 0.447210 0.447210
57300 4.347584 4.347584 4.347584 0.447210 0.447210 0.447210
57400 4.347584 4.347584 4.347584 0.447210 0.447210 0.447210
57500 4.347584 4.347584 4.347584 0.447210 0.447210 0.447210
57600 4.347584 4.347584 4.347584 0.447210 0.447210 0.447210
57700 4.347584 4.347584 4.347584 0.447210 0.447210 0.447210
57800 4.347584 4.347584 4.347584 0.447210 0.447210 0.447210
57900 4.347584 4.347584 4.347584 0.447210 0.447210 0.447210
58000 4.347584 4.347584 4.347584 0.447210 0.447210 0.447210
58100 4.347584 4.347584 4.347584 0.447210 0.447210 0.447210
58200 4.347584 4.347584 4.347584 0.447210 0.447210 0.447210
58300 4.347584 4.347584 4.347584 0.447210 0.447210 0.447210
58400 4.347584 4.347584 4.347584 0.447210 0.447210 0.447210
58500 4.347584 4.347584 4.347584 0.447210 0.447210 0.447210
58600 4.347584 4.347584 4.347584 0.447210 0.447210 0.447210
58700 4.347584 4.347584 4.347584 0.447210 0.447210 0.447210
58800 4.347584 4.347584 4.347584 0.447210 0.447210 0.447210
58900 4.347584 4.347584 4.347584 0.447210 0.447210 0.447210
59000 4.347584 4.347584 4.347584 0.447210 0.447210 0.447210
59100 4.347584 4.347584 4.347584 0.447210 0.447210 0.447210
59200 4.347584 4.347584 4.347584 0.447210 0.447210 0.447210
59300 4.347584 4.347584 4.347584 0.447210 0.447210 0.447210
59400 4.347584 4.347584 4.347584 0.447210 0.447210 0.447210
59500 4.347584 4.347584 4.347584 0.447210 0.447210 0.447210
59600 4.347584 4.347584 4.347584 0.447210 0.447210 0.447210
59700 4.347584 4.347584 4.347584 0.447210 0.447210 0.447210
59800 4.347584 4.347584 4.347584 0.447210 0.447210 0.447210
59900 4.347584 4.347584 4.347584 0.447210 0.447210 0.447210
60000 4.347584 4.347584 4.347584 0.447210 0.447210 0.447210
60100 4.347584 4.347584 4.347584 0.447210 0.447210 0.447210
60200 4.347584 4.347584 4.347584 0.447210 0.447210 0.447210
60300 4.347584 4.347584 4.347584 0.447210 0.447210 0.447210
60400 4.347584 4.347584 4.347584 0.447210 0.447210 0.447210
60500 4.347584 4.347584 4.347584 0.447210 0.447210 0.447210
60600 4.347584 4.347584 4.347584 0.447210 0.447210 0.447210
60700 4.347584 4.347584 4.347584 0.447210 0.447210 0.447210
60800 4.347584 4.347584 4.347584 0.447210 0.447210 0.447210
60900 4.347584 4.347584 4.347584 0.447210 0.447210 0.447210
61000 4.347584 4.347584 4.347584 0.447210 0.447210 0.447210
61100 4.347584 4.347584 4.347584 0.447210 0.447210 0.447210
61200 4.347584 4.347584 4.347584 0.447210 0.447210 0.447210
61300 4.347584 4.347584 4.347584 0.447210 0.447210 0.447210
61400 4.347584 4.347584 4.347584 0.447210 0.447210 0.447210
61500 4.347584 4.347584 4.347584 0.447210 0.447210 0.447210
61600 4.347584 4.347584 4.347584 0.447210 0.447210 0.447210
61700 4.347584 4.347584 4.347584 0.447210 0.447210 0.447210
61800 4.347584 4.347584 4.347584 0.447210 0.447210 0.447210
61900 4.347584 4.347584 4.347584 0.447210 0.447210 0.447210
62000 4.347584 4.347584 4.347584 0.447210 0.447210 0.447210
62100 4.347584 4.347584 4.347584 0.447210 0.447210 0.447210
62200 4.347584 4.347584 4.347584 0.447210 0.447210 0.447210
62300 4.347584 4.347584 4.347584 0.447210 0.447210 0.447210
62400 4.347584 4.347584 4.347584 0.447210 0.447210 0.447210
62500 4.347584 4.347584 4.347584 0.447210 0.447210 0.447210
62600 4.347584 4.347584 4.347584 0.447210 0.447210 0.447210
62700 4.347584 4.347584 4.347584 0.447210 0.447210 0.447210
62800 4.347584 4.347584 4.347584 0.447210 0.447210 0.447210
62900 4.347584 4.347584 4.347584 0.447210 0.447210 0.447210
63000 4.347584 4.347584 4.347584 0.447210 0.447210 0.447210
63100 4.347584 4.347584 4.347584 0.447210 0.447210 0.447210
63200 4.347584 4.347584 4.347584 0.447210 0.447210 0.447210
63300 4.347584 4.347584 4.347584 0.447210 0.447210 0.447210
63400 4.347584 4.347584 4.347584 0.447210 0.447210 0.447210
63500 4.347584 4.347584 4.347584 0.447210 0.447210 0.447210
63600 4.347584 4.347584 4.347584 0.447210 0.447210 0.447210
63700 4.347584 4.347584 4.347584 0.447210 0.447210 0.447210
63800 4.347584 4.347584 4.347584 0.447210 0.447210 0.447210
63900 4.347584 4.347584 4.347584 0.447210 0.447210 0.447210
64000 4.347584 4.347584 4.347584 0.447210 0.447210 0.447210
64100 4.347584 4.347584 4.347584 0.447210 0.447210 0.447210
64200 4.347584 4.347584 4.347584 0.447210 0.447210 0.447210
64300 4.347584 4.347584 4.347584 0.447210 0.447210 0.447210
64400 4.347584 4.347584 4.347584 0.447210 0.447210 0.447210
64500 4.347584 4.347584 4.347584 0.447210 0.447210 0.447210
64600 4.347584 4.347584 4.347584 0.447210 0.447210 0.447210
64700 4.347584 4.347584 4.347584 0.447210 0.447210 0.447210
64800 4.347584 4.347584 4.347584 0.447210 0.447210 0.447210
64900 4.347584 4.347584 4.347584 0.447210 0.447210 0.447210
65000 4.347584 4.347584 4.347584 0.447210 0.447210 0.447210
65100 4.347584 4.347584 4.347584 0.447210 0.447210 0.447210
65200 4.347584 4.347584 4.347584 0.447210 0.447210 0.447210
65300 4.347584 4.347584 4.347584 0.447210 0.447210 0.447210
65400 4.347584 4.347584 4.347584 0.447210 0.447210 0.447210
65500 4.347584 4.347584 4.347584 0.447210 0.447210 0.447210
65600 4.347584 4.347584 4.347584 0.447210 0.447210 0.447210
65700 4.347584 4.347584 4.347584 0.447210 0.447210 0.447210
65800 4.347584 4.347584 4.347584 0.447210 0.447210 0.447210
65900 4.347584 4.347584 4.347584 0.447210 0.447210 0.447210
66000 4.347584 4.347584 4.347584 0.447210 0.447210 0.447210
66100 4.347584 4.347584 4.347584 0.447210 0.447210 0.447210
66200 4.347584 4.347584 4.347584 0.447210 0.447210 0.447210
66300 4.347584 4.347584 4.347584 0.447210 0.447210 0.447210
66400 4.347584 4.347584 4.347584 0.447210 0.447210 0.447210
66500 4.347584 4.347584 4.347584 0.447210 0.447210 0.447210
66600 4.347584 4.347584 4.347584 0.447210 0.447210 0.447210
66700 4.347584 4.347584 4.347584 0.447210 0.447210 0.447210
66800 4.347584 4.347584 4.347584 0.447210 0.447210 0.447210
66900 4.347584 4.347584 4.347584 0.447210 0.447210 0.447210
67000 4.347584 4.347584 4.347584 0.447210 0.447210 0.447210
67100 4.347584 4.347584 4.347584 0.447210 0.447210 0.447210
67200 4.347584 4.347584 4.347584 0.447210 0.447210 0.447210
67300 4.347584 4.347584 4.347584 0.447210 0.447210 0.447210
67400 4.347584 4.347584 4.347584 0.447210 0.447210 0.447210
67500 4.347584 4.347584 4.347584 0.447210 0.447210 0.447210
67600 4.347584 4.347584 4.347584 0.447210 0.447210 0.447210
67700 4.347584 4.347584 4.347584 0.447210 0.447210 0.447210
67800 4.347584 4.347584 4.347584 0.447210 0.447210 0.447210
67900 4.347584 4.347584 4.347584 0.447210 0.447210 0.447210
68000 4.347584 4.347584 4.347584 0.447210 0.447210 0.447210
68100 4.347584 4.347584 4.347584 0.447210 0.447210 0.447210
68200 4.347584 4.347584 4.347584 0.447210 0.447210 0.447210
68300 4.347584 4.347584 4.347584 0.447210 0.447210 0.447210
68400 4.347584 4.347584 4.347584 0.447210 0.447210 0.447210
68500 4.347584 4.347584 4.347584 0.447210 0.447210 0.447210
68600 4.347584 4.347584 4.347584 0.447210 0.447210 0.447210
68700 4.347584 4.347584 4.347584 0.447210 0.447210 0.447210
68800 4.347584 4.347584 4.347584 0.447210 0.447210 0.447210
68900 4.347584 4.347584 4.347584 0.447210 0.447210 0.447210
69000 4.347584 4.347584 4.347584 0.447210 0.447210 0.447210
69100 4.347584 4.347584 4.347584 0.447210 0.447210 0.447210
69200 4.347584 4.347584 4.347584 0.447210 0.447210 0.447210
69300 4.347584 4.347584 4.347584 0.447210 0.447210 0.447210
69400 4.347584 4.347584 4.347584 0.447210 0.447210 0.447210
69500 4.347584 4.347584 4.347584 0.447210 0.447210 0.447210
69600 4.347584 4.347584 4.347584 0.447210 0.447210 0.447210
69700 4.347584 4.347584 4.347584 0.447210 0.447210 0.447210
69800 4.347584 4.347584 4.347584 0.447210 0.447210 0.447210
69900 4.347584 4.347584 4.347584 0.447210 0.447210 0.447210
70000 4.347584 4.347584 4.347584 0.447210 0.447210 0.447210
70100 4.347584 4.347584 4.347584 0.447210 0.447210 0.447210
70200 4.347584 4.347584 4.347584 0.447210 0.447210 0.447210
70300 4.347584 4.347584 4.347584 0.447210 0.447210 0.447210
70400 4.347584 4.347584 4.347584 0.447210 0.447210 0.447210
70500 4.347584 4.347584 4.347584 0.447210 0.447210 0.447210
70600 4.347584 4.347584 4.347584 0.447210 0.447210 0.447210
70700 4.347584 4.347584 4.347584 0.447210 0.447210 0.447210
70800 4.347584 4.347584 4.347584 0.447210 0.447210 0.447210
70900 4.347584 4.347584 4.347584 0.447210 0.447210 0.447210
71000 4.347584 4.347584 4.347584 0.447210 0.447210 0.447210
71100 4.347584 4.347584 4.347584 0.447210 0.447210 0.447210
71200 4.347584 4.347584 4.347584 0.447210 0.447210 0.447210
71300 4.347584 4.347584 4.347584 0.447210 0.447210 0.447210
71400 4.347584 4.347584 4.347584 0.447210 0.447210 0.447210
71500 4.347584 4.347584 4.347584 0.447210 0.447210 0.447210
71600 4.347584 4.347584 4.347584 0.447210 0.447210 0.447210
71700 4.347584 4.347584 4.347584 0.447210 0.447210 0.447210
71800 4.347584 4.347584 4.347584 0.447210 0.447210 0.447210
71900 4.347584 4.347584 4.347584 0.447210 0.447210 0.447210
72000 4.347584 4.347584 4.347584 0.447210 0.447210 0.447210
72100 4.347584 4.347584 4.347584 0.447210 0.447210 0.447210
72200 4.347584 4.347584 4.347584 0.447210 0.447210 0.447210
72300 4.347584 4.347584 4.347584 0.447210 0.447210 0.447210
72400 4.347584 4.347584 4.347584 0.447210 0.447210 0.447210
72500 4.347584 4.347584 4.347584 0.447210 0.447210 0.447210
72600 4.347584 4.347584 4.347584 0.447210 0.447210 0.447210
72700 4.347584 4.347584 4.347584 0.447210 0.447210 0.447210
72800 4.347584 4.347584 4.347584 0.447210 0.447210 0.447210
72900 4.347584 4.347584 4.347584 0.447210 0.447210 0.447210
73000 4.347584 4.347584 4.347584 0.447210 0.447210 0.447210
73100 4.347584 4.347584 4.347584 0.447210 0.447210 0.447210
73200 4.347584 4.347584 4.347584 0.447210 0.447210 0.447210
73300 4.347584 4.347584 4.347584 0.447210 0.447210 0.447210
73400 4.347584 4.347584 4.347584 0.447210 0.447210 0.447210
73500 4.347584 4.347584 4.347584 0.447210 0.447210 0.447210
73600 4.347584 4.347584 4.347584 0.447210 0.447210 0.447210
73700 4.347584 4.347584 4.347584 0.447210 0.447210 0.447210
73800 4.347584 4.347584 4.347584 0.447210 0.447210 0.447210
73900 4.347584 4.347584 4.347584 0.447210 0.447210 0.447210
74000 4.347584 4.347584 4.347584 0.447210 0.447210 0.447210
74100 4.347584 4.347584 4.347584 0.447210 0.447210 0.447210
74200 4.347584 4.347584 4.347584 0.447210 0.447210 0.447210
74300 4.347584 4.347584 4.347584 0.447210 0.447210 0.447210
74400 4.347584 4.347584 4.347584 0.447210 0.447210 0.447210
74500 4.347584 4.347584 4.347584 0.447210 0.447210 0.447210
74600 4.347584 4.347584 4.347584 0.447210 0.447210 0.447210
74700 4.347584 4.347584 4.347584 0.447210 0.447210 0.447210
74800 4.347584 4.347584 4.347584 0.447210 0.447210 0.447210
74900 4.347584 4.347584 4.347584 0.447210 0.447210 0.447210
75000 4.347584 4.347584 4.347584 0.447210 0.447210 0.447210
75100 4.347584 4.347584 4.347584 0.447210 0.447210 0.447210
75200 4.347584 4.347584 4.347584 0.447210 0.447210 0.447210
75300 4.347584 4.347584 4.347584 0.447210 0.447210 0.447210
75400 4.347584 4.347584 4.347584 0.447210 0.447210 0.447210
75500 4.347584 4.347584 4.347584 0.447210 0.447210 0.447210
75600 4.347584 4.347584 4.347584 0.447210 0.447210 0.447210
75700 4.347584 4.347584 4.347584 0.447210 0.447210 0.447210
75800 4.347584 4.347584 4.347584 0.447210 0.447210 0.447210
75900 4.347584 4.347584 4.347584 0.447210 0.447210 0.447210
76000 4.347584 4.347584 4.347584 0.447210 0.447210 0.447210
76100 4.347584 4.347584 4.347584 0.447210 0.447210 0.447210
76200 4.347584 4.347584 4.347584 0.447210 0.447210 0.447210
76300 4.347584 4.347584 4.347584 0.447210 0.447210 0.447210
76400 4.347584 4.347584 4.347584 0.447210 0.447210 0.447210
76500 4.347584 4.347584 4.347584 0.447210 0.447210 0.447210
76600 4.347584 4.347584 4.347584 0.447210 0.447210 0.447210
76700 4.347584 4.347584 4.347584 0.447210 0.447210 0.447210
76800 4.347584 4.347584 4.347584 0.447210 0.447210 0.447210
76900 4.347584 4.347584 4.347584 0.447210 0.447210 0.447210
77000 4.347584 4.347584 4.347584 0.447210 0.447210 0.447210
77100 4.347584 4.347584 4.347584 0.447210 0.447210 0.447210
77200 4.347584 4.347584 4.347584 0.447210 0.447210 0.447210
77300 4.347584 4.347584 4.347584 0.447210 0.447210 0.447210
77400 4.347584 4.347584 4.347584 0.447210 0.447210 0.447210
77500 4.347584 4.347584 4.347584 0.447210 0.447210 0.447210
77600 4.347584 4.347584 4.347584 0.447210 0.447210 0.447210
77700 4.347584 4.347584 4.347584 0.447210 0.447210 0.447210
77800 4.347584 4.347584 4.347584 0.447210 0.447210 0.447210
77900 4.347584 4.347584 4.347584 0.447210 0.447210 0.447210
78000 4.347584 4.347584 4.347584 0.447210 0.447210 0.447210
78100 4.347584 4.347584 4.347584 0.447210 0.447210 0.447210
78200 4.347584 4.347584 4.347584 0.447210 0.447210 0.447210
78300 4.347584 4.347584 4.347584 0.447210 0.447210 0.447210
78400 4.347584 4.347584 4.347584 0.447210 0.447210 0.447210
78500 4.347584 4.347584 4.347584 0.447210 0.447210 0.447210
78600 4.347584 4.347584 4.347584 0.447210 0.447210 0.447210
78700 4.347584 4.347584 4.347584 0.447210 0.447210 0.447210
78800 4.347584 4.347584 4.347584 0.447210 0.447210 0.447210
78900 4.347584 4.347584 4.347584 0.447210 0.447210 0.447210
79000 4.347584 4.347584 4.347584 0.447210 0.447210 0.447210
79100 4.347584 4.347584 4.347584 0.447210 0.447210 0.447210
79200 4.347584 4.347584 4.347584 0.447210 0.447210 0.447210
79300 4.347584 4.347584 4.347584 0.447210 0.447210 0.447210
79400 4.347584 4.347584 4.347584 0.447210 0.447210 0.447210
79500 4.347584 4.347584 4.347584 0.447210 0.447210 0.447210
79600 4.347584 4.347584 4.347584 0.447210 0.447210 0.447210
79700 4.347584 4.347584 4.347584 0.447210 0.447210 0.447210
79800 4.347584 4.347584 4.347584 0.447210 0.447210 0.447210
79900 4.347584 4.347584 4.347584 0.447210 0.447210 0.447210
80000 4.347584 4.347584 4.347584 0.447210 0.447210 0.447210
80100 4.347584 4.347584 4.347584 0.447210 0.447210 0.447210
80200 4.347584 4.347584 4.347584 0.447210 0.447210 0.447210
80300 4.347584 4.347584 4.347584 0.447210 0.447210 0.447210
80400 4.347584 4.347584 4.347584 0.447210 0.447210 0.447210
80500 4.347584 4.347584 4.347584 0.447210 0.447210 0.447210
80600 4.347584 4.347584 4.347584 0.447210 0.447210 0.447210
80700 4.347584 4.347584 4.347584 0.447210 0.447210 0.447210
80800 4.347584 4.347584 4.347584 0.447210 0.447210 0.447210
80900 4.347584 4.347584 4.347584 0.447210 0.447210 0.447210
81000 4.347584 4.347584 4.347584 0.447210 0.447210 0.447210
81100 4.347584 4.347584 4.347584 0.447210 0.447210 0.447210
81200 4.347584 4.347584 4.347584 0.447210 0.447210 0.447210
81300 4.347584 4.347584 4.347584 0.447210 0.447210 0.447210
81400 4.347584 4.347584 4.347584 0.447210 0.447210 0.447210
81500 4.347584 4.347584 4.347584 0.447210 0.447210 0.447210
81600 4.347584 4.347584 4.347584 0.447210 0.447210 0.447210
81700 4.347584 4.347584 4.347584 0.447210 0.447210 0.447210
81800 4.347584 4.347584 4.347584 0.447210 0.447210 0.447210
81900 4.347584 4.347584 4.347584 0.447210 0.447210 0.447210
82000 4.347584 4.347584 4.347584 0.447210 0.447210 0.447210
82100 4.347584 4.347584 4.347584 0.447210 0.447210 0.447210
82200 4.347584 4.347584 4.347584 0.447210 0.447210 0.447210
82300 4.347584 4.347584 4.347584 0.447210 0.447210 0.447210
82400 4.347584 4.347584 4.347584 0.447210 0.447210 0.447210
82500 4.347584 4.347584 4.347584 0.447210 0.447210 0.447210
82600 4.347584 4.347584 4.347584 0.447210 0.447210 0.447210
82700 4.347584 4.347584 4.347584 0.447210 0.447210 0.447210
82800 4.347584 4.347584 4.347584 0.447210 0.447210 0.447210
82900 4.347584 4.347584 4.347584 0.447210 0.447210 0.447210
83000 4.347584 4.347584 4.347584 0.447210 0.447210 0.447210
83100 4.347584 4.347584 4.347584 0.447210 0.447210 0.447210
83200 4.347584 4.347584 4.347584 0.447210 0.447210 0.447210
83300 4.347584 4.347584 4.347584 0.447210 0.447210 0.447210
83400 4.347584 4.347584 4.347584 0.447210 0.447210 0.447210
83500 4.347584 4.347584 4.347584 0.447210 0.447210 0.447210
83600 4.347584 4.347584 4.347584 0.447210 0.447210 0.447210
83700 4.347584 4.347584 4.347584 0.447210 0.447210 0.447210
83800 4.347584 4.347584 4.347584 0.447210 0.447210 0.447210
83900 4.347584 4.347584 4.347584 0.447210 0.447210 0.447210
84000 4.347584 4.347584 4.347584 0.447210 0.447210 0.447210
84100 4.347584 4.347584 4.347584 0.447210 0.447210 0.447210
84200 4.347584 4.347584 4.347584 0.447210 0.447210 0.447210
84300 4.347584 4.347584 4.347584 0.447210 0.447210 0.447210
84400 4.347584 4.347584 4.347584 0.447210 0.447210 0.447210
84500 4.347584 4.347584 4.347584 0.447210 0.447210 0.447210
84600 4.347584 4.347584 4.347584 0.447210 0.447210 0.447210
84700 4.347584 4.347584 4.347584 0.447210 0.447210 0.447210
84800 4.347584 4.347584 4.347584 0.447210 0.447210 0.447210
84900 4.347584 4.347584 4.347584 0.447210 0.447210 0.447210
85000 4.347584 4.347584 4.347584 0.447210 0.447210 0.447210
85100 4.347584 4.347584 4.347584 0.447210 0.447210 0.447210
85200 4.347584 4.347584 4.347584 0.447210 0.447210 0.447210
85300 4.347584 4.347584 4.347584 0.447210 0.447210 0.447210
85400 4.347584 4.347584 4.347584 0.447210 0.447210 0.447210
85500 4.347584 4.347584 4.347584 0.447210 0.447210 0.447210
85600 4.347584 4.347584 4.347584 0.447210 0.447210 0.447210
85700 4.347584 4.347584 4.347584 0.447210 0.447210 0.447210
85800 4.347584 4.347584 4.347584 0.447210 0.447210 0.447210
85900 4.347584 4.347584 4.347584 0.447210 0.447210 0.447210
86000 4.347584 4.347584 4.347584 0.447210 0.447210 0.447210
86100 4.347584 4.347584 4.347584 0.447210 0.447210 0.447210
86200 4.347584 4.347584 4.347584 0.447210 0.447210 0.447210
86300 4.347584 4.347584 4.347584 0.447210 0.447210 0.447210
86400 4.347584 4.347584 4.347584 0.447210 0.447210 0.447210
86500 4.347584 4.347584 4.347584 0.447210 0.447210 0.447210
86600 4.347584 4.347584 4.347584 0.447210 0.447210 0.447210
86700 4.347584 4.347584 4.347584 0.447210 0.447210 0.447210
86800 4.347584 4.347584 4.347584 0.447210 0.447210 0.447210
86900 4.347584 4.347584 4.347584 0.447210 0.447210 0.447210
87000 4.347584 4.347584 4.347584 0.447210 0.447210 0.447210
87100 4.347584 4.347584 4.347584 0.447210 0.447210 0.447210
87200 4.347584 4.347584 4.347584 0.447210 0.447210 0.447210
87300 4.347584 4.347584 4.347584 0.447210 0.447210 0.447210
87400 4.347584 4.347584 4.347584 0.447210 0.447210 0.447210
87500 4.347584 4.347584 4.347584 0.447210 0.447210 0.447210
87600 4.347584 4.347584 4.347584 0.447210 0.447210 0.447210
87700 4.347584 4.347584 4.347584 0.447210 0.447210 0.447210
87800 4.347584 4.347584 4.347584 0.447210 0.447210 0.447210
87900 4.347584 4.347584 4.347584 0.447210 0.447210 0.447210
88000 4.347584 4.347584 4.347584 0.447210 0.447210 0.447210
88100 4.347584 4.347584 4.347584 0.447210 0.447210 0.447210
88200 4.347584 4.347584 4.347584 0.447210 0.447210 0.447210
88300 4.347584 4.347584 4.347584 0.447210 0.447210 0.447210
88400 4.347584 4.347584 4.347584 0.447210 0.447210 0.447210
88500 4.347584 4.347584 4.347584 0.447210 0.447210 0.447210
88600 4.347584 4.347584 4.347584 0.447210 0.447210 0.447210
88700 4.347584 4.347584 4.347584 0.447210 0.447210 0.447210
88800 4.347584 4.347584 4.347584 0.447210 0.447210 0.447210
88900 4.347584 4.347584 4.347584 0.447210 0.447210 0.447210
89000 4.347584 4.347584 4.347584 0.447210 0.447210 0.447210
89100 4.347584 4.347584 4.347584 0.447210 0.447210 0.447210
89200 4.347584 4.347584 4.347584 0.447210 0.447210 0.447210
89300 4.347584 4.347584 4.347584 0.447210 0.447210 0.447210
89400 4.347584 4.347584 4.347584 0.447210 0.447210 0.447210
89500 4.347584 4.347584 4.347584 0.447210 0.447210 0.447210
89600 4.347584 4.347584 4.347584 0.447210 0.447210 0.447210
89700 4.347584 4.347584 4.347584 0.447210 0.447210 0.447210
89800 4.347584 4.347584 4.347584 0.447210 0.447210 0.447210
89900 4.347584 4.347584 4.347584 0.447210 0.447210 0.447210
90000 4.347584 4.347584 4.347584 0.447210 0.447210 0.447210
90100 4.347584 4.347584 4.347584 0.447210 0.447210 0.447210
90200 4.347584 4.347584 4.347584 0.447210 0.447210 0.447210
90300 4.347584 4.347584 4.347584 0.447210 0.447210 0.447210
90400 4.347584 4.347584 4.347584 0.447210 0.447210 0.447210
90500 4.347584 4.347584 4.347584 0.447210 0.447210 0.447210
90600 4.347584 4.347584 4.347584 0.447210 0.447210 0.447210
90700 4.347584 4.347584 4.347584 0.447210 0.447210 0.447210
90800 4.347584 4.347584 4.347584 0.447210 0.447210 0.447210
90900 4.347584 4.347584 4.347584 0.447210 0.447210 0.447210
91000 4.347584 4.347584 4.347584 0.447210 0.447210 0.447210
91100 4.347584 4.347584 4.347584 0.447210 0.447210 0.447210
91200 4.347584 4.347584 4.347584 0.447210 0.447210 0.447210
91300 4.347584 4.347584 4.347584 0.447210 0.447210 0.447210
91400 4.347584 4.347584 4.347584 0.447210 0.447210 0.447210
91500 4.347584 4.347584 4.347584 0.447210 0.447210 0.447210
91600 4.347584 4.347584 4.347584 0.447210 0.447210 0.447210
91700 4.347584 4.347584 4.347584 0.447210 0.447210 0.447210
91800 4.347584 4.347584 4.347584 0.447210 0.447210 0.447210
91900 4.347584 4.347584 4.347584 0.447210 0.447210 0.447210
92000 4.347584 4.347584 4.347584 0.447210 0.447210 0.447210
92100 4.347584 4.347584 4.347584 0.447210 0.447210 0.447210
92200 4.347584 4.347584 4.347584 0.447210 0.447210 0.447210
92300 4.347584 4.347584 4.347584 0.447210 0.447210 0.447210
92400 4.347584 4.347584 4.347584 0.447210 0.447210 0.447210
92500 4.347584 4.347584 4.347584 0.447210 0.447210 0.447210
92600 4.347584 4.347584 4.347584 0.447210 0.447210 0.447210
92700 4.347584 4.347584 4.347584 0.447210 0.447210 0.447210
92800 4.347584 4.347584 4.347584 0.447210 0.447210 0.447210
92900 4.347584 4.347584 4.347584 0.447210 0.447210 0.447210
93000 4.347584 4.347584 4.347584 0.447210 0.447210 0.447210
93100 4.347584 4.347584 4.347584 0.447210 0.447210 0.447210
93200 4.347584 4.347584 4.347584 0.447210 0.447210 0.447210
93300 4.347584 4.347584 4.347584 0.447210 0.447210 0.447210
93400 4.347584 4.347584 4.347584 0.447210 0.447210 0.447210
93500 4.347584 4.347584 4.347584 0.447210 0.447210 0.447210
93600 4.347584 4.347584 4.347584 0.447210 0.447210 0.447210
93700 4.347584 4.347584 4.347584 0.447210 0.447210 0.447210
93800 4.347584 4.347584 4.347584 0.447210 0.447210 0.447210
93900 4.347584 4.347584 4.347584 0.447210 0.447210 0.447210
94000 4.347584 4.347584 4.347584 0.447210 0.447210 0.447210
94100 4.347584 4.347584 4.347584 0.447210 0.447210 0.447210
94200 4.347584 4.347584 4.347584 0.447210 0.447210 0.447210
94300 4.347584 4.347584 4.347584 0.447210 0.447210 0.447210
94400 4.347584 4.347584 4.347584 0.447210 0.447210 0.447210
94500 4.347584 4.347584 4.347584 0.447210 0.447210 0.447210
94600 4.347584 4.347584 4.347584 0.447210 0.447210 0.447210
94700 4.347584 4.347584 4.347584 0.447210 0.447210 0.447210
94800 4.347584 4.347584 4.347584 0.447210 0.447210 0.447210
94900 4.347584 4.347584 4.347584 0.447210 0.447210 0.447210
95000 4.347584 4.347584 4.347584 0.447210 0.447210 0.447210
95100 4.347584 4.347584 4.347584 0.447210 0.447210 0.447210
95200 4.347584 4.347584 4.347584 0.447210 0.447210 0.447210
95300 4.347584 4.347584 4.347584 0.447210 0.447210 0.447210
95400 4.347584 4.347584 4.347584 0.447210 0.447210 0.447210
95500 4.347584 4.347584 4.347584 0.447210 0.447210 0.447210
95600 4.347584 4.347584 4.347584 0.447210 0.447210 0.447210
95700 4.347584 4.347584 4.347584 0.447210 0.447210 0.447210
95800 4.347584 4.347584 4.347584 0.447210 0.447210 0.447210
95900 4.347584 4.347584 4.347584 0.447210 0.447210 0.447210
96000 4.347584 4.347584 4.347584 0.447210 0.447210 0.447210
96100 4.347584 4.347584 4.347584 0.447210 0.447210 0.447210
96200 4.347584 4.347584 4.347584 0.447210 0.447210 0.447210
96300 4.347584 4.347584 4.347584 0.447210 0.447210 0.447210
96400 4.347584 4.347584 4.347584 0.447210 0.447210 0.447210
96500 4.347584 4.347584 4.347584 0.447210 0.447210 0.447210
96600 4.347584 4.347584 4.347584 0.447210 0.447210 0.447210
96700 4.347584 4.347584 4.347584 0.447210 0.447210 0.447210
96800 4.347584 4.347584 4.347584 0.447210 0.447210 0.447210
96900 4.347584 4.347584 4.347584 0.447210 0.447210 0.447210
97000 4.347584 4.347584 4.347584 0.447210 0.447210 0.447210
97100 4.347584 4.347584 4.347584 0.447210 0.447210 0.447210
97200 4.347584 4.347584 4.347584 0.447210 0.447210 0.447210
97300 4.347584 4.347584 4.347584 0.447210 0.447210 0.447210
97400 4.347584 4.347584 4.347584 0.447210 0.447210 0.447210
97500 4.347584 4.347584 4.347584 0.447210 0.447210 0.447210
97600 4.347584 4.347584 4.347584 0.447210 0.447210 0.447210
97700 4.347584 4.347584 4.347584 0.447210 0.447210 0.447210
97800 4.347584 4.347584 4.347584 0.447210 0.447210 0.447210
97900 4.347584 4.347584 4.347584 0.447210 0.447210 0.447210
98000 4.347584 4.347584 4.347584 0.447210 0.447210 0.447210
98100 4.347584 4.347584 4.347584 0.447210 0.447210 0.447210
98200 4.347584 4.347584 4.347584 0.447210 0.447210 0.447210
98300 4.347584 4.347584 4.347584 0.447210 0.447210 0.447210
98400 4.347584 4.347584 4.347584 0.447210 0.447210 0.447210
98500 4.347584 4.347584 4.347584 0.447210 0.447210 0.447210
98600 4.347584 4.347584 4.347584 0.447210 0.447210 0.447210
98700 4.347584 4.347584 4.347584 0.447210 0.447210 0.447210
98800 4.347584 4.347584 4.347584 0.447210 0.447210 0.447210
98900 4.347584 4.347584 4.347584 0.447210 0.447210 0.447210
99000 4.347584 4.347584 4.347584 0.447210 0.447210 0.447210
99100 4.347584 4.347584 4.347584 0.447210 0.447210 0.447210
99200 4.347584 4.347584 4.347584 0.447210 0.447210 0.447210
99300 4.347584 4.347584 4.347584 0.447210 0.447210 0.447210
99400 4.347584 4.347584 4.347584 0.447210 0.447210 0.447210
99500 4.347584 4.347584 4.347584 0.447210 0.447210 0.447210
99600 4.347584 4.347584 4.347584 0.447210 0.447210 0.447210
99700 4.347584 4.347584 4.347584 0.447210 0.447210 0.447210
99800 4.347584 4.347584 4.347584 0.447210 0.447210 0.447210
99900 4.347584 4.347584 4.347584 0.447210 0.447210 0.447210
100000 4.347584 4.347584 4.347584 0.447210 0.447210 0.447210
