# generation power_min power_avg power_max util_min util_avg util_max
1 9.360094 11.646722 13.943304 0.410332 0.588116 0.812020
10 9.360094 11.428569 12.615561 0.410332 0.588777 0.812020
20 9.360094 11.246432 12.286900 0.410332 0.585940 0.812020
30 9.360094 11.082293 12.014245 0.410332 0.591006 0.812020
40 9.360094 10.919023 11.845444 0.410332 0.596222 0.812020
50 9.360094 10.760987 11.633820 0.410332 0.593080 0.755540
60 9.360094 10.629638 11.401789 0.410332 0.594804 0.755540
70 9.246817 10.470330 11.286599 0.410332 0.593229 0.755540
80 9.155767 10.334845 11.150424 0.410332 0.598727 0.755540
90 8.611246 10.174809 10.899740 0.410332 0.600629 0.755540
100 8.611246 10.043565 10.750178 0.410332 0.598353 0.755540
110 8.611246 9.896768 10.660916 0.410332 0.595081 0.753182
120 8.558093 9.772516 10.484119 0.410332 0.591910 0.753182
130 8.558093 9.656979 10.367231 0.410332 0.588405 0.753182
140 8.199747 9.517022 10.208608 0.410332 0.589761 0.787625
150 8.199747 9.394316 10.125202 0.410332 0.591301 0.787625
160 8.199747 9.282666 9.974278 0.410332 0.591814 0.787625
170 8.052629 9.155698 9.817672 0.410332 0.592781 0.787625
180 7.911120 9.045358 9.697885 0.410332 0.594759 0.787625
190 7.911120 8.911853 9.563155 0.410332 0.594791 0.787625
200 7.911120 8.795455 9.408194 0.410332 0.604906 0.790062
210 7.898773 8.688810 9.288317 0.442638 0.610307 0.790062
220 7.501941 8.566245 9.202277 0.442638 0.612875 0.790062
230 7.501941 8.466099 9.088465 0.442638 0.619142 0.790062
240 7.501941 8.363378 8.977792 0.442638 0.629253 0.790062
250 7.501941 8.269182 8.860751 0.442638 0.640478 0.808806
260 7.337519 8.167106 8.736193 0.491680 0.655051 0.881993
270 7.239438 8.061564 8.593489 0.494501 0.662851 0.881993
280 7.239438 7.971907 8.514238 0.501209 0.669039 0.881993
290 7.185476 7.869160 8.396052 0.501209 0.680013 0.881993
300 7.185476 7.782583 8.302077 0.505483 0.692549 0.881993
310 7.090781 7.704169 8.135858 0.525494 0.694221 0.881993
320 7.025308 7.626464 8.033794 0.525494 0.695962 0.881993
330 7.025308 7.552040 7.977832 0.525494 0.697656 0.881993
340 7.019662 7.473010 7.863399 0.525494 0.695043 0.881993
350 6.896121 7.400022 7.765781 0.525494 0.695572 0.847016
360 6.781566 7.333284 7.717634 0.545077 0.699213 0.847016
370 6.781566 7.268347 7.628011 0.545077 0.700177 0.847016
380 6.691430 7.203197 7.534153 0.545077 0.707645 0.847016
390 6.691430 7.141630 7.489091 0.545077 0.710813 0.847016
400 6.691430 7.090730 7.405363 0.588127 0.708387 0.835016
410 6.601344 7.033470 7.317510 0.588127 0.711397 0.835016
420 6.601344 6.983710 7.224641 0.588127 0.714667 0.835016
430 6.601344 6.934292 7.195863 0.588127 0.717045 0.835016
440 6.548456 6.886922 7.137056 0.588127 0.720469 0.835016
450 6.444116 6.835617 7.110781 0.588127 0.723234 0.798154
460 6.331870 6.788333 7.073183 0.588127 0.725949 0.798154
470 6.269310 6.741258 7.025308 0.608014 0.731005 0.798154
480 6.269310 6.695968 6.969683 0.608014 0.734316 0.827134
490 6.269310 6.660824 6.869935 0.608014 0.736195 0.827134
500 6.269310 6.622548 6.822915 0.633169 0.741325 0.827134
510 6.269310 6.594703 6.775030 0.668669 0.743862 0.827134
520 6.268085 6.562367 6.729264 0.668669 0.747853 0.827134
530 6.268085 6.530193 6.691430 0.668669 0.751993 0.827134
540 6.021706 6.495415 6.673166 0.668669 0.754028 0.827134
550 6.021706 6.466039 6.627587 0.687310 0.753706 0.827134
560 6.021706 6.435603 6.613389 0.687310 0.755285 0.827134
570 6.021706 6.403418 6.594832 0.687310 0.756584 0.827134
580 6.021706 6.366826 6.568766 0.691698 0.756381 0.827134
590 5.947831 6.327878 6.506375 0.691698 0.757696 0.812554
600 5.947831 6.292359 6.481449 0.691698 0.759536 0.812554
610 5.947831 6.256553 6.459909 0.695280 0.761247 0.812554
620 5.844258 6.219076 6.444116 0.695280 0.766093 0.815198
630 5.844258 6.186013 6.393062 0.710876 0.768649 0.815198
640 5.844258 6.151837 6.331870 0.710876 0.770546 0.846816
650 5.844258 6.124871 6.294028 0.710876 0.771200 0.846816
660 5.759436 6.093404 6.268085 0.710876 0.772595 0.846816
670 5.759436 6.065082 6.220356 0.710876 0.773625 0.846816
680 5.724826 6.027829 6.203716 0.710876 0.773158 0.846816
690 5.694221 5.997953 6.165392 0.710876 0.773506 0.846816
700 5.694038 5.972470 6.143369 0.710876 0.773713 0.846816
710 5.647237 5.939483 6.119088 0.712848 0.775851 0.846816
720 5.647237 5.904337 6.088020 0.712848 0.775083 0.846816
730 5.647237 5.875786 6.054181 0.720571 0.776486 0.846816
740 5.647237 5.847483 6.027892 0.720571 0.774796 0.846816
750 5.647237 5.819198 5.997852 0.720571 0.775852 0.846816
760 5.634209 5.793616 5.945390 0.720571 0.774070 0.846816
770 5.533264 5.766086 5.931214 0.720571 0.772248 0.843985
780 5.533264 5.742298 5.873307 0.727511 0.773139 0.843985
790 5.533264 5.723536 5.857221 0.727511 0.770700 0.843985
800 5.533264 5.705668 5.832355 0.727689 0.770628 0.837315
810 5.533264 5.689939 5.785572 0.739336 0.770125 0.806262
820 5.533264 5.676647 5.757673 0.739336 0.770379 0.806262
830 5.523688 5.662921 5.730884 0.739336 0.770489 0.806262
840 5.523688 5.652797 5.719388 0.739336 0.770366 0.806262
850 5.523688 5.643667 5.711510 0.739336 0.771433 0.806262
860 5.523688 5.634038 5.686032 0.739336 0.771280 0.806262
870 5.523688 5.626120 5.679938 0.739336 0.770941 0.806262
880 5.511466 5.617041 5.648492 0.725562 0.770968 0.800905
890 5.511466 5.607438 5.648336 0.725562 0.769942 0.800905
900 5.386818 5.598247 5.641931 0.725562 0.768371 0.800905
910 5.386818 5.589196 5.634209 0.725562 0.768847 0.800905
920 5.386818 5.576880 5.634209 0.725562 0.770631 0.800905
930 5.386818 5.563318 5.634026 0.725562 0.771849 0.800905
940 5.386818 5.548670 5.632954 0.725562 0.773491 0.800905
950 5.386818 5.532126 5.621994 0.725562 0.776009 0.800905
960 5.386818 5.513560 5.608443 0.725562 0.776808 0.800905
970 5.386818 5.498811 5.594332 0.725562 0.776241 0.800905
980 5.374603 5.480700 5.562129 0.725562 0.776106 0.800905
990 5.374603 5.466869 5.533968 0.739336 0.778310 0.800905
1000 5.374447 5.453395 5.523688 0.739336 0.779144 0.800905
1010 5.374447 5.440673 5.523688 0.739336 0.780735 0.800905
1020 5.374447 5.427584 5.511466 0.757533 0.781287 0.800905
1030 5.374447 5.415184 5.500220 0.757533 0.779079 0.800905
1040 5.374447 5.404115 5.495501 0.757533 0.778479 0.800905
1050 5.374447 5.393606 5.473694 0.757533 0.778055 0.800905
1060 5.374447 5.388075 5.426185 0.757533 0.778178 0.800905
1070 5.374447 5.385650 5.388344 0.757533 0.778833 0.781455
1080 5.374447 5.385013 5.387278 0.757533 0.777875 0.781455
1090 5.374447 5.384857 5.386818 0.757533 0.777621 0.781293
1100 5.374447 5.383988 5.386818 0.757533 0.775954 0.781293
1110 5.374447 5.383369 5.386663 0.757533 0.774766 0.781134
1120 5.374447 5.382392 5.386663 0.757533 0.772878 0.781134
1130 5.374447 5.381781 5.386663 0.757533 0.771698 0.781134
1140 5.374447 5.380682 5.386663 0.757533 0.769574 0.781134
1150 5.374447 5.379582 5.386663 0.757533 0.767450 0.781134
1160 5.374447 5.378361 5.386663 0.757533 0.765090 0.781134
1170 5.374447 5.377139 5.386663 0.757533 0.762730 0.781134
1180 5.374447 5.375918 5.386663 0.757533 0.760370 0.781134
1190 5.374447 5.374696 5.386663 0.757533 0.758009 0.781134
1200 5.374447 5.374447 5.374447 0.757533 0.757533 0.757533
1210 5.374447 5.374447 5.374447 0.757533 0.757533 0.757533
1220 5.374447 5.374447 5.374447 0.757533 0.757533 0.757533
1230 5.374447 5.374447 5.374447 0.757533 0.757533 0.757533
1240 5.374447 5.374447 5.374447 0.757533 0.757533 0.757533
1250 5.374447 5.374447 5.374447 0.757533 0.757533 0.757533
1260 5.374447 5.374447 5.374447 0.757533 0.757533 0.757533
1270 5.374447 5.374447 5.374447 0.757533 0.757533 0.757533
1280 5.374447 5.374447 5.374447 0.757533 0.757533 0.757533
1290 5.374447 5.374447 5.374447 0.757533 0.757533 0.757533
1300 5.374447 5.374447 5.374447 0.757533 0.757533 0.757533
1310 5.374447 5.374447 5.374447 0.757533 0.757533 0.757533
1320 5.374447 5.374447 5.374447 0.757533 0.757533 0.757533
1330 5.374447 5.374447 5.374447 0.757533 0.757533 0.757533
1340 5.374447 5.374447 5.374447 0.757533 0.757533 0.757533
1350 5.374447 5.374447 5.374447 0.757533 0.757533 0.757533
1360 5.374447 5.374447 5.374447 0.757533 0.757533 0.757533
1370 5.374447 5.374447 5.374447 0.757533 0.757533 0.757533
1380 5.374447 5.374447 5.374447 0.757533 0.757533 0.757533
1390 5.374447 5.374447 5.374447 0.757533 0.757533 0.757533
1400 5.374447 5.374447 5.374447 0.757533 0.757533 0.757533
1410 5.374447 5.374447 5.374447 0.757533 0.757533 0.757533
1420 5.374447 5.374447 5.374447 0.757533 0.757533 0.757533
1430 5.374447 5.374447 5.374447 0.757533 0.757533 0.757533
1440 5.374447 5.374447 5.374447 0.757533 0.757533 0.757533
1450 5.374447 5.374447 5.374447 0.757533 0.757533 0.757533
1460 5.374447 5.374447 5.374447 0.757533 0.757533 0.757533
1470 5.374447 5.374447 5.374447 0.757533 0.757533 0.757533
1480 5.374447 5.374447 5.374447 0.757533 0.757533 0.757533
1490 5.374447 5.374447 5.374447 0.757533 0.757533 0.757533
1500 5.374447 5.374447 5.374447 0.757533 0.757533 0.757533
1510 5.374447 5.374447 5.374447 0.757533 0.757533 0.757533
1520 5.374447 5.374447 5.374447 0.757533 0.757533 0.757533
1530 5.374447 5.374447 5.374447 0.757533 0.757533 0.757533
1540 5.374447 5.374447 5.374447 0.757533 0.757533 0.757533
1550 5.374447 5.374447 5.374447 0.757533 0.757533 0.757533
1560 5.374447 5.374447 5.374447 0.757533 0.757533 0.757533
1570 5.374447 5.374447 5.374447 0.757533 0.757533 0.757533
1580 5.374447 5.374447 5.374447 0.757533 0.757533 0.757533
1590 5.374447 5.374447 5.374447 0.757533 0.757533 0.757533
1600 5.374447 5.374447 5.374447 0.757533 0.757533 0.757533
1610 5.374447 5.374447 5.374447 0.757533 0.757533 0.757533
1620 5.374447 5.374447 5.374447 0.757533 0.757533 0.757533
1630 5.374447 5.374447 5.374447 0.757533 0.757533 0.757533
1640 5.374447 5.374447 5.374447 0.757533 0.757533 0.757533
1650 5.374447 5.374447 5.374447 0.757533 0.757533 0.757533
1660 5.374447 5.374447 5.374447 0.757533 0.757533 0.757533
1670 5.374447 5.374447 5.374447 0.757533 0.757533 0.757533
1680 5.374447 5.374447 5.374447 0.757533 0.757533 0.757533
1690 5.374447 5.374447 5.374447 0.757533 0.757533 0.757533
1700 5.374447 5.374447 5.374447 0.757533 0.757533 0.757533
1710 5.374447 5.374447 5.374447 0.757533 0.757533 0.757533
1720 5.374447 5.374447 5.374447 0.757533 0.757533 0.757533
1730 5.374447 5.374447 5.374447 0.757533 0.757533 0.757533
1740 5.374447 5.374447 5.374447 0.757533 0.757533 0.757533
1750 5.374447 5.374447 5.374447 0.757533 0.757533 0.757533
1760 5.374447 5.374447 5.374447 0.757533 0.757533 0.757533
1770 5.374447 5.374447 5.374447 0.757533 0.757533 0.757533
1780 5.374447 5.374447 5.374447 0.757533 0.757533 0.757533
1790 5.374447 5.374447 5.374447 0.757533 0.757533 0.757533
1800 5.374447 5.374447 5.374447 0.757533 0.757533 0.757533
1810 5.374447 5.374447 5.374447 0.757533 0.757533 0.757533
1820 5.374447 5.374447 5.374447 0.757533 0.757533 0.757533
1830 5.374447 5.374447 5.374447 0.757533 0.757533 0.757533
1840 5.374447 5.374447 5.374447 0.757533 0.757533 0.757533
1850 5.374447 5.374447 5.374447 0.757533 0.757533 0.757533
1860 5.374447 5.374447 5.374447 0.757533 0.757533 0.757533
1870 5.374447 5.374447 5.374447 0.757533 0.757533 0.757533
1880 5.374447 5.374447 5.374447 0.757533 0.757533 0.757533
1890 5.374447 5.374447 5.374447 0.757533 0.757533 0.757533
1900 5.374447 5.374447 5.374447 0.757533 0.757533 0.757533
1910 5.374447 5.374447 5.374447 0.757533 0.757533 0.757533
1920 5.374447 5.374447 5.374447 0.757533 0.757533 0.757533
1930 5.374447 5.374447 5.374447 0.757533 0.757533 0.757533
1940 5.374447 5.374447 5.374447 0.757533 0.757533 0.757533
1950 5.374447 5.374447 5.374447 0.757533 0.757533 0.757533
1960 5.374447 5.374447 5.374447 0.757533 0.757533 0.757533
1970 5.374447 5.374447 5.374447 0.757533 0.757533 0.757533
1980 5.374447 5.374447 5.374447 0.757533 0.757533 0.757533
1990 5.374447 5.374447 5.374447 0.757533 0.757533 0.757533
2000 5.374447 5.374447 5.374447 0.757533 0.757533 0.757533
2010 5.374447 5.374447 5.374447 0.757533 0.757533 0.757533
2020 5.374447 5.374447 5.374447 0.757533 0.757533 0.757533
2030 5.374447 5.374447 5.374447 0.757533 0.757533 0.757533
2040 5.374447 5.374447 5.374447 0.757533 0.757533 0.757533
2050 5.374447 5.374447 5.374447 0.757533 0.757533 0.757533
2060 5.374447 5.374447 5.374447 0.757533 0.757533 0.757533
2070 5.374447 5.374447 5.374447 0.757533 0.757533 0.757533
2080 5.374447 5.374447 5.374447 0.757533 0.757533 0.757533
2090 5.374447 5.374447 5.374447 0.757533 0.757533 0.757533
2100 5.374447 5.374447 5.374447 0.757533 0.757533 0.757533
2110 5.374447 5.374447 5.374447 0.757533 0.757533 0.757533
2120 5.374447 5.374447 5.374447 0.757533 0.757533 0.757533
2130 5.374447 5.374447 5.374447 0.757533 0.757533 0.757533
2140 5.374447 5.374447 5.374447 0.757533 0.757533 0.757533
2150 5.374447 5.374447 5.374447 0.757533 0.757533 0.757533
2160 5.374447 5.374447 5.374447 0.757533 0.757533 0.757533
2170 5.374447 5.374447 5.374447 0.757533 0.757533 0.757533
2180 5.374447 5.374447 5.374447 0.757533 0.757533 0.757533
2190 5.374447 5.374447 5.374447 0.757533 0.757533 0.757533
2200 5.374447 5.374447 5.374447 0.757533 0.757533 0.757533
2210 5.374447 5.374447 5.374447 0.757533 0.757533 0.757533
2220 5.374447 5.374447 5.374447 0.757533 0.757533 0.757533
2230 5.374447 5.374447 5.374447 0.757533 0.757533 0.757533
2240 5.374447 5.374447 5.374447 0.757533 0.757533 0.757533
2250 5.374447 5.374447 5.374447 0.757533 0.757533 0.757533
2260 5.374447 5.374447 5.374447 0.757533 0.757533 0.757533
2270 5.374447 5.374447 5.374447 0.757533 0.757533 0.757533
2280 5.374447 5.374447 5.374447 0.757533 0.757533 0.757533
2290 5.374447 5.374447 5.374447 0.757533 0.757533 0.757533
2300 5.374447 5.374447 5.374447 0.757533 0.757533 0.757533
2310 5.374447 5.374447 5.374447 0.757533 0.757533 0.757533
2320 5.374447 5.374447 5.374447 0.757533 0.757533 0.757533
2330 5.374447 5.374447 5.374447 0.757533 0.757533 0.757533
2340 5.374447 5.374447 5.374447 0.757533 0.757533 0.757533
2350 5.374447 5.374447 5.374447 0.757533 0.757533 0.757533
2360 5.374447 5.374447 5.374447 0.757533 0.757533 0.757533
2370 5.374447 5.374447 5.374447 0.757533 0.757533 0.757533
2380 5.374447 5.374447 5.374447 0.757533 0.757533 0.757533
2390 5.374447 5.374447 5.374447 0.757533 0.757533 0.757533
2400 5.374447 5.374447 5.374447 0.757533 0.757533 0.757533
2410 5.374447 5.374447 5.374447 0.757533 0.757533 0.757533
2420 5.374447 5.374447 5.374447 0.757533 0.757533 0.757533
2430 5.374447 5.374447 5.374447 0.757533 0.757533 0.757533
2440 5.374447 5.374447 5.374447 0.757533 0.757533 0.757533
2450 5.374447 5.374447 5.374447 0.757533 0.757533 0.757533
2460 5.374447 5.374447 5.374447 0.757533 0.757533 0.757533
2470 5.374447 5.374447 5.374447 0.757533 0.757533 0.757533
2480 5.374447 5.374447 5.374447 0.757533 0.757533 0.757533
2490 5.374447 5.374447 5.374447 0.757533 0.757533 0.757533
2500 5.374447 5.374447 5.374447 0.757533 0.757533 0.757533
2510 5.374447 5.374447 5.374447 0.757533 0.757533 0.757533
2520 5.374447 5.374447 5.374447 0.757533 0.757533 0.757533
2530 5.374447 5.374447 5.374447 0.757533 0.757533 0.757533
2540 5.374447 5.374447 5.374447 0.757533 0.757533 0.757533
2550 5.374447 5.374447 5.374447 0.757533 0.757533 0.757533
2560 5.374447 5.374447 5.374447 0.757533 0.757533 0.757533
2570 5.374447 5.374447 5.374447 0.757533 0.757533 0.757533
2580 5.374447 5.374447 5.374447 0.757533 0.757533 0.757533
2590 5.374447 5.374447 5.374447 0.757533 0.757533 0.757533
2600 5.374447 5.374447 5.374447 0.757533 0.757533 0.757533
2610 5.374447 5.374447 5.374447 0.757533 0.757533 0.757533
2620 5.374447 5.374447 5.374447 0.757533 0.757533 0.757533
2630 5.374447 5.374447 5.374447 0.757533 0.757533 0.757533
2640 5.374447 5.374447 5.374447 0.757533 0.757533 0.757533
2650 5.374447 5.374447 5.374447 0.757533 0.757533 0.757533
2660 5.374447 5.374447 5.374447 0.757533 0.757533 0.757533
2670 5.374447 5.374447 5.374447 0.757533 0.757533 0.757533
2680 5.374447 5.374447 5.374447 0.757533 0.757533 0.757533
2690 5.374447 5.374447 5.374447 0.757533 0.757533 0.757533
2700 5.374447 5.374447 5.374447 0.757533 0.757533 0.757533
2710 5.374447 5.374447 5.374447 0.757533 0.757533 0.757533
2720 5.374447 5.374447 5.374447 0.757533 0.757533 0.757533
2730 5.374447 5.374447 5.374447 0.757533 0.757533 0.757533
2740 5.374447 5.374447 5.374447 0.757533 0.757533 0.757533
2750 5.374447 5.374447 5.374447 0.757533 0.757533 0.757533
2760 5.374447 5.374447 5.374447 0.757533 0.757533 0.757533
2770 5.374447 5.374447 5.374447 0.757533 0.757533 0.757533
2780 5.374447 5.374447 5.374447 0.757533 0.757533 0.757533
2790 5.374447 5.374447 5.374447 0.757533 0.757533 0.757533
2800 5.374447 5.374447 5.374447 0.757533 0.757533 0.757533
2810 5.374447 5.374447 5.374447 0.757533 0.757533 0.757533
2820 5.374447 5.374447 5.374447 0.757533 0.757533 0.757533
2830 5.374447 5.374447 5.374447 0.757533 0.757533 0.757533
2840 5.374447 5.374447 5.374447 0.757533 0.757533 0.757533
2850 5.374447 5.374447 5.374447 0.757533 0.757533 0.757533
2860 5.374447 5.374447 5.374447 0.757533 0.757533 0.757533
2870 5.374447 5.374447 5.374447 0.757533 0.757533 0.757533
2880 5.374447 5.374447 5.374447 0.757533 0.757533 0.757533
2890 5.374447 5.374447 5.374447 0.757533 0.757533 0.757533
2900 5.374447 5.374447 5.374447 0.757533 0.757533 0.757533
2910 5.374447 5.374447 5.374447 0.757533 0.757533 0.757533
2920 5.374447 5.374447 5.374447 0.757533 0.757533 0.757533
2930 5.374447 5.374447 5.374447 0.757533 0.757533 0.757533
2940 5.374447 5.374447 5.374447 0.757533 0.757533 0.757533
2950 5.374447 5.374447 5.374447 0.757533 0.757533 0.757533
2960 5.374447 5.374447 5.374447 0.757533 0.757533 0.757533
2970 5.374447 5.374447 5.374447 0.757533 0.757533 0.757533
2980 5.374447 5.374447 5.374447 0.757533 0.757533 0.757533
2990 5.374447 5.374447 5.374447 0.757533 0.757533 0.757533
3000 5.374447 5.374447 5.374447 0.757533 0.757533 0.757533
3010 5.374447 5.374447 5.374447 0.757533 0.757533 0.757533
3020 5.374447 5.374447 5.374447 0.757533 0.757533 0.757533
3030 5.374447 5.374447 5.374447 0.757533 0.757533 0.757533
3040 5.374447 5.374447 5.374447 0.757533 0.757533 0.757533
3050 5.374447 5.374447 5.374447 0.757533 0.757533 0.757533
3060 5.374447 5.374447 5.374447 0.757533 0.757533 0.757533
3070 5.374447 5.374447 5.374447 0.757533 0.757533 0.757533
3080 5.374447 5.374447 5.374447 0.757533 0.757533 0.757533
3090 5.374447 5.374447 5.374447 0.757533 0.757533 0.757533
3100 5.374447 5.374447 5.374447 0.757533 0.757533 0.757533
3110 5.374447 5.374447 5.374447 0.757533 0.757533 0.757533
3120 5.374447 5.374447 5.374447 0.757533 0.757533 0.757533
3130 5.374447 5.374447 5.374447 0.757533 0.757533 0.757533
3140 5.374447 5.374447 5.374447 0.757533 0.757533 0.757533
3150 5.374447 5.374447 5.374447 0.757533 0.757533 0.757533
3160 5.374447 5.374447 5.374447 0.757533 0.757533 0.757533
3170 5.374447 5.374447 5.374447 0.757533 0.757533 0.757533
3180 5.374447 5.374447 5.374447 0.757533 0.757533 0.757533
3190 5.374447 5.374447 5.374447 0.757533 0.757533 0.757533
3200 5.374447 5.374447 5.374447 0.757533 0.757533 0.757533
3210 5.374447 5.374447 5.374447 0.757533 0.757533 0.757533
3220 5.374447 5.374447 5.374447 0.757533 0.757533 0.757533
3230 5.374447 5.374447 5.374447 0.757533 0.757533 0.757533
3240 5.374447 5.374447 5.374447 0.757533 0.757533 0.757533
3250 5.374447 5.374447 5.374447 0.757533 0.757533 0.757533
3260 5.374447 5.374447 5.374447 0.757533 0.757533 0.757533
3270 5.374447 5.374447 5.374447 0.757533 0.757533 0.757533
3280 5.374447 5.374447 5.374447 0.757533 0.757533 0.757533
3290 5.374447 5.374447 5.374447 0.757533 0.757533 0.757533
3300 5.374447 5.374447 5.374447 0.757533 0.757533 0.757533
3310 5.374447 5.374447 5.374447 0.757533 0.757533 0.757533
3320 5.374447 5.374447 5.374447 0.757533 0.757533 0.757533
3330 5.374447 5.374447 5.374447 0.757533 0.757533 0.757533
3340 5.374447 5.374447 5.374447 0.757533 0.757533 0.757533
3350 5.374447 5.374447 5.374447 0.757533 0.757533 0.757533
3360 5.374447 5.374447 5.374447 0.757533 0.757533 0.757533
3370 5.374447 5.374447 5.374447 0.757533 0.757533 0.757533
3380 5.374447 5.374447 5.374447 0.757533 0.757533 0.757533
3390 5.374447 5.374447 5.374447 0.757533 0.757533 0.757533
3400 5.374447 5.374447 5.374447 0.757533 0.757533 0.757533
3410 5.374447 5.374447 5.374447 0.757533 0.757533 0.757533
3420 5.374447 5.374447 5.374447 0.757533 0.757533 0.757533
3430 5.374447 5.374447 5.374447 0.757533 0.757533 0.757533
3440 5.374447 5.374447 5.374447 0.757533 0.757533 0.757533
3450 5.374447 5.374447 5.374447 0.757533 0.757533 0.757533
3460 5.374447 5.374447 5.374447 0.757533 0.757533 0.757533
3470 5.374447 5.374447 5.374447 0.757533 0.757533 0.757533
3480 5.374447 5.374447 5.374447 0.757533 0.757533 0.757533
3490 5.374447 5.374447 5.374447 0.757533 0.757533 0.757533
3500 5.374447 5.374447 5.374447 0.757533 0.757533 0.757533
3510 5.374447 5.374447 5.374447 0.757533 0.757533 0.757533
3520 5.374447 5.374447 5.374447 0.757533 0.757533 0.757533
3530 5.374447 5.374447 5.374447 0.757533 0.757533 0.757533
3540 5.374447 5.374447 5.374447 0.757533 0.757533 0.757533
3550 5.374447 5.374447 5.374447 0.757533 0.757533 0.757533
3560 5.374447 5.374447 5.374447 0.757533 0.757533 0.757533
3570 5.374447 5.374447 5.374447 0.757533 0.757533 0.757533
3580 5.374447 5.374447 5.374447 0.757533 0.757533 0.757533
3590 5.374447 5.374447 5.374447 0.757533 0.757533 0.757533
3600 5.374447 5.374447 5.374447 0.757533 0.757533 0.757533
3610 5.374447 5.374447 5.374447 0.757533 0.757533 0.757533
3620 5.374447 5.374447 5.374447 0.757533 0.757533 0.757533
3630 5.374447 5.374447 5.374447 0.757533 0.757533 0.757533
3640 5.374447 5.374447 5.374447 0.757533 0.757533 0.757533
3650 5.374447 5.374447 5.374447 0.757533 0.757533 0.757533
3660 5.374447 5.374447 5.374447 0.757533 0.757533 0.757533
3670 5.374447 5.374447 5.374447 0.757533 0.757533 0.757533
3680 5.374447 5.374447 5.374447 0.757533 0.757533 0.757533
3690 5.374447 5.374447 5.374447 0.757533 0.757533 0.757533
3700 5.374447 5.374447 5.374447 0.757533 0.757533 0.757533
3710 5.374447 5.374447 5.374447 0.757533 0.757533 0.757533
3720 5.374447 5.374447 5.374447 0.757533 0.757533 0.757533
3730 5.374447 5.374447 5.374447 0.757533 0.757533 0.757533
3740 5.374447 5.374447 5.374447 0.757533 0.757533 0.757533
3750 5.374447 5.374447 5.374447 0.757533 0.757533 0.757533
3760 5.374447 5.374447 5.374447 0.757533 0.757533 0.757533
3770 5.374447 5.374447 5.374447 0.757533 0.757533 0.757533
3780 5.374447 5.374447 5.374447 0.757533 0.757533 0.757533
3790 5.374447 5.374447 5.374447 0.757533 0.757533 0.757533
3800 5.374447 5.374447 5.374447 0.757533 0.757533 0.757533
3810 5.374447 5.374447 5.374447 0.757533 0.757533 0.757533
3820 5.374447 5.374447 5.374447 0.757533 0.757533 0.757533
3830 5.374447 5.374447 5.374447 0.757533 0.757533 0.757533
3840 5.374447 5.374447 5.374447 0.757533 0.757533 0.757533
3850 5.374447 5.374447 5.374447 0.757533 0.757533 0.757533
3860 5.374447 5.374447 5.374447 0.757533 0.757533 0.757533
3870 5.374447 5.374447 5.374447 0.757533 0.757533 0.757533
3880 5.374447 5.374447 5.374447 0.757533 0.757533 0.757533
3890 5.374447 5.374447 5.374447 0.757533 0.757533 0.757533
3900 5.374447 5.374447 5.374447 0.757533 0.757533 0.757533
3910 5.374447 5.374447 5.374447 0.757533 0.757533 0.757533
3920 5.374447 5.374447 5.374447 0.757533 0.757533 0.757533
3930 5.374447 5.374447 5.374447 0.757533 0.757533 0.757533
3940 5.374447 5.374447 5.374447 0.757533 0.757533 0.757533
3950 5.374447 5.374447 5.374447 0.757533 0.757533 0.757533
3960 5.374447 5.374447 5.374447 0.757533 0.757533 0.757533
3970 5.374447 5.374447 5.374447 0.757533 0.757533 0.757533
3980 5.374447 5.374447 5.374447 0.757533 0.757533 0.757533
3990 5.374447 5.374447 5.374447 0.757533 0.757533 0.757533
4000 5.374447 5.374447 5.374447 0.757533 0.757533 0.757533
4010 5.374447 5.374447 5.374447 0.757533 0.757533 0.757533
4020 5.374447 5.374447 5.374447 0.757533 0.757533 0.757533
4030 5.374447 5.374447 5.374447 0.757533 0.757533 0.757533
4040 5.374447 5.374447 5.374447 0.757533 0.757533 0.757533
4050 5.374447 5.374447 5.374447 0.757533 0.757533 0.757533
4060 5.374447 5.374447 5.374447 0.757533 0.757533 0.757533
4070 5.374447 5.374447 5.374447 0.757533 0.757533 0.757533
4080 5.374447 5.374447 5.374447 0.757533 0.757533 0.757533
4090 5.374447 5.374447 5.374447 0.757533 0.757533 0.757533
4100 5.374447 5.374447 5.374447 0.757533 0.757533 0.757533
4110 5.374447 5.374447 5.374447 0.757533 0.757533 0.757533
4120 5.374447 5.374447 5.374447 0.757533 0.757533 0.757533
4130 5.374447 5.374447 5.374447 0.757533 0.757533 0.757533
4140 5.374447 5.374447 5.374447 0.757533 0.757533 0.757533
4150 5.374447 5.374447 5.374447 0.757533 0.757533 0.757533
4160 5.374447 5.374447 5.374447 0.757533 0.757533 0.757533
4170 5.374447 5.374447 5.374447 0.757533 0.757533 0.757533
4180 5.374447 5.374447 5.374447 0.757533 0.757533 0.757533
4190 5.374447 5.374447 5.374447 0.757533 0.757533 0.757533
4200 5.374447 5.374447 5.374447 0.757533 0.757533 0.757533
4210 5.374447 5.374447 5.374447 0.757533 0.757533 0.757533
4220 5.374447 5.374447 5.374447 0.757533 0.757533 0.757533
4230 5.374447 5.374447 5.374447 0.757533 0.757533 0.757533
4240 5.374447 5.374447 5.374447 0.757533 0.757533 0.757533
4250 5.374447 5.374447 5.374447 0.757533 0.757533 0.757533
4260 5.374447 5.374447 5.374447 0.757533 0.757533 0.757533
4270 5.374447 5.374447 5.374447 0.757533 0.757533 0.757533
4280 5.374447 5.374447 5.374447 0.757533 0.757533 0.757533
4290 5.374447 5.374447 5.374447 0.757533 0.757533 0.757533
4300 5.374447 5.374447 5.374447 0.757533 0.757533 0.757533
4310 5.374447 5.374447 5.374447 0.757533 0.757533 0.757533
4320 5.374447 5.374447 5.374447 0.757533 0.757533 0.757533
4330 5.374447 5.374447 5.374447 0.757533 0.757533 0.757533
4340 5.374447 5.374447 5.374447 0.757533 0.757533 0.757533
4350 5.374447 5.374447 5.374447 0.757533 0.757533 0.757533
4360 5.374447 5.374447 5.374447 0.757533 0.757533 0.757533
4370 5.374447 5.374447 5.374447 0.757533 0.757533 0.757533
4380 5.374447 5.374447 5.374447 0.757533 0.757533 0.757533
4390 5.374447 5.374447 5.374447 0.757533 0.757533 0.757533
4400 5.374447 5.374447 5.374447 0.757533 0.757533 0.757533
4410 5.374447 5.374447 5.374447 0.757533 0.757533 0.757533
4420 5.374447 5.374447 5.374447 0.757533 0.757533 0.757533
4430 5.374447 5.374447 5.374447 0.757533 0.757533 0.757533
4440 5.374447 5.374447 5.374447 0.757533 0.757533 0.757533
4450 5.374447 5.374447 5.374447 0.757533 0.757533 0.757533
4460 5.374447 5.374447 5.374447 0.757533 0.757533 0.757533
4470 5.374447 5.374447 5.374447 0.757533 0.757533 0.757533
4480 5.374447 5.374447 5.374447 0.757533 0.757533 0.757533
4490 5.374447 5.374447 5.374447 0.757533 0.757533 0.757533
4500 5.374447 5.374447 5.374447 0.757533 0.757533 0.757533
4510 5.374447 5.374447 5.374447 0.757533 0.757533 0.757533
4520 5.374447 5.374447 5.374447 0.757533 0.757533 0.757533
4530 5.374447 5.374447 5.374447 0.757533 0.757533 0.757533
4540 5.374447 5.374447 5.374447 0.757533 0.757533 0.757533
4550 5.374447 5.374447 5.374447 0.757533 0.757533 0.757533
4560 5.374447 5.374447 5.374447 0.757533 0.757533 0.757533
4570 5.374447 5.374447 5.374447 0.757533 0.757533 0.757533
4580 5.374447 5.374447 5.374447 0.757533 0.757533 0.757533
4590 5.374447 5.374447 5.374447 0.757533 0.757533 0.757533
4600 5.374447 5.374447 5.374447 0.757533 0.757533 0.757533
4610 5.374447 5.374447 5.374447 0.757533 0.757533 0.757533
4620 5.374447 5.374447 5.374447 0.757533 0.757533 0.757533
4630 5.374447 5.374447 5.374447 0.757533 0.757533 0.757533
4640 5.374447 5.374447 5.374447 0.757533 0.757533 0.757533
4650 5.374447 5.374447 5.374447 0.757533 0.757533 0.757533
4660 5.374447 5.374447 5.374447 0.757533 0.757533 0.757533
4670 5.374447 5.374447 5.374447 0.757533 0.757533 0.757533
4680 5.374447 5.374447 5.374447 0.757533 0.757533 0.757533
4690 5.374447 5.374447 5.374447 0.757533 0.757533 0.757533
4700 5.374447 5.374447 5.374447 0.757533 0.757533 0.757533
4710 5.374447 5.374447 5.374447 0.757533 0.757533 0.757533
4720 5.374447 5.374447 5.374447 0.757533 0.757533 0.757533
4730 5.374447 5.374447 5.374447 0.757533 0.757533 0.757533
4740 5.374447 5.374447 5.374447 0.757533 0.757533 0.757533
4750 5.374447 5.374447 5.374447 0.757533 0.757533 0.757533
4760 5.374447 5.374447 5.374447 0.757533 0.757533 0.757533
4770 5.374447 5.374447 5.374447 0.757533 0.757533 0.757533
4780 5.374447 5.374447 5.374447 0.757533 0.757533 0.757533
4790 5.374447 5.374447 5.374447 0.757533 0.757533 0.757533
4800 5.374447 5.374447 5.374447 0.757533 0.757533 0.757533
4810 5.374447 5.374447 5.374447 0.757533 0.757533 0.757533
4820 5.374447 5.374447 5.374447 0.757533 0.757533 0.757533
4830 5.374447 5.374447 5.374447 0.757533 0.757533 0.757533
4840 5.374447 5.374447 5.374447 0.757533 0.757533 0.757533
4850 5.374447 5.374447 5.374447 0.757533 0.757533 0.757533
4860 5.374447 5.374447 5.374447 0.757533 0.757533 0.757533
4870 5.374447 5.374447 5.374447 0.757533 0.757533 0.757533
4880 5.374447 5.374447 5.374447 0.757533 0.757533 0.757533
4890 5.374447 5.374447 5.374447 0.757533 0.757533 0.757533
4900 5.374447 5.374447 5.374447 0.757533 0.757533 0.757533
4910 5.374447 5.374447 5.374447 0.757533 0.757533 0.757533
4920 5.374447 5.374447 5.374447 0.757533 0.757533 0.757533
4930 5.374447 5.374447 5.374447 0.757533 0.757533 0.757533
4940 5.374447 5.374447 5.374447 0.757533 0.757533 0.757533
4950 5.374447 5.374447 5.374447 0.757533 0.757533 0.757533
4960 5.374447 5.374447 5.374447 0.757533 0.757533 0.757533
4970 5.374447 5.374447 5.374447 0.757533 0.757533 0.757533
4980 5.374447 5.374447 5.374447 0.757533 0.757533 0.757533
4990 5.374447 5.374447 5.374447 0.757533 0.757533 0.757533
5000 5.374447 5.374447 5.374447 0.757533 0.757533 0.757533
5010 5.374447 5.374447 5.374447 0.757533 0.757533 0.757533
5020 5.374447 5.374447 5.374447 0.757533 0.757533 0.757533
5030 5.374447 5.374447 5.374447 0.757533 0.757533 0.757533
5040 5.374447 5.374447 5.374447 0.757533 0.757533 0.757533
5050 5.374447 5.374447 5.374447 0.757533 0.757533 0.757533
5060 5.374447 5.374447 5.374447 0.757533 0.757533 0.757533
5070 5.374447 5.374447 5.374447 0.757533 0.757533 0.757533
5080 5.374447 5.374447 5.374447 0.757533 0.757533 0.757533
5090 5.374447 5.374447 5.374447 0.757533 0.757533 0.757533
5100 5.374447 5.374447 5.374447 0.757533 0.757533 0.757533
5110 5.374447 5.374447 5.374447 0.757533 0.757533 0.757533
5120 5.374447 5.374447 5.374447 0.757533 0.757533 0.757533
5130 5.374447 5.374447 5.374447 0.757533 0.757533 0.757533
5140 5.374447 5.374447 5.374447 0.757533 0.757533 0.757533
5150 5.374447 5.374447 5.374447 0.757533 0.757533 0.757533
5160 5.374447 5.374447 5.374447 0.757533 0.757533 0.757533
5170 5.374447 5.374447 5.374447 0.757533 0.757533 0.757533
5180 5.374447 5.374447 5.374447 0.757533 0.757533 0.757533
5190 5.374447 5.374447 5.374447 0.757533 0.757533 0.757533
5200 5.374447 5.374447 5.374447 0.757533 0.757533 0.757533
5210 5.374447 5.374447 5.374447 0.757533 0.757533 0.757533
5220 5.374447 5.374447 5.374447 0.757533 0.757533 0.757533
5230 5.374447 5.374447 5.374447 0.757533 0.757533 0.757533
5240 5.374447 5.374447 5.374447 0.757533 0.757533 0.757533
5250 5.374447 5.374447 5.374447 0.757533 0.757533 0.757533
5260 5.374447 5.374447 5.374447 0.757533 0.757533 0.757533
5270 5.374447 5.374447 5.374447 0.757533 0.757533 0.757533
5280 5.374447 5.374447 5.374447 0.757533 0.757533 0.757533
5290 5.374447 5.374447 5.374447 0.757533 0.757533 0.757533
5300 5.374447 5.374447 5.374447 0.757533 0.757533 0.757533
5310 5.374447 5.374447 5.374447 0.757533 0.757533 0.757533
5320 5.374447 5.374447 5.374447 0.757533 0.757533 0.757533
5330 5.374447 5.374447 5.374447 0.757533 0.757533 0.757533
5340 5.374447 5.374447 5.374447 0.757533 0.757533 0.757533
5350 5.374447 5.374447 5.374447 0.757533 0.757533 0.757533
5360 5.374447 5.374447 5.374447 0.757533 0.757533 0.757533
5370 5.374447 5.374447 5.374447 0.757533 0.757533 0.757533
5380 5.374447 5.374447 5.374447 0.757533 0.757533 0.757533
5390 5.374447 5.374447 5.374447 0.757533 0.757533 0.757533
5400 5.374447 5.374447 5.374447 0.757533 0.757533 0.757533
5410 5.374447 5.374447 5.374447 0.757533 0.757533 0.757533
5420 5.374447 5.374447 5.374447 0.757533 0.757533 0.757533
5430 5.374447 5.374447 5.374447 0.757533 0.757533 0.757533
5440 5.374447 5.374447 5.374447 0.757533 0.757533 0.757533
5450 5.374447 5.374447 5.374447 0.757533 0.757533 0.757533
5460 5.374447 5.374447 5.374447 0.757533 0.757533 0.757533
5470 5.374447 5.374447 5.374447 0.757533 0.757533 0.757533
5480 5.374447 5.374447 5.374447 0.757533 0.757533 0.757533
5490 5.374447 5.374447 5.374447 0.757533 0.757533 0.757533
5500 5.374447 5.374447 5.374447 0.757533 0.757533 0.757533
5510 5.374447 5.374447 5.374447 0.757533 0.757533 0.757533
5520 5.374447 5.374447 5.374447 0.757533 0.757533 0.757533
5530 5.374447 5.374447 5.374447 0.757533 0.757533 0.757533
5540 5.374447 5.374447 5.374447 0.757533 0.757533 0.757533
5550 5.374447 5.374447 5.374447 0.757533 0.757533 0.757533
5560 5.374447 5.374447 5.374447 0.757533 0.757533 0.757533
5570 5.374447 5.374447 5.374447 0.757533 0.757533 0.757533
5580 5.374447 5.374447 5.374447 0.757533 0.757533 0.757533
5590 5.374447 5.374447 5.374447 0.757533 0.757533 0.757533
5600 5.374447 5.374447 5.374447 0.757533 0.757533 0.757533
5610 5.374447 5.374447 5.374447 0.757533 0.757533 0.757533
5620 5.374447 5.374447 5.374447 0.757533 0.757533 0.757533
5630 5.374447 5.374447 5.374447 0.757533 0.757533 0.757533
5640 5.374447 5.374447 5.374447 0.757533 0.757533 0.757533
5650 5.374447 5.374447 5.374447 0.757533 0.757533 0.757533
5660 5.374447 5.374447 5.374447 0.757533 0.757533 0.757533
5670 5.374447 5.374447 5.374447 0.757533 0.757533 0.757533
5680 5.374447 5.374447 5.374447 0.757533 0.757533 0.757533
5690 5.374447 5.374447 5.374447 0.757533 0.757533 0.757533
5700 5.374447 5.374447 5.374447 0.757533 0.757533 0.757533
5710 5.374447 5.374447 5.374447 0.757533 0.757533 0.757533
5720 5.374447 5.374447 5.374447 0.757533 0.757533 0.757533
5730 5.374447 5.374447 5.374447 0.757533 0.757533 0.757533
5740 5.374447 5.374447 5.374447 0.757533 0.757533 0.757533
5750 5.374447 5.374447 5.374447 0.757533 0.757533 0.757533
5760 5.374447 5.374447 5.374447 0.757533 0.757533 0.757533
5770 5.374447 5.374447 5.374447 0.757533 0.757533 0.757533
5780 5.374447 5.374447 5.374447 0.757533 0.757533 0.757533
5790 5.374447 5.374447 5.374447 0.757533 0.757533 0.757533
5800 5.374447 5.374447 5.374447 0.757533 0.757533 0.757533
5810 5.374447 5.374447 5.374447 0.757533 0.757533 0.757533
5820 5.374447 5.374447 5.374447 0.757533 0.757533 0.757533
5830 5.374447 5.374447 5.374447 0.757533 0.757533 0.757533
5840 5.374447 5.374447 5.374447 0.757533 0.757533 0.757533
5850 5.374447 5.374447 5.374447 0.757533 0.757533 0.757533
5860 5.374447 5.374447 5.374447 0.757533 0.757533 0.757533
5870 5.374447 5.374447 5.374447 0.757533 0.757533 0.757533
5880 5.374447 5.374447 5.374447 0.757533 0.757533 0.757533
5890 5.374447 5.374447 5.374447 0.757533 0.757533 0.757533
5900 5.374447 5.374447 5.374447 0.757533 0.757533 0.757533
5910 5.374447 5.374447 5.374447 0.757533 0.757533 0.757533
5920 5.374447 5.374447 5.374447 0.757533 0.757533 0.757533
5930 5.374447 5.374447 5.374447 0.757533 0.757533 0.757533
5940 5.374447 5.374447 5.374447 0.757533 0.757533 0.757533
5950 5.374447 5.374447 5.374447 0.757533 0.757533 0.757533
5960 5.374447 5.374447 5.374447 0.757533 0.757533 0.757533
5970 5.374447 5.374447 5.374447 0.757533 0.757533 0.757533
5980 5.374447 5.374447 5.374447 0.757533 0.757533 0.757533
5990 5.374447 5.374447 5.374447 0.757533 0.757533 0.757533
6000 5.374447 5.374447 5.374447 0.757533 0.757533 0.757533
6010 5.374447 5.374447 5.374447 0.757533 0.757533 0.757533
6020 5.374447 5.374447 5.374447 0.757533 0.757533 0.757533
6030 5.374447 5.374447 5.374447 0.757533 0.757533 0.757533
6040 5.374447 5.374447 5.374447 0.757533 0.757533 0.757533
6050 5.374447 5.374447 5.374447 0.757533 0.757533 0.757533
6060 5.374447 5.374447 5.374447 0.757533 0.757533 0.757533
6070 5.374447 5.374447 5.374447 0.757533 0.757533 0.757533
6080 5.374447 5.374447 5.374447 0.757533 0.757533 0.757533
6090 5.374447 5.374447 5.374447 0.757533 0.757533 0.757533
6100 5.374447 5.374447 5.374447 0.757533 0.757533 0.757533
6110 5.374447 5.374447 5.374447 0.757533 0.757533 0.757533
6120 5.374447 5.374447 5.374447 0.757533 0.757533 0.757533
6130 5.374447 5.374447 5.374447 0.757533 0.757533 0.757533
6140 5.374447 5.374447 5.374447 0.757533 0.757533 0.757533
6150 5.374447 5.374447 5.374447 0.757533 0.757533 0.757533
6160 5.374447 5.374447 5.374447 0.757533 0.757533 0.757533
6170 5.374447 5.374447 5.374447 0.757533 0.757533 0.757533
6180 5.374447 5.374447 5.374447 0.757533 0.757533 0.757533
6190 5.374447 5.374447 5.374447 0.757533 0.757533 0.757533
6200 5.374447 5.374447 5.374447 0.757533 0.757533 0.757533
6210 5.374447 5.374447 5.374447 0.757533 0.757533 0.757533
6220 5.374447 5.374447 5.374447 0.757533 0.757533 0.757533
6230 5.374447 5.374447 5.374447 0.757533 0.757533 0.757533
6240 5.374447 5.374447 5.374447 0.757533 0.757533 0.757533
6250 5.374447 5.374447 5.374447 0.757533 0.757533 0.757533
6260 5.374447 5.374447 5.374447 0.757533 0.757533 0.757533
6270 5.374447 5.374447 5.374447 0.757533 0.757533 0.757533
6280 5.374447 5.374447 5.374447 0.757533 0.757533 0.757533
6290 5.374447 5.374447 5.374447 0.757533 0.757533 0.757533
6300 5.374447 5.374447 5.374447 0.757533 0.757533 0.757533
6310 5.374447 5.374447 5.374447 0.757533 0.757533 0.757533
6320 5.374447 5.374447 5.374447 0.757533 0.757533 0.757533
6330 5.374447 5.374447 5.374447 0.757533 0.757533 0.757533
6340 5.374447 5.374447 5.374447 0.757533 0.757533 0.757533
6350 5.374447 5.374447 5.374447 0.757533 0.757533 0.757533
6360 5.374447 5.374447 5.374447 0.757533 0.757533 0.757533
6370 5.374447 5.374447 5.374447 0.757533 0.757533 0.757533
6380 5.374447 5.374447 5.374447 0.757533 0.757533 0.757533
6390 5.374447 5.374447 5.374447 0.757533 0.757533 0.757533
6400 5.374447 5.374447 5.374447 0.757533 0.757533 0.757533
6410 5.374447 5.374447 5.374447 0.757533 0.757533 0.757533
6420 5.374447 5.374447 5.374447 0.757533 0.757533 0.757533
6430 5.374447 5.374447 5.374447 0.757533 0.757533 0.757533
6440 5.374447 5.374447 5.374447 0.757533 0.757533 0.757533
6450 5.374447 5.374447 5.374447 0.757533 0.757533 0.757533
6460 5.374447 5.374447 5.374447 0.757533 0.757533 0.757533
6470 5.374447 5.374447 5.374447 0.757533 0.757533 0.757533
6480 5.374447 5.374447 5.374447 0.757533 0.757533 0.757533
6490 5.374447 5.374447 5.374447 0.757533 0.757533 0.757533
6500 5.374447 5.374447 5.374447 0.757533 0.757533 0.757533
6510 5.374447 5.374447 5.374447 0.757533 0.757533 0.757533
6520 5.374447 5.374447 5.374447 0.757533 0.757533 0.757533
6530 5.374447 5.374447 5.374447 0.757533 0.757533 0.757533
6540 5.374447 5.374447 5.374447 0.757533 0.757533 0.757533
6550 5.374447 5.374447 5.374447 0.757533 0.757533 0.757533
6560 5.374447 5.374447 5.374447 0.757533 0.757533 0.757533
6570 5.374447 5.374447 5.374447 0.757533 0.757533 0.757533
6580 5.374447 5.374447 5.374447 0.757533 0.757533 0.757533
6590 5.374447 5.374447 5.374447 0.757533 0.757533 0.757533
6600 5.374447 5.374447 5.374447 0.757533 0.757533 0.757533
6610 5.374447 5.374447 5.374447 0.757533 0.757533 0.757533
6620 5.374447 5.374447 5.374447 0.757533 0.757533 0.757533
6630 5.374447 5.374447 5.374447 0.757533 0.757533 0.757533
6640 5.374447 5.374447 5.374447 0.757533 0.757533 0.757533
6650 5.374447 5.374447 5.374447 0.757533 0.757533 0.757533
6660 5.374447 5.374447 5.374447 0.757533 0.757533 0.757533
6670 5.374447 5.374447 5.374447 0.757533 0.757533 0.757533
6680 5.374447 5.374447 5.374447 0.757533 0.757533 0.757533
6690 5.374447 5.374447 5.374447 0.757533 0.757533 0.757533
6700 5.374447 5.374447 5.374447 0.757533 0.757533 0.757533
6710 5.374447 5.374447 5.374447 0.757533 0.757533 0.757533
6720 5.374447 5.374447 5.374447 0.757533 0.757533 0.757533
6730 5.374447 5.374447 5.374447 0.757533 0.757533 0.757533
6740 5.374447 5.374447 5.374447 0.757533 0.757533 0.757533
6750 5.374447 5.374447 5.374447 0.757533 0.757533 0.757533
6760 5.374447 5.374447 5.374447 0.757533 0.757533 0.757533
6770 5.374447 5.374447 5.374447 0.757533 0.757533 0.757533
6780 5.374447 5.374447 5.374447 0.757533 0.757533 0.757533
6790 5.374447 5.374447 5.374447 0.757533 0.757533 0.757533
6800 5.374447 5.374447 5.374447 0.757533 0.757533 0.757533
6810 5.374447 5.374447 5.374447 0.757533 0.757533 0.757533
6820 5.374447 5.374447 5.374447 0.757533 0.757533 0.757533
6830 5.374447 5.374447 5.374447 0.757533 0.757533 0.757533
6840 5.374447 5.374447 5.374447 0.757533 0.757533 0.757533
6850 5.374447 5.374447 5.374447 0.757533 0.757533 0.757533
6860 5.374447 5.374447 5.374447 0.757533 0.757533 0.757533
6870 5.374447 5.374447 5.374447 0.757533 0.757533 0.757533
6880 5.374447 5.374447 5.374447 0.757533 0.757533 0.757533
6890 5.374447 5.374447 5.374447 0.757533 0.757533 0.757533
6900 5.374447 5.374447 5.374447 0.757533 0.757533 0.757533
6910 5.374447 5.374447 5.374447 0.757533 0.757533 0.757533
6920 5.374447 5.374447 5.374447 0.757533 0.757533 0.757533
6930 5.374447 5.374447 5.374447 0.757533 0.757533 0.757533
6940 5.374447 5.374447 5.374447 0.757533 0.757533 0.757533
6950 5.374447 5.374447 5.374447 0.757533 0.757533 0.757533
6960 5.374447 5.374447 5.374447 0.757533 0.757533 0.757533
6970 5.374447 5.374447 5.374447 0.757533 0.757533 0.757533
6980 5.374447 5.374447 5.374447 0.757533 0.757533 0.757533
6990 5.374447 5.374447 5.374447 0.757533 0.757533 0.757533
7000 5.374447 5.374447 5.374447 0.757533 0.757533 0.757533
7010 5.374447 5.374447 5.374447 0.757533 0.757533 0.757533
7020 5.374447 5.374447 5.374447 0.757533 0.757533 0.757533
7030 5.374447 5.374447 5.374447 0.757533 0.757533 0.757533
7040 5.374447 5.374447 5.374447 0.757533 0.757533 0.757533
7050 5.374447 5.374447 5.374447 0.757533 0.757533 0.757533
7060 5.374447 5.374447 5.374447 0.757533 0.757533 0.757533
7070 5.374447 5.374447 5.374447 0.757533 0.757533 0.757533
7080 5.374447 5.374447 5.374447 0.757533 0.757533 0.757533
7090 5.374447 5.374447 5.374447 0.757533 0.757533 0.757533
7100 5.374447 5.374447 5.374447 0.757533 0.757533 0.757533
7110 5.374447 5.374447 5.374447 0.757533 0.757533 0.757533
7120 5.374447 5.374447 5.374447 0.757533 0.757533 0.757533
7130 5.374447 5.374447 5.374447 0.757533 0.757533 0.757533
7140 5.374447 5.374447 5.374447 0.757533 0.757533 0.757533
7150 5.374447 5.374447 5.374447 0.757533 0.757533 0.757533
7160 5.374447 5.374447 5.374447 0.757533 0.757533 0.757533
7170 5.374447 5.374447 5.374447 0.757533 0.757533 0.757533
7180 5.374447 5.374447 5.374447 0.757533 0.757533 0.757533
7190 5.374447 5.374447 5.374447 0.757533 0.757533 0.757533
7200 5.374447 5.374447 5.374447 0.757533 0.757533 0.757533
7210 5.374447 5.374447 5.374447 0.757533 0.757533 0.757533
7220 5.374447 5.374447 5.374447 0.757533 0.757533 0.757533
7230 5.374447 5.374447 5.374447 0.757533 0.757533 0.757533
7240 5.374447 5.374447 5.374447 0.757533 0.757533 0.757533
7250 5.374447 5.374447 5.374447 0.757533 0.757533 0.757533
7260 5.374447 5.374447 5.374447 0.757533 0.757533 0.757533
7270 5.374447 5.374447 5.374447 0.757533 0.757533 0.757533
7280 5.374447 5.374447 5.374447 0.757533 0.757533 0.757533
7290 5.374447 5.374447 5.374447 0.757533 0.757533 0.757533
7300 5.374447 5.374447 5.374447 0.757533 0.757533 0.757533
7310 5.374447 5.374447 5.374447 0.757533 0.757533 0.757533
7320 5.374447 5.374447 5.374447 0.757533 0.757533 0.757533
7330 5.374447 5.374447 5.374447 0.757533 0.757533 0.757533
7340 5.374447 5.374447 5.374447 0.757533 0.757533 0.757533
7350 5.374447 5.374447 5.374447 0.757533 0.757533 0.757533
7360 5.374447 5.374447 5.374447 0.757533 0.757533 0.757533
7370 5.374447 5.374447 5.374447 0.757533 0.757533 0.757533
7380 5.374447 5.374447 5.374447 0.757533 0.757533 0.757533
7390 5.374447 5.374447 5.374447 0.757533 0.757533 0.757533
7400 5.374447 5.374447 5.374447 0.757533 0.757533 0.757533
7410 5.374447 5.374447 5.374447 0.757533 0.757533 0.757533
7420 5.374447 5.374447 5.374447 0.757533 0.757533 0.757533
7430 5.374447 5.374447 5.374447 0.757533 0.757533 0.757533
7440 5.374447 5.374447 5.374447 0.757533 0.757533 0.757533
7450 5.374447 5.374447 5.374447 0.757533 0.757533 0.757533
7460 5.374447 5.374447 5.374447 0.757533 0.757533 0.757533
7470 5.374447 5.374447 5.374447 0.757533 0.757533 0.757533
7480 5.374447 5.374447 5.374447 0.757533 0.757533 0.757533
7490 5.374447 5.374447 5.374447 0.757533 0.757533 0.757533
7500 5.374447 5.374447 5.374447 0.757533 0.757533 0.757533
7510 5.374447 5.374447 5.374447 0.757533 0.757533 0.757533
7520 5.374447 5.374447 5.374447 0.757533 0.757533 0.757533
7530 5.374447 5.374447 5.374447 0.757533 0.757533 0.757533
7540 5.374447 5.374447 5.374447 0.757533 0.757533 0.757533
7550 5.374447 5.374447 5.374447 0.757533 0.757533 0.757533
7560 5.374447 5.374447 5.374447 0.757533 0.757533 0.757533
7570 5.374447 5.374447 5.374447 0.757533 0.757533 0.757533
7580 5.374447 5.374447 5.374447 0.757533 0.757533 0.757533
7590 5.374447 5.374447 5.374447 0.757533 0.757533 0.757533
7600 5.374447 5.374447 5.374447 0.757533 0.757533 0.757533
7610 5.374447 5.374447 5.374447 0.757533 0.757533 0.757533
7620 5.374447 5.374447 5.374447 0.757533 0.757533 0.757533
7630 5.374447 5.374447 5.374447 0.757533 0.757533 0.757533
7640 5.374447 5.374447 5.374447 0.757533 0.757533 0.757533
7650 5.374447 5.374447 5.374447 0.757533 0.757533 0.757533
7660 5.374447 5.374447 5.374447 0.757533 0.757533 0.757533
7670 5.374447 5.374447 5.374447 0.757533 0.757533 0.757533
7680 5.374447 5.374447 5.374447 0.757533 0.757533 0.757533
7690 5.374447 5.374447 5.374447 0.757533 0.757533 0.757533
7700 5.374447 5.374447 5.374447 0.757533 0.757533 0.757533
7710 5.374447 5.374447 5.374447 0.757533 0.757533 0.757533
7720 5.374447 5.374447 5.374447 0.757533 0.757533 0.757533
7730 5.374447 5.374447 5.374447 0.757533 0.757533 0.757533
7740 5.374447 5.374447 5.374447 0.757533 0.757533 0.757533
7750 5.374447 5.374447 5.374447 0.757533 0.757533 0.757533
7760 5.374447 5.374447 5.374447 0.757533 0.757533 0.757533
7770 5.374447 5.374447 5.374447 0.757533 0.757533 0.757533
7780 5.374447 5.374447 5.374447 0.757533 0.757533 0.757533
7790 5.374447 5.374447 5.374447 0.757533 0.757533 0.757533
7800 5.374447 5.374447 5.374447 0.757533 0.757533 0.757533
7810 5.374447 5.374447 5.374447 0.757533 0.757533 0.757533
7820 5.374447 5.374447 5.374447 0.757533 0.757533 0.757533
7830 5.374447 5.374447 5.374447 0.757533 0.757533 0.757533
7840 5.374447 5.374447 5.374447 0.757533 0.757533 0.757533
7850 5.374447 5.374447 5.374447 0.757533 0.757533 0.757533
7860 5.374447 5.374447 5.374447 0.757533 0.757533 0.757533
7870 5.374447 5.374447 5.374447 0.757533 0.757533 0.757533
7880 5.374447 5.374447 5.374447 0.757533 0.757533 0.757533
7890 5.374447 5.374447 5.374447 0.757533 0.757533 0.757533
7900 5.374447 5.374447 5.374447 0.757533 0.757533 0.757533
7910 5.374447 5.374447 5.374447 0.757533 0.757533 0.757533
7920 5.374447 5.374447 5.374447 0.757533 0.757533 0.757533
7930 5.374447 5.374447 5.374447 0.757533 0.757533 0.757533
7940 5.374447 5.374447 5.374447 0.757533 0.757533 0.757533
7950 5.374447 5.374447 5.374447 0.757533 0.757533 0.757533
7960 5.374447 5.374447 5.374447 0.757533 0.757533 0.757533
7970 5.374447 5.374447 5.374447 0.757533 0.757533 0.757533
7980 5.374447 5.374447 5.374447 0.757533 0.757533 0.757533
7990 5.374447 5.374447 5.374447 0.757533 0.757533 0.757533
8000 5.374447 5.374447 5.374447 0.757533 0.757533 0.757533
8010 5.374447 5.374447 5.374447 0.757533 0.757533 0.757533
8020 5.374447 5.374447 5.374447 0.757533 0.757533 0.757533
8030 5.374447 5.374447 5.374447 0.757533 0.757533 0.757533
8040 5.374447 5.374447 5.374447 0.757533 0.757533 0.757533
8050 5.374447 5.374447 5.374447 0.757533 0.757533 0.757533
8060 5.374447 5.374447 5.374447 0.757533 0.757533 0.757533
8070 5.374447 5.374447 5.374447 0.757533 0.757533 0.757533
8080 5.374447 5.374447 5.374447 0.757533 0.757533 0.757533
8090 5.374447 5.374447 5.374447 0.757533 0.757533 0.757533
8100 5.374447 5.374447 5.374447 0.757533 0.757533 0.757533
8110 5.374447 5.374447 5.374447 0.757533 0.757533 0.757533
8120 5.374447 5.374447 5.374447 0.757533 0.757533 0.757533
8130 5.374447 5.374447 5.374447 0.757533 0.757533 0.757533
8140 5.374447 5.374447 5.374447 0.757533 0.757533 0.757533
8150 5.374447 5.374447 5.374447 0.757533 0.757533 0.757533
8160 5.374447 5.374447 5.374447 0.757533 0.757533 0.757533
8170 5.374447 5.374447 5.374447 0.757533 0.757533 0.757533
8180 5.374447 5.374447 5.374447 0.757533 0.757533 0.757533
8190 5.374447 5.374447 5.374447 0.757533 0.757533 0.757533
8200 5.374447 5.374447 5.374447 0.757533 0.757533 0.757533
8210 5.374447 5.374447 5.374447 0.757533 0.757533 0.757533
8220 5.374447 5.374447 5.374447 0.757533 0.757533 0.757533
8230 5.374447 5.374447 5.374447 0.757533 0.757533 0.757533
8240 5.374447 5.374447 5.374447 0.757533 0.757533 0.757533
8250 5.374447 5.374447 5.374447 0.757533 0.757533 0.757533
8260 5.374447 5.374447 5.374447 0.757533 0.757533 0.757533
8270 5.374447 5.374447 5.374447 0.757533 0.757533 0.757533
8280 5.374447 5.374447 5.374447 0.757533 0.757533 0.757533
8290 5.374447 5.374447 5.374447 0.757533 0.757533 0.757533
8300 5.374447 5.374447 5.374447 0.757533 0.757533 0.757533
8310 5.374447 5.374447 5.374447 0.757533 0.757533 0.757533
8320 5.374447 5.374447 5.374447 0.757533 0.757533 0.757533
8330 5.374447 5.374447 5.374447 0.757533 0.757533 0.757533
8340 5.374447 5.374447 5.374447 0.757533 0.757533 0.757533
8350 5.374447 5.374447 5.374447 0.757533 0.757533 0.757533
8360 5.374447 5.374447 5.374447 0.757533 0.757533 0.757533
8370 5.374447 5.374447 5.374447 0.757533 0.757533 0.757533
8380 5.374447 5.374447 5.374447 0.757533 0.757533 0.757533
8390 5.374447 5.374447 5.374447 0.757533 0.757533 0.757533
8400 5.374447 5.374447 5.374447 0.757533 0.757533 0.757533
8410 5.374447 5.374447 5.374447 0.757533 0.757533 0.757533
8420 5.374447 5.374447 5.374447 0.757533 0.757533 0.757533
8430 5.374447 5.374447 5.374447 0.757533 0.757533 0.757533
8440 5.374447 5.374447 5.374447 0.757533 0.757533 0.757533
8450 5.374447 5.374447 5.374447 0.757533 0.757533 0.757533
8460 5.374447 5.374447 5.374447 0.757533 0.757533 0.757533
8470 5.374447 5.374447 5.374447 0.757533 0.757533 0.757533
8480 5.374447 5.374447 5.374447 0.757533 0.757533 0.757533
8490 5.374447 5.374447 5.374447 0.757533 0.757533 0.757533
8500 5.374447 5.374447 5.374447 0.757533 0.757533 0.757533
8510 5.374447 5.374447 5.374447 0.757533 0.757533 0.757533
8520 5.374447 5.374447 5.374447 0.757533 0.757533 0.757533
8530 5.374447 5.374447 5.374447 0.757533 0.757533 0.757533
8540 5.374447 5.374447 5.374447 0.757533 0.757533 0.757533
8550 5.374447 5.374447 5.374447 0.757533 0.757533 0.757533
8560 5.374447 5.374447 5.374447 0.757533 0.757533 0.757533
8570 5.374447 5.374447 5.374447 0.757533 0.757533 0.757533
8580 5.374447 5.374447 5.374447 0.757533 0.757533 0.757533
8590 5.374447 5.374447 5.374447 0.757533 0.757533 0.757533
8600 5.374447 5.374447 5.374447 0.757533 0.757533 0.757533
8610 5.374447 5.374447 5.374447 0.757533 0.757533 0.757533
8620 5.374447 5.374447 5.374447 0.757533 0.757533 0.757533
8630 5.374447 5.374447 5.374447 0.757533 0.757533 0.757533
8640 5.374447 5.374447 5.374447 0.757533 0.757533 0.757533
8650 5.374447 5.374447 5.374447 0.757533 0.757533 0.757533
8660 5.374447 5.374447 5.374447 0.757533 0.757533 0.757533
8670 5.374447 5.374447 5.374447 0.757533 0.757533 0.757533
8680 5.374447 5.374447 5.374447 0.757533 0.757533 0.757533
8690 5.374447 5.374447 5.374447 0.757533 0.757533 0.757533
8700 5.374447 5.374447 5.374447 0.757533 0.757533 0.757533
8710 5.374447 5.374447 5.374447 0.757533 0.757533 0.757533
8720 5.374447 5.374447 5.374447 0.757533 0.757533 0.757533
8730 5.374447 5.374447 5.374447 0.757533 0.757533 0.757533
8740 5.374447 5.374447 5.374447 0.757533 0.757533 0.757533
8750 5.374447 5.374447 5.374447 0.757533 0.757533 0.757533
8760 5.374447 5.374447 5.374447 0.757533 0.757533 0.757533
8770 5.374447 5.374447 5.374447 0.757533 0.757533 0.757533
8780 5.374447 5.374447 5.374447 0.757533 0.757533 0.757533
8790 5.374447 5.374447 5.374447 0.757533 0.757533 0.757533
8800 5.374447 5.374447 5.374447 0.757533 0.757533 0.757533
8810 5.374447 5.374447 5.374447 0.757533 0.757533 0.757533
8820 5.374447 5.374447 5.374447 0.757533 0.757533 0.757533
8830 5.374447 5.374447 5.374447 0.757533 0.757533 0.757533
8840 5.374447 5.374447 5.374447 0.757533 0.757533 0.757533
8850 5.374447 5.374447 5.374447 0.757533 0.757533 0.757533
8860 5.374447 5.374447 5.374447 0.757533 0.757533 0.757533
8870 5.374447 5.374447 5.374447 0.757533 0.757533 0.757533
8880 5.374447 5.374447 5.374447 0.757533 0.757533 0.757533
8890 5.374447 5.374447 5.374447 0.757533 0.757533 0.757533
8900 5.374447 5.374447 5.374447 0.757533 0.757533 0.757533
8910 5.374447 5.374447 5.374447 0.757533 0.757533 0.757533
8920 5.374447 5.374447 5.374447 0.757533 0.757533 0.757533
8930 5.374447 5.374447 5.374447 0.757533 0.757533 0.757533
8940 5.374447 5.374447 5.374447 0.757533 0.757533 0.757533
8950 5.374447 5.374447 5.374447 0.757533 0.757533 0.757533
8960 5.374447 5.374447 5.374447 0.757533 0.757533 0.757533
8970 5.374447 5.374447 5.374447 0.757533 0.757533 0.757533
8980 5.374447 5.374447 5.374447 0.757533 0.757533 0.757533
8990 5.374447 5.374447 5.374447 0.757533 0.757533 0.757533
9000 5.374447 5.374447 5.374447 0.757533 0.757533 0.757533
9010 5.374447 5.374447 5.374447 0.757533 0.757533 0.757533
9020 5.374447 5.374447 5.374447 0.757533 0.757533 0.757533
9030 5.374447 5.374447 5.374447 0.757533 0.757533 0.757533
9040 5.374447 5.374447 5.374447 0.757533 0.757533 0.757533
9050 5.374447 5.374447 5.374447 0.757533 0.757533 0.757533
9060 5.374447 5.374447 5.374447 0.757533 0.757533 0.757533
9070 5.374447 5.374447 5.374447 0.757533 0.757533 0.757533
9080 5.374447 5.374447 5.374447 0.757533 0.757533 0.757533
9090 5.374447 5.374447 5.374447 0.757533 0.757533 0.757533
9100 5.374447 5.374447 5.374447 0.757533 0.757533 0.757533
9110 5.374447 5.374447 5.374447 0.757533 0.757533 0.757533
9120 5.374447 5.374447 5.374447 0.757533 0.757533 0.757533
9130 5.374447 5.374447 5.374447 0.757533 0.757533 0.757533
9140 5.374447 5.374447 5.374447 0.757533 0.757533 0.757533
9150 5.374447 5.374447 5.374447 0.757533 0.757533 0.757533
9160 5.374447 5.374447 5.374447 0.757533 0.757533 0.757533
9170 5.374447 5.374447 5.374447 0.757533 0.757533 0.757533
9180 5.374447 5.374447 5.374447 0.757533 0.757533 0.757533
9190 5.374447 5.374447 5.374447 0.757533 0.757533 0.757533
9200 5.374447 5.374447 5.374447 0.757533 0.757533 0.757533
9210 5.374447 5.374447 5.374447 0.757533 0.757533 0.757533
9220 5.374447 5.374447 5.374447 0.757533 0.757533 0.757533
9230 5.374447 5.374447 5.374447 0.757533 0.757533 0.757533
9240 5.374447 5.374447 5.374447 0.757533 0.757533 0.757533
9250 5.374447 5.374447 5.374447 0.757533 0.757533 0.757533
9260 5.374447 5.374447 5.374447 0.757533 0.757533 0.757533
9270 5.374447 5.374447 5.374447 0.757533 0.757533 0.757533
9280 5.374447 5.374447 5.374447 0.757533 0.757533 0.757533
9290 5.374447 5.374447 5.374447 0.757533 0.757533 0.757533
9300 5.374447 5.374447 5.374447 0.757533 0.757533 0.757533
9310 5.374447 5.374447 5.374447 0.757533 0.757533 0.757533
9320 5.374447 5.374447 5.374447 0.757533 0.757533 0.757533
9330 5.374447 5.374447 5.374447 0.757533 0.757533 0.757533
9340 5.374447 5.374447 5.374447 0.757533 0.757533 0.757533
9350 5.374447 5.374447 5.374447 0.757533 0.757533 0.757533
9360 5.374447 5.374447 5.374447 0.757533 0.757533 0.757533
9370 5.374447 5.374447 5.374447 0.757533 0.757533 0.757533
9380 5.374447 5.374447 5.374447 0.757533 0.757533 0.757533
9390 5.374447 5.374447 5.374447 0.757533 0.757533 0.757533
9400 5.374447 5.374447 5.374447 0.757533 0.757533 0.757533
9410 5.374447 5.374447 5.374447 0.757533 0.757533 0.757533
9420 5.374447 5.374447 5.374447 0.757533 0.757533 0.757533
9430 5.374447 5.374447 5.374447 0.757533 0.757533 0.757533
9440 5.374447 5.374447 5.374447 0.757533 0.757533 0.757533
9450 5.374447 5.374447 5.374447 0.757533 0.757533 0.757533
9460 5.374447 5.374447 5.374447 0.757533 0.757533 0.757533
9470 5.374447 5.374447 5.374447 0.757533 0.757533 0.757533
9480 5.374447 5.374447 5.374447 0.757533 0.757533 0.757533
9490 5.374447 5.374447 5.374447 0.757533 0.757533 0.757533
9500 5.374447 5.374447 5.374447 0.757533 0.757533 0.757533
9510 5.374447 5.374447 5.374447 0.757533 0.757533 0.757533
9520 5.374447 5.374447 5.374447 0.757533 0.757533 0.757533
9530 5.374447 5.374447 5.374447 0.757533 0.757533 0.757533
9540 5.374447 5.374447 5.374447 0.757533 0.757533 0.757533
9550 5.374447 5.374447 5.374447 0.757533 0.757533 0.757533
9560 5.374447 5.374447 5.374447 0.757533 0.757533 0.757533
9570 5.374447 5.374447 5.374447 0.757533 0.757533 0.757533
9580 5.374447 5.374447 5.374447 0.757533 0.757533 0.757533
9590 5.374447 5.374447 5.374447 0.757533 0.757533 0.757533
9600 5.374447 5.374447 5.374447 0.757533 0.757533 0.757533
9610 5.374447 5.374447 5.374447 0.757533 0.757533 0.757533
9620 5.374447 5.374447 5.374447 0.757533 0.757533 0.757533
9630 5.374447 5.374447 5.374447 0.757533 0.757533 0.757533
9640 5.374447 5.374447 5.374447 0.757533 0.757533 0.757533
9650 5.374447 5.374447 5.374447 0.757533 0.757533 0.757533
9660 5.374447 5.374447 5.374447 0.757533 0.757533 0.757533
9670 5.374447 5.374447 5.374447 0.757533 0.757533 0.757533
9680 5.374447 5.374447 5.374447 0.757533 0.757533 0.757533
9690 5.374447 5.374447 5.374447 0.757533 0.757533 0.757533
9700 5.374447 5.374447 5.374447 0.757533 0.757533 0.757533
9710 5.374447 5.374447 5.374447 0.757533 0.757533 0.757533
9720 5.374447 5.374447 5.374447 0.757533 0.757533 0.757533
9730 5.374447 5.374447 5.374447 0.757533 0.757533 0.757533
9740 5.374447 5.374447 5.374447 0.757533 0.757533 0.757533
9750 5.374447 5.374447 5.374447 0.757533 0.757533 0.757533
9760 5.374447 5.374447 5.374447 0.757533 0.757533 0.757533
9770 5.374447 5.374447 5.374447 0.757533 0.757533 0.757533
9780 5.374447 5.374447 5.374447 0.757533 0.757533 0.757533
9790 5.374447 5.374447 5.374447 0.757533 0.757533 0.757533
9800 5.374447 5.374447 5.374447 0.757533 0.757533 0.757533
9810 5.374447 5.374447 5.374447 0.757533 0.757533 0.757533
9820 5.374447 5.374447 5.374447 0.757533 0.757533 0.757533
9830 5.374447 5.374447 5.374447 0.757533 0.757533 0.757533
9840 5.374447 5.374447 5.374447 0.757533 0.757533 0.757533
9850 5.374447 5.374447 5.374447 0.757533 0.757533 0.757533
9860 5.374447 5.374447 5.374447 0.757533 0.757533 0.757533
9870 5.374447 5.374447 5.374447 0.757533 0.757533 0.757533
9880 5.374447 5.374447 5.374447 0.757533 0.757533 0.757533
9890 5.374447 5.374447 5.374447 0.757533 0.757533 0.757533
9900 5.374447 5.374447 5.374447 0.757533 0.757533 0.757533
9910 5.374447 5.374447 5.374447 0.757533 0.757533 0.757533
9920 5.374447 5.374447 5.374447 0.757533 0.757533 0.757533
9930 5.374447 5.374447 5.374447 0.757533 0.757533 0.757533
9940 5.374447 5.374447 5.374447 0.757533 0.757533 0.757533
9950 5.374447 5.374447 5.374447 0.757533 0.757533 0.757533
9960 5.374447 5.374447 5.374447 0.757533 0.757533 0.757533
9970 5.374447 5.374447 5.374447 0.757533 0.757533 0.757533
9980 5.374447 5.374447 5.374447 0.757533 0.757533 0.757533
9990 5.374447 5.374447 5.374447 0.757533 0.757533 0.757533
10000 5.374447 5.374447 5.374447 0.757533 0.757533 0.757533
