# generation power_min power_avg power_max util_min util_avg util_max
1 30.191716 30.191716 30.191716 1.468464 1.491518 1.499837
10 30.100164 30.100164 30.100164 1.284696 1.484844 1.499837
20 30.100164 30.100164 30.100164 1.284696 1.478256 1.499837
30 30.777952 30.777952 30.777952 1.241642 1.465720 1.499837
40 30.777952 30.777952 30.777952 1.214818 1.453256 1.499837
50 33.085448 33.085448 33.085448 1.022633 1.429848 1.499585
60 33.085448 33.085448 33.085448 1.022633 1.415101 1.499585
70 33.085448 33.085448 33.085448 1.022633 1.393343 1.499585
80 33.085448 33.085448 33.085448 1.022633 1.365480 1.499585
90 33.085448 33.085448 33.085448 1.022633 1.339518 1.497019
100 33.085448 33.085448 33.085448 1.022633 1.306180 1.489853
110 33.430714 33.314796 33.430714 0.952848 1.270762 1.463418
120 33.430714 33.064575 33.430714 0.952848 1.236036 1.452036
130 33.430714 33.015747 33.430714 0.952848 1.203017 1.408748
140 33.430714 33.025964 33.430714 0.948767 1.171571 1.373598
150 33.430714 33.022558 33.430714 0.948767 1.143851 1.317242
160 34.285842 33.108104 34.285842 0.888766 1.116563 1.273085
170 34.285842 33.043995 34.285842 0.888766 1.092124 1.245514
180 34.285842 33.048078 34.285842 0.888766 1.070239 1.230370
190 34.285842 32.983562 34.285842 0.888766 1.048733 1.191573
200 34.285842 32.974438 34.285842 0.888766 1.029984 1.181162
210 34.285842 32.943371 34.285842 0.888766 1.013280 1.131611
220 34.285842 32.862479 34.285842 0.888766 1.001151 1.077594
230 34.285842 32.820994 34.285842 0.888766 0.993731 1.054019
240 33.639849 32.756915 33.639849 0.933063 0.989425 1.040451
250 33.639849 32.730035 33.639849 0.933063 0.985255 1.030175
260 33.278555 32.673220 33.278555 0.933063 0.983978 1.030175
270 33.141228 32.573897 33.141228 0.933063 0.986125 1.030175
280 31.500948 32.453471 32.995317 0.933063 0.987233 1.010803
290 31.500948 32.365590 32.918312 0.933063 0.987548 1.010803
300 31.409937 32.262717 32.767729 0.933063 0.987703 1.010803
310 31.409937 32.178801 32.663745 0.933063 0.988379 1.010803
320 31.409937 32.086917 32.538331 0.933063 0.989213 1.010803
330 32.467352 32.031833 32.467352 0.933063 0.987975 1.011444
340 32.321829 31.953081 32.321829 0.938969 0.988493 1.011444
350 32.231378 31.877243 32.231378 0.938969 0.987438 1.011444
360 32.142708 31.817573 32.142708 0.946669 0.986862 1.011444
370 32.100573 31.745604 32.100573 0.946669 0.986520 1.011444
380 31.038853 31.677073 32.046671 0.946669 0.984980 1.011444
390 31.038853 31.617143 31.970746 0.946669 0.985122 1.011444
400 31.924014 31.554970 31.924014 0.946669 0.985111 1.011444
410 30.883140 31.502936 31.885763 0.946669 0.985456 1.011444
420 31.779857 31.453592 31.779857 0.920817 0.985943 1.011444
430 31.704410 31.385696 31.704410 0.920817 0.986852 1.012731
440 31.688580 31.300265 31.688580 0.920817 0.989403 1.012731
450 31.612842 31.238843 31.612842 0.956435 0.990894 1.012731
460 31.501089 31.186417 31.501089 0.956435 0.991682 1.012731
470 31.456872 31.134519 31.456872 0.956435 0.992179 1.012731
480 31.389718 31.093981 31.389718 0.956435 0.992612 1.012731
490 30.642373 31.049387 31.323700 0.956435 0.993399 1.007136
500 31.213962 30.989044 31.213962 0.964983 0.994662 1.007136
510 31.174073 30.936704 31.174073 0.964983 0.994820 1.007136
520 31.098771 30.890340 31.098771 0.964983 0.995236 1.007136
530 31.072596 30.851798 31.072596 0.964983 0.995504 1.007136
540 31.033416 30.815839 31.033416 0.969803 0.996145 1.005468
550 30.994251 30.773962 30.994251 0.969803 0.996335 1.005468
560 30.947780 30.734218 30.947780 0.969803 0.996513 1.005468
570 30.883140 30.693143 30.883140 0.976165 0.996908 1.005035
580 30.410613 30.667321 30.847355 0.976165 0.996557 1.005035
590 30.410613 30.649461 30.822985 0.976165 0.996395 1.005035
600 30.295744 30.621005 30.796744 0.976165 0.996031 1.005035
610 30.249819 30.582262 30.756490 0.981264 0.996198 1.005035
620 30.249819 30.549806 30.720826 0.981264 0.996285 1.003935
630 30.679346 30.521556 30.679346 0.979624 0.996295 1.003935
640 30.166843 30.487308 30.646475 0.979624 0.996434 1.003935
650 30.166843 30.453909 30.627298 0.979624 0.996455 1.003935
660 30.166843 30.432242 30.609018 0.979624 0.995973 1.003456
670 30.572276 30.402226 30.572276 0.979624 0.996467 1.003691
680 30.496809 30.374250 30.496809 0.979624 0.996738 1.003691
690 30.479934 30.359082 30.479934 0.979624 0.996711 1.003691
700 30.470472 30.335600 30.470472 0.979624 0.997318 1.003691
710 30.432891 30.319649 30.432891 0.979624 0.997645 1.003691
720 30.413219 30.293407 30.413219 0.982671 0.997986 1.003691
730 30.404834 30.264603 30.404834 0.982671 0.998322 1.003691
740 30.391055 30.240272 30.391055 0.984991 0.998281 1.003456
750 30.356402 30.224927 30.356402 0.988191 0.998528 1.003456
760 30.312779 30.207646 30.312779 0.990197 0.998746 1.002006
770 30.279332 30.193282 30.279332 0.993848 0.998812 1.002006
780 30.273465 30.186555 30.273465 0.994769 0.998741 1.002006
790 30.230847 30.176058 30.230847 0.994769 0.998869 1.002006
800 30.215919 30.171750 30.215919 0.994769 0.998711 1.001754
810 30.203788 30.169481 30.203788 0.994769 0.998651 1.001754
820 30.094272 30.165370 30.170136 0.998560 0.998854 1.001754
830 30.094272 30.165366 30.166843 0.998560 0.998783 1.001141
840 30.094272 30.165366 30.166843 0.998560 0.998783 1.001141
850 30.094272 30.165349 30.166843 0.998560 0.998809 1.001141
860 30.094272 30.165316 30.166843 0.998560 0.998861 1.001141
870 30.094272 30.165298 30.166843 0.998560 0.998887 1.001141
880 30.094272 30.164446 30.166843 0.998560 0.998924 1.001141
890 30.094272 30.164300 30.166843 0.998560 0.999053 1.001141
900 30.094272 30.164236 30.166843 0.998560 0.999105 1.001141
910 30.094272 30.164169 30.166843 0.998560 0.999156 1.001141
920 30.094272 30.163946 30.166843 0.998560 0.999311 1.001141
930 30.094272 30.163683 30.166843 0.998560 0.999466 1.001141
940 30.094272 30.163367 30.166843 0.998560 0.999621 1.001141
950 30.094272 30.162672 30.166843 0.998560 0.999879 1.001141
960 30.094272 30.161629 30.166843 0.998560 1.000137 1.001141
970 30.094272 30.159891 30.166843 0.998560 1.000395 1.001141
980 30.094272 30.156414 30.166843 0.998560 1.000653 1.001141
990 30.094272 30.141284 30.166843 0.998560 1.000897 1.001141
1000 30.094272 30.096648 30.103775 0.999020 1.001077 1.001141
1010 30.094272 30.096648 30.103775 0.999020 1.001077 1.001141
1020 30.094272 30.096648 30.103775 0.999020 1.001077 1.001141
1030 30.094272 30.096648 30.103775 0.999020 1.001077 1.001141
1040 30.094272 30.096648 30.103775 0.999020 1.001077 1.001141
1050 30.094272 30.096648 30.103775 0.999020 1.001077 1.001141
1060 30.094272 30.096648 30.103775 0.999020 1.001077 1.001141
1070 30.094272 30.096648 30.103775 0.999020 1.001077 1.001141
1080 30.094272 30.096648 30.103775 0.999020 1.001077 1.001141
1090 30.094272 30.095856 30.103775 0.999020 1.001049 1.001141
1100 30.094272 30.095856 30.103775 0.999020 1.001049 1.001141
1110 30.094272 30.095630 30.103775 0.999020 1.001034 1.001141
1120 30.094272 30.095460 30.103775 0.999020 1.001020 1.001141
1130 30.094272 30.095460 30.103775 0.999020 1.001020 1.001141
1140 30.094272 30.095223 30.103775 0.999020 1.000992 1.001141
1150 30.094272 30.095136 30.103775 0.999020 1.000977 1.001141
1160 30.094272 30.095064 30.103775 0.999020 1.000963 1.001141
1170 30.094272 30.094951 30.103775 0.999020 1.000935 1.001141
1180 30.094272 30.094800 30.103775 0.999020 1.000878 1.001141
1190 30.094272 30.094748 30.103775 0.999020 1.000849 1.001141
1200 30.094272 30.094704 30.103775 0.999020 1.000821 1.001141
1210 30.094272 30.094638 30.103775 0.999020 1.000764 1.001141
1220 30.094272 30.094589 30.103775 0.999020 1.000707 1.001141
1230 30.094272 30.094536 30.103775 0.999020 1.000621 1.001141
1240 30.094272 30.094484 30.103775 0.999020 1.000493 1.001141
1250 30.094272 30.094445 30.103775 0.999020 1.000351 1.001141
1260 30.094272 30.094419 30.103775 0.999020 1.000208 1.001141
1270 30.094272 30.094399 30.103775 0.999020 1.000066 1.001141
1280 30.094272 30.094384 30.103775 0.999020 0.999923 1.001141
1290 30.094272 30.094372 30.103775 0.999020 0.999781 1.001141
1300 30.094272 30.094272 30.094272 0.999717 0.999717 0.999717
1310 30.094272 30.094272 30.094272 0.999717 0.999717 0.999717
1320 30.094272 30.094272 30.094272 0.999717 0.999717 0.999717
1330 30.094272 30.094272 30.094272 0.999717 0.999717 0.999717
1340 30.094272 30.094272 30.094272 0.999717 0.999717 0.999717
1350 30.094272 30.094272 30.094272 0.999717 0.999717 0.999717
1360 30.094272 30.094272 30.094272 0.999717 0.999717 0.999717
1370 30.094272 30.094272 30.094272 0.999717 0.999717 0.999717
1380 30.094272 30.094272 30.094272 0.999717 0.999717 0.999717
1390 30.094272 30.094272 30.094272 0.999717 0.999717 0.999717
1400 30.094272 30.094272 30.094272 0.999717 0.999717 0.999717
1410 30.094272 30.094272 30.094272 0.999717 0.999717 0.999717
1420 30.094272 30.094272 30.094272 0.999717 0.999717 0.999717
1430 30.094272 30.094272 30.094272 0.999717 0.999717 0.999717
1440 30.094272 30.094272 30.094272 0.999717 0.999717 0.999717
1450 30.094272 30.094272 30.094272 0.999717 0.999717 0.999717
1460 30.094272 30.094272 30.094272 0.999717 0.999717 0.999717
1470 30.094272 30.094272 30.094272 0.999717 0.999717 0.999717
1480 30.094272 30.094272 30.094272 0.999717 0.999717 0.999717
1490 30.094272 30.094272 30.094272 0.999717 0.999717 0.999717
1500 30.094272 30.094272 30.094272 0.999717 0.999717 0.999717
1510 30.094272 30.094272 30.094272 0.999717 0.999717 0.999717
1520 30.094272 30.094272 30.094272 0.999717 0.999717 0.999717
1530 30.094272 30.094272 30.094272 0.999717 0.999717 0.999717
1540 30.094272 30.094272 30.094272 0.999717 0.999717 0.999717
1550 30.094272 30.094272 30.094272 0.999717 0.999717 0.999717
1560 30.094272 30.094272 30.094272 0.999717 0.999717 0.999717
1570 30.094272 30.094272 30.094272 0.999717 0.999717 0.999717
1580 30.094272 30.094272 30.094272 0.999717 0.999717 0.999717
1590 30.094272 30.094272 30.094272 0.999717 0.999717 0.999717
1600 30.094272 30.094272 30.094272 0.999717 0.999717 0.999717
1610 30.094272 30.094272 30.094272 0.999717 0.999717 0.999717
1620 30.094272 30.094272 30.094272 0.999717 0.999717 0.999717
1630 30.094272 30.094272 30.094272 0.999717 0.999717 0.999717
1640 30.094272 30.094272 30.094272 0.999717 0.999717 0.999717
1650 30.094272 30.094272 30.094272 0.999717 0.999717 0.999717
1660 30.094272 30.094272 30.094272 0.999717 0.999717 0.999717
1670 30.094272 30.094272 30.094272 0.999717 0.999717 0.999717
1680 30.094272 30.094272 30.094272 0.999717 0.999717 0.999717
1690 30.094272 30.094272 30.094272 0.999717 0.999717 0.999717
1700 30.094272 30.094272 30.094272 0.999717 0.999717 0.999717
1710 30.094272 30.094272 30.094272 0.999717 0.999717 0.999717
1720 30.094272 30.094272 30.094272 0.999717 0.999717 0.999717
1730 30.094272 30.094272 30.094272 0.999717 0.999717 0.999717
1740 30.094272 30.094272 30.094272 0.999717 0.999717 0.999717
1750 30.094272 30.094272 30.094272 0.999717 0.999717 0.999717
1760 30.094272 30.094272 30.094272 0.999717 0.999717 0.999717
1770 30.094272 30.094272 30.094272 0.999717 0.999717 0.999717
1780 30.094272 30.094272 30.094272 0.999717 0.999717 0.999717
1790 30.094272 30.094272 30.094272 0.999717 0.999717 0.999717
1800 30.094272 30.094272 30.094272 0.999717 0.999717 0.999717
1810 30.094272 30.094272 30.094272 0.999717 0.999717 0.999717
1820 30.094272 30.094272 30.094272 0.999717 0.999717 0.999717
1830 30.094272 30.094272 30.094272 0.999717 0.999717 0.999717
1840 30.094272 30.094272 30.094272 0.999717 0.999717 0.999717
1850 30.094272 30.094272 30.094272 0.999717 0.999717 0.999717
1860 30.094272 30.094272 30.094272 0.999717 0.999717 0.999717
1870 30.094272 30.094272 30.094272 0.999717 0.999717 0.999717
1880 30.094272 30.094272 30.094272 0.999717 0.999717 0.999717
1890 30.094272 30.094272 30.094272 0.999717 0.999717 0.999717
1900 30.094272 30.094272 30.094272 0.999717 0.999717 0.999717
1910 30.094272 30.094272 30.094272 0.999717 0.999717 0.999717
1920 30.094272 30.094272 30.094272 0.999717 0.999717 0.999717
1930 30.094272 30.094272 30.094272 0.999717 0.999717 0.999717
1940 30.094272 30.094272 30.094272 0.999717 0.999717 0.999717
1950 30.094272 30.094272 30.094272 0.999717 0.999717 0.999717
1960 30.094272 30.094272 30.094272 0.999717 0.999717 0.999717
1970 30.094272 30.094272 30.094272 0.999717 0.999717 0.999717
1980 30.094272 30.094272 30.094272 0.999717 0.999717 0.999717
1990 30.094272 30.094272 30.094272 0.999717 0.999717 0.999717
2000 30.094272 30.094272 30.094272 0.999717 0.999717 0.999717
2010 30.094272 30.094272 30.094272 0.999717 0.999717 0.999717
2020 30.094272 30.094272 30.094272 0.999717 0.999717 0.999717
2030 30.094272 30.094272 30.094272 0.999717 0.999717 0.999717
2040 30.094272 30.094272 30.094272 0.999717 0.999717 0.999717
2050 30.094272 30.094272 30.094272 0.999717 0.999717 0.999717
2060 30.094272 30.094272 30.094272 0.999717 0.999717 0.999717
2070 30.094272 30.094272 30.094272 0.999717 0.999717 0.999717
2080 30.094272 30.094272 30.094272 0.999717 0.999717 0.999717
2090 30.094272 30.094272 30.094272 0.999717 0.999717 0.999717
2100 30.094272 30.094272 30.094272 0.999717 0.999717 0.999717
2110 30.094272 30.094272 30.094272 0.999717 0.999717 0.999717
2120 30.094272 30.094272 30.094272 0.999717 0.999717 0.999717
2130 30.094272 30.094272 30.094272 0.999717 0.999717 0.999717
2140 30.094272 30.094272 30.094272 0.999717 0.999717 0.999717
2150 30.094272 30.094272 30.094272 0.999717 0.999717 0.999717
2160 30.094272 30.094272 30.094272 0.999717 0.999717 0.999717
2170 30.094272 30.094272 30.094272 0.999717 0.999717 0.999717
2180 30.094272 30.094272 30.094272 0.999717 0.999717 0.999717
2190 30.094272 30.094272 30.094272 0.999717 0.999717 0.999717
2200 30.094272 30.094272 30.094272 0.999717 0.999717 0.999717
2210 30.094272 30.094272 30.094272 0.999717 0.999717 0.999717
2220 30.094272 30.094272 30.094272 0.999717 0.999717 0.999717
2230 30.094272 30.094272 30.094272 0.999717 0.999717 0.999717
2240 30.094272 30.094272 30.094272 0.999717 0.999717 0.999717
2250 30.094272 30.094272 30.094272 0.999717 0.999717 0.999717
2260 30.094272 30.094272 30.094272 0.999717 0.999717 0.999717
2270 30.094272 30.094272 30.094272 0.999717 0.999717 0.999717
2280 30.094272 30.094272 30.094272 0.999717 0.999717 0.999717
2290 30.094272 30.094272 30.094272 0.999717 0.999717 0.999717
2300 30.094272 30.094272 30.094272 0.999717 0.999717 0.999717
2310 30.094272 30.094272 30.094272 0.999717 0.999717 0.999717
2320 30.094272 30.094272 30.094272 0.999717 0.999717 0.999717
2330 30.094272 30.094272 30.094272 0.999717 0.999717 0.999717
2340 30.094272 30.094272 30.094272 0.999717 0.999717 0.999717
2350 30.094272 30.094272 30.094272 0.999717 0.999717 0.999717
2360 30.094272 30.094272 30.094272 0.999717 0.999717 0.999717
2370 30.094272 30.094272 30.094272 0.999717 0.999717 0.999717
2380 30.094272 30.094272 30.094272 0.999717 0.999717 0.999717
2390 30.094272 30.094272 30.094272 0.999717 0.999717 0.999717
2400 30.094272 30.094272 30.094272 0.999717 0.999717 0.999717
2410 30.094272 30.094272 30.094272 0.999717 0.999717 0.999717
2420 30.094272 30.094272 30.094272 0.999717 0.999717 0.999717
2430 30.094272 30.094272 30.094272 0.999717 0.999717 0.999717
2440 30.094272 30.094272 30.094272 0.999717 0.999717 0.999717
2450 30.094272 30.094272 30.094272 0.999717 0.999717 0.999717
2460 30.094272 30.094272 30.094272 0.999717 0.999717 0.999717
2470 30.094272 30.094272 30.094272 0.999717 0.999717 0.999717
2480 30.094272 30.094272 30.094272 0.999717 0.999717 0.999717
2490 30.094272 30.094272 30.094272 0.999717 0.999717 0.999717
2500 30.094272 30.094272 30.094272 0.999717 0.999717 0.999717
2510 30.094272 30.094272 30.094272 0.999717 0.999717 0.999717
2520 30.094272 30.094272 30.094272 0.999717 0.999717 0.999717
2530 30.094272 30.094272 30.094272 0.999717 0.999717 0.999717
2540 30.094272 30.094272 30.094272 0.999717 0.999717 0.999717
2550 30.094272 30.094272 30.094272 0.999717 0.999717 0.999717
2560 30.094272 30.094272 30.094272 0.999717 0.999717 0.999717
2570 30.094272 30.094272 30.094272 0.999717 0.999717 0.999717
2580 30.094272 30.094272 30.094272 0.999717 0.999717 0.999717
2590 30.094272 30.094272 30.094272 0.999717 0.999717 0.999717
2600 30.094272 30.094272 30.094272 0.999717 0.999717 0.999717
2610 30.094272 30.094272 30.094272 0.999717 0.999717 0.999717
2620 30.094272 30.094272 30.094272 0.999717 0.999717 0.999717
2630 30.094272 30.094272 30.094272 0.999717 0.999717 0.999717
2640 30.094272 30.094272 30.094272 0.999717 0.999717 0.999717
2650 30.094272 30.094272 30.094272 0.999717 0.999717 0.999717
2660 30.094272 30.094272 30.094272 0.999717 0.999717 0.999717
2670 30.094272 30.094272 30.094272 0.999717 0.999717 0.999717
2680 30.094272 30.094272 30.094272 0.999717 0.999717 0.999717
2690 30.094272 30.094272 30.094272 0.999717 0.999717 0.999717
2700 30.094272 30.094272 30.094272 0.999717 0.999717 0.999717
2710 30.094272 30.094272 30.094272 0.999717 0.999717 0.999717
2720 30.094272 30.094272 30.094272 0.999717 0.999717 0.999717
2730 30.094272 30.094272 30.094272 0.999717 0.999717 0.999717
2740 30.094272 30.094272 30.094272 0.999717 0.999717 0.999717
2750 30.094272 30.094272 30.094272 0.999717 0.999717 0.999717
2760 30.094272 30.094272 30.094272 0.999717 0.999717 0.999717
2770 30.094272 30.094272 30.094272 0.999717 0.999717 0.999717
2780 30.094272 30.094272 30.094272 0.999717 0.999717 0.999717
2790 30.094272 30.094272 30.094272 0.999717 0.999717 0.999717
2800 30.094272 30.094272 30.094272 0.999717 0.999717 0.999717
2810 30.094272 30.094272 30.094272 0.999717 0.999717 0.999717
2820 30.094272 30.094272 30.094272 0.999717 0.999717 0.999717
2830 30.094272 30.094272 30.094272 0.999717 0.999717 0.999717
2840 30.094272 30.094272 30.094272 0.999717 0.999717 0.999717
2850 30.094272 30.094272 30.094272 0.999717 0.999717 0.999717
2860 30.094272 30.094272 30.094272 0.999717 0.999717 0.999717
2870 30.094272 30.094272 30.094272 0.999717 0.999717 0.999717
2880 30.094272 30.094272 30.094272 0.999717 0.999717 0.999717
2890 30.094272 30.094272 30.094272 0.999717 0.999717 0.999717
2900 30.094272 30.094272 30.094272 0.999717 0.999717 0.999717
2910 30.094272 30.094272 30.094272 0.999717 0.999717 0.999717
2920 30.094272 30.094272 30.094272 0.999717 0.999717 0.999717
2930 30.094272 30.094272 30.094272 0.999717 0.999717 0.999717
2940 30.094272 30.094272 30.094272 0.999717 0.999717 0.999717
2950 30.094272 30.094272 30.094272 0.999717 0.999717 0.999717
2960 30.094272 30.094272 30.094272 0.999717 0.999717 0.999717
2970 30.094272 30.094272 30.094272 0.999717 0.999717 0.999717
2980 30.094272 30.094272 30.094272 0.999717 0.999717 0.999717
2990 30.094272 30.094272 30.094272 0.999717 0.999717 0.999717
3000 30.094272 30.094272 30.094272 0.999717 0.999717 0.999717
3010 30.094272 30.094272 30.094272 0.999717 0.999717 0.999717
3020 30.094272 30.094272 30.094272 0.999717 0.999717 0.999717
3030 30.094272 30.094272 30.094272 0.999717 0.999717 0.999717
3040 30.094272 30.094272 30.094272 0.999717 0.999717 0.999717
3050 30.094272 30.094272 30.094272 0.999717 0.999717 0.999717
3060 30.094272 30.094272 30.094272 0.999717 0.999717 0.999717
3070 30.094272 30.094272 30.094272 0.999717 0.999717 0.999717
3080 30.094272 30.094272 30.094272 0.999717 0.999717 0.999717
3090 30.094272 30.094272 30.094272 0.999717 0.999717 0.999717
3100 30.094272 30.094272 30.094272 0.999717 0.999717 0.999717
3110 30.094272 30.094272 30.094272 0.999717 0.999717 0.999717
3120 30.094272 30.094272 30.094272 0.999717 0.999717 0.999717
3130 30.094272 30.094272 30.094272 0.999717 0.999717 0.999717
3140 30.094272 30.094272 30.094272 0.999717 0.999717 0.999717
3150 30.094272 30.094272 30.094272 0.999717 0.999717 0.999717
3160 30.094272 30.094272 30.094272 0.999717 0.999717 0.999717
3170 30.094272 30.094272 30.094272 0.999717 0.999717 0.999717
3180 30.094272 30.094272 30.094272 0.999717 0.999717 0.999717
3190 30.094272 30.094272 30.094272 0.999717 0.999717 0.999717
3200 30.094272 30.094272 30.094272 0.999717 0.999717 0.999717
3210 30.094272 30.094272 30.094272 0.999717 0.999717 0.999717
3220 30.094272 30.094272 30.094272 0.999717 0.999717 0.999717
3230 30.094272 30.094272 30.094272 0.999717 0.999717 0.999717
3240 30.094272 30.094272 30.094272 0.999717 0.999717 0.999717
3250 30.094272 30.094272 30.094272 0.999717 0.999717 0.999717
3260 30.094272 30.094272 30.094272 0.999717 0.999717 0.999717
3270 30.094272 30.094272 30.094272 0.999717 0.999717 0.999717
3280 30.094272 30.094272 30.094272 0.999717 0.999717 0.999717
3290 30.094272 30.094272 30.094272 0.999717 0.999717 0.999717
3300 30.094272 30.094272 30.094272 0.999717 0.999717 0.999717
3310 30.094272 30.094272 30.094272 0.999717 0.999717 0.999717
3320 30.094272 30.094272 30.094272 0.999717 0.999717 0.999717
3330 30.094272 30.094272 30.094272 0.999717 0.999717 0.999717
3340 30.094272 30.094272 30.094272 0.999717 0.999717 0.999717
3350 30.094272 30.094272 30.094272 0.999717 0.999717 0.999717
3360 30.094272 30.094272 30.094272 0.999717 0.999717 0.999717
3370 30.094272 30.094272 30.094272 0.999717 0.999717 0.999717
3380 30.094272 30.094272 30.094272 0.999717 0.999717 0.999717
3390 30.094272 30.094272 30.094272 0.999717 0.999717 0.999717
3400 30.094272 30.094272 30.094272 0.999717 0.999717 0.999717
3410 30.094272 30.094272 30.094272 0.999717 0.999717 0.999717
3420 30.094272 30.094272 30.094272 0.999717 0.999717 0.999717
3430 30.094272 30.094272 30.094272 0.999717 0.999717 0.999717
3440 30.094272 30.094272 30.094272 0.999717 0.999717 0.999717
3450 30.094272 30.094272 30.094272 0.999717 0.999717 0.999717
3460 30.094272 30.094272 30.094272 0.999717 0.999717 0.999717
3470 30.094272 30.094272 30.094272 0.999717 0.999717 0.999717
3480 30.094272 30.094272 30.094272 0.999717 0.999717 0.999717
3490 30.094272 30.094272 30.094272 0.999717 0.999717 0.999717
3500 30.094272 30.094272 30.094272 0.999717 0.999717 0.999717
3510 30.094272 30.094272 30.094272 0.999717 0.999717 0.999717
3520 30.094272 30.094272 30.094272 0.999717 0.999717 0.999717
3530 30.094272 30.094272 30.094272 0.999717 0.999717 0.999717
3540 30.094272 30.094272 30.094272 0.999717 0.999717 0.999717
3550 30.094272 30.094272 30.094272 0.999717 0.999717 0.999717
3560 30.094272 30.094272 30.094272 0.999717 0.999717 0.999717
3570 30.094272 30.094272 30.094272 0.999717 0.999717 0.999717
3580 30.094272 30.094272 30.094272 0.999717 0.999717 0.999717
3590 30.094272 30.094272 30.094272 0.999717 0.999717 0.999717
3600 30.094272 30.094272 30.094272 0.999717 0.999717 0.999717
3610 30.094272 30.094272 30.094272 0.999717 0.999717 0.999717
3620 30.094272 30.094272 30.094272 0.999717 0.999717 0.999717
3630 30.094272 30.094272 30.094272 0.999717 0.999717 0.999717
3640 30.094272 30.094272 30.094272 0.999717 0.999717 0.999717
3650 30.094272 30.094272 30.094272 0.999717 0.999717 0.999717
3660 30.094272 30.094272 30.094272 0.999717 0.999717 0.999717
3670 30.094272 30.094272 30.094272 0.999717 0.999717 0.999717
3680 30.094272 30.094272 30.094272 0.999717 0.999717 0.999717
3690 30.094272 30.094272 30.094272 0.999717 0.999717 0.999717
3700 30.094272 30.094272 30.094272 0.999717 0.999717 0.999717
3710 30.094272 30.094272 30.094272 0.999717 0.999717 0.999717
3720 30.094272 30.094272 30.094272 0.999717 0.999717 0.999717
3730 30.094272 30.094272 30.094272 0.999717 0.999717 0.999717
3740 30.094272 30.094272 30.094272 0.999717 0.999717 0.999717
3750 30.094272 30.094272 30.094272 0.999717 0.999717 0.999717
3760 30.094272 30.094272 30.094272 0.999717 0.999717 0.999717
3770 30.094272 30.094272 30.094272 0.999717 0.999717 0.999717
3780 30.094272 30.094272 30.094272 0.999717 0.999717 0.999717
3790 30.094272 30.094272 30.094272 0.999717 0.999717 0.999717
3800 30.094272 30.094272 30.094272 0.999717 0.999717 0.999717
3810 30.094272 30.094272 30.094272 0.999717 0.999717 0.999717
3820 30.094272 30.094272 30.094272 0.999717 0.999717 0.999717
3830 30.094272 30.094272 30.094272 0.999717 0.999717 0.999717
3840 30.094272 30.094272 30.094272 0.999717 0.999717 0.999717
3850 30.094272 30.094272 30.094272 0.999717 0.999717 0.999717
3860 30.094272 30.094272 30.094272 0.999717 0.999717 0.999717
3870 30.094272 30.094272 30.094272 0.999717 0.999717 0.999717
3880 30.094272 30.094272 30.094272 0.999717 0.999717 0.999717
3890 30.094272 30.094272 30.094272 0.999717 0.999717 0.999717
3900 30.094272 30.094272 30.094272 0.999717 0.999717 0.999717
3910 30.094272 30.094272 30.094272 0.999717 0.999717 0.999717
3920 30.094272 30.094272 30.094272 0.999717 0.999717 0.999717
3930 30.094272 30.094272 30.094272 0.999717 0.999717 0.999717
3940 30.094272 30.094272 30.094272 0.999717 0.999717 0.999717
3950 30.094272 30.094272 30.094272 0.999717 0.999717 0.999717
3960 30.094272 30.094272 30.094272 0.999717 0.999717 0.999717
3970 30.094272 30.094272 30.094272 0.999717 0.999717 0.999717
3980 30.094272 30.094272 30.094272 0.999717 0.999717 0.999717
3990 30.094272 30.094272 30.094272 0.999717 0.999717 0.999717
4000 30.094272 30.094272 30.094272 0.999717 0.999717 0.999717
4010 30.094272 30.094272 30.094272 0.999717 0.999717 0.999717
4020 30.094272 30.094272 30.094272 0.999717 0.999717 0.999717
4030 30.094272 30.094272 30.094272 0.999717 0.999717 0.999717
4040 30.094272 30.094272 30.094272 0.999717 0.999717 0.999717
4050 30.094272 30.094272 30.094272 0.999717 0.999717 0.999717
4060 30.094272 30.094272 30.094272 0.999717 0.999717 0.999717
4070 30.094272 30.094272 30.094272 0.999717 0.999717 0.999717
4080 30.094272 30.094272 30.094272 0.999717 0.999717 0.999717
4090 30.094272 30.094272 30.094272 0.999717 0.999717 0.999717
4100 30.094272 30.094272 30.094272 0.999717 0.999717 0.999717
4110 30.094272 30.094272 30.094272 0.999717 0.999717 0.999717
4120 30.094272 30.094272 30.094272 0.999717 0.999717 0.999717
4130 30.094272 30.094272 30.094272 0.999717 0.999717 0.999717
4140 30.094272 30.094272 30.094272 0.999717 0.999717 0.999717
4150 30.094272 30.094272 30.094272 0.999717 0.999717 0.999717
4160 30.094272 30.094272 30.094272 0.999717 0.999717 0.999717
4170 30.094272 30.094272 30.094272 0.999717 0.999717 0.999717
4180 30.094272 30.094272 30.094272 0.999717 0.999717 0.999717
4190 30.094272 30.094272 30.094272 0.999717 0.999717 0.999717
4200 30.094272 30.094272 30.094272 0.999717 0.999717 0.999717
4210 30.094272 30.094272 30.094272 0.999717 0.999717 0.999717
4220 30.094272 30.094272 30.094272 0.999717 0.999717 0.999717
4230 30.094272 30.094272 30.094272 0.999717 0.999717 0.999717
4240 30.094272 30.094272 30.094272 0.999717 0.999717 0.999717
4250 30.094272 30.094272 30.094272 0.999717 0.999717 0.999717
4260 30.094272 30.094272 30.094272 0.999717 0.999717 0.999717
4270 30.094272 30.094272 30.094272 0.999717 0.999717 0.999717
4280 30.094272 30.094272 30.094272 0.999717 0.999717 0.999717
4290 30.094272 30.094272 30.094272 0.999717 0.999717 0.999717
4300 30.094272 30.094272 30.094272 0.999717 0.999717 0.999717
4310 30.094272 30.094272 30.094272 0.999717 0.999717 0.999717
4320 30.094272 30.094272 30.094272 0.999717 0.999717 0.999717
4330 30.094272 30.094272 30.094272 0.999717 0.999717 0.999717
4340 30.094272 30.094272 30.094272 0.999717 0.999717 0.999717
4350 30.094272 30.094272 30.094272 0.999717 0.999717 0.999717
4360 30.094272 30.094272 30.094272 0.999717 0.999717 0.999717
4370 30.094272 30.094272 30.094272 0.999717 0.999717 0.999717
4380 30.094272 30.094272 30.094272 0.999717 0.999717 0.999717
4390 30.094272 30.094272 30.094272 0.999717 0.999717 0.999717
4400 30.094272 30.094272 30.094272 0.999717 0.999717 0.999717
4410 30.094272 30.094272 30.094272 0.999717 0.999717 0.999717
4420 30.094272 30.094272 30.094272 0.999717 0.999717 0.999717
4430 30.094272 30.094272 30.094272 0.999717 0.999717 0.999717
4440 30.094272 30.094272 30.094272 0.999717 0.999717 0.999717
4450 30.094272 30.094272 30.094272 0.999717 0.999717 0.999717
4460 30.094272 30.094272 30.094272 0.999717 0.999717 0.999717
4470 30.094272 30.094272 30.094272 0.999717 0.999717 0.999717
4480 30.094272 30.094272 30.094272 0.999717 0.999717 0.999717
4490 30.094272 30.094272 30.094272 0.999717 0.999717 0.999717
4500 30.094272 30.094272 30.094272 0.999717 0.999717 0.999717
4510 30.094272 30.094272 30.094272 0.999717 0.999717 0.999717
4520 30.094272 30.094272 30.094272 0.999717 0.999717 0.999717
4530 30.094272 30.094272 30.094272 0.999717 0.999717 0.999717
4540 30.094272 30.094272 30.094272 0.999717 0.999717 0.999717
4550 30.094272 30.094272 30.094272 0.999717 0.999717 0.999717
4560 30.094272 30.094272 30.094272 0.999717 0.999717 0.999717
4570 30.094272 30.094272 30.094272 0.999717 0.999717 0.999717
4580 30.094272 30.094272 30.094272 0.999717 0.999717 0.999717
4590 30.094272 30.094272 30.094272 0.999717 0.999717 0.999717
4600 30.094272 30.094272 30.094272 0.999717 0.999717 0.999717
4610 30.094272 30.094272 30.094272 0.999717 0.999717 0.999717
4620 30.094272 30.094272 30.094272 0.999717 0.999717 0.999717
4630 30.094272 30.094272 30.094272 0.999717 0.999717 0.999717
4640 30.094272 30.094272 30.094272 0.999717 0.999717 0.999717
4650 30.094272 30.094272 30.094272 0.999717 0.999717 0.999717
4660 30.094272 30.094272 30.094272 0.999717 0.999717 0.999717
4670 30.094272 30.094272 30.094272 0.999717 0.999717 0.999717
4680 30.094272 30.094272 30.094272 0.999717 0.999717 0.999717
4690 30.094272 30.094272 30.094272 0.999717 0.999717 0.999717
4700 30.094272 30.094272 30.094272 0.999717 0.999717 0.999717
4710 30.094272 30.094272 30.094272 0.999717 0.999717 0.999717
4720 30.094272 30.094272 30.094272 0.999717 0.999717 0.999717
4730 30.094272 30.094272 30.094272 0.999717 0.999717 0.999717
4740 30.094272 30.094272 30.094272 0.999717 0.999717 0.999717
4750 30.094272 30.094272 30.094272 0.999717 0.999717 0.999717
4760 30.094272 30.094272 30.094272 0.999717 0.999717 0.999717
4770 30.094272 30.094272 30.094272 0.999717 0.999717 0.999717
4780 30.094272 30.094272 30.094272 0.999717 0.999717 0.999717
4790 30.094272 30.094272 30.094272 0.999717 0.999717 0.999717
4800 30.094272 30.094272 30.094272 0.999717 0.999717 0.999717
4810 30.094272 30.094272 30.094272 0.999717 0.999717 0.999717
4820 30.094272 30.094272 30.094272 0.999717 0.999717 0.999717
4830 30.094272 30.094272 30.094272 0.999717 0.999717 0.999717
4840 30.094272 30.094272 30.094272 0.999717 0.999717 0.999717
4850 30.094272 30.094272 30.094272 0.999717 0.999717 0.999717
4860 30.094272 30.094272 30.094272 0.999717 0.999717 0.999717
4870 30.094272 30.094272 30.094272 0.999717 0.999717 0.999717
4880 30.094272 30.094272 30.094272 0.999717 0.999717 0.999717
4890 30.094272 30.094272 30.094272 0.999717 0.999717 0.999717
4900 30.094272 30.094272 30.094272 0.999717 0.999717 0.999717
4910 30.094272 30.094272 30.094272 0.999717 0.999717 0.999717
4920 30.094272 30.094272 30.094272 0.999717 0.999717 0.999717
4930 30.094272 30.094272 30.094272 0.999717 0.999717 0.999717
4940 30.094272 30.094272 30.094272 0.999717 0.999717 0.999717
4950 30.094272 30.094272 30.094272 0.999717 0.999717 0.999717
4960 30.094272 30.094272 30.094272 0.999717 0.999717 0.999717
4970 30.094272 30.094272 30.094272 0.999717 0.999717 0.999717
4980 30.094272 30.094272 30.094272 0.999717 0.999717 0.999717
4990 30.094272 30.094272 30.094272 0.999717 0.999717 0.999717
5000 30.094272 30.094272 30.094272 0.999717 0.999717 0.999717
5010 30.094272 30.094272 30.094272 0.999717 0.999717 0.999717
5020 30.094272 30.094272 30.094272 0.999717 0.999717 0.999717
5030 30.094272 30.094272 30.094272 0.999717 0.999717 0.999717
5040 30.094272 30.094272 30.094272 0.999717 0.999717 0.999717
5050 30.094272 30.094272 30.094272 0.999717 0.999717 0.999717
5060 30.094272 30.094272 30.094272 0.999717 0.999717 0.999717
5070 30.094272 30.094272 30.094272 0.999717 0.999717 0.999717
5080 30.094272 30.094272 30.094272 0.999717 0.999717 0.999717
5090 30.094272 30.094272 30.094272 0.999717 0.999717 0.999717
5100 30.094272 30.094272 30.094272 0.999717 0.999717 0.999717
5110 30.094272 30.094272 30.094272 0.999717 0.999717 0.999717
5120 30.094272 30.094272 30.094272 0.999717 0.999717 0.999717
5130 30.094272 30.094272 30.094272 0.999717 0.999717 0.999717
5140 30.094272 30.094272 30.094272 0.999717 0.999717 0.999717
5150 30.094272 30.094272 30.094272 0.999717 0.999717 0.999717
5160 30.094272 30.094272 30.094272 0.999717 0.999717 0.999717
5170 30.094272 30.094272 30.094272 0.999717 0.999717 0.999717
5180 30.094272 30.094272 30.094272 0.999717 0.999717 0.999717
5190 30.094272 30.094272 30.094272 0.999717 0.999717 0.999717
5200 30.094272 30.094272 30.094272 0.999717 0.999717 0.999717
5210 30.094272 30.094272 30.094272 0.999717 0.999717 0.999717
5220 30.094272 30.094272 30.094272 0.999717 0.999717 0.999717
5230 30.094272 30.094272 30.094272 0.999717 0.999717 0.999717
5240 30.094272 30.094272 30.094272 0.999717 0.999717 0.999717
5250 30.094272 30.094272 30.094272 0.999717 0.999717 0.999717
5260 30.094272 30.094272 30.094272 0.999717 0.999717 0.999717
5270 30.094272 30.094272 30.094272 0.999717 0.999717 0.999717
5280 30.094272 30.094272 30.094272 0.999717 0.999717 0.999717
5290 30.094272 30.094272 30.094272 0.999717 0.999717 0.999717
5300 30.094272 30.094272 30.094272 0.999717 0.999717 0.999717
5310 30.094272 30.094272 30.094272 0.999717 0.999717 0.999717
5320 30.094272 30.094272 30.094272 0.999717 0.999717 0.999717
5330 30.094272 30.094272 30.094272 0.999717 0.999717 0.999717
5340 30.094272 30.094272 30.094272 0.999717 0.999717 0.999717
5350 30.094272 30.094272 30.094272 0.999717 0.999717 0.999717
5360 30.094272 30.094272 30.094272 0.999717 0.999717 0.999717
5370 30.094272 30.094272 30.094272 0.999717 0.999717 0.999717
5380 30.094272 30.094272 30.094272 0.999717 0.999717 0.999717
5390 30.094272 30.094272 30.094272 0.999717 0.999717 0.999717
5400 30.094272 30.094272 30.094272 0.999717 0.999717 0.999717
5410 30.094272 30.094272 30.094272 0.999717 0.999717 0.999717
5420 30.094272 30.094272 30.094272 0.999717 0.999717 0.999717
5430 30.094272 30.094272 30.094272 0.999717 0.999717 0.999717
5440 30.094272 30.094272 30.094272 0.999717 0.999717 0.999717
5450 30.094272 30.094272 30.094272 0.999717 0.999717 0.999717
5460 30.094272 30.094272 30.094272 0.999717 0.999717 0.999717
5470 30.094272 30.094272 30.094272 0.999717 0.999717 0.999717
5480 30.094272 30.094272 30.094272 0.999717 0.999717 0.999717
5490 30.094272 30.094272 30.094272 0.999717 0.999717 0.999717
5500 30.094272 30.094272 30.094272 0.999717 0.999717 0.999717
5510 30.094272 30.094272 30.094272 0.999717 0.999717 0.999717
5520 30.094272 30.094272 30.094272 0.999717 0.999717 0.999717
5530 30.094272 30.094272 30.094272 0.999717 0.999717 0.999717
5540 30.094272 30.094272 30.094272 0.999717 0.999717 0.999717
5550 30.094272 30.094272 30.094272 0.999717 0.999717 0.999717
5560 30.094272 30.094272 30.094272 0.999717 0.999717 0.999717
5570 30.094272 30.094272 30.094272 0.999717 0.999717 0.999717
5580 30.094272 30.094272 30.094272 0.999717 0.999717 0.999717
5590 30.094272 30.094272 30.094272 0.999717 0.999717 0.999717
5600 30.094272 30.094272 30.094272 0.999717 0.999717 0.999717
5610 30.094272 30.094272 30.094272 0.999717 0.999717 0.999717
5620 30.094272 30.094272 30.094272 0.999717 0.999717 0.999717
5630 30.094272 30.094272 30.094272 0.999717 0.999717 0.999717
5640 30.094272 30.094272 30.094272 0.999717 0.999717 0.999717
5650 30.094272 30.094272 30.094272 0.999717 0.999717 0.999717
5660 30.094272 30.094272 30.094272 0.999717 0.999717 0.999717
5670 30.094272 30.094272 30.094272 0.999717 0.999717 0.999717
5680 30.094272 30.094272 30.094272 0.999717 0.999717 0.999717
5690 30.094272 30.094272 30.094272 0.999717 0.999717 0.999717
5700 30.094272 30.094272 30.094272 0.999717 0.999717 0.999717
5710 30.094272 30.094272 30.094272 0.999717 0.999717 0.999717
5720 30.094272 30.094272 30.094272 0.999717 0.999717 0.999717
5730 30.094272 30.094272 30.094272 0.999717 0.999717 0.999717
5740 30.094272 30.094272 30.094272 0.999717 0.999717 0.999717
5750 30.094272 30.094272 30.094272 0.999717 0.999717 0.999717
5760 30.094272 30.094272 30.094272 0.999717 0.999717 0.999717
5770 30.094272 30.094272 30.094272 0.999717 0.999717 0.999717
5780 30.094272 30.094272 30.094272 0.999717 0.999717 0.999717
5790 30.094272 30.094272 30.094272 0.999717 0.999717 0.999717
5800 30.094272 30.094272 30.094272 0.999717 0.999717 0.999717
5810 30.094272 30.094272 30.094272 0.999717 0.999717 0.999717
5820 30.094272 30.094272 30.094272 0.999717 0.999717 0.999717
5830 30.094272 30.094272 30.094272 0.999717 0.999717 0.999717
5840 30.094272 30.094272 30.094272 0.999717 0.999717 0.999717
5850 30.094272 30.094272 30.094272 0.999717 0.999717 0.999717
5860 30.094272 30.094272 30.094272 0.999717 0.999717 0.999717
5870 30.094272 30.094272 30.094272 0.999717 0.999717 0.999717
5880 30.094272 30.094272 30.094272 0.999717 0.999717 0.999717
5890 30.094272 30.094272 30.094272 0.999717 0.999717 0.999717
5900 30.094272 30.094272 30.094272 0.999717 0.999717 0.999717
5910 30.094272 30.094272 30.094272 0.999717 0.999717 0.999717
5920 30.094272 30.094272 30.094272 0.999717 0.999717 0.999717
5930 30.094272 30.094272 30.094272 0.999717 0.999717 0.999717
5940 30.094272 30.094272 30.094272 0.999717 0.999717 0.999717
5950 30.094272 30.094272 30.094272 0.999717 0.999717 0.999717
5960 30.094272 30.094272 30.094272 0.999717 0.999717 0.999717
5970 30.094272 30.094272 30.094272 0.999717 0.999717 0.999717
5980 30.094272 30.094272 30.094272 0.999717 0.999717 0.999717
5990 30.094272 30.094272 30.094272 0.999717 0.999717 0.999717
6000 30.094272 30.094272 30.094272 0.999717 0.999717 0.999717
6010 30.094272 30.094272 30.094272 0.999717 0.999717 0.999717
6020 30.094272 30.094272 30.094272 0.999717 0.999717 0.999717
6030 30.094272 30.094272 30.094272 0.999717 0.999717 0.999717
6040 30.094272 30.094272 30.094272 0.999717 0.999717 0.999717
6050 30.094272 30.094272 30.094272 0.999717 0.999717 0.999717
6060 30.094272 30.094272 30.094272 0.999717 0.999717 0.999717
6070 30.094272 30.094272 30.094272 0.999717 0.999717 0.999717
6080 30.094272 30.094272 30.094272 0.999717 0.999717 0.999717
6090 30.094272 30.094272 30.094272 0.999717 0.999717 0.999717
6100 30.094272 30.094272 30.094272 0.999717 0.999717 0.999717
6110 30.094272 30.094272 30.094272 0.999717 0.999717 0.999717
6120 30.094272 30.094272 30.094272 0.999717 0.999717 0.999717
6130 30.094272 30.094272 30.094272 0.999717 0.999717 0.999717
6140 30.094272 30.094272 30.094272 0.999717 0.999717 0.999717
6150 30.094272 30.094272 30.094272 0.999717 0.999717 0.999717
6160 30.094272 30.094272 30.094272 0.999717 0.999717 0.999717
6170 30.094272 30.094272 30.094272 0.999717 0.999717 0.999717
6180 30.094272 30.094272 30.094272 0.999717 0.999717 0.999717
6190 30.094272 30.094272 30.094272 0.999717 0.999717 0.999717
6200 30.094272 30.094272 30.094272 0.999717 0.999717 0.999717
6210 30.094272 30.094272 30.094272 0.999717 0.999717 0.999717
6220 30.094272 30.094272 30.094272 0.999717 0.999717 0.999717
6230 30.094272 30.094272 30.094272 0.999717 0.999717 0.999717
6240 30.094272 30.094272 30.094272 0.999717 0.999717 0.999717
6250 30.094272 30.094272 30.094272 0.999717 0.999717 0.999717
6260 30.094272 30.094272 30.094272 0.999717 0.999717 0.999717
6270 30.094272 30.094272 30.094272 0.999717 0.999717 0.999717
6280 30.094272 30.094272 30.094272 0.999717 0.999717 0.999717
6290 30.094272 30.094272 30.094272 0.999717 0.999717 0.999717
6300 30.094272 30.094272 30.094272 0.999717 0.999717 0.999717
6310 30.094272 30.094272 30.094272 0.999717 0.999717 0.999717
6320 30.094272 30.094272 30.094272 0.999717 0.999717 0.999717
6330 30.094272 30.094272 30.094272 0.999717 0.999717 0.999717
6340 30.094272 30.094272 30.094272 0.999717 0.999717 0.999717
6350 30.094272 30.094272 30.094272 0.999717 0.999717 0.999717
6360 30.094272 30.094272 30.094272 0.999717 0.999717 0.999717
6370 30.094272 30.094272 30.094272 0.999717 0.999717 0.999717
6380 30.094272 30.094272 30.094272 0.999717 0.999717 0.999717
6390 30.094272 30.094272 30.094272 0.999717 0.999717 0.999717
6400 30.094272 30.094272 30.094272 0.999717 0.999717 0.999717
6410 30.094272 30.094272 30.094272 0.999717 0.999717 0.999717
6420 30.094272 30.094272 30.094272 0.999717 0.999717 0.999717
6430 30.094272 30.094272 30.094272 0.999717 0.999717 0.999717
6440 30.094272 30.094272 30.094272 0.999717 0.999717 0.999717
6450 30.094272 30.094272 30.094272 0.999717 0.999717 0.999717
6460 30.094272 30.094272 30.094272 0.999717 0.999717 0.999717
6470 30.094272 30.094272 30.094272 0.999717 0.999717 0.999717
6480 30.094272 30.094272 30.094272 0.999717 0.999717 0.999717
6490 30.094272 30.094272 30.094272 0.999717 0.999717 0.999717
6500 30.094272 30.094272 30.094272 0.999717 0.999717 0.999717
6510 30.094272 30.094272 30.094272 0.999717 0.999717 0.999717
6520 30.094272 30.094272 30.094272 0.999717 0.999717 0.999717
6530 30.094272 30.094272 30.094272 0.999717 0.999717 0.999717
6540 30.094272 30.094272 30.094272 0.999717 0.999717 0.999717
6550 30.094272 30.094272 30.094272 0.999717 0.999717 0.999717
6560 30.094272 30.094272 30.094272 0.999717 0.999717 0.999717
6570 30.094272 30.094272 30.094272 0.999717 0.999717 0.999717
6580 30.094272 30.094272 30.094272 0.999717 0.999717 0.999717
6590 30.094272 30.094272 30.094272 0.999717 0.999717 0.999717
6600 30.094272 30.094272 30.094272 0.999717 0.999717 0.999717
6610 30.094272 30.094272 30.094272 0.999717 0.999717 0.999717
6620 30.094272 30.094272 30.094272 0.999717 0.999717 0.999717
6630 30.094272 30.094272 30.094272 0.999717 0.999717 0.999717
6640 30.094272 30.094272 30.094272 0.999717 0.999717 0.999717
6650 30.094272 30.094272 30.094272 0.999717 0.999717 0.999717
6660 30.094272 30.094272 30.094272 0.999717 0.999717 0.999717
6670 30.094272 30.094272 30.094272 0.999717 0.999717 0.999717
6680 30.094272 30.094272 30.094272 0.999717 0.999717 0.999717
6690 30.094272 30.094272 30.094272 0.999717 0.999717 0.999717
6700 30.094272 30.094272 30.094272 0.999717 0.999717 0.999717
6710 30.094272 30.094272 30.094272 0.999717 0.999717 0.999717
6720 30.094272 30.094272 30.094272 0.999717 0.999717 0.999717
6730 30.094272 30.094272 30.094272 0.999717 0.999717 0.999717
6740 30.094272 30.094272 30.094272 0.999717 0.999717 0.999717
6750 30.094272 30.094272 30.094272 0.999717 0.999717 0.999717
6760 30.094272 30.094272 30.094272 0.999717 0.999717 0.999717
6770 30.094272 30.094272 30.094272 0.999717 0.999717 0.999717
6780 30.094272 30.094272 30.094272 0.999717 0.999717 0.999717
6790 30.094272 30.094272 30.094272 0.999717 0.999717 0.999717
6800 30.094272 30.094272 30.094272 0.999717 0.999717 0.999717
6810 30.094272 30.094272 30.094272 0.999717 0.999717 0.999717
6820 30.094272 30.094272 30.094272 0.999717 0.999717 0.999717
6830 30.094272 30.094272 30.094272 0.999717 0.999717 0.999717
6840 30.094272 30.094272 30.094272 0.999717 0.999717 0.999717
6850 30.094272 30.094272 30.094272 0.999717 0.999717 0.999717
6860 30.094272 30.094272 30.094272 0.999717 0.999717 0.999717
6870 30.094272 30.094272 30.094272 0.999717 0.999717 0.999717
6880 30.094272 30.094272 30.094272 0.999717 0.999717 0.999717
6890 30.094272 30.094272 30.094272 0.999717 0.999717 0.999717
6900 30.094272 30.094272 30.094272 0.999717 0.999717 0.999717
6910 30.094272 30.094272 30.094272 0.999717 0.999717 0.999717
6920 30.094272 30.094272 30.094272 0.999717 0.999717 0.999717
6930 30.094272 30.094272 30.094272 0.999717 0.999717 0.999717
6940 30.094272 30.094272 30.094272 0.999717 0.999717 0.999717
6950 30.094272 30.094272 30.094272 0.999717 0.999717 0.999717
6960 30.094272 30.094272 30.094272 0.999717 0.999717 0.999717
6970 30.094272 30.094272 30.094272 0.999717 0.999717 0.999717
6980 30.094272 30.094272 30.094272 0.999717 0.999717 0.999717
6990 30.094272 30.094272 30.094272 0.999717 0.999717 0.999717
7000 30.094272 30.094272 30.094272 0.999717 0.999717 0.999717
7010 30.094272 30.094272 30.094272 0.999717 0.999717 0.999717
7020 30.094272 30.094272 30.094272 0.999717 0.999717 0.999717
7030 30.094272 30.094272 30.094272 0.999717 0.999717 0.999717
7040 30.094272 30.094272 30.094272 0.999717 0.999717 0.999717
7050 30.094272 30.094272 30.094272 0.999717 0.999717 0.999717
7060 30.094272 30.094272 30.094272 0.999717 0.999717 0.999717
7070 30.094272 30.094272 30.094272 0.999717 0.999717 0.999717
7080 30.094272 30.094272 30.094272 0.999717 0.999717 0.999717
7090 30.094272 30.094272 30.094272 0.999717 0.999717 0.999717
7100 30.094272 30.094272 30.094272 0.999717 0.999717 0.999717
7110 30.094272 30.094272 30.094272 0.999717 0.999717 0.999717
7120 30.094272 30.094272 30.094272 0.999717 0.999717 0.999717
7130 30.094272 30.094272 30.094272 0.999717 0.999717 0.999717
7140 30.094272 30.094272 30.094272 0.999717 0.999717 0.999717
7150 30.094272 30.094272 30.094272 0.999717 0.999717 0.999717
7160 30.094272 30.094272 30.094272 0.999717 0.999717 0.999717
7170 30.094272 30.094272 30.094272 0.999717 0.999717 0.999717
7180 30.094272 30.094272 30.094272 0.999717 0.999717 0.999717
7190 30.094272 30.094272 30.094272 0.999717 0.999717 0.999717
7200 30.094272 30.094272 30.094272 0.999717 0.999717 0.999717
7210 30.094272 30.094272 30.094272 0.999717 0.999717 0.999717
7220 30.094272 30.094272 30.094272 0.999717 0.999717 0.999717
7230 30.094272 30.094272 30.094272 0.999717 0.999717 0.999717
7240 30.094272 30.094272 30.094272 0.999717 0.999717 0.999717
7250 30.094272 30.094272 30.094272 0.999717 0.999717 0.999717
7260 30.094272 30.094272 30.094272 0.999717 0.999717 0.999717
7270 30.094272 30.094272 30.094272 0.999717 0.999717 0.999717
7280 30.094272 30.094272 30.094272 0.999717 0.999717 0.999717
7290 30.094272 30.094272 30.094272 0.999717 0.999717 0.999717
7300 30.094272 30.094272 30.094272 0.999717 0.999717 0.999717
7310 30.094272 30.094272 30.094272 0.999717 0.999717 0.999717
7320 30.094272 30.094272 30.094272 0.999717 0.999717 0.999717
7330 30.094272 30.094272 30.094272 0.999717 0.999717 0.999717
7340 30.094272 30.094272 30.094272 0.999717 0.999717 0.999717
7350 30.094272 30.094272 30.094272 0.999717 0.999717 0.999717
7360 30.094272 30.094272 30.094272 0.999717 0.999717 0.999717
7370 30.094272 30.094272 30.094272 0.999717 0.999717 0.999717
7380 30.094272 30.094272 30.094272 0.999717 0.999717 0.999717
7390 30.094272 30.094272 30.094272 0.999717 0.999717 0.999717
7400 30.094272 30.094272 30.094272 0.999717 0.999717 0.999717
7410 30.094272 30.094272 30.094272 0.999717 0.999717 0.999717
7420 30.094272 30.094272 30.094272 0.999717 0.999717 0.999717
7430 30.094272 30.094272 30.094272 0.999717 0.999717 0.999717
7440 30.094272 30.094272 30.094272 0.999717 0.999717 0.999717
7450 30.094272 30.094272 30.094272 0.999717 0.999717 0.999717
7460 30.094272 30.094272 30.094272 0.999717 0.999717 0.999717
7470 30.094272 30.094272 30.094272 0.999717 0.999717 0.999717
7480 30.094272 30.094272 30.094272 0.999717 0.999717 0.999717
7490 30.094272 30.094272 30.094272 0.999717 0.999717 0.999717
7500 30.094272 30.094272 30.094272 0.999717 0.999717 0.999717
7510 30.094272 30.094272 30.094272 0.999717 0.999717 0.999717
7520 30.094272 30.094272 30.094272 0.999717 0.999717 0.999717
7530 30.094272 30.094272 30.094272 0.999717 0.999717 0.999717
7540 30.094272 30.094272 30.094272 0.999717 0.999717 0.999717
7550 30.094272 30.094272 30.094272 0.999717 0.999717 0.999717
7560 30.094272 30.094272 30.094272 0.999717 0.999717 0.999717
7570 30.094272 30.094272 30.094272 0.999717 0.999717 0.999717
7580 30.094272 30.094272 30.094272 0.999717 0.999717 0.999717
7590 30.094272 30.094272 30.094272 0.999717 0.999717 0.999717
7600 30.094272 30.094272 30.094272 0.999717 0.999717 0.999717
7610 30.094272 30.094272 30.094272 0.999717 0.999717 0.999717
7620 30.094272 30.094272 30.094272 0.999717 0.999717 0.999717
7630 30.094272 30.094272 30.094272 0.999717 0.999717 0.999717
7640 30.094272 30.094272 30.094272 0.999717 0.999717 0.999717
7650 30.094272 30.094272 30.094272 0.999717 0.999717 0.999717
7660 30.094272 30.094272 30.094272 0.999717 0.999717 0.999717
7670 30.094272 30.094272 30.094272 0.999717 0.999717 0.999717
7680 30.094272 30.094272 30.094272 0.999717 0.999717 0.999717
7690 30.094272 30.094272 30.094272 0.999717 0.999717 0.999717
7700 30.094272 30.094272 30.094272 0.999717 0.999717 0.999717
7710 30.094272 30.094272 30.094272 0.999717 0.999717 0.999717
7720 30.094272 30.094272 30.094272 0.999717 0.999717 0.999717
7730 30.094272 30.094272 30.094272 0.999717 0.999717 0.999717
7740 30.094272 30.094272 30.094272 0.999717 0.999717 0.999717
7750 30.094272 30.094272 30.094272 0.999717 0.999717 0.999717
7760 30.094272 30.094272 30.094272 0.999717 0.999717 0.999717
7770 30.094272 30.094272 30.094272 0.999717 0.999717 0.999717
7780 30.094272 30.094272 30.094272 0.999717 0.999717 0.999717
7790 30.094272 30.094272 30.094272 0.999717 0.999717 0.999717
7800 30.094272 30.094272 30.094272 0.999717 0.999717 0.999717
7810 30.094272 30.094272 30.094272 0.999717 0.999717 0.999717
7820 30.094272 30.094272 30.094272 0.999717 0.999717 0.999717
7830 30.094272 30.094272 30.094272 0.999717 0.999717 0.999717
7840 30.094272 30.094272 30.094272 0.999717 0.999717 0.999717
7850 30.094272 30.094272 30.094272 0.999717 0.999717 0.999717
7860 30.094272 30.094272 30.094272 0.999717 0.999717 0.999717
7870 30.094272 30.094272 30.094272 0.999717 0.999717 0.999717
7880 30.094272 30.094272 30.094272 0.999717 0.999717 0.999717
7890 30.094272 30.094272 30.094272 0.999717 0.999717 0.999717
7900 30.094272 30.094272 30.094272 0.999717 0.999717 0.999717
7910 30.094272 30.094272 30.094272 0.999717 0.999717 0.999717
7920 30.094272 30.094272 30.094272 0.999717 0.999717 0.999717
7930 30.094272 30.094272 30.094272 0.999717 0.999717 0.999717
7940 30.094272 30.094272 30.094272 0.999717 0.999717 0.999717
7950 30.094272 30.094272 30.094272 0.999717 0.999717 0.999717
7960 30.094272 30.094272 30.094272 0.999717 0.999717 0.999717
7970 30.094272 30.094272 30.094272 0.999717 0.999717 0.999717
7980 30.094272 30.094272 30.094272 0.999717 0.999717 0.999717
7990 30.094272 30.094272 30.094272 0.999717 0.999717 0.999717
8000 30.094272 30.094272 30.094272 0.999717 0.999717 0.999717
8010 30.094272 30.094272 30.094272 0.999717 0.999717 0.999717
8020 30.094272 30.094272 30.094272 0.999717 0.999717 0.999717
8030 30.094272 30.094272 30.094272 0.999717 0.999717 0.999717
8040 30.094272 30.094272 30.094272 0.999717 0.999717 0.999717
8050 30.094272 30.094272 30.094272 0.999717 0.999717 0.999717
8060 30.094272 30.094272 30.094272 0.999717 0.999717 0.999717
8070 30.094272 30.094272 30.094272 0.999717 0.999717 0.999717
8080 30.094272 30.094272 30.094272 0.999717 0.999717 0.999717
8090 30.094272 30.094272 30.094272 0.999717 0.999717 0.999717
8100 30.094272 30.094272 30.094272 0.999717 0.999717 0.999717
8110 30.094272 30.094272 30.094272 0.999717 0.999717 0.999717
8120 30.094272 30.094272 30.094272 0.999717 0.999717 0.999717
8130 30.094272 30.094272 30.094272 0.999717 0.999717 0.999717
8140 30.094272 30.094272 30.094272 0.999717 0.999717 0.999717
8150 30.094272 30.094272 30.094272 0.999717 0.999717 0.999717
8160 30.094272 30.094272 30.094272 0.999717 0.999717 0.999717
8170 30.094272 30.094272 30.094272 0.999717 0.999717 0.999717
8180 30.094272 30.094272 30.094272 0.999717 0.999717 0.999717
8190 30.094272 30.094272 30.094272 0.999717 0.999717 0.999717
8200 30.094272 30.094272 30.094272 0.999717 0.999717 0.999717
8210 30.094272 30.094272 30.094272 0.999717 0.999717 0.999717
8220 30.094272 30.094272 30.094272 0.999717 0.999717 0.999717
8230 30.094272 30.094272 30.094272 0.999717 0.999717 0.999717
8240 30.094272 30.094272 30.094272 0.999717 0.999717 0.999717
8250 30.094272 30.094272 30.094272 0.999717 0.999717 0.999717
8260 30.094272 30.094272 30.094272 0.999717 0.999717 0.999717
8270 30.094272 30.094272 30.094272 0.999717 0.999717 0.999717
8280 30.094272 30.094272 30.094272 0.999717 0.999717 0.999717
8290 30.094272 30.094272 30.094272 0.999717 0.999717 0.999717
8300 30.094272 30.094272 30.094272 0.999717 0.999717 0.999717
8310 30.094272 30.094272 30.094272 0.999717 0.999717 0.999717
8320 30.094272 30.094272 30.094272 0.999717 0.999717 0.999717
8330 30.094272 30.094272 30.094272 0.999717 0.999717 0.999717
8340 30.094272 30.094272 30.094272 0.999717 0.999717 0.999717
8350 30.094272 30.094272 30.094272 0.999717 0.999717 0.999717
8360 30.094272 30.094272 30.094272 0.999717 0.999717 0.999717
8370 30.094272 30.094272 30.094272 0.999717 0.999717 0.999717
8380 30.094272 30.094272 30.094272 0.999717 0.999717 0.999717
8390 30.094272 30.094272 30.094272 0.999717 0.999717 0.999717
8400 30.094272 30.094272 30.094272 0.999717 0.999717 0.999717
8410 30.094272 30.094272 30.094272 0.999717 0.999717 0.999717
8420 30.094272 30.094272 30.094272 0.999717 0.999717 0.999717
8430 30.094272 30.094272 30.094272 0.999717 0.999717 0.999717
8440 30.094272 30.094272 30.094272 0.999717 0.999717 0.999717
8450 30.094272 30.094272 30.094272 0.999717 0.999717 0.999717
8460 30.094272 30.094272 30.094272 0.999717 0.999717 0.999717
8470 30.094272 30.094272 30.094272 0.999717 0.999717 0.999717
8480 30.094272 30.094272 30.094272 0.999717 0.999717 0.999717
8490 30.094272 30.094272 30.094272 0.999717 0.999717 0.999717
8500 30.094272 30.094272 30.094272 0.999717 0.999717 0.999717
8510 30.094272 30.094272 30.094272 0.999717 0.999717 0.999717
8520 30.094272 30.094272 30.094272 0.999717 0.999717 0.999717
8530 30.094272 30.094272 30.094272 0.999717 0.999717 0.999717
8540 30.094272 30.094272 30.094272 0.999717 0.999717 0.999717
8550 30.094272 30.094272 30.094272 0.999717 0.999717 0.999717
8560 30.094272 30.094272 30.094272 0.999717 0.999717 0.999717
8570 30.094272 30.094272 30.094272 0.999717 0.999717 0.999717
8580 30.094272 30.094272 30.094272 0.999717 0.999717 0.999717
8590 30.094272 30.094272 30.094272 0.999717 0.999717 0.999717
8600 30.094272 30.094272 30.094272 0.999717 0.999717 0.999717
8610 30.094272 30.094272 30.094272 0.999717 0.999717 0.999717
8620 30.094272 30.094272 30.094272 0.999717 0.999717 0.999717
8630 30.094272 30.094272 30.094272 0.999717 0.999717 0.999717
8640 30.094272 30.094272 30.094272 0.999717 0.999717 0.999717
8650 30.094272 30.094272 30.094272 0.999717 0.999717 0.999717
8660 30.094272 30.094272 30.094272 0.999717 0.999717 0.999717
8670 30.094272 30.094272 30.094272 0.999717 0.999717 0.999717
8680 30.094272 30.094272 30.094272 0.999717 0.999717 0.999717
8690 30.094272 30.094272 30.094272 0.999717 0.999717 0.999717
8700 30.094272 30.094272 30.094272 0.999717 0.999717 0.999717
8710 30.094272 30.094272 30.094272 0.999717 0.999717 0.999717
8720 30.094272 30.094272 30.094272 0.999717 0.999717 0.999717
8730 30.094272 30.094272 30.094272 0.999717 0.999717 0.999717
8740 30.094272 30.094272 30.094272 0.999717 0.999717 0.999717
8750 30.094272 30.094272 30.094272 0.999717 0.999717 0.999717
8760 30.094272 30.094272 30.094272 0.999717 0.999717 0.999717
8770 30.094272 30.094272 30.094272 0.999717 0.999717 0.999717
8780 30.094272 30.094272 30.094272 0.999717 0.999717 0.999717
8790 30.094272 30.094272 30.094272 0.999717 0.999717 0.999717
8800 30.094272 30.094272 30.094272 0.999717 0.999717 0.999717
8810 30.094272 30.094272 30.094272 0.999717 0.999717 0.999717
8820 30.094272 30.094272 30.094272 0.999717 0.999717 0.999717
8830 30.094272 30.094272 30.094272 0.999717 0.999717 0.999717
8840 30.094272 30.094272 30.094272 0.999717 0.999717 0.999717
8850 30.094272 30.094272 30.094272 0.999717 0.999717 0.999717
8860 30.094272 30.094272 30.094272 0.999717 0.999717 0.999717
8870 30.094272 30.094272 30.094272 0.999717 0.999717 0.999717
8880 30.094272 30.094272 30.094272 0.999717 0.999717 0.999717
8890 30.094272 30.094272 30.094272 0.999717 0.999717 0.999717
8900 30.094272 30.094272 30.094272 0.999717 0.999717 0.999717
8910 30.094272 30.094272 30.094272 0.999717 0.999717 0.999717
8920 30.094272 30.094272 30.094272 0.999717 0.999717 0.999717
8930 30.094272 30.094272 30.094272 0.999717 0.999717 0.999717
8940 30.094272 30.094272 30.094272 0.999717 0.999717 0.999717
8950 30.094272 30.094272 30.094272 0.999717 0.999717 0.999717
8960 30.094272 30.094272 30.094272 0.999717 0.999717 0.999717
8970 30.094272 30.094272 30.094272 0.999717 0.999717 0.999717
8980 30.094272 30.094272 30.094272 0.999717 0.999717 0.999717
8990 30.094272 30.094272 30.094272 0.999717 0.999717 0.999717
9000 30.094272 30.094272 30.094272 0.999717 0.999717 0.999717
9010 30.094272 30.094272 30.094272 0.999717 0.999717 0.999717
9020 30.094272 30.094272 30.094272 0.999717 0.999717 0.999717
9030 30.094272 30.094272 30.094272 0.999717 0.999717 0.999717
9040 30.094272 30.094272 30.094272 0.999717 0.999717 0.999717
9050 30.094272 30.094272 30.094272 0.999717 0.999717 0.999717
9060 30.094272 30.094272 30.094272 0.999717 0.999717 0.999717
9070 30.094272 30.094272 30.094272 0.999717 0.999717 0.999717
9080 30.094272 30.094272 30.094272 0.999717 0.999717 0.999717
9090 30.094272 30.094272 30.094272 0.999717 0.999717 0.999717
9100 30.094272 30.094272 30.094272 0.999717 0.999717 0.999717
9110 30.094272 30.094272 30.094272 0.999717 0.999717 0.999717
9120 30.094272 30.094272 30.094272 0.999717 0.999717 0.999717
9130 30.094272 30.094272 30.094272 0.999717 0.999717 0.999717
9140 30.094272 30.094272 30.094272 0.999717 0.999717 0.999717
9150 30.094272 30.094272 30.094272 0.999717 0.999717 0.999717
9160 30.094272 30.094272 30.094272 0.999717 0.999717 0.999717
9170 30.094272 30.094272 30.094272 0.999717 0.999717 0.999717
9180 30.094272 30.094272 30.094272 0.999717 0.999717 0.999717
9190 30.094272 30.094272 30.094272 0.999717 0.999717 0.999717
9200 30.094272 30.094272 30.094272 0.999717 0.999717 0.999717
9210 30.094272 30.094272 30.094272 0.999717 0.999717 0.999717
9220 30.094272 30.094272 30.094272 0.999717 0.999717 0.999717
9230 30.094272 30.094272 30.094272 0.999717 0.999717 0.999717
9240 30.094272 30.094272 30.094272 0.999717 0.999717 0.999717
9250 30.094272 30.094272 30.094272 0.999717 0.999717 0.999717
9260 30.094272 30.094272 30.094272 0.999717 0.999717 0.999717
9270 30.094272 30.094272 30.094272 0.999717 0.999717 0.999717
9280 30.094272 30.094272 30.094272 0.999717 0.999717 0.999717
9290 30.094272 30.094272 30.094272 0.999717 0.999717 0.999717
9300 30.094272 30.094272 30.094272 0.999717 0.999717 0.999717
9310 30.094272 30.094272 30.094272 0.999717 0.999717 0.999717
9320 30.094272 30.094272 30.094272 0.999717 0.999717 0.999717
9330 30.094272 30.094272 30.094272 0.999717 0.999717 0.999717
9340 30.094272 30.094272 30.094272 0.999717 0.999717 0.999717
9350 30.094272 30.094272 30.094272 0.999717 0.999717 0.999717
9360 30.094272 30.094272 30.094272 0.999717 0.999717 0.999717
9370 30.094272 30.094272 30.094272 0.999717 0.999717 0.999717
9380 30.094272 30.094272 30.094272 0.999717 0.999717 0.999717
9390 30.094272 30.094272 30.094272 0.999717 0.999717 0.999717
9400 30.094272 30.094272 30.094272 0.999717 0.999717 0.999717
9410 30.094272 30.094272 30.094272 0.999717 0.999717 0.999717
9420 30.094272 30.094272 30.094272 0.999717 0.999717 0.999717
9430 30.094272 30.094272 30.094272 0.999717 0.999717 0.999717
9440 30.094272 30.094272 30.094272 0.999717 0.999717 0.999717
9450 30.094272 30.094272 30.094272 0.999717 0.999717 0.999717
9460 30.094272 30.094272 30.094272 0.999717 0.999717 0.999717
9470 30.094272 30.094272 30.094272 0.999717 0.999717 0.999717
9480 30.094272 30.094272 30.094272 0.999717 0.999717 0.999717
9490 30.094272 30.094272 30.094272 0.999717 0.999717 0.999717
9500 30.094272 30.094272 30.094272 0.999717 0.999717 0.999717
9510 30.094272 30.094272 30.094272 0.999717 0.999717 0.999717
9520 30.094272 30.094272 30.094272 0.999717 0.999717 0.999717
9530 30.094272 30.094272 30.094272 0.999717 0.999717 0.999717
9540 30.094272 30.094272 30.094272 0.999717 0.999717 0.999717
9550 30.094272 30.094272 30.094272 0.999717 0.999717 0.999717
9560 30.094272 30.094272 30.094272 0.999717 0.999717 0.999717
9570 30.094272 30.094272 30.094272 0.999717 0.999717 0.999717
9580 30.094272 30.094272 30.094272 0.999717 0.999717 0.999717
9590 30.094272 30.094272 30.094272 0.999717 0.999717 0.999717
9600 30.094272 30.094272 30.094272 0.999717 0.999717 0.999717
9610 30.094272 30.094272 30.094272 0.999717 0.999717 0.999717
9620 30.094272 30.094272 30.094272 0.999717 0.999717 0.999717
9630 30.094272 30.094272 30.094272 0.999717 0.999717 0.999717
9640 30.094272 30.094272 30.094272 0.999717 0.999717 0.999717
9650 30.094272 30.094272 30.094272 0.999717 0.999717 0.999717
9660 30.094272 30.094272 30.094272 0.999717 0.999717 0.999717
9670 30.094272 30.094272 30.094272 0.999717 0.999717 0.999717
9680 30.094272 30.094272 30.094272 0.999717 0.999717 0.999717
9690 30.094272 30.094272 30.094272 0.999717 0.999717 0.999717
9700 30.094272 30.094272 30.094272 0.999717 0.999717 0.999717
9710 30.094272 30.094272 30.094272 0.999717 0.999717 0.999717
9720 30.094272 30.094272 30.094272 0.999717 0.999717 0.999717
9730 30.094272 30.094272 30.094272 0.999717 0.999717 0.999717
9740 30.094272 30.094272 30.094272 0.999717 0.999717 0.999717
9750 30.094272 30.094272 30.094272 0.999717 0.999717 0.999717
9760 30.094272 30.094272 30.094272 0.999717 0.999717 0.999717
9770 30.094272 30.094272 30.094272 0.999717 0.999717 0.999717
9780 30.094272 30.094272 30.094272 0.999717 0.999717 0.999717
9790 30.094272 30.094272 30.094272 0.999717 0.999717 0.999717
9800 30.094272 30.094272 30.094272 0.999717 0.999717 0.999717
9810 30.094272 30.094272 30.094272 0.999717 0.999717 0.999717
9820 30.094272 30.094272 30.094272 0.999717 0.999717 0.999717
9830 30.094272 30.094272 30.094272 0.999717 0.999717 0.999717
9840 30.094272 30.094272 30.094272 0.999717 0.999717 0.999717
9850 30.094272 30.094272 30.094272 0.999717 0.999717 0.999717
9860 30.094272 30.094272 30.094272 0.999717 0.999717 0.999717
9870 30.094272 30.094272 30.094272 0.999717 0.999717 0.999717
9880 30.094272 30.094272 30.094272 0.999717 0.999717 0.999717
9890 30.094272 30.094272 30.094272 0.999717 0.999717 0.999717
9900 30.094272 30.094272 30.094272 0.999717 0.999717 0.999717
9910 30.094272 30.094272 30.094272 0.999717 0.999717 0.999717
9920 30.094272 30.094272 30.094272 0.999717 0.999717 0.999717
9930 30.094272 30.094272 30.094272 0.999717 0.999717 0.999717
9940 30.094272 30.094272 30.094272 0.999717 0.999717 0.999717
9950 30.094272 30.094272 30.094272 0.999717 0.999717 0.999717
9960 30.094272 30.094272 30.094272 0.999717 0.999717 0.999717
9970 30.094272 30.094272 30.094272 0.999717 0.999717 0.999717
9980 30.094272 30.094272 30.094272 0.999717 0.999717 0.999717
9990 30.094272 30.094272 30.094272 0.999717 0.999717 0.999717
10000 30.094272 30.094272 30.094272 0.999717 0.999717 0.999717
