# generation power_min power_avg power_max util_min util_avg util_max
1 28.425424 34.282843 42.158246 0.344823 0.478716 0.653526
100 24.208152 29.021275 31.429465 0.252291 0.361074 0.414861
200 22.089855 25.159295 27.166064 0.205023 0.273519 0.320149
300 19.609272 22.061876 22.995488 0.149355 0.204593 0.225307
400 19.042869 20.502887 21.443248 0.136887 0.169940 0.190775
500 18.349196 19.322691 19.791368 0.122642 0.143552 0.154678
600 17.993395 18.468313 18.947965 0.114064 0.124778 0.134946
700 17.668427 18.015861 18.088299 0.106327 0.114572 0.116005
800 17.668427 17.970647 17.993395 0.106327 0.113523 0.114064
900 17.668427 17.765917 17.993395 0.106327 0.108648 0.114064
1000 17.668427 17.668427 17.668427 0.106327 0.106327 0.106327
1100 17.668427 17.668427 17.668427 0.106327 0.106327 0.106327
1200 17.668427 17.668427 17.668427 0.106327 0.106327 0.106327
1300 17.668427 17.668427 17.668427 0.106327 0.106327 0.106327
1400 17.668427 17.668427 17.668427 0.106327 0.106327 0.106327
1500 17.668427 17.668427 17.668427 0.106327 0.106327 0.106327
1600 17.668427 17.668427 17.668427 0.106327 0.106327 0.106327
1700 17.668427 17.668427 17.668427 0.106327 0.106327 0.106327
1800 17.668427 17.668427 17.668427 0.106327 0.106327 0.106327
1900 17.668427 17.668427 17.668427 0.106327 0.106327 0.106327
2000 17.668427 17.668427 17.668427 0.106327 0.106327 0.106327
2100 17.668427 17.668427 17.668427 0.106327 0.106327 0.106327
2200 17.668427 17.668427 17.668427 0.106327 0.106327 0.106327
2300 17.668427 17.668427 17.668427 0.106327 0.106327 0.106327
2400 17.668427 17.668427 17.668427 0.106327 0.106327 0.106327
2500 17.668427 17.668427 17.668427 0.106327 0.106327 0.106327
2600 17.668427 17.668427 17.668427 0.106327 0.106327 0.106327
2700 17.668427 17.668427 17.668427 0.106327 0.106327 0.106327
2800 17.668427 17.668427 17.668427 0.106327 0.106327 0.106327
2900 17.668427 17.668427 17.668427 0.106327 0.106327 0.106327
3000 17.668427 17.668427 17.668427 0.106327 0.106327 0.106327
3100 17.668427 17.668427 17.668427 0.106327 0.106327 0.106327
3200 17.668427 17.668427 17.668427 0.106327 0.106327 0.106327
3300 17.668427 17.668427 17.668427 0.106327 0.106327 0.106327
3400 17.668427 17.668427 17.668427 0.106327 0.106327 0.106327
3500 17.668427 17.668427 17.668427 0.106327 0.106327 0.106327
3600 17.668427 17.668427 17.668427 0.106327 0.106327 0.106327
3700 17.668427 17.668427 17.668427 0.106327 0.106327 0.106327
3800 17.668427 17.668427 17.668427 0.106327 0.106327 0.106327
3900 17.668427 17.668427 17.668427 0.106327 0.106327 0.106327
4000 17.668427 17.668427 17.668427 0.106327 0.106327 0.106327
4100 17.668427 17.668427 17.668427 0.106327 0.106327 0.106327
4200 17.668427 17.668427 17.668427 0.106327 0.106327 0.106327
4300 17.668427 17.668427 17.668427 0.106327 0.106327 0.106327
4400 17.668427 17.668427 17.668427 0.106327 0.106327 0.106327
4500 17.668427 17.668427 17.668427 0.106327 0.106327 0.106327
4600 17.668427 17.668427 17.668427 0.106327 0.106327 0.106327
4700 17.668427 17.668427 17.668427 0.106327 0.106327 0.106327
4800 17.668427 17.668427 17.668427 0.106327 0.106327 0.106327
4900 17.668427 17.668427 17.668427 0.106327 0.106327 0.106327
5000 17.668427 17.668427 17.668427 0.106327 0.106327 0.106327
5100 17.668427 17.668427 17.668427 0.106327 0.106327 0.106327
5200 17.668427 17.668427 17.668427 0.106327 0.106327 0.106327
5300 17.668427 17.668427 17.668427 0.106327 0.106327 0.106327
5400 17.668427 17.668427 17.668427 0.106327 0.106327 0.106327
5500 17.668427 17.668427 17.668427 0.106327 0.106327 0.106327
5600 17.668427 17.668427 17.668427 0.106327 0.106327 0.106327
5700 17.668427 17.668427 17.668427 0.106327 0.106327 0.106327
5800 17.668427 17.668427 17.668427 0.106327 0.106327 0.106327
5900 17.668427 17.668427 17.668427 0.106327 0.106327 0.106327
6000 17.668427 17.668427 17.668427 0.106327 0.106327 0.106327
6100 17.668427 17.668427 17.668427 0.106327 0.106327 0.106327
6200 17.668427 17.668427 17.668427 0.106327 0.106327 0.106327
6300 17.668427 17.668427 17.668427 0.106327 0.106327 0.106327
6400 17.668427 17.668427 17.668427 0.106327 0.106327 0.106327
6500 17.668427 17.668427 17.668427 0.106327 0.106327 0.106327
6600 17.668427 17.668427 17.668427 0.106327 0.106327 0.106327
6700 17.668427 17.668427 17.668427 0.106327 0.106327 0.106327
6800 17.668427 17.668427 17.668427 0.106327 0.106327 0.106327
6900 17.668427 17.668427 17.668427 0.106327 0.106327 0.106327
7000 17.668427 17.668427 17.668427 0.106327 0.106327 0.106327
7100 17.668427 17.668427 17.668427 0.106327 0.106327 0.106327
7200 17.668427 17.668427 17.668427 0.106327 0.106327 0.106327
7300 17.668427 17.668427 17.668427 0.106327 0.106327 0.106327
7400 17.668427 17.668427 17.668427 0.106327 0.106327 0.106327
7500 17.668427 17.668427 17.668427 0.106327 0.106327 0.106327
7600 17.668427 17.668427 17.668427 0.106327 0.106327 0.106327
7700 17.668427 17.668427 17.668427 0.106327 0.106327 0.106327
7800 17.668427 17.668427 17.668427 0.106327 0.106327 0.106327
7900 17.668427 17.668427 17.668427 0.106327 0.106327 0.106327
8000 17.668427 17.668427 17.668427 0.106327 0.106327 0.106327
8100 17.668427 17.668427 17.668427 0.106327 0.106327 0.106327
8200 17.668427 17.668427 17.668427 0.106327 0.106327 0.106327
8300 17.668427 17.668427 17.668427 0.106327 0.106327 0.106327
8400 17.668427 17.668427 17.668427 0.106327 0.106327 0.106327
8500 17.668427 17.668427 17.668427 0.106327 0.106327 0.106327
8600 17.668427 17.668427 17.668427 0.106327 0.106327 0.106327
8700 17.668427 17.668427 17.668427 0.106327 0.106327 0.106327
8800 17.668427 17.668427 17.668427 0.106327 0.106327 0.106327
8900 17.668427 17.668427 17.668427 0.106327 0.106327 0.106327
9000 17.668427 17.668427 17.668427 0.106327 0.106327 0.106327
9100 17.668427 17.668427 17.668427 0.106327 0.106327 0.106327
9200 17.668427 17.668427 17.668427 0.106327 0.106327 0.106327
9300 17.668427 17.668427 17.668427 0.106327 0.106327 0.106327
9400 17.668427 17.668427 17.668427 0.106327 0.106327 0.106327
9500 17.668427 17.668427 17.668427 0.106327 0.106327 0.106327
9600 17.668427 17.668427 17.668427 0.106327 0.106327 0.106327
9700 17.668427 17.668427 17.668427 0.106327 0.106327 0.106327
9800 17.668427 17.668427 17.668427 0.106327 0.106327 0.106327
9900 17.668427 17.668427 17.668427 0.106327 0.106327 0.106327
10000 17.668427 17.668427 17.668427 0.106327 0.106327 0.106327
10100 17.668427 17.668427 17.668427 0.106327 0.106327 0.106327
10200 17.668427 17.668427 17.668427 0.106327 0.106327 0.106327
10300 17.668427 17.668427 17.668427 0.106327 0.106327 0.106327
10400 17.668427 17.668427 17.668427 0.106327 0.106327 0.106327
10500 17.668427 17.668427 17.668427 0.106327 0.106327 0.106327
10600 17.668427 17.668427 17.668427 0.106327 0.106327 0.106327
10700 17.668427 17.668427 17.668427 0.106327 0.106327 0.106327
10800 17.668427 17.668427 17.668427 0.106327 0.106327 0.106327
10900 17.668427 17.668427 17.668427 0.106327 0.106327 0.106327
11000 17.668427 17.668427 17.668427 0.106327 0.106327 0.106327
11100 17.668427 17.668427 17.668427 0.106327 0.106327 0.106327
11200 17.668427 17.668427 17.668427 0.106327 0.106327 0.106327
11300 17.668427 17.668427 17.668427 0.106327 0.106327 0.106327
11400 17.668427 17.668427 17.668427 0.106327 0.106327 0.106327
11500 17.668427 17.668427 17.668427 0.106327 0.106327 0.106327
11600 17.668427 17.668427 17.668427 0.106327 0.106327 0.106327
11700 17.668427 17.668427 17.668427 0.106327 0.106327 0.106327
11800 17.668427 17.668427 17.668427 0.106327 0.106327 0.106327
11900 17.668427 17.668427 17.668427 0.106327 0.106327 0.106327
12000 17.668427 17.668427 17.668427 0.106327 0.106327 0.106327
12100 17.668427 17.668427 17.668427 0.106327 0.106327 0.106327
12200 17.668427 17.668427 17.668427 0.106327 0.106327 0.106327
12300 17.668427 17.668427 17.668427 0.106327 0.106327 0.106327
12400 17.668427 17.668427 17.668427 0.106327 0.106327 0.106327
12500 17.668427 17.668427 17.668427 0.106327 0.106327 0.106327
12600 17.668427 17.668427 17.668427 0.106327 0.106327 0.106327
12700 17.668427 17.668427 17.668427 0.106327 0.106327 0.106327
12800 17.668427 17.668427 17.668427 0.106327 0.106327 0.106327
12900 17.668427 17.668427 17.668427 0.106327 0.106327 0.106327
13000 17.668427 17.668427 17.668427 0.106327 0.106327 0.106327
13100 17.668427 17.668427 17.668427 0.106327 0.106327 0.106327
13200 17.668427 17.668427 17.668427 0.106327 0.106327 0.106327
13300 17.668427 17.668427 17.668427 0.106327 0.106327 0.106327
13400 17.668427 17.668427 17.668427 0.106327 0.106327 0.106327
13500 17.668427 17.668427 17.668427 0.106327 0.106327 0.106327
13600 17.668427 17.668427 17.668427 0.106327 0.106327 0.106327
13700 17.668427 17.668427 17.668427 0.106327 0.106327 0.106327
13800 17.668427 17.668427 17.668427 0.106327 0.106327 0.106327
13900 17.668427 17.668427 17.668427 0.106327 0.106327 0.106327
14000 17.668427 17.668427 17.668427 0.106327 0.106327 0.106327
14100 17.668427 17.668427 17.668427 0.106327 0.106327 0.106327
14200 17.668427 17.668427 17.668427 0.106327 0.106327 0.106327
14300 17.668427 17.668427 17.668427 0.106327 0.106327 0.106327
14400 17.668427 17.668427 17.668427 0.106327 0.106327 0.106327
14500 17.668427 17.668427 17.668427 0.106327 0.106327 0.106327
14600 17.668427 17.668427 17.668427 0.106327 0.106327 0.106327
14700 17.668427 17.668427 17.668427 0.106327 0.106327 0.106327
14800 17.668427 17.668427 17.668427 0.106327 0.106327 0.106327
14900 17.668427 17.668427 17.668427 0.106327 0.106327 0.106327
15000 17.668427 17.668427 17.668427 0.106327 0.106327 0.106327
15100 17.668427 17.668427 17.668427 0.106327 0.106327 0.106327
15200 17.668427 17.668427 17.668427 0.106327 0.106327 0.106327
15300 17.668427 17.668427 17.668427 0.106327 0.106327 0.106327
15400 17.668427 17.668427 17.668427 0.106327 0.106327 0.106327
15500 17.668427 17.668427 17.668427 0.106327 0.106327 0.106327
15600 17.668427 17.668427 17.668427 0.106327 0.106327 0.106327
15700 17.668427 17.668427 17.668427 0.106327 0.106327 0.106327
15800 17.668427 17.668427 17.668427 0.106327 0.106327 0.106327
15900 17.668427 17.668427 17.668427 0.106327 0.106327 0.106327
16000 17.668427 17.668427 17.668427 0.106327 0.106327 0.106327
16100 17.668427 17.668427 17.668427 0.106327 0.106327 0.106327
16200 17.668427 17.668427 17.668427 0.106327 0.106327 0.106327
16300 17.668427 17.668427 17.668427 0.106327 0.106327 0.106327
16400 17.668427 17.668427 17.668427 0.106327 0.106327 0.106327
16500 17.668427 17.668427 17.668427 0.106327 0.106327 0.106327
16600 17.668427 17.668427 17.668427 0.106327 0.106327 0.106327
16700 17.668427 17.668427 17.668427 0.106327 0.106327 0.106327
16800 17.668427 17.668427 17.668427 0.106327 0.106327 0.106327
16900 17.668427 17.668427 17.668427 0.106327 0.106327 0.106327
17000 17.668427 17.668427 17.668427 0.106327 0.106327 0.106327
17100 17.668427 17.668427 17.668427 0.106327 0.106327 0.106327
17200 17.668427 17.668427 17.668427 0.106327 0.106327 0.106327
17300 17.668427 17.668427 17.668427 0.106327 0.106327 0.106327
17400 17.668427 17.668427 17.668427 0.106327 0.106327 0.106327
17500 17.668427 17.668427 17.668427 0.106327 0.106327 0.106327
17600 17.668427 17.668427 17.668427 0.106327 0.106327 0.106327
17700 17.668427 17.668427 17.668427 0.106327 0.106327 0.106327
17800 17.668427 17.668427 17.668427 0.106327 0.106327 0.106327
17900 17.668427 17.668427 17.668427 0.106327 0.106327 0.106327
18000 17.668427 17.668427 17.668427 0.106327 0.106327 0.106327
18100 17.668427 17.668427 17.668427 0.106327 0.106327 0.106327
18200 17.668427 17.668427 17.668427 0.106327 0.106327 0.106327
18300 17.668427 17.668427 17.668427 0.106327 0.106327 0.106327
18400 17.668427 17.668427 17.668427 0.106327 0.106327 0.106327
18500 17.668427 17.668427 17.668427 0.106327 0.106327 0.106327
18600 17.668427 17.668427 17.668427 0.106327 0.106327 0.106327
18700 17.668427 17.668427 17.668427 0.106327 0.106327 0.106327
18800 17.668427 17.668427 17.668427 0.106327 0.106327 0.106327
18900 17.668427 17.668427 17.668427 0.106327 0.106327 0.106327
19000 17.668427 17.668427 17.668427 0.106327 0.106327 0.106327
19100 17.668427 17.668427 17.668427 0.106327 0.106327 0.106327
19200 17.668427 17.668427 17.668427 0.106327 0.106327 0.106327
19300 17.668427 17.668427 17.668427 0.106327 0.106327 0.106327
19400 17.668427 17.668427 17.668427 0.106327 0.106327 0.106327
19500 17.668427 17.668427 17.668427 0.106327 0.106327 0.106327
19600 17.668427 17.668427 17.668427 0.106327 0.106327 0.106327
19700 17.668427 17.668427 17.668427 0.106327 0.106327 0.106327
19800 17.668427 17.668427 17.668427 0.106327 0.106327 0.106327
19900 17.668427 17.668427 17.668427 0.106327 0.106327 0.106327
20000 17.668427 17.668427 17.668427 0.106327 0.106327 0.106327
20100 17.668427 17.668427 17.668427 0.106327 0.106327 0.106327
20200 17.668427 17.668427 17.668427 0.106327 0.106327 0.106327
20300 17.668427 17.668427 17.668427 0.106327 0.106327 0.106327
20400 17.668427 17.668427 17.668427 0.106327 0.106327 0.106327
20500 17.668427 17.668427 17.668427 0.106327 0.106327 0.106327
20600 17.668427 17.668427 17.668427 0.106327 0.106327 0.106327
20700 17.668427 17.668427 17.668427 0.106327 0.106327 0.106327
20800 17.668427 17.668427 17.668427 0.106327 0.106327 0.106327
20900 17.668427 17.668427 17.668427 0.106327 0.106327 0.106327
21000 17.668427 17.668427 17.668427 0.106327 0.106327 0.106327
21100 17.668427 17.668427 17.668427 0.106327 0.106327 0.106327
21200 17.668427 17.668427 17.668427 0.106327 0.106327 0.106327
21300 17.668427 17.668427 17.668427 0.106327 0.106327 0.106327
21400 17.668427 17.668427 17.668427 0.106327 0.106327 0.106327
21500 17.668427 17.668427 17.668427 0.106327 0.106327 0.106327
21600 17.668427 17.668427 17.668427 0.106327 0.106327 0.106327
21700 17.668427 17.668427 17.668427 0.106327 0.106327 0.106327
21800 17.668427 17.668427 17.668427 0.106327 0.106327 0.106327
21900 17.668427 17.668427 17.668427 0.106327 0.106327 0.106327
22000 17.668427 17.668427 17.668427 0.106327 0.106327 0.106327
22100 17.668427 17.668427 17.668427 0.106327 0.106327 0.106327
22200 17.668427 17.668427 17.668427 0.106327 0.106327 0.106327
22300 17.668427 17.668427 17.668427 0.106327 0.106327 0.106327
22400 17.668427 17.668427 17.668427 0.106327 0.106327 0.106327
22500 17.668427 17.668427 17.668427 0.106327 0.106327 0.106327
22600 17.668427 17.668427 17.668427 0.106327 0.106327 0.106327
22700 17.668427 17.668427 17.668427 0.106327 0.106327 0.106327
22800 17.668427 17.668427 17.668427 0.106327 0.106327 0.106327
22900 17.668427 17.668427 17.668427 0.106327 0.106327 0.106327
23000 17.668427 17.668427 17.668427 0.106327 0.106327 0.106327
23100 17.668427 17.668427 17.668427 0.106327 0.106327 0.106327
23200 17.668427 17.668427 17.668427 0.106327 0.106327 0.106327
23300 17.668427 17.668427 17.668427 0.106327 0.106327 0.106327
23400 17.668427 17.668427 17.668427 0.106327 0.106327 0.106327
23500 17.668427 17.668427 17.668427 0.106327 0.106327 0.106327
23600 17.668427 17.668427 17.668427 0.106327 0.106327 0.106327
23700 17.668427 17.668427 17.668427 0.106327 0.106327 0.106327
23800 17.668427 17.668427 17.668427 0.106327 0.106327 0.106327
23900 17.668427 17.668427 17.668427 0.106327 0.106327 0.106327
24000 17.668427 17.668427 17.668427 0.106327 0.106327 0.106327
24100 17.668427 17.668427 17.668427 0.106327 0.106327 0.106327
24200 17.668427 17.668427 17.668427 0.106327 0.106327 0.106327
24300 17.668427 17.668427 17.668427 0.106327 0.106327 0.106327
24400 17.668427 17.668427 17.668427 0.106327 0.106327 0.106327
24500 17.668427 17.668427 17.668427 0.106327 0.106327 0.106327
24600 17.668427 17.668427 17.668427 0.106327 0.106327 0.106327
24700 17.668427 17.668427 17.668427 0.106327 0.106327 0.106327
24800 17.668427 17.668427 17.668427 0.106327 0.106327 0.106327
24900 17.668427 17.668427 17.668427 0.106327 0.106327 0.106327
25000 17.668427 17.668427 17.668427 0.106327 0.106327 0.106327
25100 17.668427 17.668427 17.668427 0.106327 0.106327 0.106327
25200 17.668427 17.668427 17.668427 0.106327 0.106327 0.106327
25300 17.668427 17.668427 17.668427 0.106327 0.106327 0.106327
25400 17.668427 17.668427 17.668427 0.106327 0.106327 0.106327
25500 17.668427 17.668427 17.668427 0.106327 0.106327 0.106327
25600 17.668427 17.668427 17.668427 0.106327 0.106327 0.106327
25700 17.668427 17.668427 17.668427 0.106327 0.106327 0.106327
25800 17.668427 17.668427 17.668427 0.106327 0.106327 0.106327
25900 17.668427 17.668427 17.668427 0.106327 0.106327 0.106327
26000 17.668427 17.668427 17.668427 0.106327 0.106327 0.106327
26100 17.668427 17.668427 17.668427 0.106327 0.106327 0.106327
26200 17.668427 17.668427 17.668427 0.106327 0.106327 0.106327
26300 17.668427 17.668427 17.668427 0.106327 0.106327 0.106327
26400 17.668427 17.668427 17.668427 0.106327 0.106327 0.106327
26500 17.668427 17.668427 17.668427 0.106327 0.106327 0.106327
26600 17.668427 17.668427 17.668427 0.106327 0.106327 0.106327
26700 17.668427 17.668427 17.668427 0.106327 0.106327 0.106327
26800 17.668427 17.668427 17.668427 0.106327 0.106327 0.106327
26900 17.668427 17.668427 17.668427 0.106327 0.106327 0.106327
27000 17.668427 17.668427 17.668427 0.106327 0.106327 0.106327
27100 17.668427 17.668427 17.668427 0.106327 0.106327 0.106327
27200 17.668427 17.668427 17.668427 0.106327 0.106327 0.106327
27300 17.668427 17.668427 17.668427 0.106327 0.106327 0.106327
27400 17.668427 17.668427 17.668427 0.106327 0.106327 0.106327
27500 17.668427 17.668427 17.668427 0.106327 0.106327 0.106327
27600 17.668427 17.668427 17.668427 0.106327 0.106327 0.106327
27700 17.668427 17.668427 17.668427 0.106327 0.106327 0.106327
27800 17.668427 17.668427 17.668427 0.106327 0.106327 0.106327
27900 17.668427 17.668427 17.668427 0.106327 0.106327 0.106327
28000 17.668427 17.668427 17.668427 0.106327 0.106327 0.106327
28100 17.668427 17.668427 17.668427 0.106327 0.106327 0.106327
28200 17.668427 17.668427 17.668427 0.106327 0.106327 0.106327
28300 17.668427 17.668427 17.668427 0.106327 0.106327 0.106327
28400 17.668427 17.668427 17.668427 0.106327 0.106327 0.106327
28500 17.668427 17.668427 17.668427 0.106327 0.106327 0.106327
28600 17.668427 17.668427 17.668427 0.106327 0.106327 0.106327
28700 17.668427 17.668427 17.668427 0.106327 0.106327 0.106327
28800 17.668427 17.668427 17.668427 0.106327 0.106327 0.106327
28900 17.668427 17.668427 17.668427 0.106327 0.106327 0.106327
29000 17.668427 17.668427 17.668427 0.106327 0.106327 0.106327
29100 17.668427 17.668427 17.668427 0.106327 0.106327 0.106327
29200 17.668427 17.668427 17.668427 0.106327 0.106327 0.106327
29300 17.668427 17.668427 17.668427 0.106327 0.106327 0.106327
29400 17.668427 17.668427 17.668427 0.106327 0.106327 0.106327
29500 17.668427 17.668427 17.668427 0.106327 0.106327 0.106327
29600 17.668427 17.668427 17.668427 0.106327 0.106327 0.106327
29700 17.668427 17.668427 17.668427 0.106327 0.106327 0.106327
29800 17.668427 17.668427 17.668427 0.106327 0.106327 0.106327
29900 17.668427 17.668427 17.668427 0.106327 0.106327 0.106327
30000 17.668427 17.668427 17.668427 0.106327 0.106327 0.106327
30100 17.668427 17.668427 17.668427 0.106327 0.106327 0.106327
30200 17.668427 17.668427 17.668427 0.106327 0.106327 0.106327
30300 17.668427 17.668427 17.668427 0.106327 0.106327 0.106327
30400 17.668427 17.668427 17.668427 0.106327 0.106327 0.106327
30500 17.668427 17.668427 17.668427 0.106327 0.106327 0.106327
30600 17.668427 17.668427 17.668427 0.106327 0.106327 0.106327
30700 17.668427 17.668427 17.668427 0.106327 0.106327 0.106327
30800 17.668427 17.668427 17.668427 0.106327 0.106327 0.106327
30900 17.668427 17.668427 17.668427 0.106327 0.106327 0.106327
31000 17.668427 17.668427 17.668427 0.106327 0.106327 0.106327
31100 17.668427 17.668427 17.668427 0.106327 0.106327 0.106327
31200 17.668427 17.668427 17.668427 0.106327 0.106327 0.106327
31300 17.668427 17.668427 17.668427 0.106327 0.106327 0.106327
31400 17.668427 17.668427 17.668427 0.106327 0.106327 0.106327
31500 17.668427 17.668427 17.668427 0.106327 0.106327 0.106327
31600 17.668427 17.668427 17.668427 0.106327 0.106327 0.106327
31700 17.668427 17.668427 17.668427 0.106327 0.106327 0.106327
31800 17.668427 17.668427 17.668427 0.106327 0.106327 0.106327
31900 17.668427 17.668427 17.668427 0.106327 0.106327 0.106327
32000 17.668427 17.668427 17.668427 0.106327 0.106327 0.106327
32100 17.668427 17.668427 17.668427 0.106327 0.106327 0.106327
32200 17.668427 17.668427 17.668427 0.106327 0.106327 0.106327
32300 17.668427 17.668427 17.668427 0.106327 0.106327 0.106327
32400 17.668427 17.668427 17.668427 0.106327 0.106327 0.106327
32500 17.668427 17.668427 17.668427 0.106327 0.106327 0.106327
32600 17.668427 17.668427 17.668427 0.106327 0.106327 0.106327
32700 17.668427 17.668427 17.668427 0.106327 0.106327 0.106327
32800 17.668427 17.668427 17.668427 0.106327 0.106327 0.106327
32900 17.668427 17.668427 17.668427 0.106327 0.106327 0.106327
33000 17.668427 17.668427 17.668427 0.106327 0.106327 0.106327
33100 17.668427 17.668427 17.668427 0.106327 0.106327 0.106327
33200 17.668427 17.668427 17.668427 0.106327 0.106327 0.106327
33300 17.668427 17.668427 17.668427 0.106327 0.106327 0.106327
33400 17.668427 17.668427 17.668427 0.106327 0.106327 0.106327
33500 17.668427 17.668427 17.668427 0.106327 0.106327 0.106327
33600 17.668427 17.668427 17.668427 0.106327 0.106327 0.106327
33700 17.668427 17.668427 17.668427 0.106327 0.106327 0.106327
33800 17.668427 17.668427 17.668427 0.106327 0.106327 0.106327
33900 17.668427 17.668427 17.668427 0.106327 0.106327 0.106327
34000 17.668427 17.668427 17.668427 0.106327 0.106327 0.106327
34100 17.668427 17.668427 17.668427 0.106327 0.106327 0.106327
34200 17.668427 17.668427 17.668427 0.106327 0.106327 0.106327
34300 17.668427 17.668427 17.668427 0.106327 0.106327 0.106327
34400 17.668427 17.668427 17.668427 0.106327 0.106327 0.106327
34500 17.668427 17.668427 17.668427 0.106327 0.106327 0.106327
34600 17.668427 17.668427 17.668427 0.106327 0.106327 0.106327
34700 17.668427 17.668427 17.668427 0.106327 0.106327 0.106327
34800 17.668427 17.668427 17.668427 0.106327 0.106327 0.106327
34900 17.668427 17.668427 17.668427 0.106327 0.106327 0.106327
35000 17.668427 17.668427 17.668427 0.106327 0.106327 0.106327
35100 17.668427 17.668427 17.668427 0.106327 0.106327 0.106327
35200 17.668427 17.668427 17.668427 0.106327 0.106327 0.106327
35300 17.668427 17.668427 17.668427 0.106327 0.106327 0.106327
35400 17.668427 17.668427 17.668427 0.106327 0.106327 0.106327
35500 17.668427 17.668427 17.668427 0.106327 0.106327 0.106327
35600 17.668427 17.668427 17.668427 0.106327 0.106327 0.106327
35700 17.668427 17.668427 17.668427 0.106327 0.106327 0.106327
35800 17.668427 17.668427 17.668427 0.106327 0.106327 0.106327
35900 17.668427 17.668427 17.668427 0.106327 0.106327 0.106327
36000 17.668427 17.668427 17.668427 0.106327 0.106327 0.106327
36100 17.668427 17.668427 17.668427 0.106327 0.106327 0.106327
36200 17.668427 17.668427 17.668427 0.106327 0.106327 0.106327
36300 17.668427 17.668427 17.668427 0.106327 0.106327 0.106327
36400 17.668427 17.668427 17.668427 0.106327 0.106327 0.106327
36500 17.668427 17.668427 17.668427 0.106327 0.106327 0.106327
36600 17.668427 17.668427 17.668427 0.106327 0.106327 0.106327
36700 17.668427 17.668427 17.668427 0.106327 0.106327 0.106327
36800 17.668427 17.668427 17.668427 0.106327 0.106327 0.106327
36900 17.668427 17.668427 17.668427 0.106327 0.106327 0.106327
37000 17.668427 17.668427 17.668427 0.106327 0.106327 0.106327
37100 17.668427 17.668427 17.668427 0.106327 0.106327 0.106327
37200 17.668427 17.668427 17.668427 0.106327 0.106327 0.106327
37300 17.668427 17.668427 17.668427 0.106327 0.106327 0.106327
37400 17.668427 17.668427 17.668427 0.106327 0.106327 0.106327
37500 17.668427 17.668427 17.668427 0.106327 0.106327 0.106327
37600 17.668427 17.668427 17.668427 0.106327 0.106327 0.106327
37700 17.668427 17.668427 17.668427 0.106327 0.106327 0.106327
37800 17.668427 17.668427 17.668427 0.106327 0.106327 0.106327
37900 17.668427 17.668427 17.668427 0.106327 0.106327 0.106327
38000 17.668427 17.668427 17.668427 0.106327 0.106327 0.106327
38100 17.668427 17.668427 17.668427 0.106327 0.106327 0.106327
38200 17.668427 17.668427 17.668427 0.106327 0.106327 0.106327
38300 17.668427 17.668427 17.668427 0.106327 0.106327 0.106327
38400 17.668427 17.668427 17.668427 0.106327 0.106327 0.106327
38500 17.668427 17.668427 17.668427 0.106327 0.106327 0.106327
38600 17.668427 17.668427 17.668427 0.106327 0.106327 0.106327
38700 17.668427 17.668427 17.668427 0.106327 0.106327 0.106327
38800 17.668427 17.668427 17.668427 0.106327 0.106327 0.106327
38900 17.668427 17.668427 17.668427 0.106327 0.106327 0.106327
39000 17.668427 17.668427 17.668427 0.106327 0.106327 0.106327
39100 17.668427 17.668427 17.668427 0.106327 0.106327 0.106327
39200 17.668427 17.668427 17.668427 0.106327 0.106327 0.106327
39300 17.668427 17.668427 17.668427 0.106327 0.106327 0.106327
39400 17.668427 17.668427 17.668427 0.106327 0.106327 0.106327
39500 17.668427 17.668427 17.668427 0.106327 0.106327 0.106327
39600 17.668427 17.668427 17.668427 0.106327 0.106327 0.106327
39700 17.668427 17.668427 17.668427 0.106327 0.106327 0.106327
39800 17.668427 17.668427 17.668427 0.106327 0.106327 0.106327
39900 17.668427 17.668427 17.668427 0.106327 0.106327 0.106327
40000 17.668427 17.668427 17.668427 0.106327 0.106327 0.106327
40100 17.668427 17.668427 17.668427 0.106327 0.106327 0.106327
40200 17.668427 17.668427 17.668427 0.106327 0.106327 0.106327
40300 17.668427 17.668427 17.668427 0.106327 0.106327 0.106327
40400 17.668427 17.668427 17.668427 0.106327 0.106327 0.106327
40500 17.668427 17.668427 17.668427 0.106327 0.106327 0.106327
40600 17.668427 17.668427 17.668427 0.106327 0.106327 0.106327
40700 17.668427 17.668427 17.668427 0.106327 0.106327 0.106327
40800 17.668427 17.668427 17.668427 0.106327 0.106327 0.106327
40900 17.668427 17.668427 17.668427 0.106327 0.106327 0.106327
41000 17.668427 17.668427 17.668427 0.106327 0.106327 0.106327
41100 17.668427 17.668427 17.668427 0.106327 0.106327 0.106327
41200 17.668427 17.668427 17.668427 0.106327 0.106327 0.106327
41300 17.668427 17.668427 17.668427 0.106327 0.106327 0.106327
41400 17.668427 17.668427 17.668427 0.106327 0.106327 0.106327
41500 17.668427 17.668427 17.668427 0.106327 0.106327 0.106327
41600 17.668427 17.668427 17.668427 0.106327 0.106327 0.106327
41700 17.668427 17.668427 17.668427 0.106327 0.106327 0.106327
41800 17.668427 17.668427 17.668427 0.106327 0.106327 0.106327
41900 17.668427 17.668427 17.668427 0.106327 0.106327 0.106327
42000 17.668427 17.668427 17.668427 0.106327 0.106327 0.106327
42100 17.668427 17.668427 17.668427 0.106327 0.106327 0.106327
42200 17.668427 17.668427 17.668427 0.106327 0.106327 0.106327
42300 17.668427 17.668427 17.668427 0.106327 0.106327 0.106327
42400 17.668427 17.668427 17.668427 0.106327 0.106327 0.106327
42500 17.668427 17.668427 17.668427 0.106327 0.106327 0.106327
42600 17.668427 17.668427 17.668427 0.106327 0.106327 0.106327
42700 17.668427 17.668427 17.668427 0.106327 0.106327 0.106327
42800 17.668427 17.668427 17.668427 0.106327 0.106327 0.106327
42900 17.668427 17.668427 17.668427 0.106327 0.106327 0.106327
43000 17.668427 17.668427 17.668427 0.106327 0.106327 0.106327
43100 17.668427 17.668427 17.668427 0.106327 0.106327 0.106327
43200 17.668427 17.668427 17.668427 0.106327 0.106327 0.106327
43300 17.668427 17.668427 17.668427 0.106327 0.106327 0.106327
43400 17.668427 17.668427 17.668427 0.106327 0.106327 0.106327
43500 17.668427 17.668427 17.668427 0.106327 0.106327 0.106327
43600 17.668427 17.668427 17.668427 0.106327 0.106327 0.106327
43700 17.668427 17.668427 17.668427 0.106327 0.106327 0.106327
43800 17.668427 17.668427 17.668427 0.106327 0.106327 0.106327
43900 17.668427 17.668427 17.668427 0.106327 0.106327 0.106327
44000 17.668427 17.668427 17.668427 0.106327 0.106327 0.106327
44100 17.668427 17.668427 17.668427 0.106327 0.106327 0.106327
44200 17.668427 17.668427 17.668427 0.106327 0.106327 0.106327
44300 17.668427 17.668427 17.668427 0.106327 0.106327 0.106327
44400 17.668427 17.668427 17.668427 0.106327 0.106327 0.106327
44500 17.668427 17.668427 17.668427 0.106327 0.106327 0.106327
44600 17.668427 17.668427 17.668427 0.106327 0.106327 0.106327
44700 17.668427 17.668427 17.668427 0.106327 0.106327 0.106327
44800 17.668427 17.668427 17.668427 0.106327 0.106327 0.106327
44900 17.668427 17.668427 17.668427 0.106327 0.106327 0.106327
45000 17.668427 17.668427 17.668427 0.106327 0.106327 0.106327
45100 17.668427 17.668427 17.668427 0.106327 0.106327 0.106327
45200 17.668427 17.668427 17.668427 0.106327 0.106327 0.106327
45300 17.668427 17.668427 17.668427 0.106327 0.106327 0.106327
45400 17.668427 17.668427 17.668427 0.106327 0.106327 0.106327
45500 17.668427 17.668427 17.668427 0.106327 0.106327 0.106327
45600 17.668427 17.668427 17.668427 0.106327 0.106327 0.106327
45700 17.668427 17.668427 17.668427 0.106327 0.106327 0.106327
45800 17.668427 17.668427 17.668427 0.106327 0.106327 0.106327
45900 17.668427 17.668427 17.668427 0.106327 0.106327 0.106327
46000 17.668427 17.668427 17.668427 0.106327 0.106327 0.106327
46100 17.668427 17.668427 17.668427 0.106327 0.106327 0.106327
46200 17.668427 17.668427 17.668427 0.106327 0.106327 0.106327
46300 17.668427 17.668427 17.668427 0.106327 0.106327 0.106327
46400 17.668427 17.668427 17.668427 0.106327 0.106327 0.106327
46500 17.668427 17.668427 17.668427 0.106327 0.106327 0.106327
46600 17.668427 17.668427 17.668427 0.106327 0.106327 0.106327
46700 17.668427 17.668427 17.668427 0.106327 0.106327 0.106327
46800 17.668427 17.668427 17.668427 0.106327 0.106327 0.106327
46900 17.668427 17.668427 17.668427 0.106327 0.106327 0.106327
47000 17.668427 17.668427 17.668427 0.106327 0.106327 0.106327
47100 17.668427 17.668427 17.668427 0.106327 0.106327 0.106327
47200 17.668427 17.668427 17.668427 0.106327 0.106327 0.106327
47300 17.668427 17.668427 17.668427 0.106327 0.106327 0.106327
47400 17.668427 17.668427 17.668427 0.106327 0.106327 0.106327
47500 17.668427 17.668427 17.668427 0.106327 0.106327 0.106327
47600 17.668427 17.668427 17.668427 0.106327 0.106327 0.106327
47700 17.668427 17.668427 17.668427 0.106327 0.106327 0.106327
47800 17.668427 17.668427 17.668427 0.106327 0.106327 0.106327
47900 17.668427 17.668427 17.668427 0.106327 0.106327 0.106327
48000 17.668427 17.668427 17.668427 0.106327 0.106327 0.106327
48100 17.668427 17.668427 17.668427 0.106327 0.106327 0.106327
48200 17.668427 17.668427 17.668427 0.106327 0.106327 0.106327
48300 17.668427 17.668427 17.668427 0.106327 0.106327 0.106327
48400 17.668427 17.668427 17.668427 0.106327 0.106327 0.106327
48500 17.668427 17.668427 17.668427 0.106327 0.106327 0.106327
48600 17.668427 17.668427 17.668427 0.106327 0.106327 0.106327
48700 17.668427 17.668427 17.668427 0.106327 0.106327 0.106327
48800 17.668427 17.668427 17.668427 0.106327 0.106327 0.106327
48900 17.668427 17.668427 17.668427 0.106327 0.106327 0.106327
49000 17.668427 17.668427 17.668427 0.106327 0.106327 0.106327
49100 17.668427 17.668427 17.668427 0.106327 0.106327 0.106327
49200 17.668427 17.668427 17.668427 0.106327 0.106327 0.106327
49300 17.668427 17.668427 17.668427 0.106327 0.106327 0.106327
49400 17.668427 17.668427 17.668427 0.106327 0.106327 0.106327
49500 17.668427 17.668427 17.668427 0.106327 0.106327 0.106327
49600 17.668427 17.668427 17.668427 0.106327 0.106327 0.106327
49700 17.668427 17.668427 17.668427 0.106327 0.106327 0.106327
49800 17.668427 17.668427 17.668427 0.106327 0.106327 0.106327
49900 17.668427 17.668427 17.668427 0.106327 0.106327 0.106327
50000 17.668427 17.668427 17.668427 0.106327 0.106327 0.106327
50100 17.668427 17.668427 17.668427 0.106327 0.106327 0.106327
50200 17.668427 17.668427 17.668427 0.106327 0.106327 0.106327
50300 17.668427 17.668427 17.668427 0.106327 0.106327 0.106327
50400 17.668427 17.668427 17.668427 0.106327 0.106327 0.106327
50500 17.668427 17.668427 17.668427 0.106327 0.106327 0.106327
50600 17.668427 17.668427 17.668427 0.106327 0.106327 0.106327
50700 17.668427 17.668427 17.668427 0.106327 0.106327 0.106327
50800 17.668427 17.668427 17.668427 0.106327 0.106327 0.106327
50900 17.668427 17.668427 17.668427 0.106327 0.106327 0.106327
51000 17.668427 17.668427 17.668427 0.106327 0.106327 0.106327
51100 17.668427 17.668427 17.668427 0.106327 0.106327 0.106327
51200 17.668427 17.668427 17.668427 0.106327 0.106327 0.106327
51300 17.668427 17.668427 17.668427 0.106327 0.106327 0.106327
51400 17.668427 17.668427 17.668427 0.106327 0.106327 0.106327
51500 17.668427 17.668427 17.668427 0.106327 0.106327 0.106327
51600 17.668427 17.668427 17.668427 0.106327 0.106327 0.106327
51700 17.668427 17.668427 17.668427 0.106327 0.106327 0.106327
51800 17.668427 17.668427 17.668427 0.106327 0.106327 0.106327
51900 17.668427 17.668427 17.668427 0.106327 0.106327 0.106327
52000 17.668427 17.668427 17.668427 0.106327 0.106327 0.106327
52100 17.668427 17.668427 17.668427 0.106327 0.106327 0.106327
52200 17.668427 17.668427 17.668427 0.106327 0.106327 0.106327
52300 17.668427 17.668427 17.668427 0.106327 0.106327 0.106327
52400 17.668427 17.668427 17.668427 0.106327 0.106327 0.106327
52500 17.668427 17.668427 17.668427 0.106327 0.106327 0.106327
52600 17.668427 17.668427 17.668427 0.106327 0.106327 0.106327
52700 17.668427 17.668427 17.668427 0.106327 0.106327 0.106327
52800 17.668427 17.668427 17.668427 0.106327 0.106327 0.106327
52900 17.668427 17.668427 17.668427 0.106327 0.106327 0.106327
53000 17.668427 17.668427 17.668427 0.106327 0.106327 0.106327
53100 17.668427 17.668427 17.668427 0.106327 0.106327 0.106327
53200 17.668427 17.668427 17.668427 0.106327 0.106327 0.106327
53300 17.668427 17.668427 17.668427 0.106327 0.106327 0.106327
53400 17.668427 17.668427 17.668427 0.106327 0.106327 0.106327
53500 17.668427 17.668427 17.668427 0.106327 0.106327 0.106327
53600 17.668427 17.668427 17.668427 0.106327 0.106327 0.106327
53700 17.668427 17.668427 17.668427 0.106327 0.106327 0.106327
53800 17.668427 17.668427 17.668427 0.106327 0.106327 0.106327
53900 17.668427 17.668427 17.668427 0.106327 0.106327 0.106327
54000 17.668427 17.668427 17.668427 0.106327 0.106327 0.106327
54100 17.668427 17.668427 17.668427 0.106327 0.106327 0.106327
54200 17.668427 17.668427 17.668427 0.106327 0.106327 0.106327
54300 17.668427 17.668427 17.668427 0.106327 0.106327 0.106327
54400 17.668427 17.668427 17.668427 0.106327 0.106327 0.106327
54500 17.668427 17.668427 17.668427 0.106327 0.106327 0.106327
54600 17.668427 17.668427 17.668427 0.106327 0.106327 0.106327
54700 17.668427 17.668427 17.668427 0.106327 0.106327 0.106327
54800 17.668427 17.668427 17.668427 0.106327 0.106327 0.106327
54900 17.668427 17.668427 17.668427 0.106327 0.106327 0.106327
55000 17.668427 17.668427 17.668427 0.106327 0.106327 0.106327
55100 17.668427 17.668427 17.668427 0.106327 0.106327 0.106327
55200 17.668427 17.668427 17.668427 0.106327 0.106327 0.106327
55300 17.668427 17.668427 17.668427 0.106327 0.106327 0.106327
55400 17.668427 17.668427 17.668427 0.106327 0.106327 0.106327
55500 17.668427 17.668427 17.668427 0.106327 0.106327 0.106327
55600 17.668427 17.668427 17.668427 0.106327 0.106327 0.106327
55700 17.668427 17.668427 17.668427 0.106327 0.106327 0.106327
55800 17.668427 17.668427 17.668427 0.106327 0.106327 0.106327
55900 17.668427 17.668427 17.668427 0.106327 0.106327 0.106327
56000 17.668427 17.668427 17.668427 0.106327 0.106327 0.106327
56100 17.668427 17.668427 17.668427 0.106327 0.106327 0.106327
56200 17.668427 17.668427 17.668427 0.106327 0.106327 0.106327
56300 17.668427 17.668427 17.668427 0.106327 0.106327 0.106327
56400 17.668427 17.668427 17.668427 0.106327 0.106327 0.106327
56500 17.668427 17.668427 17.668427 0.106327 0.106327 0.106327
56600 17.668427 17.668427 17.668427 0.106327 0.106327 0.106327
56700 17.668427 17.668427 17.668427 0.106327 0.106327 0.106327
56800 17.668427 17.668427 17.668427 0.106327 0.106327 0.106327
56900 17.668427 17.668427 17.668427 0.106327 0.106327 0.106327
57000 17.668427 17.668427 17.668427 0.106327 0.106327 0.106327
57100 17.668427 17.668427 17.668427 0.106327 0.106327 0.106327
57200 17.668427 17.668427 17.668427 0.106327 0.106327 0.106327
57300 17.668427 17.668427 17.668427 0.106327 0.106327 0.106327
57400 17.668427 17.668427 17.668427 0.106327 0.106327 0.106327
57500 17.668427 17.668427 17.668427 0.106327 0.106327 0.106327
57600 17.668427 17.668427 17.668427 0.106327 0.106327 0.106327
57700 17.668427 17.668427 17.668427 0.106327 0.106327 0.106327
57800 17.668427 17.668427 17.668427 0.106327 0.106327 0.106327
57900 17.668427 17.668427 17.668427 0.106327 0.106327 0.106327
58000 17.668427 17.668427 17.668427 0.106327 0.106327 0.106327
58100 17.668427 17.668427 17.668427 0.106327 0.106327 0.106327
58200 17.668427 17.668427 17.668427 0.106327 0.106327 0.106327
58300 17.668427 17.668427 17.668427 0.106327 0.106327 0.106327
58400 17.668427 17.668427 17.668427 0.106327 0.106327 0.106327
58500 17.668427 17.668427 17.668427 0.106327 0.106327 0.106327
58600 17.668427 17.668427 17.668427 0.106327 0.106327 0.106327
58700 17.668427 17.668427 17.668427 0.106327 0.106327 0.106327
58800 17.668427 17.668427 17.668427 0.106327 0.106327 0.106327
58900 17.668427 17.668427 17.668427 0.106327 0.106327 0.106327
59000 17.668427 17.668427 17.668427 0.106327 0.106327 0.106327
59100 17.668427 17.668427 17.668427 0.106327 0.106327 0.106327
59200 17.668427 17.668427 17.668427 0.106327 0.106327 0.106327
59300 17.668427 17.668427 17.668427 0.106327 0.106327 0.106327
59400 17.668427 17.668427 17.668427 0.106327 0.106327 0.106327
59500 17.668427 17.668427 17.668427 0.106327 0.106327 0.106327
59600 17.668427 17.668427 17.668427 0.106327 0.106327 0.106327
59700 17.668427 17.668427 17.668427 0.106327 0.106327 0.106327
59800 17.668427 17.668427 17.668427 0.106327 0.106327 0.106327
59900 17.668427 17.668427 17.668427 0.106327 0.106327 0.106327
60000 17.668427 17.668427 17.668427 0.106327 0.106327 0.106327
60100 17.668427 17.668427 17.668427 0.106327 0.106327 0.106327
60200 17.668427 17.668427 17.668427 0.106327 0.106327 0.106327
60300 17.668427 17.668427 17.668427 0.106327 0.106327 0.106327
60400 17.668427 17.668427 17.668427 0.106327 0.106327 0.106327
60500 17.668427 17.668427 17.668427 0.106327 0.106327 0.106327
60600 17.668427 17.668427 17.668427 0.106327 0.106327 0.106327
60700 17.668427 17.668427 17.668427 0.106327 0.106327 0.106327
60800 17.668427 17.668427 17.668427 0.106327 0.106327 0.106327
60900 17.668427 17.668427 17.668427 0.106327 0.106327 0.106327
61000 17.668427 17.668427 17.668427 0.106327 0.106327 0.106327
61100 17.668427 17.668427 17.668427 0.106327 0.106327 0.106327
61200 17.668427 17.668427 17.668427 0.106327 0.106327 0.106327
61300 17.668427 17.668427 17.668427 0.106327 0.106327 0.106327
61400 17.668427 17.668427 17.668427 0.106327 0.106327 0.106327
61500 17.668427 17.668427 17.668427 0.106327 0.106327 0.106327
61600 17.668427 17.668427 17.668427 0.106327 0.106327 0.106327
61700 17.668427 17.668427 17.668427 0.106327 0.106327 0.106327
61800 17.668427 17.668427 17.668427 0.106327 0.106327 0.106327
61900 17.668427 17.668427 17.668427 0.106327 0.106327 0.106327
62000 17.668427 17.668427 17.668427 0.106327 0.106327 0.106327
62100 17.668427 17.668427 17.668427 0.106327 0.106327 0.106327
62200 17.668427 17.668427 17.668427 0.106327 0.106327 0.106327
62300 17.668427 17.668427 17.668427 0.106327 0.106327 0.106327
62400 17.668427 17.668427 17.668427 0.106327 0.106327 0.106327
62500 17.668427 17.668427 17.668427 0.106327 0.106327 0.106327
62600 17.668427 17.668427 17.668427 0.106327 0.106327 0.106327
62700 17.668427 17.668427 17.668427 0.106327 0.106327 0.106327
62800 17.668427 17.668427 17.668427 0.106327 0.106327 0.106327
62900 17.668427 17.668427 17.668427 0.106327 0.106327 0.106327
63000 17.668427 17.668427 17.668427 0.106327 0.106327 0.106327
63100 17.668427 17.668427 17.668427 0.106327 0.106327 0.106327
63200 17.668427 17.668427 17.668427 0.106327 0.106327 0.106327
63300 17.668427 17.668427 17.668427 0.106327 0.106327 0.106327
63400 17.668427 17.668427 17.668427 0.106327 0.106327 0.106327
63500 17.668427 17.668427 17.668427 0.106327 0.106327 0.106327
63600 17.668427 17.668427 17.668427 0.106327 0.106327 0.106327
63700 17.668427 17.668427 17.668427 0.106327 0.106327 0.106327
63800 17.668427 17.668427 17.668427 0.106327 0.106327 0.106327
63900 17.668427 17.668427 17.668427 0.106327 0.106327 0.106327
64000 17.668427 17.668427 17.668427 0.106327 0.106327 0.106327
64100 17.668427 17.668427 17.668427 0.106327 0.106327 0.106327
64200 17.668427 17.668427 17.668427 0.106327 0.106327 0.106327
64300 17.668427 17.668427 17.668427 0.106327 0.106327 0.106327
64400 17.668427 17.668427 17.668427 0.106327 0.106327 0.106327
64500 17.668427 17.668427 17.668427 0.106327 0.106327 0.106327
64600 17.668427 17.668427 17.668427 0.106327 0.106327 0.106327
64700 17.668427 17.668427 17.668427 0.106327 0.106327 0.106327
64800 17.668427 17.668427 17.668427 0.106327 0.106327 0.106327
64900 17.668427 17.668427 17.668427 0.106327 0.106327 0.106327
65000 17.668427 17.668427 17.668427 0.106327 0.106327 0.106327
65100 17.668427 17.668427 17.668427 0.106327 0.106327 0.106327
65200 17.668427 17.668427 17.668427 0.106327 0.106327 0.106327
65300 17.668427 17.668427 17.668427 0.106327 0.106327 0.106327
65400 17.668427 17.668427 17.668427 0.106327 0.106327 0.106327
65500 17.668427 17.668427 17.668427 0.106327 0.106327 0.106327
65600 17.668427 17.668427 17.668427 0.106327 0.106327 0.106327
65700 17.668427 17.668427 17.668427 0.106327 0.106327 0.106327
65800 17.668427 17.668427 17.668427 0.106327 0.106327 0.106327
65900 17.668427 17.668427 17.668427 0.106327 0.106327 0.106327
66000 17.668427 17.668427 17.668427 0.106327 0.106327 0.106327
66100 17.668427 17.668427 17.668427 0.106327 0.106327 0.106327
66200 17.668427 17.668427 17.668427 0.106327 0.106327 0.106327
66300 17.668427 17.668427 17.668427 0.106327 0.106327 0.106327
66400 17.668427 17.668427 17.668427 0.106327 0.106327 0.106327
66500 17.668427 17.668427 17.668427 0.106327 0.106327 0.106327
66600 17.668427 17.668427 17.668427 0.106327 0.106327 0.106327
66700 17.668427 17.668427 17.668427 0.106327 0.106327 0.106327
66800 17.668427 17.668427 17.668427 0.106327 0.106327 0.106327
66900 17.668427 17.668427 17.668427 0.106327 0.106327 0.106327
67000 17.668427 17.668427 17.668427 0.106327 0.106327 0.106327
67100 17.668427 17.668427 17.668427 0.106327 0.106327 0.106327
67200 17.668427 17.668427 17.668427 0.106327 0.106327 0.106327
67300 17.668427 17.668427 17.668427 0.106327 0.106327 0.106327
67400 17.668427 17.668427 17.668427 0.106327 0.106327 0.106327
67500 17.668427 17.668427 17.668427 0.106327 0.106327 0.106327
67600 17.668427 17.668427 17.668427 0.106327 0.106327 0.106327
67700 17.668427 17.668427 17.668427 0.106327 0.106327 0.106327
67800 17.668427 17.668427 17.668427 0.106327 0.106327 0.106327
67900 17.668427 17.668427 17.668427 0.106327 0.106327 0.106327
68000 17.668427 17.668427 17.668427 0.106327 0.106327 0.106327
68100 17.668427 17.668427 17.668427 0.106327 0.106327 0.106327
68200 17.668427 17.668427 17.668427 0.106327 0.106327 0.106327
68300 17.668427 17.668427 17.668427 0.106327 0.106327 0.106327
68400 17.668427 17.668427 17.668427 0.106327 0.106327 0.106327
68500 17.668427 17.668427 17.668427 0.106327 0.106327 0.106327
68600 17.668427 17.668427 17.668427 0.106327 0.106327 0.106327
68700 17.668427 17.668427 17.668427 0.106327 0.106327 0.106327
68800 17.668427 17.668427 17.668427 0.106327 0.106327 0.106327
68900 17.668427 17.668427 17.668427 0.106327 0.106327 0.106327
69000 17.668427 17.668427 17.668427 0.106327 0.106327 0.106327
69100 17.668427 17.668427 17.668427 0.106327 0.106327 0.106327
69200 17.668427 17.668427 17.668427 0.106327 0.106327 0.106327
69300 17.668427 17.668427 17.668427 0.106327 0.106327 0.106327
69400 17.668427 17.668427 17.668427 0.106327 0.106327 0.106327
69500 17.668427 17.668427 17.668427 0.106327 0.106327 0.106327
69600 17.668427 17.668427 17.668427 0.106327 0.106327 0.106327
69700 17.668427 17.668427 17.668427 0.106327 0.106327 0.106327
69800 17.668427 17.668427 17.668427 0.106327 0.106327 0.106327
69900 17.668427 17.668427 17.668427 0.106327 0.106327 0.106327
70000 17.668427 17.668427 17.668427 0.106327 0.106327 0.106327
70100 17.668427 17.668427 17.668427 0.106327 0.106327 0.106327
70200 17.668427 17.668427 17.668427 0.106327 0.106327 0.106327
70300 17.668427 17.668427 17.668427 0.106327 0.106327 0.106327
70400 17.668427 17.668427 17.668427 0.106327 0.106327 0.106327
70500 17.668427 17.668427 17.668427 0.106327 0.106327 0.106327
70600 17.668427 17.668427 17.668427 0.106327 0.106327 0.106327
70700 17.668427 17.668427 17.668427 0.106327 0.106327 0.106327
70800 17.668427 17.668427 17.668427 0.106327 0.106327 0.106327
70900 17.668427 17.668427 17.668427 0.106327 0.106327 0.106327
71000 17.668427 17.668427 17.668427 0.106327 0.106327 0.106327
71100 17.668427 17.668427 17.668427 0.106327 0.106327 0.106327
71200 17.668427 17.668427 17.668427 0.106327 0.106327 0.106327
71300 17.668427 17.668427 17.668427 0.106327 0.106327 0.106327
71400 17.668427 17.668427 17.668427 0.106327 0.106327 0.106327
71500 17.668427 17.668427 17.668427 0.106327 0.106327 0.106327
71600 17.668427 17.668427 17.668427 0.106327 0.106327 0.106327
71700 17.668427 17.668427 17.668427 0.106327 0.106327 0.106327
71800 17.668427 17.668427 17.668427 0.106327 0.106327 0.106327
71900 17.668427 17.668427 17.668427 0.106327 0.106327 0.106327
72000 17.668427 17.668427 17.668427 0.106327 0.106327 0.106327
72100 17.668427 17.668427 17.668427 0.106327 0.106327 0.106327
72200 17.668427 17.668427 17.668427 0.106327 0.106327 0.106327
72300 17.668427 17.668427 17.668427 0.106327 0.106327 0.106327
72400 17.668427 17.668427 17.668427 0.106327 0.106327 0.106327
72500 17.668427 17.668427 17.668427 0.106327 0.106327 0.106327
72600 17.668427 17.668427 17.668427 0.106327 0.106327 0.106327
72700 17.668427 17.668427 17.668427 0.106327 0.106327 0.106327
72800 17.668427 17.668427 17.668427 0.106327 0.106327 0.106327
72900 17.668427 17.668427 17.668427 0.106327 0.106327 0.106327
73000 17.668427 17.668427 17.668427 0.106327 0.106327 0.106327
73100 17.668427 17.668427 17.668427 0.106327 0.106327 0.106327
73200 17.668427 17.668427 17.668427 0.106327 0.106327 0.106327
73300 17.668427 17.668427 17.668427 0.106327 0.106327 0.106327
73400 17.668427 17.668427 17.668427 0.106327 0.106327 0.106327
73500 17.668427 17.668427 17.668427 0.106327 0.106327 0.106327
73600 17.668427 17.668427 17.668427 0.106327 0.106327 0.106327
73700 17.668427 17.668427 17.668427 0.106327 0.106327 0.106327
73800 17.668427 17.668427 17.668427 0.106327 0.106327 0.106327
73900 17.668427 17.668427 17.668427 0.106327 0.106327 0.106327
74000 17.668427 17.668427 17.668427 0.106327 0.106327 0.106327
74100 17.668427 17.668427 17.668427 0.106327 0.106327 0.106327
74200 17.668427 17.668427 17.668427 0.106327 0.106327 0.106327
74300 17.668427 17.668427 17.668427 0.106327 0.106327 0.106327
74400 17.668427 17.668427 17.668427 0.106327 0.106327 0.106327
74500 17.668427 17.668427 17.668427 0.106327 0.106327 0.106327
74600 17.668427 17.668427 17.668427 0.106327 0.106327 0.106327
74700 17.668427 17.668427 17.668427 0.106327 0.106327 0.106327
74800 17.668427 17.668427 17.668427 0.106327 0.106327 0.106327
74900 17.668427 17.668427 17.668427 0.106327 0.106327 0.106327
75000 17.668427 17.668427 17.668427 0.106327 0.106327 0.106327
75100 17.668427 17.668427 17.668427 0.106327 0.106327 0.106327
75200 17.668427 17.668427 17.668427 0.106327 0.106327 0.106327
75300 17.668427 17.668427 17.668427 0.106327 0.106327 0.106327
75400 17.668427 17.668427 17.668427 0.106327 0.106327 0.106327
75500 17.668427 17.668427 17.668427 0.106327 0.106327 0.106327
75600 17.668427 17.668427 17.668427 0.106327 0.106327 0.106327
75700 17.668427 17.668427 17.668427 0.106327 0.106327 0.106327
75800 17.668427 17.668427 17.668427 0.106327 0.106327 0.106327
75900 17.668427 17.668427 17.668427 0.106327 0.106327 0.106327
76000 17.668427 17.668427 17.668427 0.106327 0.106327 0.106327
76100 17.668427 17.668427 17.668427 0.106327 0.106327 0.106327
76200 17.668427 17.668427 17.668427 0.106327 0.106327 0.106327
76300 17.668427 17.668427 17.668427 0.106327 0.106327 0.106327
76400 17.668427 17.668427 17.668427 0.106327 0.106327 0.106327
76500 17.668427 17.668427 17.668427 0.106327 0.106327 0.106327
76600 17.668427 17.668427 17.668427 0.106327 0.106327 0.106327
76700 17.668427 17.668427 17.668427 0.106327 0.106327 0.106327
76800 17.668427 17.668427 17.668427 0.106327 0.106327 0.106327
76900 17.668427 17.668427 17.668427 0.106327 0.106327 0.106327
77000 17.668427 17.668427 17.668427 0.106327 0.106327 0.106327
77100 17.668427 17.668427 17.668427 0.106327 0.106327 0.106327
77200 17.668427 17.668427 17.668427 0.106327 0.106327 0.106327
77300 17.668427 17.668427 17.668427 0.106327 0.106327 0.106327
77400 17.668427 17.668427 17.668427 0.106327 0.106327 0.106327
77500 17.668427 17.668427 17.668427 0.106327 0.106327 0.106327
77600 17.668427 17.668427 17.668427 0.106327 0.106327 0.106327
77700 17.668427 17.668427 17.668427 0.106327 0.106327 0.106327
77800 17.668427 17.668427 17.668427 0.106327 0.106327 0.106327
77900 17.668427 17.668427 17.668427 0.106327 0.106327 0.106327
78000 17.668427 17.668427 17.668427 0.106327 0.106327 0.106327
78100 17.668427 17.668427 17.668427 0.106327 0.106327 0.106327
78200 17.668427 17.668427 17.668427 0.106327 0.106327 0.106327
78300 17.668427 17.668427 17.668427 0.106327 0.106327 0.106327
78400 17.668427 17.668427 17.668427 0.106327 0.106327 0.106327
78500 17.668427 17.668427 17.668427 0.106327 0.106327 0.106327
78600 17.668427 17.668427 17.668427 0.106327 0.106327 0.106327
78700 17.668427 17.668427 17.668427 0.106327 0.106327 0.106327
78800 17.668427 17.668427 17.668427 0.106327 0.106327 0.106327
78900 17.668427 17.668427 17.668427 0.106327 0.106327 0.106327
79000 17.668427 17.668427 17.668427 0.106327 0.106327 0.106327
79100 17.668427 17.668427 17.668427 0.106327 0.106327 0.106327
79200 17.668427 17.668427 17.668427 0.106327 0.106327 0.106327
79300 17.668427 17.668427 17.668427 0.106327 0.106327 0.106327
79400 17.668427 17.668427 17.668427 0.106327 0.106327 0.106327
79500 17.668427 17.668427 17.668427 0.106327 0.106327 0.106327
79600 17.668427 17.668427 17.668427 0.106327 0.106327 0.106327
79700 17.668427 17.668427 17.668427 0.106327 0.106327 0.106327
79800 17.668427 17.668427 17.668427 0.106327 0.106327 0.106327
79900 17.668427 17.668427 17.668427 0.106327 0.106327 0.106327
80000 17.668427 17.668427 17.668427 0.106327 0.106327 0.106327
80100 17.668427 17.668427 17.668427 0.106327 0.106327 0.106327
80200 17.668427 17.668427 17.668427 0.106327 0.106327 0.106327
80300 17.668427 17.668427 17.668427 0.106327 0.106327 0.106327
80400 17.668427 17.668427 17.668427 0.106327 0.106327 0.106327
80500 17.668427 17.668427 17.668427 0.106327 0.106327 0.106327
80600 17.668427 17.668427 17.668427 0.106327 0.106327 0.106327
80700 17.668427 17.668427 17.668427 0.106327 0.106327 0.106327
80800 17.668427 17.668427 17.668427 0.106327 0.106327 0.106327
80900 17.668427 17.668427 17.668427 0.106327 0.106327 0.106327
81000 17.668427 17.668427 17.668427 0.106327 0.106327 0.106327
81100 17.668427 17.668427 17.668427 0.106327 0.106327 0.106327
81200 17.668427 17.668427 17.668427 0.106327 0.106327 0.106327
81300 17.668427 17.668427 17.668427 0.106327 0.106327 0.106327
81400 17.668427 17.668427 17.668427 0.106327 0.106327 0.106327
81500 17.668427 17.668427 17.668427 0.106327 0.106327 0.106327
81600 17.668427 17.668427 17.668427 0.106327 0.106327 0.106327
81700 17.668427 17.668427 17.668427 0.106327 0.106327 0.106327
81800 17.668427 17.668427 17.668427 0.106327 0.106327 0.106327
81900 17.668427 17.668427 17.668427 0.106327 0.106327 0.106327
82000 17.668427 17.668427 17.668427 0.106327 0.106327 0.106327
82100 17.668427 17.668427 17.668427 0.106327 0.106327 0.106327
82200 17.668427 17.668427 17.668427 0.106327 0.106327 0.106327
82300 17.668427 17.668427 17.668427 0.106327 0.106327 0.106327
82400 17.668427 17.668427 17.668427 0.106327 0.106327 0.106327
82500 17.668427 17.668427 17.668427 0.106327 0.106327 0.106327
82600 17.668427 17.668427 17.668427 0.106327 0.106327 0.106327
82700 17.668427 17.668427 17.668427 0.106327 0.106327 0.106327
82800 17.668427 17.668427 17.668427 0.106327 0.106327 0.106327
82900 17.668427 17.668427 17.668427 0.106327 0.106327 0.106327
83000 17.668427 17.668427 17.668427 0.106327 0.106327 0.106327
83100 17.668427 17.668427 17.668427 0.106327 0.106327 0.106327
83200 17.668427 17.668427 17.668427 0.106327 0.106327 0.106327
83300 17.668427 17.668427 17.668427 0.106327 0.106327 0.106327
83400 17.668427 17.668427 17.668427 0.106327 0.106327 0.106327
83500 17.668427 17.668427 17.668427 0.106327 0.106327 0.106327
83600 17.668427 17.668427 17.668427 0.106327 0.106327 0.106327
83700 17.668427 17.668427 17.668427 0.106327 0.106327 0.106327
83800 17.668427 17.668427 17.668427 0.106327 0.106327 0.106327
83900 17.668427 17.668427 17.668427 0.106327 0.106327 0.106327
84000 17.668427 17.668427 17.668427 0.106327 0.106327 0.106327
84100 17.668427 17.668427 17.668427 0.106327 0.106327 0.106327
84200 17.668427 17.668427 17.668427 0.106327 0.106327 0.106327
84300 17.668427 17.668427 17.668427 0.106327 0.106327 0.106327
84400 17.668427 17.668427 17.668427 0.106327 0.106327 0.106327
84500 17.668427 17.668427 17.668427 0.106327 0.106327 0.106327
84600 17.668427 17.668427 17.668427 0.106327 0.106327 0.106327
84700 17.668427 17.668427 17.668427 0.106327 0.106327 0.106327
84800 17.668427 17.668427 17.668427 0.106327 0.106327 0.106327
84900 17.668427 17.668427 17.668427 0.106327 0.106327 0.106327
85000 17.668427 17.668427 17.668427 0.106327 0.106327 0.106327
85100 17.668427 17.668427 17.668427 0.106327 0.106327 0.106327
85200 17.668427 17.668427 17.668427 0.106327 0.106327 0.106327
85300 17.668427 17.668427 17.668427 0.106327 0.106327 0.106327
85400 17.668427 17.668427 17.668427 0.106327 0.106327 0.106327
85500 17.668427 17.668427 17.668427 0.106327 0.106327 0.106327
85600 17.668427 17.668427 17.668427 0.106327 0.106327 0.106327
85700 17.668427 17.668427 17.668427 0.106327 0.106327 0.106327
85800 17.668427 17.668427 17.668427 0.106327 0.106327 0.106327
85900 17.668427 17.668427 17.668427 0.106327 0.106327 0.106327
86000 17.668427 17.668427 17.668427 0.106327 0.106327 0.106327
86100 17.668427 17.668427 17.668427 0.106327 0.106327 0.106327
86200 17.668427 17.668427 17.668427 0.106327 0.106327 0.106327
86300 17.668427 17.668427 17.668427 0.106327 0.106327 0.106327
86400 17.668427 17.668427 17.668427 0.106327 0.106327 0.106327
86500 17.668427 17.668427 17.668427 0.106327 0.106327 0.106327
86600 17.668427 17.668427 17.668427 0.106327 0.106327 0.106327
86700 17.668427 17.668427 17.668427 0.106327 0.106327 0.106327
86800 17.668427 17.668427 17.668427 0.106327 0.106327 0.106327
86900 17.668427 17.668427 17.668427 0.106327 0.106327 0.106327
87000 17.668427 17.668427 17.668427 0.106327 0.106327 0.106327
87100 17.668427 17.668427 17.668427 0.106327 0.106327 0.106327
87200 17.668427 17.668427 17.668427 0.106327 0.106327 0.106327
87300 17.668427 17.668427 17.668427 0.106327 0.106327 0.106327
87400 17.668427 17.668427 17.668427 0.106327 0.106327 0.106327
87500 17.668427 17.668427 17.668427 0.106327 0.106327 0.106327
87600 17.668427 17.668427 17.668427 0.106327 0.106327 0.106327
87700 17.668427 17.668427 17.668427 0.106327 0.106327 0.106327
87800 17.668427 17.668427 17.668427 0.106327 0.106327 0.106327
87900 17.668427 17.668427 17.668427 0.106327 0.106327 0.106327
88000 17.668427 17.668427 17.668427 0.106327 0.106327 0.106327
88100 17.668427 17.668427 17.668427 0.106327 0.106327 0.106327
88200 17.668427 17.668427 17.668427 0.106327 0.106327 0.106327
88300 17.668427 17.668427 17.668427 0.106327 0.106327 0.106327
88400 17.668427 17.668427 17.668427 0.106327 0.106327 0.106327
88500 17.668427 17.668427 17.668427 0.106327 0.106327 0.106327
88600 17.668427 17.668427 17.668427 0.106327 0.106327 0.106327
88700 17.668427 17.668427 17.668427 0.106327 0.106327 0.106327
88800 17.668427 17.668427 17.668427 0.106327 0.106327 0.106327
88900 17.668427 17.668427 17.668427 0.106327 0.106327 0.106327
89000 17.668427 17.668427 17.668427 0.106327 0.106327 0.106327
89100 17.668427 17.668427 17.668427 0.106327 0.106327 0.106327
89200 17.668427 17.668427 17.668427 0.106327 0.106327 0.106327
89300 17.668427 17.668427 17.668427 0.106327 0.106327 0.106327
89400 17.668427 17.668427 17.668427 0.106327 0.106327 0.106327
89500 17.668427 17.668427 17.668427 0.106327 0.106327 0.106327
89600 17.668427 17.668427 17.668427 0.106327 0.106327 0.106327
89700 17.668427 17.668427 17.668427 0.106327 0.106327 0.106327
89800 17.668427 17.668427 17.668427 0.106327 0.106327 0.106327
89900 17.668427 17.668427 17.668427 0.106327 0.106327 0.106327
90000 17.668427 17.668427 17.668427 0.106327 0.106327 0.106327
90100 17.668427 17.668427 17.668427 0.106327 0.106327 0.106327
90200 17.668427 17.668427 17.668427 0.106327 0.106327 0.106327
90300 17.668427 17.668427 17.668427 0.106327 0.106327 0.106327
90400 17.668427 17.668427 17.668427 0.106327 0.106327 0.106327
90500 17.668427 17.668427 17.668427 0.106327 0.106327 0.106327
90600 17.668427 17.668427 17.668427 0.106327 0.106327 0.106327
90700 17.668427 17.668427 17.668427 0.106327 0.106327 0.106327
90800 17.668427 17.668427 17.668427 0.106327 0.106327 0.106327
90900 17.668427 17.668427 17.668427 0.106327 0.106327 0.106327
91000 17.668427 17.668427 17.668427 0.106327 0.106327 0.106327
91100 17.668427 17.668427 17.668427 0.106327 0.106327 0.106327
91200 17.668427 17.668427 17.668427 0.106327 0.106327 0.106327
91300 17.668427 17.668427 17.668427 0.106327 0.106327 0.106327
91400 17.668427 17.668427 17.668427 0.106327 0.106327 0.106327
91500 17.668427 17.668427 17.668427 0.106327 0.106327 0.106327
91600 17.668427 17.668427 17.668427 0.106327 0.106327 0.106327
91700 17.668427 17.668427 17.668427 0.106327 0.106327 0.106327
91800 17.668427 17.668427 17.668427 0.106327 0.106327 0.106327
91900 17.668427 17.668427 17.668427 0.106327 0.106327 0.106327
92000 17.668427 17.668427 17.668427 0.106327 0.106327 0.106327
92100 17.668427 17.668427 17.668427 0.106327 0.106327 0.106327
92200 17.668427 17.668427 17.668427 0.106327 0.106327 0.106327
92300 17.668427 17.668427 17.668427 0.106327 0.106327 0.106327
92400 17.668427 17.668427 17.668427 0.106327 0.106327 0.106327
92500 17.668427 17.668427 17.668427 0.106327 0.106327 0.106327
92600 17.668427 17.668427 17.668427 0.106327 0.106327 0.106327
92700 17.668427 17.668427 17.668427 0.106327 0.106327 0.106327
92800 17.668427 17.668427 17.668427 0.106327 0.106327 0.106327
92900 17.668427 17.668427 17.668427 0.106327 0.106327 0.106327
93000 17.668427 17.668427 17.668427 0.106327 0.106327 0.106327
93100 17.668427 17.668427 17.668427 0.106327 0.106327 0.106327
93200 17.668427 17.668427 17.668427 0.106327 0.106327 0.106327
93300 17.668427 17.668427 17.668427 0.106327 0.106327 0.106327
93400 17.668427 17.668427 17.668427 0.106327 0.106327 0.106327
93500 17.668427 17.668427 17.668427 0.106327 0.106327 0.106327
93600 17.668427 17.668427 17.668427 0.106327 0.106327 0.106327
93700 17.668427 17.668427 17.668427 0.106327 0.106327 0.106327
93800 17.668427 17.668427 17.668427 0.106327 0.106327 0.106327
93900 17.668427 17.668427 17.668427 0.106327 0.106327 0.106327
94000 17.668427 17.668427 17.668427 0.106327 0.106327 0.106327
94100 17.668427 17.668427 17.668427 0.106327 0.106327 0.106327
94200 17.668427 17.668427 17.668427 0.106327 0.106327 0.106327
94300 17.668427 17.668427 17.668427 0.106327 0.106327 0.106327
94400 17.668427 17.668427 17.668427 0.106327 0.106327 0.106327
94500 17.668427 17.668427 17.668427 0.106327 0.106327 0.106327
94600 17.668427 17.668427 17.668427 0.106327 0.106327 0.106327
94700 17.668427 17.668427 17.668427 0.106327 0.106327 0.106327
94800 17.668427 17.668427 17.668427 0.106327 0.106327 0.106327
94900 17.668427 17.668427 17.668427 0.106327 0.106327 0.106327
95000 17.668427 17.668427 17.668427 0.106327 0.106327 0.106327
95100 17.668427 17.668427 17.668427 0.106327 0.106327 0.106327
95200 17.668427 17.668427 17.668427 0.106327 0.106327 0.106327
95300 17.668427 17.668427 17.668427 0.106327 0.106327 0.106327
95400 17.668427 17.668427 17.668427 0.106327 0.106327 0.106327
95500 17.668427 17.668427 17.668427 0.106327 0.106327 0.106327
95600 17.668427 17.668427 17.668427 0.106327 0.106327 0.106327
95700 17.668427 17.668427 17.668427 0.106327 0.106327 0.106327
95800 17.668427 17.668427 17.668427 0.106327 0.106327 0.106327
95900 17.668427 17.668427 17.668427 0.106327 0.106327 0.106327
96000 17.668427 17.668427 17.668427 0.106327 0.106327 0.106327
96100 17.668427 17.668427 17.668427 0.106327 0.106327 0.106327
96200 17.668427 17.668427 17.668427 0.106327 0.106327 0.106327
96300 17.668427 17.668427 17.668427 0.106327 0.106327 0.106327
96400 17.668427 17.668427 17.668427 0.106327 0.106327 0.106327
96500 17.668427 17.668427 17.668427 0.106327 0.106327 0.106327
96600 17.668427 17.668427 17.668427 0.106327 0.106327 0.106327
96700 17.668427 17.668427 17.668427 0.106327 0.106327 0.106327
96800 17.668427 17.668427 17.668427 0.106327 0.106327 0.106327
96900 17.668427 17.668427 17.668427 0.106327 0.106327 0.106327
97000 17.668427 17.668427 17.668427 0.106327 0.106327 0.106327
97100 17.668427 17.668427 17.668427 0.106327 0.106327 0.106327
97200 17.668427 17.668427 17.668427 0.106327 0.106327 0.106327
97300 17.668427 17.668427 17.668427 0.106327 0.106327 0.106327
97400 17.668427 17.668427 17.668427 0.106327 0.106327 0.106327
97500 17.668427 17.668427 17.668427 0.106327 0.106327 0.106327
97600 17.668427 17.668427 17.668427 0.106327 0.106327 0.106327
97700 17.668427 17.668427 17.668427 0.106327 0.106327 0.106327
97800 17.668427 17.668427 17.668427 0.106327 0.106327 0.106327
97900 17.668427 17.668427 17.668427 0.106327 0.106327 0.106327
98000 17.668427 17.668427 17.668427 0.106327 0.106327 0.106327
98100 17.668427 17.668427 17.668427 0.106327 0.106327 0.106327
98200 17.668427 17.668427 17.668427 0.106327 0.106327 0.106327
98300 17.668427 17.668427 17.668427 0.106327 0.106327 0.106327
98400 17.668427 17.668427 17.668427 0.106327 0.106327 0.106327
98500 17.668427 17.668427 17.668427 0.106327 0.106327 0.106327
98600 17.668427 17.668427 17.668427 0.106327 0.106327 0.106327
98700 17.668427 17.668427 17.668427 0.106327 0.106327 0.106327
98800 17.668427 17.668427 17.668427 0.106327 0.106327 0.106327
98900 17.668427 17.668427 17.668427 0.106327 0.106327 0.106327
99000 17.668427 17.668427 17.668427 0.106327 0.106327 0.106327
99100 17.668427 17.668427 17.668427 0.106327 0.106327 0.106327
99200 17.668427 17.668427 17.668427 0.106327 0.106327 0.106327
99300 17.668427 17.668427 17.668427 0.106327 0.106327 0.106327
99400 17.668427 17.668427 17.668427 0.106327 0.106327 0.106327
99500 17.668427 17.668427 17.668427 0.106327 0.106327 0.106327
99600 17.668427 17.668427 17.668427 0.106327 0.106327 0.106327
99700 17.668427 17.668427 17.668427 0.106327 0.106327 0.106327
99800 17.668427 17.668427 17.668427 0.106327 0.106327 0.106327
99900 17.668427 17.668427 17.668427 0.106327 0.106327 0.106327
100000 18.149035 18.149035 18.149035 0.116036 0.116036 0.116036
