# generation power_min power_avg power_max util_min util_avg util_max
1 60.061788 60.061788 60.061788 1.067646 1.471221 1.499658
100 61.449735 32.685531 61.449735 0.615585 1.164377 1.497668
200 17.143025 23.078321 29.005006 0.478055 0.904605 1.208539
300 15.002124 17.646765 19.560185 0.606693 0.884564 1.099118
400 13.228660 15.325257 16.417097 0.506748 0.815541 1.064313
500 11.854696 13.141772 14.158565 0.504905 0.716133 0.922712
600 11.205119 11.755240 12.099259 0.631298 0.737047 0.803746
700 10.648083 11.216126 11.535047 0.644987 0.757562 0.798489
800 10.086790 10.737676 10.998646 0.655815 0.731118 0.793418
900 10.086790 10.198160 10.498715 0.652124 0.693370 0.757592
1000 10.086790 10.089379 10.099250 0.656657 0.658108 0.658442
1100 10.086790 10.086790 10.086790 0.658442 0.658442 0.658442
1200 10.086790 10.086790 10.086790 0.658442 0.658442 0.658442
1300 10.086790 10.086790 10.086790 0.658442 0.658442 0.658442
1400 10.086790 10.086790 10.086790 0.658442 0.658442 0.658442
1500 10.086790 10.086790 10.086790 0.658442 0.658442 0.658442
1600 10.086790 10.086790 10.086790 0.658442 0.658442 0.658442
1700 10.086790 10.086790 10.086790 0.658442 0.658442 0.658442
1800 10.086790 10.086790 10.086790 0.658442 0.658442 0.658442
1900 10.086790 10.086790 10.086790 0.658442 0.658442 0.658442
2000 10.086790 10.086790 10.086790 0.658442 0.658442 0.658442
2100 10.086790 10.086790 10.086790 0.658442 0.658442 0.658442
2200 10.086790 10.086790 10.086790 0.658442 0.658442 0.658442
2300 10.086790 10.086790 10.086790 0.658442 0.658442 0.658442
2400 10.086790 10.086790 10.086790 0.658442 0.658442 0.658442
2500 10.086790 10.086790 10.086790 0.658442 0.658442 0.658442
2600 10.086790 10.086790 10.086790 0.658442 0.658442 0.658442
2700 10.086790 10.086790 10.086790 0.658442 0.658442 0.658442
2800 10.086790 10.086790 10.086790 0.658442 0.658442 0.658442
2900 10.086790 10.086790 10.086790 0.658442 0.658442 0.658442
3000 10.086790 10.086790 10.086790 0.658442 0.658442 0.658442
3100 10.086790 10.086790 10.086790 0.658442 0.658442 0.658442
3200 10.086790 10.086790 10.086790 0.658442 0.658442 0.658442
3300 10.086790 10.086790 10.086790 0.658442 0.658442 0.658442
3400 10.086790 10.086790 10.086790 0.658442 0.658442 0.658442
3500 10.086790 10.086790 10.086790 0.658442 0.658442 0.658442
3600 10.086790 10.086790 10.086790 0.658442 0.658442 0.658442
3700 10.086790 10.086790 10.086790 0.658442 0.658442 0.658442
3800 10.086790 10.086790 10.086790 0.658442 0.658442 0.658442
3900 10.086790 10.086790 10.086790 0.658442 0.658442 0.658442
4000 10.086790 10.086790 10.086790 0.658442 0.658442 0.658442
4100 10.086790 10.086790 10.086790 0.658442 0.658442 0.658442
4200 10.086790 10.086790 10.086790 0.658442 0.658442 0.658442
4300 10.086790 10.086790 10.086790 0.658442 0.658442 0.658442
4400 10.086790 10.086790 10.086790 0.658442 0.658442 0.658442
4500 10.086790 10.086790 10.086790 0.658442 0.658442 0.658442
4600 10.086790 10.086790 10.086790 0.658442 0.658442 0.658442
4700 10.086790 10.086790 10.086790 0.658442 0.658442 0.658442
4800 10.086790 10.086790 10.086790 0.658442 0.658442 0.658442
4900 10.086790 10.086790 10.086790 0.658442 0.658442 0.658442
5000 10.086790 10.086790 10.086790 0.658442 0.658442 0.658442
5100 10.086790 10.086790 10.086790 0.658442 0.658442 0.658442
5200 10.086790 10.086790 10.086790 0.658442 0.658442 0.658442
5300 10.086790 10.086790 10.086790 0.658442 0.658442 0.658442
5400 10.086790 10.086790 10.086790 0.658442 0.658442 0.658442
5500 10.086790 10.086790 10.086790 0.658442 0.658442 0.658442
5600 10.086790 10.086790 10.086790 0.658442 0.658442 0.658442
5700 10.086790 10.086790 10.086790 0.658442 0.658442 0.658442
5800 10.086790 10.086790 10.086790 0.658442 0.658442 0.658442
5900 10.086790 10.086790 10.086790 0.658442 0.658442 0.658442
6000 10.086790 10.086790 10.086790 0.658442 0.658442 0.658442
6100 10.086790 10.086790 10.086790 0.658442 0.658442 0.658442
6200 10.086790 10.086790 10.086790 0.658442 0.658442 0.658442
6300 10.086790 10.086790 10.086790 0.658442 0.658442 0.658442
6400 10.086790 10.086790 10.086790 0.658442 0.658442 0.658442
6500 10.086790 10.086790 10.086790 0.658442 0.658442 0.658442
6600 10.086790 10.086790 10.086790 0.658442 0.658442 0.658442
6700 10.086790 10.086790 10.086790 0.658442 0.658442 0.658442
6800 10.086790 10.086790 10.086790 0.658442 0.658442 0.658442
6900 10.086790 10.086790 10.086790 0.658442 0.658442 0.658442
7000 10.086790 10.086790 10.086790 0.658442 0.658442 0.658442
7100 10.086790 10.086790 10.086790 0.658442 0.658442 0.658442
7200 10.086790 10.086790 10.086790 0.658442 0.658442 0.658442
7300 10.086790 10.086790 10.086790 0.658442 0.658442 0.658442
7400 10.086790 10.086790 10.086790 0.658442 0.658442 0.658442
7500 10.086790 10.086790 10.086790 0.658442 0.658442 0.658442
7600 10.086790 10.086790 10.086790 0.658442 0.658442 0.658442
7700 10.086790 10.086790 10.086790 0.658442 0.658442 0.658442
7800 10.086790 10.086790 10.086790 0.658442 0.658442 0.658442
7900 10.086790 10.086790 10.086790 0.658442 0.658442 0.658442
8000 10.086790 10.086790 10.086790 0.658442 0.658442 0.658442
8100 10.086790 10.086790 10.086790 0.658442 0.658442 0.658442
8200 10.086790 10.086790 10.086790 0.658442 0.658442 0.658442
8300 10.086790 10.086790 10.086790 0.658442 0.658442 0.658442
8400 10.086790 10.086790 10.086790 0.658442 0.658442 0.658442
8500 10.086790 10.086790 10.086790 0.658442 0.658442 0.658442
8600 10.086790 10.086790 10.086790 0.658442 0.658442 0.658442
8700 10.086790 10.086790 10.086790 0.658442 0.658442 0.658442
8800 10.086790 10.086790 10.086790 0.658442 0.658442 0.658442
8900 10.086790 10.086790 10.086790 0.658442 0.658442 0.658442
9000 10.086790 10.086790 10.086790 0.658442 0.658442 0.658442
9100 10.086790 10.086790 10.086790 0.658442 0.658442 0.658442
9200 10.086790 10.086790 10.086790 0.658442 0.658442 0.658442
9300 10.086790 10.086790 10.086790 0.658442 0.658442 0.658442
9400 10.086790 10.086790 10.086790 0.658442 0.658442 0.658442
9500 10.086790 10.086790 10.086790 0.658442 0.658442 0.658442
9600 10.086790 10.086790 10.086790 0.658442 0.658442 0.658442
9700 10.086790 10.086790 10.086790 0.658442 0.658442 0.658442
9800 10.086790 10.086790 10.086790 0.658442 0.658442 0.658442
9900 10.086790 10.086790 10.086790 0.658442 0.658442 0.658442
10000 10.086790 10.086790 10.086790 0.658442 0.658442 0.658442
10100 10.086790 10.086790 10.086790 0.658442 0.658442 0.658442
10200 10.086790 10.086790 10.086790 0.658442 0.658442 0.658442
10300 10.086790 10.086790 10.086790 0.658442 0.658442 0.658442
10400 10.086790 10.086790 10.086790 0.658442 0.658442 0.658442
10500 10.086790 10.086790 10.086790 0.658442 0.658442 0.658442
10600 10.086790 10.086790 10.086790 0.658442 0.658442 0.658442
10700 10.086790 10.086790 10.086790 0.658442 0.658442 0.658442
10800 10.086790 10.086790 10.086790 0.658442 0.658442 0.658442
10900 10.086790 10.086790 10.086790 0.658442 0.658442 0.658442
11000 10.086790 10.086790 10.086790 0.658442 0.658442 0.658442
11100 10.086790 10.086790 10.086790 0.658442 0.658442 0.658442
11200 10.086790 10.086790 10.086790 0.658442 0.658442 0.658442
11300 10.086790 10.086790 10.086790 0.658442 0.658442 0.658442
11400 10.086790 10.086790 10.086790 0.658442 0.658442 0.658442
11500 10.086790 10.086790 10.086790 0.658442 0.658442 0.658442
11600 10.086790 10.086790 10.086790 0.658442 0.658442 0.658442
11700 10.086790 10.086790 10.086790 0.658442 0.658442 0.658442
11800 10.086790 10.086790 10.086790 0.658442 0.658442 0.658442
11900 10.086790 10.086790 10.086790 0.658442 0.658442 0.658442
12000 10.086790 10.086790 10.086790 0.658442 0.658442 0.658442
12100 10.086790 10.086790 10.086790 0.658442 0.658442 0.658442
12200 10.086790 10.086790 10.086790 0.658442 0.658442 0.658442
12300 10.086790 10.086790 10.086790 0.658442 0.658442 0.658442
12400 10.086790 10.086790 10.086790 0.658442 0.658442 0.658442
12500 10.086790 10.086790 10.086790 0.658442 0.658442 0.658442
12600 10.086790 10.086790 10.086790 0.658442 0.658442 0.658442
12700 10.086790 10.086790 10.086790 0.658442 0.658442 0.658442
12800 10.086790 10.086790 10.086790 0.658442 0.658442 0.658442
12900 10.086790 10.086790 10.086790 0.658442 0.658442 0.658442
13000 10.086790 10.086790 10.086790 0.658442 0.658442 0.658442
13100 10.086790 10.086790 10.086790 0.658442 0.658442 0.658442
13200 10.086790 10.086790 10.086790 0.658442 0.658442 0.658442
13300 10.086790 10.086790 10.086790 0.658442 0.658442 0.658442
13400 10.086790 10.086790 10.086790 0.658442 0.658442 0.658442
13500 10.086790 10.086790 10.086790 0.658442 0.658442 0.658442
13600 10.086790 10.086790 10.086790 0.658442 0.658442 0.658442
13700 10.086790 10.086790 10.086790 0.658442 0.658442 0.658442
13800 10.086790 10.086790 10.086790 0.658442 0.658442 0.658442
13900 10.086790 10.086790 10.086790 0.658442 0.658442 0.658442
14000 10.086790 10.086790 10.086790 0.658442 0.658442 0.658442
14100 10.086790 10.086790 10.086790 0.658442 0.658442 0.658442
14200 10.086790 10.086790 10.086790 0.658442 0.658442 0.658442
14300 10.086790 10.086790 10.086790 0.658442 0.658442 0.658442
14400 10.086790 10.086790 10.086790 0.658442 0.658442 0.658442
14500 10.086790 10.086790 10.086790 0.658442 0.658442 0.658442
14600 10.086790 10.086790 10.086790 0.658442 0.658442 0.658442
14700 10.086790 10.086790 10.086790 0.658442 0.658442 0.658442
14800 10.086790 10.086790 10.086790 0.658442 0.658442 0.658442
14900 10.086790 10.086790 10.086790 0.658442 0.658442 0.658442
15000 10.086790 10.086790 10.086790 0.658442 0.658442 0.658442
15100 10.086790 10.086790 10.086790 0.658442 0.658442 0.658442
15200 10.086790 10.086790 10.086790 0.658442 0.658442 0.658442
15300 10.086790 10.086790 10.086790 0.658442 0.658442 0.658442
15400 10.086790 10.086790 10.086790 0.658442 0.658442 0.658442
15500 10.086790 10.086790 10.086790 0.658442 0.658442 0.658442
15600 10.086790 10.086790 10.086790 0.658442 0.658442 0.658442
15700 10.086790 10.086790 10.086790 0.658442 0.658442 0.658442
15800 10.086790 10.086790 10.086790 0.658442 0.658442 0.658442
15900 10.086790 10.086790 10.086790 0.658442 0.658442 0.658442
16000 10.086790 10.086790 10.086790 0.658442 0.658442 0.658442
16100 10.086790 10.086790 10.086790 0.658442 0.658442 0.658442
16200 10.086790 10.086790 10.086790 0.658442 0.658442 0.658442
16300 10.086790 10.086790 10.086790 0.658442 0.658442 0.658442
16400 10.086790 10.086790 10.086790 0.658442 0.658442 0.658442
16500 10.086790 10.086790 10.086790 0.658442 0.658442 0.658442
16600 10.086790 10.086790 10.086790 0.658442 0.658442 0.658442
16700 10.086790 10.086790 10.086790 0.658442 0.658442 0.658442
16800 10.086790 10.086790 10.086790 0.658442 0.658442 0.658442
16900 10.086790 10.086790 10.086790 0.658442 0.658442 0.658442
17000 10.086790 10.086790 10.086790 0.658442 0.658442 0.658442
17100 10.086790 10.086790 10.086790 0.658442 0.658442 0.658442
17200 10.086790 10.086790 10.086790 0.658442 0.658442 0.658442
17300 10.086790 10.086790 10.086790 0.658442 0.658442 0.658442
17400 10.086790 10.086790 10.086790 0.658442 0.658442 0.658442
17500 10.086790 10.086790 10.086790 0.658442 0.658442 0.658442
17600 10.086790 10.086790 10.086790 0.658442 0.658442 0.658442
17700 10.086790 10.086790 10.086790 0.658442 0.658442 0.658442
17800 10.086790 10.086790 10.086790 0.658442 0.658442 0.658442
17900 10.086790 10.086790 10.086790 0.658442 0.658442 0.658442
18000 10.086790 10.086790 10.086790 0.658442 0.658442 0.658442
18100 10.086790 10.086790 10.086790 0.658442 0.658442 0.658442
18200 10.086790 10.086790 10.086790 0.658442 0.658442 0.658442
18300 10.086790 10.086790 10.086790 0.658442 0.658442 0.658442
18400 10.086790 10.086790 10.086790 0.658442 0.658442 0.658442
18500 10.086790 10.086790 10.086790 0.658442 0.658442 0.658442
18600 10.086790 10.086790 10.086790 0.658442 0.658442 0.658442
18700 10.086790 10.086790 10.086790 0.658442 0.658442 0.658442
18800 10.086790 10.086790 10.086790 0.658442 0.658442 0.658442
18900 10.086790 10.086790 10.086790 0.658442 0.658442 0.658442
19000 10.086790 10.086790 10.086790 0.658442 0.658442 0.658442
19100 10.086790 10.086790 10.086790 0.658442 0.658442 0.658442
19200 10.086790 10.086790 10.086790 0.658442 0.658442 0.658442
19300 10.086790 10.086790 10.086790 0.658442 0.658442 0.658442
19400 10.086790 10.086790 10.086790 0.658442 0.658442 0.658442
19500 10.086790 10.086790 10.086790 0.658442 0.658442 0.658442
19600 10.086790 10.086790 10.086790 0.658442 0.658442 0.658442
19700 10.086790 10.086790 10.086790 0.658442 0.658442 0.658442
19800 10.086790 10.086790 10.086790 0.658442 0.658442 0.658442
19900 10.086790 10.086790 10.086790 0.658442 0.658442 0.658442
20000 10.086790 10.086790 10.086790 0.658442 0.658442 0.658442
20100 10.086790 10.086790 10.086790 0.658442 0.658442 0.658442
20200 10.086790 10.086790 10.086790 0.658442 0.658442 0.658442
20300 10.086790 10.086790 10.086790 0.658442 0.658442 0.658442
20400 10.086790 10.086790 10.086790 0.658442 0.658442 0.658442
20500 10.086790 10.086790 10.086790 0.658442 0.658442 0.658442
20600 10.086790 10.086790 10.086790 0.658442 0.658442 0.658442
20700 10.086790 10.086790 10.086790 0.658442 0.658442 0.658442
20800 10.086790 10.086790 10.086790 0.658442 0.658442 0.658442
20900 10.086790 10.086790 10.086790 0.658442 0.658442 0.658442
21000 10.086790 10.086790 10.086790 0.658442 0.658442 0.658442
21100 10.086790 10.086790 10.086790 0.658442 0.658442 0.658442
21200 10.086790 10.086790 10.086790 0.658442 0.658442 0.658442
21300 10.086790 10.086790 10.086790 0.658442 0.658442 0.658442
21400 10.086790 10.086790 10.086790 0.658442 0.658442 0.658442
21500 10.086790 10.086790 10.086790 0.658442 0.658442 0.658442
21600 10.086790 10.086790 10.086790 0.658442 0.658442 0.658442
21700 10.086790 10.086790 10.086790 0.658442 0.658442 0.658442
21800 10.086790 10.086790 10.086790 0.658442 0.658442 0.658442
21900 10.086790 10.086790 10.086790 0.658442 0.658442 0.658442
22000 10.086790 10.086790 10.086790 0.658442 0.658442 0.658442
22100 10.086790 10.086790 10.086790 0.658442 0.658442 0.658442
22200 10.086790 10.086790 10.086790 0.658442 0.658442 0.658442
22300 10.086790 10.086790 10.086790 0.658442 0.658442 0.658442
22400 10.086790 10.086790 10.086790 0.658442 0.658442 0.658442
22500 10.086790 10.086790 10.086790 0.658442 0.658442 0.658442
22600 10.086790 10.086790 10.086790 0.658442 0.658442 0.658442
22700 10.086790 10.086790 10.086790 0.658442 0.658442 0.658442
22800 10.086790 10.086790 10.086790 0.658442 0.658442 0.658442
22900 10.086790 10.086790 10.086790 0.658442 0.658442 0.658442
23000 10.086790 10.086790 10.086790 0.658442 0.658442 0.658442
23100 10.086790 10.086790 10.086790 0.658442 0.658442 0.658442
23200 10.086790 10.086790 10.086790 0.658442 0.658442 0.658442
23300 10.086790 10.086790 10.086790 0.658442 0.658442 0.658442
23400 10.086790 10.086790 10.086790 0.658442 0.658442 0.658442
23500 10.086790 10.086790 10.086790 0.658442 0.658442 0.658442
23600 10.086790 10.086790 10.086790 0.658442 0.658442 0.658442
23700 10.086790 10.086790 10.086790 0.658442 0.658442 0.658442
23800 10.086790 10.086790 10.086790 0.658442 0.658442 0.658442
23900 10.086790 10.086790 10.086790 0.658442 0.658442 0.658442
24000 10.086790 10.086790 10.086790 0.658442 0.658442 0.658442
24100 10.086790 10.086790 10.086790 0.658442 0.658442 0.658442
24200 10.086790 10.086790 10.086790 0.658442 0.658442 0.658442
24300 10.086790 10.086790 10.086790 0.658442 0.658442 0.658442
24400 10.086790 10.086790 10.086790 0.658442 0.658442 0.658442
24500 10.086790 10.086790 10.086790 0.658442 0.658442 0.658442
24600 10.086790 10.086790 10.086790 0.658442 0.658442 0.658442
24700 10.086790 10.086790 10.086790 0.658442 0.658442 0.658442
24800 10.086790 10.086790 10.086790 0.658442 0.658442 0.658442
24900 10.086790 10.086790 10.086790 0.658442 0.658442 0.658442
25000 10.086790 10.086790 10.086790 0.658442 0.658442 0.658442
25100 10.086790 10.086790 10.086790 0.658442 0.658442 0.658442
25200 10.086790 10.086790 10.086790 0.658442 0.658442 0.658442
25300 10.086790 10.086790 10.086790 0.658442 0.658442 0.658442
25400 10.086790 10.086790 10.086790 0.658442 0.658442 0.658442
25500 10.086790 10.086790 10.086790 0.658442 0.658442 0.658442
25600 10.086790 10.086790 10.086790 0.658442 0.658442 0.658442
25700 10.086790 10.086790 10.086790 0.658442 0.658442 0.658442
25800 10.086790 10.086790 10.086790 0.658442 0.658442 0.658442
25900 10.086790 10.086790 10.086790 0.658442 0.658442 0.658442
26000 10.086790 10.086790 10.086790 0.658442 0.658442 0.658442
26100 10.086790 10.086790 10.086790 0.658442 0.658442 0.658442
26200 10.086790 10.086790 10.086790 0.658442 0.658442 0.658442
26300 10.086790 10.086790 10.086790 0.658442 0.658442 0.658442
26400 10.086790 10.086790 10.086790 0.658442 0.658442 0.658442
26500 10.086790 10.086790 10.086790 0.658442 0.658442 0.658442
26600 10.086790 10.086790 10.086790 0.658442 0.658442 0.658442
26700 10.086790 10.086790 10.086790 0.658442 0.658442 0.658442
26800 10.086790 10.086790 10.086790 0.658442 0.658442 0.658442
26900 10.086790 10.086790 10.086790 0.658442 0.658442 0.658442
27000 10.086790 10.086790 10.086790 0.658442 0.658442 0.658442
27100 10.086790 10.086790 10.086790 0.658442 0.658442 0.658442
27200 10.086790 10.086790 10.086790 0.658442 0.658442 0.658442
27300 10.086790 10.086790 10.086790 0.658442 0.658442 0.658442
27400 10.086790 10.086790 10.086790 0.658442 0.658442 0.658442
27500 10.086790 10.086790 10.086790 0.658442 0.658442 0.658442
27600 10.086790 10.086790 10.086790 0.658442 0.658442 0.658442
27700 10.086790 10.086790 10.086790 0.658442 0.658442 0.658442
27800 10.086790 10.086790 10.086790 0.658442 0.658442 0.658442
27900 10.086790 10.086790 10.086790 0.658442 0.658442 0.658442
28000 10.086790 10.086790 10.086790 0.658442 0.658442 0.658442
28100 10.086790 10.086790 10.086790 0.658442 0.658442 0.658442
28200 10.086790 10.086790 10.086790 0.658442 0.658442 0.658442
28300 10.086790 10.086790 10.086790 0.658442 0.658442 0.658442
28400 10.086790 10.086790 10.086790 0.658442 0.658442 0.658442
28500 10.086790 10.086790 10.086790 0.658442 0.658442 0.658442
28600 10.086790 10.086790 10.086790 0.658442 0.658442 0.658442
28700 10.086790 10.086790 10.086790 0.658442 0.658442 0.658442
28800 10.086790 10.086790 10.086790 0.658442 0.658442 0.658442
28900 10.086790 10.086790 10.086790 0.658442 0.658442 0.658442
29000 10.086790 10.086790 10.086790 0.658442 0.658442 0.658442
29100 10.086790 10.086790 10.086790 0.658442 0.658442 0.658442
29200 10.086790 10.086790 10.086790 0.658442 0.658442 0.658442
29300 10.086790 10.086790 10.086790 0.658442 0.658442 0.658442
29400 10.086790 10.086790 10.086790 0.658442 0.658442 0.658442
29500 10.086790 10.086790 10.086790 0.658442 0.658442 0.658442
29600 10.086790 10.086790 10.086790 0.658442 0.658442 0.658442
29700 10.086790 10.086790 10.086790 0.658442 0.658442 0.658442
29800 10.086790 10.086790 10.086790 0.658442 0.658442 0.658442
29900 10.086790 10.086790 10.086790 0.658442 0.658442 0.658442
30000 10.086790 10.086790 10.086790 0.658442 0.658442 0.658442
30100 10.086790 10.086790 10.086790 0.658442 0.658442 0.658442
30200 10.086790 10.086790 10.086790 0.658442 0.658442 0.658442
30300 10.086790 10.086790 10.086790 0.658442 0.658442 0.658442
30400 10.086790 10.086790 10.086790 0.658442 0.658442 0.658442
30500 10.086790 10.086790 10.086790 0.658442 0.658442 0.658442
30600 10.086790 10.086790 10.086790 0.658442 0.658442 0.658442
30700 10.086790 10.086790 10.086790 0.658442 0.658442 0.658442
30800 10.086790 10.086790 10.086790 0.658442 0.658442 0.658442
30900 10.086790 10.086790 10.086790 0.658442 0.658442 0.658442
31000 10.086790 10.086790 10.086790 0.658442 0.658442 0.658442
31100 10.086790 10.086790 10.086790 0.658442 0.658442 0.658442
31200 10.086790 10.086790 10.086790 0.658442 0.658442 0.658442
31300 10.086790 10.086790 10.086790 0.658442 0.658442 0.658442
31400 10.086790 10.086790 10.086790 0.658442 0.658442 0.658442
31500 10.086790 10.086790 10.086790 0.658442 0.658442 0.658442
31600 10.086790 10.086790 10.086790 0.658442 0.658442 0.658442
31700 10.086790 10.086790 10.086790 0.658442 0.658442 0.658442
31800 10.086790 10.086790 10.086790 0.658442 0.658442 0.658442
31900 10.086790 10.086790 10.086790 0.658442 0.658442 0.658442
32000 10.086790 10.086790 10.086790 0.658442 0.658442 0.658442
32100 10.086790 10.086790 10.086790 0.658442 0.658442 0.658442
32200 10.086790 10.086790 10.086790 0.658442 0.658442 0.658442
32300 10.086790 10.086790 10.086790 0.658442 0.658442 0.658442
32400 10.086790 10.086790 10.086790 0.658442 0.658442 0.658442
32500 10.086790 10.086790 10.086790 0.658442 0.658442 0.658442
32600 10.086790 10.086790 10.086790 0.658442 0.658442 0.658442
32700 10.086790 10.086790 10.086790 0.658442 0.658442 0.658442
32800 10.086790 10.086790 10.086790 0.658442 0.658442 0.658442
32900 10.086790 10.086790 10.086790 0.658442 0.658442 0.658442
33000 10.086790 10.086790 10.086790 0.658442 0.658442 0.658442
33100 10.086790 10.086790 10.086790 0.658442 0.658442 0.658442
33200 10.086790 10.086790 10.086790 0.658442 0.658442 0.658442
33300 10.086790 10.086790 10.086790 0.658442 0.658442 0.658442
33400 10.086790 10.086790 10.086790 0.658442 0.658442 0.658442
33500 10.086790 10.086790 10.086790 0.658442 0.658442 0.658442
33600 10.086790 10.086790 10.086790 0.658442 0.658442 0.658442
33700 10.086790 10.086790 10.086790 0.658442 0.658442 0.658442
33800 10.086790 10.086790 10.086790 0.658442 0.658442 0.658442
33900 10.086790 10.086790 10.086790 0.658442 0.658442 0.658442
34000 10.086790 10.086790 10.086790 0.658442 0.658442 0.658442
34100 10.086790 10.086790 10.086790 0.658442 0.658442 0.658442
34200 10.086790 10.086790 10.086790 0.658442 0.658442 0.658442
34300 10.086790 10.086790 10.086790 0.658442 0.658442 0.658442
34400 10.086790 10.086790 10.086790 0.658442 0.658442 0.658442
34500 10.086790 10.086790 10.086790 0.658442 0.658442 0.658442
34600 10.086790 10.086790 10.086790 0.658442 0.658442 0.658442
34700 10.086790 10.086790 10.086790 0.658442 0.658442 0.658442
34800 10.086790 10.086790 10.086790 0.658442 0.658442 0.658442
34900 10.086790 10.086790 10.086790 0.658442 0.658442 0.658442
35000 10.086790 10.086790 10.086790 0.658442 0.658442 0.658442
35100 10.086790 10.086790 10.086790 0.658442 0.658442 0.658442
35200 10.086790 10.086790 10.086790 0.658442 0.658442 0.658442
35300 10.086790 10.086790 10.086790 0.658442 0.658442 0.658442
35400 10.086790 10.086790 10.086790 0.658442 0.658442 0.658442
35500 10.086790 10.086790 10.086790 0.658442 0.658442 0.658442
35600 10.086790 10.086790 10.086790 0.658442 0.658442 0.658442
35700 10.086790 10.086790 10.086790 0.658442 0.658442 0.658442
35800 10.086790 10.086790 10.086790 0.658442 0.658442 0.658442
35900 10.086790 10.086790 10.086790 0.658442 0.658442 0.658442
36000 10.086790 10.086790 10.086790 0.658442 0.658442 0.658442
36100 10.086790 10.086790 10.086790 0.658442 0.658442 0.658442
36200 10.086790 10.086790 10.086790 0.658442 0.658442 0.658442
36300 10.086790 10.086790 10.086790 0.658442 0.658442 0.658442
36400 10.086790 10.086790 10.086790 0.658442 0.658442 0.658442
36500 10.086790 10.086790 10.086790 0.658442 0.658442 0.658442
36600 10.086790 10.086790 10.086790 0.658442 0.658442 0.658442
36700 10.086790 10.086790 10.086790 0.658442 0.658442 0.658442
36800 10.086790 10.086790 10.086790 0.658442 0.658442 0.658442
36900 10.086790 10.086790 10.086790 0.658442 0.658442 0.658442
37000 10.086790 10.086790 10.086790 0.658442 0.658442 0.658442
37100 10.086790 10.086790 10.086790 0.658442 0.658442 0.658442
37200 10.086790 10.086790 10.086790 0.658442 0.658442 0.658442
37300 10.086790 10.086790 10.086790 0.658442 0.658442 0.658442
37400 10.086790 10.086790 10.086790 0.658442 0.658442 0.658442
37500 10.086790 10.086790 10.086790 0.658442 0.658442 0.658442
37600 10.086790 10.086790 10.086790 0.658442 0.658442 0.658442
37700 10.086790 10.086790 10.086790 0.658442 0.658442 0.658442
37800 10.086790 10.086790 10.086790 0.658442 0.658442 0.658442
37900 10.086790 10.086790 10.086790 0.658442 0.658442 0.658442
38000 10.086790 10.086790 10.086790 0.658442 0.658442 0.658442
38100 10.086790 10.086790 10.086790 0.658442 0.658442 0.658442
38200 10.086790 10.086790 10.086790 0.658442 0.658442 0.658442
38300 10.086790 10.086790 10.086790 0.658442 0.658442 0.658442
38400 10.086790 10.086790 10.086790 0.658442 0.658442 0.658442
38500 10.086790 10.086790 10.086790 0.658442 0.658442 0.658442
38600 10.086790 10.086790 10.086790 0.658442 0.658442 0.658442
38700 10.086790 10.086790 10.086790 0.658442 0.658442 0.658442
38800 10.086790 10.086790 10.086790 0.658442 0.658442 0.658442
38900 10.086790 10.086790 10.086790 0.658442 0.658442 0.658442
39000 10.086790 10.086790 10.086790 0.658442 0.658442 0.658442
39100 10.086790 10.086790 10.086790 0.658442 0.658442 0.658442
39200 10.086790 10.086790 10.086790 0.658442 0.658442 0.658442
39300 10.086790 10.086790 10.086790 0.658442 0.658442 0.658442
39400 10.086790 10.086790 10.086790 0.658442 0.658442 0.658442
39500 10.086790 10.086790 10.086790 0.658442 0.658442 0.658442
39600 10.086790 10.086790 10.086790 0.658442 0.658442 0.658442
39700 10.086790 10.086790 10.086790 0.658442 0.658442 0.658442
39800 10.086790 10.086790 10.086790 0.658442 0.658442 0.658442
39900 10.086790 10.086790 10.086790 0.658442 0.658442 0.658442
40000 10.086790 10.086790 10.086790 0.658442 0.658442 0.658442
40100 10.086790 10.086790 10.086790 0.658442 0.658442 0.658442
40200 10.086790 10.086790 10.086790 0.658442 0.658442 0.658442
40300 10.086790 10.086790 10.086790 0.658442 0.658442 0.658442
40400 10.086790 10.086790 10.086790 0.658442 0.658442 0.658442
40500 10.086790 10.086790 10.086790 0.658442 0.658442 0.658442
40600 10.086790 10.086790 10.086790 0.658442 0.658442 0.658442
40700 10.086790 10.086790 10.086790 0.658442 0.658442 0.658442
40800 10.086790 10.086790 10.086790 0.658442 0.658442 0.658442
40900 10.086790 10.086790 10.086790 0.658442 0.658442 0.658442
41000 10.086790 10.086790 10.086790 0.658442 0.658442 0.658442
41100 10.086790 10.086790 10.086790 0.658442 0.658442 0.658442
41200 10.086790 10.086790 10.086790 0.658442 0.658442 0.658442
41300 10.086790 10.086790 10.086790 0.658442 0.658442 0.658442
41400 10.086790 10.086790 10.086790 0.658442 0.658442 0.658442
41500 10.086790 10.086790 10.086790 0.658442 0.658442 0.658442
41600 10.086790 10.086790 10.086790 0.658442 0.658442 0.658442
41700 10.086790 10.086790 10.086790 0.658442 0.658442 0.658442
41800 10.086790 10.086790 10.086790 0.658442 0.658442 0.658442
41900 10.086790 10.086790 10.086790 0.658442 0.658442 0.658442
42000 10.086790 10.086790 10.086790 0.658442 0.658442 0.658442
42100 10.086790 10.086790 10.086790 0.658442 0.658442 0.658442
42200 10.086790 10.086790 10.086790 0.658442 0.658442 0.658442
42300 10.086790 10.086790 10.086790 0.658442 0.658442 0.658442
42400 10.086790 10.086790 10.086790 0.658442 0.658442 0.658442
42500 10.086790 10.086790 10.086790 0.658442 0.658442 0.658442
42600 10.086790 10.086790 10.086790 0.658442 0.658442 0.658442
42700 10.086790 10.086790 10.086790 0.658442 0.658442 0.658442
42800 10.086790 10.086790 10.086790 0.658442 0.658442 0.658442
42900 10.086790 10.086790 10.086790 0.658442 0.658442 0.658442
43000 10.086790 10.086790 10.086790 0.658442 0.658442 0.658442
43100 10.086790 10.086790 10.086790 0.658442 0.658442 0.658442
43200 10.086790 10.086790 10.086790 0.658442 0.658442 0.658442
43300 10.086790 10.086790 10.086790 0.658442 0.658442 0.658442
43400 10.086790 10.086790 10.086790 0.658442 0.658442 0.658442
43500 10.086790 10.086790 10.086790 0.658442 0.658442 0.658442
43600 10.086790 10.086790 10.086790 0.658442 0.658442 0.658442
43700 10.086790 10.086790 10.086790 0.658442 0.658442 0.658442
43800 10.086790 10.086790 10.086790 0.658442 0.658442 0.658442
43900 10.086790 10.086790 10.086790 0.658442 0.658442 0.658442
44000 10.086790 10.086790 10.086790 0.658442 0.658442 0.658442
44100 10.086790 10.086790 10.086790 0.658442 0.658442 0.658442
44200 10.086790 10.086790 10.086790 0.658442 0.658442 0.658442
44300 10.086790 10.086790 10.086790 0.658442 0.658442 0.658442
44400 10.086790 10.086790 10.086790 0.658442 0.658442 0.658442
44500 10.086790 10.086790 10.086790 0.658442 0.658442 0.658442
44600 10.086790 10.086790 10.086790 0.658442 0.658442 0.658442
44700 10.086790 10.086790 10.086790 0.658442 0.658442 0.658442
44800 10.086790 10.086790 10.086790 0.658442 0.658442 0.658442
44900 10.086790 10.086790 10.086790 0.658442 0.658442 0.658442
45000 10.086790 10.086790 10.086790 0.658442 0.658442 0.658442
45100 10.086790 10.086790 10.086790 0.658442 0.658442 0.658442
45200 10.086790 10.086790 10.086790 0.658442 0.658442 0.658442
45300 10.086790 10.086790 10.086790 0.658442 0.658442 0.658442
45400 10.086790 10.086790 10.086790 0.658442 0.658442 0.658442
45500 10.086790 10.086790 10.086790 0.658442 0.658442 0.658442
45600 10.086790 10.086790 10.086790 0.658442 0.658442 0.658442
45700 10.086790 10.086790 10.086790 0.658442 0.658442 0.658442
45800 10.086790 10.086790 10.086790 0.658442 0.658442 0.658442
45900 10.086790 10.086790 10.086790 0.658442 0.658442 0.658442
46000 10.086790 10.086790 10.086790 0.658442 0.658442 0.658442
46100 10.086790 10.086790 10.086790 0.658442 0.658442 0.658442
46200 10.086790 10.086790 10.086790 0.658442 0.658442 0.658442
46300 10.086790 10.086790 10.086790 0.658442 0.658442 0.658442
46400 10.086790 10.086790 10.086790 0.658442 0.658442 0.658442
46500 10.086790 10.086790 10.086790 0.658442 0.658442 0.658442
46600 10.086790 10.086790 10.086790 0.658442 0.658442 0.658442
46700 10.086790 10.086790 10.086790 0.658442 0.658442 0.658442
46800 10.086790 10.086790 10.086790 0.658442 0.658442 0.658442
46900 10.086790 10.086790 10.086790 0.658442 0.658442 0.658442
47000 10.086790 10.086790 10.086790 0.658442 0.658442 0.658442
47100 10.086790 10.086790 10.086790 0.658442 0.658442 0.658442
47200 10.086790 10.086790 10.086790 0.658442 0.658442 0.658442
47300 10.086790 10.086790 10.086790 0.658442 0.658442 0.658442
47400 10.086790 10.086790 10.086790 0.658442 0.658442 0.658442
47500 10.086790 10.086790 10.086790 0.658442 0.658442 0.658442
47600 10.086790 10.086790 10.086790 0.658442 0.658442 0.658442
47700 10.086790 10.086790 10.086790 0.658442 0.658442 0.658442
47800 10.086790 10.086790 10.086790 0.658442 0.658442 0.658442
47900 10.086790 10.086790 10.086790 0.658442 0.658442 0.658442
48000 10.086790 10.086790 10.086790 0.658442 0.658442 0.658442
48100 10.086790 10.086790 10.086790 0.658442 0.658442 0.658442
48200 10.086790 10.086790 10.086790 0.658442 0.658442 0.658442
48300 10.086790 10.086790 10.086790 0.658442 0.658442 0.658442
48400 10.086790 10.086790 10.086790 0.658442 0.658442 0.658442
48500 10.086790 10.086790 10.086790 0.658442 0.658442 0.658442
48600 10.086790 10.086790 10.086790 0.658442 0.658442 0.658442
48700 10.086790 10.086790 10.086790 0.658442 0.658442 0.658442
48800 10.086790 10.086790 10.086790 0.658442 0.658442 0.658442
48900 10.086790 10.086790 10.086790 0.658442 0.658442 0.658442
49000 10.086790 10.086790 10.086790 0.658442 0.658442 0.658442
49100 10.086790 10.086790 10.086790 0.658442 0.658442 0.658442
49200 10.086790 10.086790 10.086790 0.658442 0.658442 0.658442
49300 10.086790 10.086790 10.086790 0.658442 0.658442 0.658442
49400 10.086790 10.086790 10.086790 0.658442 0.658442 0.658442
49500 10.086790 10.086790 10.086790 0.658442 0.658442 0.658442
49600 10.086790 10.086790 10.086790 0.658442 0.658442 0.658442
49700 10.086790 10.086790 10.086790 0.658442 0.658442 0.658442
49800 10.086790 10.086790 10.086790 0.658442 0.658442 0.658442
49900 10.086790 10.086790 10.086790 0.658442 0.658442 0.658442
50000 10.086790 10.086790 10.086790 0.658442 0.658442 0.658442
50100 10.086790 10.086790 10.086790 0.658442 0.658442 0.658442
50200 10.086790 10.086790 10.086790 0.658442 0.658442 0.658442
50300 10.086790 10.086790 10.086790 0.658442 0.658442 0.658442
50400 10.086790 10.086790 10.086790 0.658442 0.658442 0.658442
50500 10.086790 10.086790 10.086790 0.658442 0.658442 0.658442
50600 10.086790 10.086790 10.086790 0.658442 0.658442 0.658442
50700 10.086790 10.086790 10.086790 0.658442 0.658442 0.658442
50800 10.086790 10.086790 10.086790 0.658442 0.658442 0.658442
50900 10.086790 10.086790 10.086790 0.658442 0.658442 0.658442
51000 10.086790 10.086790 10.086790 0.658442 0.658442 0.658442
51100 10.086790 10.086790 10.086790 0.658442 0.658442 0.658442
51200 10.086790 10.086790 10.086790 0.658442 0.658442 0.658442
51300 10.086790 10.086790 10.086790 0.658442 0.658442 0.658442
51400 10.086790 10.086790 10.086790 0.658442 0.658442 0.658442
51500 10.086790 10.086790 10.086790 0.658442 0.658442 0.658442
51600 10.086790 10.086790 10.086790 0.658442 0.658442 0.658442
51700 10.086790 10.086790 10.086790 0.658442 0.658442 0.658442
51800 10.086790 10.086790 10.086790 0.658442 0.658442 0.658442
51900 10.086790 10.086790 10.086790 0.658442 0.658442 0.658442
52000 10.086790 10.086790 10.086790 0.658442 0.658442 0.658442
52100 10.086790 10.086790 10.086790 0.658442 0.658442 0.658442
52200 10.086790 10.086790 10.086790 0.658442 0.658442 0.658442
52300 10.086790 10.086790 10.086790 0.658442 0.658442 0.658442
52400 10.086790 10.086790 10.086790 0.658442 0.658442 0.658442
52500 10.086790 10.086790 10.086790 0.658442 0.658442 0.658442
52600 10.086790 10.086790 10.086790 0.658442 0.658442 0.658442
52700 10.086790 10.086790 10.086790 0.658442 0.658442 0.658442
52800 10.086790 10.086790 10.086790 0.658442 0.658442 0.658442
52900 10.086790 10.086790 10.086790 0.658442 0.658442 0.658442
53000 10.086790 10.086790 10.086790 0.658442 0.658442 0.658442
53100 10.086790 10.086790 10.086790 0.658442 0.658442 0.658442
53200 10.086790 10.086790 10.086790 0.658442 0.658442 0.658442
53300 10.086790 10.086790 10.086790 0.658442 0.658442 0.658442
53400 10.086790 10.086790 10.086790 0.658442 0.658442 0.658442
53500 10.086790 10.086790 10.086790 0.658442 0.658442 0.658442
53600 10.086790 10.086790 10.086790 0.658442 0.658442 0.658442
53700 10.086790 10.086790 10.086790 0.658442 0.658442 0.658442
53800 10.086790 10.086790 10.086790 0.658442 0.658442 0.658442
53900 10.086790 10.086790 10.086790 0.658442 0.658442 0.658442
54000 10.086790 10.086790 10.086790 0.658442 0.658442 0.658442
54100 10.086790 10.086790 10.086790 0.658442 0.658442 0.658442
54200 10.086790 10.086790 10.086790 0.658442 0.658442 0.658442
54300 10.086790 10.086790 10.086790 0.658442 0.658442 0.658442
54400 10.086790 10.086790 10.086790 0.658442 0.658442 0.658442
54500 10.086790 10.086790 10.086790 0.658442 0.658442 0.658442
54600 10.086790 10.086790 10.086790 0.658442 0.658442 0.658442
54700 10.086790 10.086790 10.086790 0.658442 0.658442 0.658442
54800 10.086790 10.086790 10.086790 0.658442 0.658442 0.658442
54900 10.086790 10.086790 10.086790 0.658442 0.658442 0.658442
55000 10.086790 10.086790 10.086790 0.658442 0.658442 0.658442
55100 10.086790 10.086790 10.086790 0.658442 0.658442 0.658442
55200 10.086790 10.086790 10.086790 0.658442 0.658442 0.658442
55300 10.086790 10.086790 10.086790 0.658442 0.658442 0.658442
55400 10.086790 10.086790 10.086790 0.658442 0.658442 0.658442
55500 10.086790 10.086790 10.086790 0.658442 0.658442 0.658442
55600 10.086790 10.086790 10.086790 0.658442 0.658442 0.658442
55700 10.086790 10.086790 10.086790 0.658442 0.658442 0.658442
55800 10.086790 10.086790 10.086790 0.658442 0.658442 0.658442
55900 10.086790 10.086790 10.086790 0.658442 0.658442 0.658442
56000 10.086790 10.086790 10.086790 0.658442 0.658442 0.658442
56100 10.086790 10.086790 10.086790 0.658442 0.658442 0.658442
56200 10.086790 10.086790 10.086790 0.658442 0.658442 0.658442
56300 10.086790 10.086790 10.086790 0.658442 0.658442 0.658442
56400 10.086790 10.086790 10.086790 0.658442 0.658442 0.658442
56500 10.086790 10.086790 10.086790 0.658442 0.658442 0.658442
56600 10.086790 10.086790 10.086790 0.658442 0.658442 0.658442
56700 10.086790 10.086790 10.086790 0.658442 0.658442 0.658442
56800 10.086790 10.086790 10.086790 0.658442 0.658442 0.658442
56900 10.086790 10.086790 10.086790 0.658442 0.658442 0.658442
57000 10.086790 10.086790 10.086790 0.658442 0.658442 0.658442
57100 10.086790 10.086790 10.086790 0.658442 0.658442 0.658442
57200 10.086790 10.086790 10.086790 0.658442 0.658442 0.658442
57300 10.086790 10.086790 10.086790 0.658442 0.658442 0.658442
57400 10.086790 10.086790 10.086790 0.658442 0.658442 0.658442
57500 10.086790 10.086790 10.086790 0.658442 0.658442 0.658442
57600 10.086790 10.086790 10.086790 0.658442 0.658442 0.658442
57700 10.086790 10.086790 10.086790 0.658442 0.658442 0.658442
57800 10.086790 10.086790 10.086790 0.658442 0.658442 0.658442
57900 10.086790 10.086790 10.086790 0.658442 0.658442 0.658442
58000 10.086790 10.086790 10.086790 0.658442 0.658442 0.658442
58100 10.086790 10.086790 10.086790 0.658442 0.658442 0.658442
58200 10.086790 10.086790 10.086790 0.658442 0.658442 0.658442
58300 10.086790 10.086790 10.086790 0.658442 0.658442 0.658442
58400 10.086790 10.086790 10.086790 0.658442 0.658442 0.658442
58500 10.086790 10.086790 10.086790 0.658442 0.658442 0.658442
58600 10.086790 10.086790 10.086790 0.658442 0.658442 0.658442
58700 10.086790 10.086790 10.086790 0.658442 0.658442 0.658442
58800 10.086790 10.086790 10.086790 0.658442 0.658442 0.658442
58900 10.086790 10.086790 10.086790 0.658442 0.658442 0.658442
59000 10.086790 10.086790 10.086790 0.658442 0.658442 0.658442
59100 10.086790 10.086790 10.086790 0.658442 0.658442 0.658442
59200 10.086790 10.086790 10.086790 0.658442 0.658442 0.658442
59300 10.086790 10.086790 10.086790 0.658442 0.658442 0.658442
59400 10.086790 10.086790 10.086790 0.658442 0.658442 0.658442
59500 10.086790 10.086790 10.086790 0.658442 0.658442 0.658442
59600 10.086790 10.086790 10.086790 0.658442 0.658442 0.658442
59700 10.086790 10.086790 10.086790 0.658442 0.658442 0.658442
59800 10.086790 10.086790 10.086790 0.658442 0.658442 0.658442
59900 10.086790 10.086790 10.086790 0.658442 0.658442 0.658442
60000 10.086790 10.086790 10.086790 0.658442 0.658442 0.658442
60100 10.086790 10.086790 10.086790 0.658442 0.658442 0.658442
60200 10.086790 10.086790 10.086790 0.658442 0.658442 0.658442
60300 10.086790 10.086790 10.086790 0.658442 0.658442 0.658442
60400 10.086790 10.086790 10.086790 0.658442 0.658442 0.658442
60500 10.086790 10.086790 10.086790 0.658442 0.658442 0.658442
60600 10.086790 10.086790 10.086790 0.658442 0.658442 0.658442
60700 10.086790 10.086790 10.086790 0.658442 0.658442 0.658442
60800 10.086790 10.086790 10.086790 0.658442 0.658442 0.658442
60900 10.086790 10.086790 10.086790 0.658442 0.658442 0.658442
61000 10.086790 10.086790 10.086790 0.658442 0.658442 0.658442
61100 10.086790 10.086790 10.086790 0.658442 0.658442 0.658442
61200 10.086790 10.086790 10.086790 0.658442 0.658442 0.658442
61300 10.086790 10.086790 10.086790 0.658442 0.658442 0.658442
61400 10.086790 10.086790 10.086790 0.658442 0.658442 0.658442
61500 10.086790 10.086790 10.086790 0.658442 0.658442 0.658442
61600 10.086790 10.086790 10.086790 0.658442 0.658442 0.658442
61700 10.086790 10.086790 10.086790 0.658442 0.658442 0.658442
61800 10.086790 10.086790 10.086790 0.658442 0.658442 0.658442
61900 10.086790 10.086790 10.086790 0.658442 0.658442 0.658442
62000 10.086790 10.086790 10.086790 0.658442 0.658442 0.658442
62100 10.086790 10.086790 10.086790 0.658442 0.658442 0.658442
62200 10.086790 10.086790 10.086790 0.658442 0.658442 0.658442
62300 10.086790 10.086790 10.086790 0.658442 0.658442 0.658442
62400 10.086790 10.086790 10.086790 0.658442 0.658442 0.658442
62500 10.086790 10.086790 10.086790 0.658442 0.658442 0.658442
62600 10.086790 10.086790 10.086790 0.658442 0.658442 0.658442
62700 10.086790 10.086790 10.086790 0.658442 0.658442 0.658442
62800 10.086790 10.086790 10.086790 0.658442 0.658442 0.658442
62900 10.086790 10.086790 10.086790 0.658442 0.658442 0.658442
63000 10.086790 10.086790 10.086790 0.658442 0.658442 0.658442
63100 10.086790 10.086790 10.086790 0.658442 0.658442 0.658442
63200 10.086790 10.086790 10.086790 0.658442 0.658442 0.658442
63300 10.086790 10.086790 10.086790 0.658442 0.658442 0.658442
63400 10.086790 10.086790 10.086790 0.658442 0.658442 0.658442
63500 10.086790 10.086790 10.086790 0.658442 0.658442 0.658442
63600 10.086790 10.086790 10.086790 0.658442 0.658442 0.658442
63700 10.086790 10.086790 10.086790 0.658442 0.658442 0.658442
63800 10.086790 10.086790 10.086790 0.658442 0.658442 0.658442
63900 10.086790 10.086790 10.086790 0.658442 0.658442 0.658442
64000 10.086790 10.086790 10.086790 0.658442 0.658442 0.658442
64100 10.086790 10.086790 10.086790 0.658442 0.658442 0.658442
64200 10.086790 10.086790 10.086790 0.658442 0.658442 0.658442
64300 10.086790 10.086790 10.086790 0.658442 0.658442 0.658442
64400 10.086790 10.086790 10.086790 0.658442 0.658442 0.658442
64500 10.086790 10.086790 10.086790 0.658442 0.658442 0.658442
64600 10.086790 10.086790 10.086790 0.658442 0.658442 0.658442
64700 10.086790 10.086790 10.086790 0.658442 0.658442 0.658442
64800 10.086790 10.086790 10.086790 0.658442 0.658442 0.658442
64900 10.086790 10.086790 10.086790 0.658442 0.658442 0.658442
65000 10.086790 10.086790 10.086790 0.658442 0.658442 0.658442
65100 10.086790 10.086790 10.086790 0.658442 0.658442 0.658442
65200 10.086790 10.086790 10.086790 0.658442 0.658442 0.658442
65300 10.086790 10.086790 10.086790 0.658442 0.658442 0.658442
65400 10.086790 10.086790 10.086790 0.658442 0.658442 0.658442
65500 10.086790 10.086790 10.086790 0.658442 0.658442 0.658442
65600 10.086790 10.086790 10.086790 0.658442 0.658442 0.658442
65700 10.086790 10.086790 10.086790 0.658442 0.658442 0.658442
65800 10.086790 10.086790 10.086790 0.658442 0.658442 0.658442
65900 10.086790 10.086790 10.086790 0.658442 0.658442 0.658442
66000 10.086790 10.086790 10.086790 0.658442 0.658442 0.658442
66100 10.086790 10.086790 10.086790 0.658442 0.658442 0.658442
66200 10.086790 10.086790 10.086790 0.658442 0.658442 0.658442
66300 10.086790 10.086790 10.086790 0.658442 0.658442 0.658442
66400 10.086790 10.086790 10.086790 0.658442 0.658442 0.658442
66500 10.086790 10.086790 10.086790 0.658442 0.658442 0.658442
66600 10.086790 10.086790 10.086790 0.658442 0.658442 0.658442
66700 10.086790 10.086790 10.086790 0.658442 0.658442 0.658442
66800 10.086790 10.086790 10.086790 0.658442 0.658442 0.658442
66900 10.086790 10.086790 10.086790 0.658442 0.658442 0.658442
67000 10.086790 10.086790 10.086790 0.658442 0.658442 0.658442
67100 10.086790 10.086790 10.086790 0.658442 0.658442 0.658442
67200 10.086790 10.086790 10.086790 0.658442 0.658442 0.658442
67300 10.086790 10.086790 10.086790 0.658442 0.658442 0.658442
67400 10.086790 10.086790 10.086790 0.658442 0.658442 0.658442
67500 10.086790 10.086790 10.086790 0.658442 0.658442 0.658442
67600 10.086790 10.086790 10.086790 0.658442 0.658442 0.658442
67700 10.086790 10.086790 10.086790 0.658442 0.658442 0.658442
67800 10.086790 10.086790 10.086790 0.658442 0.658442 0.658442
67900 10.086790 10.086790 10.086790 0.658442 0.658442 0.658442
68000 10.086790 10.086790 10.086790 0.658442 0.658442 0.658442
68100 10.086790 10.086790 10.086790 0.658442 0.658442 0.658442
68200 10.086790 10.086790 10.086790 0.658442 0.658442 0.658442
68300 10.086790 10.086790 10.086790 0.658442 0.658442 0.658442
68400 10.086790 10.086790 10.086790 0.658442 0.658442 0.658442
68500 10.086790 10.086790 10.086790 0.658442 0.658442 0.658442
68600 10.086790 10.086790 10.086790 0.658442 0.658442 0.658442
68700 10.086790 10.086790 10.086790 0.658442 0.658442 0.658442
68800 10.086790 10.086790 10.086790 0.658442 0.658442 0.658442
68900 10.086790 10.086790 10.086790 0.658442 0.658442 0.658442
69000 10.086790 10.086790 10.086790 0.658442 0.658442 0.658442
69100 10.086790 10.086790 10.086790 0.658442 0.658442 0.658442
69200 10.086790 10.086790 10.086790 0.658442 0.658442 0.658442
69300 10.086790 10.086790 10.086790 0.658442 0.658442 0.658442
69400 10.086790 10.086790 10.086790 0.658442 0.658442 0.658442
69500 10.086790 10.086790 10.086790 0.658442 0.658442 0.658442
69600 10.086790 10.086790 10.086790 0.658442 0.658442 0.658442
69700 10.086790 10.086790 10.086790 0.658442 0.658442 0.658442
69800 10.086790 10.086790 10.086790 0.658442 0.658442 0.658442
69900 10.086790 10.086790 10.086790 0.658442 0.658442 0.658442
70000 10.086790 10.086790 10.086790 0.658442 0.658442 0.658442
70100 10.086790 10.086790 10.086790 0.658442 0.658442 0.658442
70200 10.086790 10.086790 10.086790 0.658442 0.658442 0.658442
70300 10.086790 10.086790 10.086790 0.658442 0.658442 0.658442
70400 10.086790 10.086790 10.086790 0.658442 0.658442 0.658442
70500 10.086790 10.086790 10.086790 0.658442 0.658442 0.658442
70600 10.086790 10.086790 10.086790 0.658442 0.658442 0.658442
70700 10.086790 10.086790 10.086790 0.658442 0.658442 0.658442
70800 10.086790 10.086790 10.086790 0.658442 0.658442 0.658442
70900 10.086790 10.086790 10.086790 0.658442 0.658442 0.658442
71000 10.086790 10.086790 10.086790 0.658442 0.658442 0.658442
71100 10.086790 10.086790 10.086790 0.658442 0.658442 0.658442
71200 10.086790 10.086790 10.086790 0.658442 0.658442 0.658442
71300 10.086790 10.086790 10.086790 0.658442 0.658442 0.658442
71400 10.086790 10.086790 10.086790 0.658442 0.658442 0.658442
71500 10.086790 10.086790 10.086790 0.658442 0.658442 0.658442
71600 10.086790 10.086790 10.086790 0.658442 0.658442 0.658442
71700 10.086790 10.086790 10.086790 0.658442 0.658442 0.658442
71800 10.086790 10.086790 10.086790 0.658442 0.658442 0.658442
71900 10.086790 10.086790 10.086790 0.658442 0.658442 0.658442
72000 10.086790 10.086790 10.086790 0.658442 0.658442 0.658442
72100 10.086790 10.086790 10.086790 0.658442 0.658442 0.658442
72200 10.086790 10.086790 10.086790 0.658442 0.658442 0.658442
72300 10.086790 10.086790 10.086790 0.658442 0.658442 0.658442
72400 10.086790 10.086790 10.086790 0.658442 0.658442 0.658442
72500 10.086790 10.086790 10.086790 0.658442 0.658442 0.658442
72600 10.086790 10.086790 10.086790 0.658442 0.658442 0.658442
72700 10.086790 10.086790 10.086790 0.658442 0.658442 0.658442
72800 10.086790 10.086790 10.086790 0.658442 0.658442 0.658442
72900 10.086790 10.086790 10.086790 0.658442 0.658442 0.658442
73000 10.086790 10.086790 10.086790 0.658442 0.658442 0.658442
73100 10.086790 10.086790 10.086790 0.658442 0.658442 0.658442
73200 10.086790 10.086790 10.086790 0.658442 0.658442 0.658442
73300 10.086790 10.086790 10.086790 0.658442 0.658442 0.658442
73400 10.086790 10.086790 10.086790 0.658442 0.658442 0.658442
73500 10.086790 10.086790 10.086790 0.658442 0.658442 0.658442
73600 10.086790 10.086790 10.086790 0.658442 0.658442 0.658442
73700 10.086790 10.086790 10.086790 0.658442 0.658442 0.658442
73800 10.086790 10.086790 10.086790 0.658442 0.658442 0.658442
73900 10.086790 10.086790 10.086790 0.658442 0.658442 0.658442
74000 10.086790 10.086790 10.086790 0.658442 0.658442 0.658442
74100 10.086790 10.086790 10.086790 0.658442 0.658442 0.658442
74200 10.086790 10.086790 10.086790 0.658442 0.658442 0.658442
74300 10.086790 10.086790 10.086790 0.658442 0.658442 0.658442
74400 10.086790 10.086790 10.086790 0.658442 0.658442 0.658442
74500 10.086790 10.086790 10.086790 0.658442 0.658442 0.658442
74600 10.086790 10.086790 10.086790 0.658442 0.658442 0.658442
74700 10.086790 10.086790 10.086790 0.658442 0.658442 0.658442
74800 10.086790 10.086790 10.086790 0.658442 0.658442 0.658442
74900 10.086790 10.086790 10.086790 0.658442 0.658442 0.658442
75000 10.086790 10.086790 10.086790 0.658442 0.658442 0.658442
75100 10.086790 10.086790 10.086790 0.658442 0.658442 0.658442
75200 10.086790 10.086790 10.086790 0.658442 0.658442 0.658442
75300 10.086790 10.086790 10.086790 0.658442 0.658442 0.658442
75400 10.086790 10.086790 10.086790 0.658442 0.658442 0.658442
75500 10.086790 10.086790 10.086790 0.658442 0.658442 0.658442
75600 10.086790 10.086790 10.086790 0.658442 0.658442 0.658442
75700 10.086790 10.086790 10.086790 0.658442 0.658442 0.658442
75800 10.086790 10.086790 10.086790 0.658442 0.658442 0.658442
75900 10.086790 10.086790 10.086790 0.658442 0.658442 0.658442
76000 10.086790 10.086790 10.086790 0.658442 0.658442 0.658442
76100 10.086790 10.086790 10.086790 0.658442 0.658442 0.658442
76200 10.086790 10.086790 10.086790 0.658442 0.658442 0.658442
76300 10.086790 10.086790 10.086790 0.658442 0.658442 0.658442
76400 10.086790 10.086790 10.086790 0.658442 0.658442 0.658442
76500 10.086790 10.086790 10.086790 0.658442 0.658442 0.658442
76600 10.086790 10.086790 10.086790 0.658442 0.658442 0.658442
76700 10.086790 10.086790 10.086790 0.658442 0.658442 0.658442
76800 10.086790 10.086790 10.086790 0.658442 0.658442 0.658442
76900 10.086790 10.086790 10.086790 0.658442 0.658442 0.658442
77000 10.086790 10.086790 10.086790 0.658442 0.658442 0.658442
77100 10.086790 10.086790 10.086790 0.658442 0.658442 0.658442
77200 10.086790 10.086790 10.086790 0.658442 0.658442 0.658442
77300 10.086790 10.086790 10.086790 0.658442 0.658442 0.658442
77400 10.086790 10.086790 10.086790 0.658442 0.658442 0.658442
77500 10.086790 10.086790 10.086790 0.658442 0.658442 0.658442
77600 10.086790 10.086790 10.086790 0.658442 0.658442 0.658442
77700 10.086790 10.086790 10.086790 0.658442 0.658442 0.658442
77800 10.086790 10.086790 10.086790 0.658442 0.658442 0.658442
77900 10.086790 10.086790 10.086790 0.658442 0.658442 0.658442
78000 10.086790 10.086790 10.086790 0.658442 0.658442 0.658442
78100 10.086790 10.086790 10.086790 0.658442 0.658442 0.658442
78200 10.086790 10.086790 10.086790 0.658442 0.658442 0.658442
78300 10.086790 10.086790 10.086790 0.658442 0.658442 0.658442
78400 10.086790 10.086790 10.086790 0.658442 0.658442 0.658442
78500 10.086790 10.086790 10.086790 0.658442 0.658442 0.658442
78600 10.086790 10.086790 10.086790 0.658442 0.658442 0.658442
78700 10.086790 10.086790 10.086790 0.658442 0.658442 0.658442
78800 10.086790 10.086790 10.086790 0.658442 0.658442 0.658442
78900 10.086790 10.086790 10.086790 0.658442 0.658442 0.658442
79000 10.086790 10.086790 10.086790 0.658442 0.658442 0.658442
79100 10.086790 10.086790 10.086790 0.658442 0.658442 0.658442
79200 10.086790 10.086790 10.086790 0.658442 0.658442 0.658442
79300 10.086790 10.086790 10.086790 0.658442 0.658442 0.658442
79400 10.086790 10.086790 10.086790 0.658442 0.658442 0.658442
79500 10.086790 10.086790 10.086790 0.658442 0.658442 0.658442
79600 10.086790 10.086790 10.086790 0.658442 0.658442 0.658442
79700 10.086790 10.086790 10.086790 0.658442 0.658442 0.658442
79800 10.086790 10.086790 10.086790 0.658442 0.658442 0.658442
79900 10.086790 10.086790 10.086790 0.658442 0.658442 0.658442
80000 10.086790 10.086790 10.086790 0.658442 0.658442 0.658442
80100 10.086790 10.086790 10.086790 0.658442 0.658442 0.658442
80200 10.086790 10.086790 10.086790 0.658442 0.658442 0.658442
80300 10.086790 10.086790 10.086790 0.658442 0.658442 0.658442
80400 10.086790 10.086790 10.086790 0.658442 0.658442 0.658442
80500 10.086790 10.086790 10.086790 0.658442 0.658442 0.658442
80600 10.086790 10.086790 10.086790 0.658442 0.658442 0.658442
80700 10.086790 10.086790 10.086790 0.658442 0.658442 0.658442
80800 10.086790 10.086790 10.086790 0.658442 0.658442 0.658442
80900 10.086790 10.086790 10.086790 0.658442 0.658442 0.658442
81000 10.086790 10.086790 10.086790 0.658442 0.658442 0.658442
81100 10.086790 10.086790 10.086790 0.658442 0.658442 0.658442
81200 10.086790 10.086790 10.086790 0.658442 0.658442 0.658442
81300 10.086790 10.086790 10.086790 0.658442 0.658442 0.658442
81400 10.086790 10.086790 10.086790 0.658442 0.658442 0.658442
81500 10.086790 10.086790 10.086790 0.658442 0.658442 0.658442
81600 10.086790 10.086790 10.086790 0.658442 0.658442 0.658442
81700 10.086790 10.086790 10.086790 0.658442 0.658442 0.658442
81800 10.086790 10.086790 10.086790 0.658442 0.658442 0.658442
81900 10.086790 10.086790 10.086790 0.658442 0.658442 0.658442
82000 10.086790 10.086790 10.086790 0.658442 0.658442 0.658442
82100 10.086790 10.086790 10.086790 0.658442 0.658442 0.658442
82200 10.086790 10.086790 10.086790 0.658442 0.658442 0.658442
82300 10.086790 10.086790 10.086790 0.658442 0.658442 0.658442
82400 10.086790 10.086790 10.086790 0.658442 0.658442 0.658442
82500 10.086790 10.086790 10.086790 0.658442 0.658442 0.658442
82600 10.086790 10.086790 10.086790 0.658442 0.658442 0.658442
82700 10.086790 10.086790 10.086790 0.658442 0.658442 0.658442
82800 10.086790 10.086790 10.086790 0.658442 0.658442 0.658442
82900 10.086790 10.086790 10.086790 0.658442 0.658442 0.658442
83000 10.086790 10.086790 10.086790 0.658442 0.658442 0.658442
83100 10.086790 10.086790 10.086790 0.658442 0.658442 0.658442
83200 10.086790 10.086790 10.086790 0.658442 0.658442 0.658442
83300 10.086790 10.086790 10.086790 0.658442 0.658442 0.658442
83400 10.086790 10.086790 10.086790 0.658442 0.658442 0.658442
83500 10.086790 10.086790 10.086790 0.658442 0.658442 0.658442
83600 10.086790 10.086790 10.086790 0.658442 0.658442 0.658442
83700 10.086790 10.086790 10.086790 0.658442 0.658442 0.658442
83800 10.086790 10.086790 10.086790 0.658442 0.658442 0.658442
83900 10.086790 10.086790 10.086790 0.658442 0.658442 0.658442
84000 10.086790 10.086790 10.086790 0.658442 0.658442 0.658442
84100 10.086790 10.086790 10.086790 0.658442 0.658442 0.658442
84200 10.086790 10.086790 10.086790 0.658442 0.658442 0.658442
84300 10.086790 10.086790 10.086790 0.658442 0.658442 0.658442
84400 10.086790 10.086790 10.086790 0.658442 0.658442 0.658442
84500 10.086790 10.086790 10.086790 0.658442 0.658442 0.658442
84600 10.086790 10.086790 10.086790 0.658442 0.658442 0.658442
84700 10.086790 10.086790 10.086790 0.658442 0.658442 0.658442
84800 10.086790 10.086790 10.086790 0.658442 0.658442 0.658442
84900 10.086790 10.086790 10.086790 0.658442 0.658442 0.658442
85000 10.086790 10.086790 10.086790 0.658442 0.658442 0.658442
85100 10.086790 10.086790 10.086790 0.658442 0.658442 0.658442
85200 10.086790 10.086790 10.086790 0.658442 0.658442 0.658442
85300 10.086790 10.086790 10.086790 0.658442 0.658442 0.658442
85400 10.086790 10.086790 10.086790 0.658442 0.658442 0.658442
85500 10.086790 10.086790 10.086790 0.658442 0.658442 0.658442
85600 10.086790 10.086790 10.086790 0.658442 0.658442 0.658442
85700 10.086790 10.086790 10.086790 0.658442 0.658442 0.658442
85800 10.086790 10.086790 10.086790 0.658442 0.658442 0.658442
85900 10.086790 10.086790 10.086790 0.658442 0.658442 0.658442
86000 10.086790 10.086790 10.086790 0.658442 0.658442 0.658442
86100 10.086790 10.086790 10.086790 0.658442 0.658442 0.658442
86200 10.086790 10.086790 10.086790 0.658442 0.658442 0.658442
86300 10.086790 10.086790 10.086790 0.658442 0.658442 0.658442
86400 10.086790 10.086790 10.086790 0.658442 0.658442 0.658442
86500 10.086790 10.086790 10.086790 0.658442 0.658442 0.658442
86600 10.086790 10.086790 10.086790 0.658442 0.658442 0.658442
86700 10.086790 10.086790 10.086790 0.658442 0.658442 0.658442
86800 10.086790 10.086790 10.086790 0.658442 0.658442 0.658442
86900 10.086790 10.086790 10.086790 0.658442 0.658442 0.658442
87000 10.086790 10.086790 10.086790 0.658442 0.658442 0.658442
87100 10.086790 10.086790 10.086790 0.658442 0.658442 0.658442
87200 10.086790 10.086790 10.086790 0.658442 0.658442 0.658442
87300 10.086790 10.086790 10.086790 0.658442 0.658442 0.658442
87400 10.086790 10.086790 10.086790 0.658442 0.658442 0.658442
87500 10.086790 10.086790 10.086790 0.658442 0.658442 0.658442
87600 10.086790 10.086790 10.086790 0.658442 0.658442 0.658442
87700 10.086790 10.086790 10.086790 0.658442 0.658442 0.658442
87800 10.086790 10.086790 10.086790 0.658442 0.658442 0.658442
87900 10.086790 10.086790 10.086790 0.658442 0.658442 0.658442
88000 10.086790 10.086790 10.086790 0.658442 0.658442 0.658442
88100 10.086790 10.086790 10.086790 0.658442 0.658442 0.658442
88200 10.086790 10.086790 10.086790 0.658442 0.658442 0.658442
88300 10.086790 10.086790 10.086790 0.658442 0.658442 0.658442
88400 10.086790 10.086790 10.086790 0.658442 0.658442 0.658442
88500 10.086790 10.086790 10.086790 0.658442 0.658442 0.658442
88600 10.086790 10.086790 10.086790 0.658442 0.658442 0.658442
88700 10.086790 10.086790 10.086790 0.658442 0.658442 0.658442
88800 10.086790 10.086790 10.086790 0.658442 0.658442 0.658442
88900 10.086790 10.086790 10.086790 0.658442 0.658442 0.658442
89000 10.086790 10.086790 10.086790 0.658442 0.658442 0.658442
89100 10.086790 10.086790 10.086790 0.658442 0.658442 0.658442
89200 10.086790 10.086790 10.086790 0.658442 0.658442 0.658442
89300 10.086790 10.086790 10.086790 0.658442 0.658442 0.658442
89400 10.086790 10.086790 10.086790 0.658442 0.658442 0.658442
89500 10.086790 10.086790 10.086790 0.658442 0.658442 0.658442
89600 10.086790 10.086790 10.086790 0.658442 0.658442 0.658442
89700 10.086790 10.086790 10.086790 0.658442 0.658442 0.658442
89800 10.086790 10.086790 10.086790 0.658442 0.658442 0.658442
89900 10.086790 10.086790 10.086790 0.658442 0.658442 0.658442
90000 10.086790 10.086790 10.086790 0.658442 0.658442 0.658442
90100 10.086790 10.086790 10.086790 0.658442 0.658442 0.658442
90200 10.086790 10.086790 10.086790 0.658442 0.658442 0.658442
90300 10.086790 10.086790 10.086790 0.658442 0.658442 0.658442
90400 10.086790 10.086790 10.086790 0.658442 0.658442 0.658442
90500 10.086790 10.086790 10.086790 0.658442 0.658442 0.658442
90600 10.086790 10.086790 10.086790 0.658442 0.658442 0.658442
90700 10.086790 10.086790 10.086790 0.658442 0.658442 0.658442
90800 10.086790 10.086790 10.086790 0.658442 0.658442 0.658442
90900 10.086790 10.086790 10.086790 0.658442 0.658442 0.658442
91000 10.086790 10.086790 10.086790 0.658442 0.658442 0.658442
91100 10.086790 10.086790 10.086790 0.658442 0.658442 0.658442
91200 10.086790 10.086790 10.086790 0.658442 0.658442 0.658442
91300 10.086790 10.086790 10.086790 0.658442 0.658442 0.658442
91400 10.086790 10.086790 10.086790 0.658442 0.658442 0.658442
91500 10.086790 10.086790 10.086790 0.658442 0.658442 0.658442
91600 10.086790 10.086790 10.086790 0.658442 0.658442 0.658442
91700 10.086790 10.086790 10.086790 0.658442 0.658442 0.658442
91800 10.086790 10.086790 10.086790 0.658442 0.658442 0.658442
91900 10.086790 10.086790 10.086790 0.658442 0.658442 0.658442
92000 10.086790 10.086790 10.086790 0.658442 0.658442 0.658442
92100 10.086790 10.086790 10.086790 0.658442 0.658442 0.658442
92200 10.086790 10.086790 10.086790 0.658442 0.658442 0.658442
92300 10.086790 10.086790 10.086790 0.658442 0.658442 0.658442
92400 10.086790 10.086790 10.086790 0.658442 0.658442 0.658442
92500 10.086790 10.086790 10.086790 0.658442 0.658442 0.658442
92600 10.086790 10.086790 10.086790 0.658442 0.658442 0.658442
92700 10.086790 10.086790 10.086790 0.658442 0.658442 0.658442
92800 10.086790 10.086790 10.086790 0.658442 0.658442 0.658442
92900 10.086790 10.086790 10.086790 0.658442 0.658442 0.658442
93000 10.086790 10.086790 10.086790 0.658442 0.658442 0.658442
93100 10.086790 10.086790 10.086790 0.658442 0.658442 0.658442
93200 10.086790 10.086790 10.086790 0.658442 0.658442 0.658442
93300 10.086790 10.086790 10.086790 0.658442 0.658442 0.658442
93400 10.086790 10.086790 10.086790 0.658442 0.658442 0.658442
93500 10.086790 10.086790 10.086790 0.658442 0.658442 0.658442
93600 10.086790 10.086790 10.086790 0.658442 0.658442 0.658442
93700 10.086790 10.086790 10.086790 0.658442 0.658442 0.658442
93800 10.086790 10.086790 10.086790 0.658442 0.658442 0.658442
93900 10.086790 10.086790 10.086790 0.658442 0.658442 0.658442
94000 10.086790 10.086790 10.086790 0.658442 0.658442 0.658442
94100 10.086790 10.086790 10.086790 0.658442 0.658442 0.658442
94200 10.086790 10.086790 10.086790 0.658442 0.658442 0.658442
94300 10.086790 10.086790 10.086790 0.658442 0.658442 0.658442
94400 10.086790 10.086790 10.086790 0.658442 0.658442 0.658442
94500 10.086790 10.086790 10.086790 0.658442 0.658442 0.658442
94600 10.086790 10.086790 10.086790 0.658442 0.658442 0.658442
94700 10.086790 10.086790 10.086790 0.658442 0.658442 0.658442
94800 10.086790 10.086790 10.086790 0.658442 0.658442 0.658442
94900 10.086790 10.086790 10.086790 0.658442 0.658442 0.658442
95000 10.086790 10.086790 10.086790 0.658442 0.658442 0.658442
95100 10.086790 10.086790 10.086790 0.658442 0.658442 0.658442
95200 10.086790 10.086790 10.086790 0.658442 0.658442 0.658442
95300 10.086790 10.086790 10.086790 0.658442 0.658442 0.658442
95400 10.086790 10.086790 10.086790 0.658442 0.658442 0.658442
95500 10.086790 10.086790 10.086790 0.658442 0.658442 0.658442
95600 10.086790 10.086790 10.086790 0.658442 0.658442 0.658442
95700 10.086790 10.086790 10.086790 0.658442 0.658442 0.658442
95800 10.086790 10.086790 10.086790 0.658442 0.658442 0.658442
95900 10.086790 10.086790 10.086790 0.658442 0.658442 0.658442
96000 10.086790 10.086790 10.086790 0.658442 0.658442 0.658442
96100 10.086790 10.086790 10.086790 0.658442 0.658442 0.658442
96200 10.086790 10.086790 10.086790 0.658442 0.658442 0.658442
96300 10.086790 10.086790 10.086790 0.658442 0.658442 0.658442
96400 10.086790 10.086790 10.086790 0.658442 0.658442 0.658442
96500 10.086790 10.086790 10.086790 0.658442 0.658442 0.658442
96600 10.086790 10.086790 10.086790 0.658442 0.658442 0.658442
96700 10.086790 10.086790 10.086790 0.658442 0.658442 0.658442
96800 10.086790 10.086790 10.086790 0.658442 0.658442 0.658442
96900 10.086790 10.086790 10.086790 0.658442 0.658442 0.658442
97000 10.086790 10.086790 10.086790 0.658442 0.658442 0.658442
97100 10.086790 10.086790 10.086790 0.658442 0.658442 0.658442
97200 10.086790 10.086790 10.086790 0.658442 0.658442 0.658442
97300 10.086790 10.086790 10.086790 0.658442 0.658442 0.658442
97400 10.086790 10.086790 10.086790 0.658442 0.658442 0.658442
97500 10.086790 10.086790 10.086790 0.658442 0.658442 0.658442
97600 10.086790 10.086790 10.086790 0.658442 0.658442 0.658442
97700 10.086790 10.086790 10.086790 0.658442 0.658442 0.658442
97800 10.086790 10.086790 10.086790 0.658442 0.658442 0.658442
97900 10.086790 10.086790 10.086790 0.658442 0.658442 0.658442
98000 10.086790 10.086790 10.086790 0.658442 0.658442 0.658442
98100 10.086790 10.086790 10.086790 0.658442 0.658442 0.658442
98200 10.086790 10.086790 10.086790 0.658442 0.658442 0.658442
98300 10.086790 10.086790 10.086790 0.658442 0.658442 0.658442
98400 10.086790 10.086790 10.086790 0.658442 0.658442 0.658442
98500 10.086790 10.086790 10.086790 0.658442 0.658442 0.658442
98600 10.086790 10.086790 10.086790 0.658442 0.658442 0.658442
98700 10.086790 10.086790 10.086790 0.658442 0.658442 0.658442
98800 10.086790 10.086790 10.086790 0.658442 0.658442 0.658442
98900 10.086790 10.086790 10.086790 0.658442 0.658442 0.658442
99000 10.086790 10.086790 10.086790 0.658442 0.658442 0.658442
99100 10.086790 10.086790 10.086790 0.658442 0.658442 0.658442
99200 10.086790 10.086790 10.086790 0.658442 0.658442 0.658442
99300 10.086790 10.086790 10.086790 0.658442 0.658442 0.658442
99400 10.086790 10.086790 10.086790 0.658442 0.658442 0.658442
99500 10.086790 10.086790 10.086790 0.658442 0.658442 0.658442
99600 10.086790 10.086790 10.086790 0.658442 0.658442 0.658442
99700 10.086790 10.086790 10.086790 0.658442 0.658442 0.658442
99800 10.086790 10.086790 10.086790 0.658442 0.658442 0.658442
99900 10.086790 10.086790 10.086790 0.658442 0.658442 0.658442
100000 8.042864 8.042864 8.042864 0.695815 0.695815 0.695815
