# generation power_min power_avg power_max util_min util_avg util_max
1 7.293192 8.740223 10.623823 0.162416 0.229843 0.328240
10 7.293192 8.568306 9.631397 0.162416 0.229976 0.328240
20 7.010058 8.390468 9.456181 0.162416 0.225848 0.328240
30 6.707450 8.240750 8.993383 0.162416 0.225194 0.328240
40 6.707450 8.100424 8.835831 0.162416 0.224293 0.289669
50 6.707450 7.951245 8.694798 0.162416 0.224222 0.289669
60 6.702715 7.793824 8.593866 0.162416 0.223235 0.289669
70 6.624519 7.658419 8.476909 0.162416 0.225338 0.289669
80 6.487798 7.525881 8.318983 0.162416 0.223804 0.288782
90 6.487798 7.383819 8.147127 0.162416 0.222673 0.288782
100 6.198941 7.249668 8.009224 0.162416 0.221750 0.288782
110 6.134763 7.111633 7.757186 0.177632 0.218948 0.274798
120 6.026912 6.985134 7.630157 0.177632 0.219080 0.274798
130 5.810973 6.868265 7.493302 0.177818 0.218976 0.280099
140 5.810973 6.776578 7.387189 0.177818 0.220037 0.280099
150 5.583184 6.645171 7.241029 0.178477 0.220885 0.280099
160 5.583184 6.540269 7.106083 0.168373 0.220950 0.280099
170 5.583184 6.421807 7.046732 0.168373 0.220742 0.280099
180 5.319882 6.299821 6.940859 0.168373 0.220796 0.280099
190 5.080224 6.155222 6.857218 0.168373 0.223731 0.288075
200 4.866407 6.020282 6.707450 0.168373 0.224480 0.288075
210 4.866407 5.910236 6.605637 0.178477 0.225406 0.288075
220 4.866407 5.800544 6.487798 0.174537 0.226749 0.288075
230 4.569091 5.675405 6.252146 0.174537 0.226877 0.299530
240 4.569091 5.590176 6.195486 0.174537 0.227091 0.299530
250 4.569091 5.483750 6.070128 0.174537 0.227595 0.299530
260 4.537312 5.370076 5.867596 0.174537 0.228474 0.299530
270 4.527937 5.282941 5.783558 0.174537 0.228990 0.299530
280 4.527937 5.197736 5.705045 0.174068 0.227977 0.299530
290 4.445018 5.110108 5.594078 0.174068 0.228304 0.299530
300 4.427787 5.028929 5.542082 0.174068 0.230683 0.299530
310 4.024448 4.942368 5.379018 0.174068 0.228819 0.293850
320 4.024448 4.867184 5.288918 0.174068 0.229729 0.293850
330 4.024448 4.781870 5.238661 0.183111 0.230957 0.293850
340 3.813497 4.695154 5.145728 0.182212 0.228323 0.293850
350 3.813497 4.618783 5.086403 0.175576 0.228304 0.293850
360 3.813497 4.543079 4.974430 0.175576 0.226380 0.293850
370 3.813497 4.469069 4.866407 0.175576 0.227170 0.273485
380 3.813497 4.398572 4.746992 0.175576 0.228136 0.273485
390 3.770944 4.332451 4.675054 0.175576 0.227743 0.273485
400 3.770944 4.273431 4.596738 0.175576 0.227377 0.273485
410 3.721213 4.218649 4.562304 0.175576 0.227632 0.273485
420 3.609884 4.151069 4.524166 0.175576 0.227967 0.269844
430 3.581821 4.098343 4.401828 0.175576 0.227721 0.275927
440 3.581821 4.048046 4.323977 0.175576 0.228131 0.275927
450 3.573129 3.999459 4.283690 0.175576 0.228529 0.275927
460 3.486037 3.955303 4.213692 0.175576 0.227922 0.275927
470 3.442357 3.899354 4.177813 0.197938 0.228575 0.275927
480 3.442357 3.852435 4.112191 0.187661 0.226496 0.275927
490 3.416889 3.804288 4.080790 0.169852 0.224890 0.275927
500 3.390839 3.757464 4.024521 0.169852 0.225246 0.280024
510 3.372577 3.703660 3.990455 0.169852 0.225039 0.280024
520 3.372577 3.662214 3.925033 0.169852 0.223738 0.280024
530 3.341716 3.615330 3.873590 0.169852 0.221577 0.280024
540 3.340564 3.568863 3.813497 0.169852 0.219531 0.280024
550 3.240055 3.526389 3.770417 0.169852 0.218514 0.280024
560 3.240055 3.486603 3.726277 0.169852 0.216492 0.274559
570 3.168409 3.448298 3.656987 0.169852 0.213882 0.251120
580 3.157162 3.414581 3.608129 0.191924 0.212831 0.251120
590 3.157162 3.388621 3.568959 0.191924 0.212703 0.251120
600 3.157162 3.357981 3.522012 0.191924 0.211303 0.248950
610 3.037672 3.330236 3.463548 0.191924 0.210490 0.248950
620 3.037672 3.305931 3.424628 0.189999 0.209831 0.248950
630 3.037672 3.280863 3.413927 0.189999 0.208871 0.248950
640 3.037672 3.263741 3.388807 0.189999 0.209601 0.248950
650 3.037672 3.245069 3.372577 0.189999 0.208979 0.244247
660 3.035314 3.223539 3.343423 0.189999 0.208235 0.244247
670 3.035314 3.203370 3.328362 0.189999 0.207025 0.244247
680 3.035314 3.185025 3.298450 0.189999 0.206978 0.244247
690 2.905519 3.164669 3.268726 0.190142 0.207704 0.244247
700 2.905519 3.149213 3.229655 0.195948 0.207614 0.227999
710 2.905519 3.135735 3.212813 0.195948 0.207619 0.227999
720 2.879236 3.118377 3.206352 0.195948 0.207429 0.227999
730 2.879236 3.099524 3.197498 0.195948 0.207008 0.221350
740 2.879236 3.077860 3.185231 0.195948 0.207158 0.221350
750 2.841558 3.053891 3.161303 0.195948 0.207789 0.221350
760 2.841558 3.031322 3.150015 0.195948 0.208014 0.221350
770 2.841558 3.004967 3.139914 0.195948 0.208458 0.221661
780 2.841558 2.981098 3.117374 0.195948 0.208851 0.221661
790 2.841558 2.955605 3.108384 0.195948 0.210204 0.221661
800 2.833590 2.934640 3.066029 0.195948 0.211164 0.221661
810 2.833590 2.917058 3.035787 0.197708 0.212001 0.221661
820 2.833590 2.900564 3.013399 0.197912 0.212618 0.221661
830 2.826262 2.885376 3.001631 0.197912 0.213250 0.221753
840 2.826262 2.870953 2.964249 0.197912 0.214126 0.221753
850 2.822965 2.861960 2.901174 0.204015 0.214821 0.221753
860 2.822965 2.856698 2.883596 0.204015 0.215783 0.221753
870 2.804386 2.851846 2.879236 0.204841 0.216237 0.221766
880 2.804386 2.847095 2.878138 0.204841 0.216761 0.221766
890 2.795719 2.842509 2.867511 0.204841 0.217431 0.221766
900 2.795719 2.839745 2.858464 0.208316 0.217602 0.221766
910 2.795719 2.836694 2.852861 0.208316 0.217717 0.221766
920 2.795338 2.833124 2.849972 0.208316 0.217960 0.224704
930 2.795338 2.829508 2.845074 0.208316 0.218068 0.233444
940 2.795338 2.826344 2.842938 0.208316 0.218243 0.233444
950 2.795066 2.823470 2.842424 0.208316 0.218205 0.233444
960 2.795066 2.819437 2.840504 0.209964 0.218482 0.233444
970 2.794456 2.815267 2.839469 0.209964 0.218583 0.233444
980 2.786943 2.811031 2.833891 0.214324 0.218710 0.233444
990 2.786943 2.807307 2.831837 0.214324 0.218496 0.233444
1000 2.777896 2.803945 2.826128 0.214324 0.218347 0.233444
1010 2.777896 2.801231 2.820010 0.214397 0.218549 0.233444
1020 2.777896 2.798827 2.815312 0.214397 0.218653 0.233444
1030 2.777896 2.797027 2.810310 0.214397 0.218607 0.233444
1040 2.777896 2.795867 2.804766 0.214397 0.218616 0.233444
1050 2.777896 2.794899 2.804386 0.214574 0.219029 0.233444
1060 2.777896 2.794294 2.795338 0.218586 0.219043 0.227365
1070 2.777896 2.794232 2.795338 0.218586 0.219045 0.227365
1080 2.777896 2.794165 2.795338 0.218586 0.219043 0.227365
1090 2.777285 2.793723 2.795338 0.218586 0.219221 0.227425
1100 2.776633 2.793293 2.795338 0.218586 0.219398 0.227535
1110 2.776633 2.793006 2.795338 0.218586 0.219491 0.227535
1120 2.776633 2.792728 2.795133 0.218586 0.219581 0.227535
1130 2.776633 2.792125 2.795066 0.218586 0.219854 0.227535
1140 2.776633 2.791359 2.794456 0.218647 0.220215 0.227535
1150 2.776633 2.790131 2.794456 0.218647 0.220834 0.227535
1160 2.776633 2.788924 2.794456 0.218647 0.221451 0.227535
1170 2.776633 2.787517 2.794456 0.218647 0.222160 0.227535
1180 2.776633 2.786269 2.794456 0.218647 0.222783 0.227535
1190 2.776633 2.784703 2.794456 0.218647 0.223577 0.227535
1200 2.776633 2.782961 2.794075 0.218756 0.224456 0.227535
1210 2.776633 2.781412 2.793803 0.218756 0.225241 0.227535
1220 2.776633 2.779708 2.793803 0.218756 0.226117 0.227535
1230 2.776633 2.778010 2.793803 0.218756 0.226992 0.227535
1240 2.776633 2.777005 2.777896 0.227365 0.227479 0.227535
1250 2.776633 2.776879 2.777896 0.227365 0.227496 0.227535
1260 2.776633 2.776783 2.777285 0.227425 0.227510 0.227535
1270 2.776633 2.776717 2.777285 0.227425 0.227521 0.227535
1280 2.776633 2.776652 2.777285 0.227425 0.227532 0.227535
1290 2.776633 2.776633 2.776633 0.227535 0.227535 0.227535
1300 2.776633 2.776633 2.776633 0.227535 0.227535 0.227535
1310 2.776633 2.776633 2.776633 0.227535 0.227535 0.227535
1320 2.776633 2.776633 2.776633 0.227535 0.227535 0.227535
1330 2.776633 2.776633 2.776633 0.227535 0.227535 0.227535
1340 2.776633 2.776633 2.776633 0.227535 0.227535 0.227535
1350 2.776633 2.776633 2.776633 0.227535 0.227535 0.227535
1360 2.776633 2.776633 2.776633 0.227535 0.227535 0.227535
1370 2.776633 2.776633 2.776633 0.227535 0.227535 0.227535
1380 2.776633 2.776633 2.776633 0.227535 0.227535 0.227535
1390 2.776633 2.776633 2.776633 0.227535 0.227535 0.227535
1400 2.776633 2.776633 2.776633 0.227535 0.227535 0.227535
1410 2.776633 2.776633 2.776633 0.227535 0.227535 0.227535
1420 2.776633 2.776633 2.776633 0.227535 0.227535 0.227535
1430 2.776633 2.776633 2.776633 0.227535 0.227535 0.227535
1440 2.776633 2.776633 2.776633 0.227535 0.227535 0.227535
1450 2.776633 2.776633 2.776633 0.227535 0.227535 0.227535
1460 2.776633 2.776633 2.776633 0.227535 0.227535 0.227535
1470 2.776633 2.776633 2.776633 0.227535 0.227535 0.227535
1480 2.776633 2.776633 2.776633 0.227535 0.227535 0.227535
1490 2.776633 2.776633 2.776633 0.227535 0.227535 0.227535
1500 2.776633 2.776633 2.776633 0.227535 0.227535 0.227535
1510 2.776633 2.776633 2.776633 0.227535 0.227535 0.227535
1520 2.776633 2.776633 2.776633 0.227535 0.227535 0.227535
1530 2.776633 2.776633 2.776633 0.227535 0.227535 0.227535
1540 2.776633 2.776633 2.776633 0.227535 0.227535 0.227535
1550 2.776633 2.776633 2.776633 0.227535 0.227535 0.227535
1560 2.776633 2.776633 2.776633 0.227535 0.227535 0.227535
1570 2.776633 2.776633 2.776633 0.227535 0.227535 0.227535
1580 2.776633 2.776633 2.776633 0.227535 0.227535 0.227535
1590 2.776633 2.776633 2.776633 0.227535 0.227535 0.227535
1600 2.776633 2.776633 2.776633 0.227535 0.227535 0.227535
1610 2.776633 2.776633 2.776633 0.227535 0.227535 0.227535
1620 2.776633 2.776633 2.776633 0.227535 0.227535 0.227535
1630 2.776633 2.776633 2.776633 0.227535 0.227535 0.227535
1640 2.776633 2.776633 2.776633 0.227535 0.227535 0.227535
1650 2.776633 2.776633 2.776633 0.227535 0.227535 0.227535
1660 2.776633 2.776633 2.776633 0.227535 0.227535 0.227535
1670 2.776633 2.776633 2.776633 0.227535 0.227535 0.227535
1680 2.776633 2.776633 2.776633 0.227535 0.227535 0.227535
1690 2.776633 2.776633 2.776633 0.227535 0.227535 0.227535
1700 2.776633 2.776633 2.776633 0.227535 0.227535 0.227535
1710 2.776633 2.776633 2.776633 0.227535 0.227535 0.227535
1720 2.776633 2.776633 2.776633 0.227535 0.227535 0.227535
1730 2.776633 2.776633 2.776633 0.227535 0.227535 0.227535
1740 2.776633 2.776633 2.776633 0.227535 0.227535 0.227535
1750 2.776633 2.776633 2.776633 0.227535 0.227535 0.227535
1760 2.776633 2.776633 2.776633 0.227535 0.227535 0.227535
1770 2.776633 2.776633 2.776633 0.227535 0.227535 0.227535
1780 2.776633 2.776633 2.776633 0.227535 0.227535 0.227535
1790 2.776633 2.776633 2.776633 0.227535 0.227535 0.227535
1800 2.776633 2.776633 2.776633 0.227535 0.227535 0.227535
1810 2.776633 2.776633 2.776633 0.227535 0.227535 0.227535
1820 2.776633 2.776633 2.776633 0.227535 0.227535 0.227535
1830 2.776633 2.776633 2.776633 0.227535 0.227535 0.227535
1840 2.776633 2.776633 2.776633 0.227535 0.227535 0.227535
1850 2.776633 2.776633 2.776633 0.227535 0.227535 0.227535
1860 2.776633 2.776633 2.776633 0.227535 0.227535 0.227535
1870 2.776633 2.776633 2.776633 0.227535 0.227535 0.227535
1880 2.776633 2.776633 2.776633 0.227535 0.227535 0.227535
1890 2.776633 2.776633 2.776633 0.227535 0.227535 0.227535
1900 2.776633 2.776633 2.776633 0.227535 0.227535 0.227535
1910 2.776633 2.776633 2.776633 0.227535 0.227535 0.227535
1920 2.776633 2.776633 2.776633 0.227535 0.227535 0.227535
1930 2.776633 2.776633 2.776633 0.227535 0.227535 0.227535
1940 2.776633 2.776633 2.776633 0.227535 0.227535 0.227535
1950 2.776633 2.776633 2.776633 0.227535 0.227535 0.227535
1960 2.776633 2.776633 2.776633 0.227535 0.227535 0.227535
1970 2.776633 2.776633 2.776633 0.227535 0.227535 0.227535
1980 2.776633 2.776633 2.776633 0.227535 0.227535 0.227535
1990 2.776633 2.776633 2.776633 0.227535 0.227535 0.227535
2000 2.776633 2.776633 2.776633 0.227535 0.227535 0.227535
2010 2.776633 2.776633 2.776633 0.227535 0.227535 0.227535
2020 2.776633 2.776633 2.776633 0.227535 0.227535 0.227535
2030 2.776633 2.776633 2.776633 0.227535 0.227535 0.227535
2040 2.776633 2.776633 2.776633 0.227535 0.227535 0.227535
2050 2.776633 2.776633 2.776633 0.227535 0.227535 0.227535
2060 2.776633 2.776633 2.776633 0.227535 0.227535 0.227535
2070 2.776633 2.776633 2.776633 0.227535 0.227535 0.227535
2080 2.776633 2.776633 2.776633 0.227535 0.227535 0.227535
2090 2.776633 2.776633 2.776633 0.227535 0.227535 0.227535
2100 2.776633 2.776633 2.776633 0.227535 0.227535 0.227535
2110 2.776633 2.776633 2.776633 0.227535 0.227535 0.227535
2120 2.776633 2.776633 2.776633 0.227535 0.227535 0.227535
2130 2.776633 2.776633 2.776633 0.227535 0.227535 0.227535
2140 2.776633 2.776633 2.776633 0.227535 0.227535 0.227535
2150 2.776633 2.776633 2.776633 0.227535 0.227535 0.227535
2160 2.776633 2.776633 2.776633 0.227535 0.227535 0.227535
2170 2.776633 2.776633 2.776633 0.227535 0.227535 0.227535
2180 2.776633 2.776633 2.776633 0.227535 0.227535 0.227535
2190 2.776633 2.776633 2.776633 0.227535 0.227535 0.227535
2200 2.776633 2.776633 2.776633 0.227535 0.227535 0.227535
2210 2.776633 2.776633 2.776633 0.227535 0.227535 0.227535
2220 2.776633 2.776633 2.776633 0.227535 0.227535 0.227535
2230 2.776633 2.776633 2.776633 0.227535 0.227535 0.227535
2240 2.776633 2.776633 2.776633 0.227535 0.227535 0.227535
2250 2.776633 2.776633 2.776633 0.227535 0.227535 0.227535
2260 2.776633 2.776633 2.776633 0.227535 0.227535 0.227535
2270 2.776633 2.776633 2.776633 0.227535 0.227535 0.227535
2280 2.776633 2.776633 2.776633 0.227535 0.227535 0.227535
2290 2.776633 2.776633 2.776633 0.227535 0.227535 0.227535
2300 2.776633 2.776633 2.776633 0.227535 0.227535 0.227535
2310 2.776633 2.776633 2.776633 0.227535 0.227535 0.227535
2320 2.776633 2.776633 2.776633 0.227535 0.227535 0.227535
2330 2.776633 2.776633 2.776633 0.227535 0.227535 0.227535
2340 2.776633 2.776633 2.776633 0.227535 0.227535 0.227535
2350 2.776633 2.776633 2.776633 0.227535 0.227535 0.227535
2360 2.776633 2.776633 2.776633 0.227535 0.227535 0.227535
2370 2.776633 2.776633 2.776633 0.227535 0.227535 0.227535
2380 2.776633 2.776633 2.776633 0.227535 0.227535 0.227535
2390 2.776633 2.776633 2.776633 0.227535 0.227535 0.227535
2400 2.776633 2.776633 2.776633 0.227535 0.227535 0.227535
2410 2.776633 2.776633 2.776633 0.227535 0.227535 0.227535
2420 2.776633 2.776633 2.776633 0.227535 0.227535 0.227535
2430 2.776633 2.776633 2.776633 0.227535 0.227535 0.227535
2440 2.776633 2.776633 2.776633 0.227535 0.227535 0.227535
2450 2.776633 2.776633 2.776633 0.227535 0.227535 0.227535
2460 2.776633 2.776633 2.776633 0.227535 0.227535 0.227535
2470 2.776633 2.776633 2.776633 0.227535 0.227535 0.227535
2480 2.776633 2.776633 2.776633 0.227535 0.227535 0.227535
2490 2.776633 2.776633 2.776633 0.227535 0.227535 0.227535
2500 2.776633 2.776633 2.776633 0.227535 0.227535 0.227535
2510 2.776633 2.776633 2.776633 0.227535 0.227535 0.227535
2520 2.776633 2.776633 2.776633 0.227535 0.227535 0.227535
2530 2.776633 2.776633 2.776633 0.227535 0.227535 0.227535
2540 2.776633 2.776633 2.776633 0.227535 0.227535 0.227535
2550 2.776633 2.776633 2.776633 0.227535 0.227535 0.227535
2560 2.776633 2.776633 2.776633 0.227535 0.227535 0.227535
2570 2.776633 2.776633 2.776633 0.227535 0.227535 0.227535
2580 2.776633 2.776633 2.776633 0.227535 0.227535 0.227535
2590 2.776633 2.776633 2.776633 0.227535 0.227535 0.227535
2600 2.776633 2.776633 2.776633 0.227535 0.227535 0.227535
2610 2.776633 2.776633 2.776633 0.227535 0.227535 0.227535
2620 2.776633 2.776633 2.776633 0.227535 0.227535 0.227535
2630 2.776633 2.776633 2.776633 0.227535 0.227535 0.227535
2640 2.776633 2.776633 2.776633 0.227535 0.227535 0.227535
2650 2.776633 2.776633 2.776633 0.227535 0.227535 0.227535
2660 2.776633 2.776633 2.776633 0.227535 0.227535 0.227535
2670 2.776633 2.776633 2.776633 0.227535 0.227535 0.227535
2680 2.776633 2.776633 2.776633 0.227535 0.227535 0.227535
2690 2.776633 2.776633 2.776633 0.227535 0.227535 0.227535
2700 2.776633 2.776633 2.776633 0.227535 0.227535 0.227535
2710 2.776633 2.776633 2.776633 0.227535 0.227535 0.227535
2720 2.776633 2.776633 2.776633 0.227535 0.227535 0.227535
2730 2.776633 2.776633 2.776633 0.227535 0.227535 0.227535
2740 2.776633 2.776633 2.776633 0.227535 0.227535 0.227535
2750 2.776633 2.776633 2.776633 0.227535 0.227535 0.227535
2760 2.776633 2.776633 2.776633 0.227535 0.227535 0.227535
2770 2.776633 2.776633 2.776633 0.227535 0.227535 0.227535
2780 2.776633 2.776633 2.776633 0.227535 0.227535 0.227535
2790 2.776633 2.776633 2.776633 0.227535 0.227535 0.227535
2800 2.776633 2.776633 2.776633 0.227535 0.227535 0.227535
2810 2.776633 2.776633 2.776633 0.227535 0.227535 0.227535
2820 2.776633 2.776633 2.776633 0.227535 0.227535 0.227535
2830 2.776633 2.776633 2.776633 0.227535 0.227535 0.227535
2840 2.776633 2.776633 2.776633 0.227535 0.227535 0.227535
2850 2.776633 2.776633 2.776633 0.227535 0.227535 0.227535
2860 2.776633 2.776633 2.776633 0.227535 0.227535 0.227535
2870 2.776633 2.776633 2.776633 0.227535 0.227535 0.227535
2880 2.776633 2.776633 2.776633 0.227535 0.227535 0.227535
2890 2.776633 2.776633 2.776633 0.227535 0.227535 0.227535
2900 2.776633 2.776633 2.776633 0.227535 0.227535 0.227535
2910 2.776633 2.776633 2.776633 0.227535 0.227535 0.227535
2920 2.776633 2.776633 2.776633 0.227535 0.227535 0.227535
2930 2.776633 2.776633 2.776633 0.227535 0.227535 0.227535
2940 2.776633 2.776633 2.776633 0.227535 0.227535 0.227535
2950 2.776633 2.776633 2.776633 0.227535 0.227535 0.227535
2960 2.776633 2.776633 2.776633 0.227535 0.227535 0.227535
2970 2.776633 2.776633 2.776633 0.227535 0.227535 0.227535
2980 2.776633 2.776633 2.776633 0.227535 0.227535 0.227535
2990 2.776633 2.776633 2.776633 0.227535 0.227535 0.227535
3000 2.776633 2.776633 2.776633 0.227535 0.227535 0.227535
3010 2.776633 2.776633 2.776633 0.227535 0.227535 0.227535
3020 2.776633 2.776633 2.776633 0.227535 0.227535 0.227535
3030 2.776633 2.776633 2.776633 0.227535 0.227535 0.227535
3040 2.776633 2.776633 2.776633 0.227535 0.227535 0.227535
3050 2.776633 2.776633 2.776633 0.227535 0.227535 0.227535
3060 2.776633 2.776633 2.776633 0.227535 0.227535 0.227535
3070 2.776633 2.776633 2.776633 0.227535 0.227535 0.227535
3080 2.776633 2.776633 2.776633 0.227535 0.227535 0.227535
3090 2.776633 2.776633 2.776633 0.227535 0.227535 0.227535
3100 2.776633 2.776633 2.776633 0.227535 0.227535 0.227535
3110 2.776633 2.776633 2.776633 0.227535 0.227535 0.227535
3120 2.776633 2.776633 2.776633 0.227535 0.227535 0.227535
3130 2.776633 2.776633 2.776633 0.227535 0.227535 0.227535
3140 2.776633 2.776633 2.776633 0.227535 0.227535 0.227535
3150 2.776633 2.776633 2.776633 0.227535 0.227535 0.227535
3160 2.776633 2.776633 2.776633 0.227535 0.227535 0.227535
3170 2.776633 2.776633 2.776633 0.227535 0.227535 0.227535
3180 2.776633 2.776633 2.776633 0.227535 0.227535 0.227535
3190 2.776633 2.776633 2.776633 0.227535 0.227535 0.227535
3200 2.776633 2.776633 2.776633 0.227535 0.227535 0.227535
3210 2.776633 2.776633 2.776633 0.227535 0.227535 0.227535
3220 2.776633 2.776633 2.776633 0.227535 0.227535 0.227535
3230 2.776633 2.776633 2.776633 0.227535 0.227535 0.227535
3240 2.776633 2.776633 2.776633 0.227535 0.227535 0.227535
3250 2.776633 2.776633 2.776633 0.227535 0.227535 0.227535
3260 2.776633 2.776633 2.776633 0.227535 0.227535 0.227535
3270 2.776633 2.776633 2.776633 0.227535 0.227535 0.227535
3280 2.776633 2.776633 2.776633 0.227535 0.227535 0.227535
3290 2.776633 2.776633 2.776633 0.227535 0.227535 0.227535
3300 2.776633 2.776633 2.776633 0.227535 0.227535 0.227535
3310 2.776633 2.776633 2.776633 0.227535 0.227535 0.227535
3320 2.776633 2.776633 2.776633 0.227535 0.227535 0.227535
3330 2.776633 2.776633 2.776633 0.227535 0.227535 0.227535
3340 2.776633 2.776633 2.776633 0.227535 0.227535 0.227535
3350 2.776633 2.776633 2.776633 0.227535 0.227535 0.227535
3360 2.776633 2.776633 2.776633 0.227535 0.227535 0.227535
3370 2.776633 2.776633 2.776633 0.227535 0.227535 0.227535
3380 2.776633 2.776633 2.776633 0.227535 0.227535 0.227535
3390 2.776633 2.776633 2.776633 0.227535 0.227535 0.227535
3400 2.776633 2.776633 2.776633 0.227535 0.227535 0.227535
3410 2.776633 2.776633 2.776633 0.227535 0.227535 0.227535
3420 2.776633 2.776633 2.776633 0.227535 0.227535 0.227535
3430 2.776633 2.776633 2.776633 0.227535 0.227535 0.227535
3440 2.776633 2.776633 2.776633 0.227535 0.227535 0.227535
3450 2.776633 2.776633 2.776633 0.227535 0.227535 0.227535
3460 2.776633 2.776633 2.776633 0.227535 0.227535 0.227535
3470 2.776633 2.776633 2.776633 0.227535 0.227535 0.227535
3480 2.776633 2.776633 2.776633 0.227535 0.227535 0.227535
3490 2.776633 2.776633 2.776633 0.227535 0.227535 0.227535
3500 2.776633 2.776633 2.776633 0.227535 0.227535 0.227535
3510 2.776633 2.776633 2.776633 0.227535 0.227535 0.227535
3520 2.776633 2.776633 2.776633 0.227535 0.227535 0.227535
3530 2.776633 2.776633 2.776633 0.227535 0.227535 0.227535
3540 2.776633 2.776633 2.776633 0.227535 0.227535 0.227535
3550 2.776633 2.776633 2.776633 0.227535 0.227535 0.227535
3560 2.776633 2.776633 2.776633 0.227535 0.227535 0.227535
3570 2.776633 2.776633 2.776633 0.227535 0.227535 0.227535
3580 2.776633 2.776633 2.776633 0.227535 0.227535 0.227535
3590 2.776633 2.776633 2.776633 0.227535 0.227535 0.227535
3600 2.776633 2.776633 2.776633 0.227535 0.227535 0.227535
3610 2.776633 2.776633 2.776633 0.227535 0.227535 0.227535
3620 2.776633 2.776633 2.776633 0.227535 0.227535 0.227535
3630 2.776633 2.776633 2.776633 0.227535 0.227535 0.227535
3640 2.776633 2.776633 2.776633 0.227535 0.227535 0.227535
3650 2.776633 2.776633 2.776633 0.227535 0.227535 0.227535
3660 2.776633 2.776633 2.776633 0.227535 0.227535 0.227535
3670 2.776633 2.776633 2.776633 0.227535 0.227535 0.227535
3680 2.776633 2.776633 2.776633 0.227535 0.227535 0.227535
3690 2.776633 2.776633 2.776633 0.227535 0.227535 0.227535
3700 2.776633 2.776633 2.776633 0.227535 0.227535 0.227535
3710 2.776633 2.776633 2.776633 0.227535 0.227535 0.227535
3720 2.776633 2.776633 2.776633 0.227535 0.227535 0.227535
3730 2.776633 2.776633 2.776633 0.227535 0.227535 0.227535
3740 2.776633 2.776633 2.776633 0.227535 0.227535 0.227535
3750 2.776633 2.776633 2.776633 0.227535 0.227535 0.227535
3760 2.776633 2.776633 2.776633 0.227535 0.227535 0.227535
3770 2.776633 2.776633 2.776633 0.227535 0.227535 0.227535
3780 2.776633 2.776633 2.776633 0.227535 0.227535 0.227535
3790 2.776633 2.776633 2.776633 0.227535 0.227535 0.227535
3800 2.776633 2.776633 2.776633 0.227535 0.227535 0.227535
3810 2.776633 2.776633 2.776633 0.227535 0.227535 0.227535
3820 2.776633 2.776633 2.776633 0.227535 0.227535 0.227535
3830 2.776633 2.776633 2.776633 0.227535 0.227535 0.227535
3840 2.776633 2.776633 2.776633 0.227535 0.227535 0.227535
3850 2.776633 2.776633 2.776633 0.227535 0.227535 0.227535
3860 2.776633 2.776633 2.776633 0.227535 0.227535 0.227535
3870 2.776633 2.776633 2.776633 0.227535 0.227535 0.227535
3880 2.776633 2.776633 2.776633 0.227535 0.227535 0.227535
3890 2.776633 2.776633 2.776633 0.227535 0.227535 0.227535
3900 2.776633 2.776633 2.776633 0.227535 0.227535 0.227535
3910 2.776633 2.776633 2.776633 0.227535 0.227535 0.227535
3920 2.776633 2.776633 2.776633 0.227535 0.227535 0.227535
3930 2.776633 2.776633 2.776633 0.227535 0.227535 0.227535
3940 2.776633 2.776633 2.776633 0.227535 0.227535 0.227535
3950 2.776633 2.776633 2.776633 0.227535 0.227535 0.227535
3960 2.776633 2.776633 2.776633 0.227535 0.227535 0.227535
3970 2.776633 2.776633 2.776633 0.227535 0.227535 0.227535
3980 2.776633 2.776633 2.776633 0.227535 0.227535 0.227535
3990 2.776633 2.776633 2.776633 0.227535 0.227535 0.227535
4000 2.776633 2.776633 2.776633 0.227535 0.227535 0.227535
4010 2.776633 2.776633 2.776633 0.227535 0.227535 0.227535
4020 2.776633 2.776633 2.776633 0.227535 0.227535 0.227535
4030 2.776633 2.776633 2.776633 0.227535 0.227535 0.227535
4040 2.776633 2.776633 2.776633 0.227535 0.227535 0.227535
4050 2.776633 2.776633 2.776633 0.227535 0.227535 0.227535
4060 2.776633 2.776633 2.776633 0.227535 0.227535 0.227535
4070 2.776633 2.776633 2.776633 0.227535 0.227535 0.227535
4080 2.776633 2.776633 2.776633 0.227535 0.227535 0.227535
4090 2.776633 2.776633 2.776633 0.227535 0.227535 0.227535
4100 2.776633 2.776633 2.776633 0.227535 0.227535 0.227535
4110 2.776633 2.776633 2.776633 0.227535 0.227535 0.227535
4120 2.776633 2.776633 2.776633 0.227535 0.227535 0.227535
4130 2.776633 2.776633 2.776633 0.227535 0.227535 0.227535
4140 2.776633 2.776633 2.776633 0.227535 0.227535 0.227535
4150 2.776633 2.776633 2.776633 0.227535 0.227535 0.227535
4160 2.776633 2.776633 2.776633 0.227535 0.227535 0.227535
4170 2.776633 2.776633 2.776633 0.227535 0.227535 0.227535
4180 2.776633 2.776633 2.776633 0.227535 0.227535 0.227535
4190 2.776633 2.776633 2.776633 0.227535 0.227535 0.227535
4200 2.776633 2.776633 2.776633 0.227535 0.227535 0.227535
4210 2.776633 2.776633 2.776633 0.227535 0.227535 0.227535
4220 2.776633 2.776633 2.776633 0.227535 0.227535 0.227535
4230 2.776633 2.776633 2.776633 0.227535 0.227535 0.227535
4240 2.776633 2.776633 2.776633 0.227535 0.227535 0.227535
4250 2.776633 2.776633 2.776633 0.227535 0.227535 0.227535
4260 2.776633 2.776633 2.776633 0.227535 0.227535 0.227535
4270 2.776633 2.776633 2.776633 0.227535 0.227535 0.227535
4280 2.776633 2.776633 2.776633 0.227535 0.227535 0.227535
4290 2.776633 2.776633 2.776633 0.227535 0.227535 0.227535
4300 2.776633 2.776633 2.776633 0.227535 0.227535 0.227535
4310 2.776633 2.776633 2.776633 0.227535 0.227535 0.227535
4320 2.776633 2.776633 2.776633 0.227535 0.227535 0.227535
4330 2.776633 2.776633 2.776633 0.227535 0.227535 0.227535
4340 2.776633 2.776633 2.776633 0.227535 0.227535 0.227535
4350 2.776633 2.776633 2.776633 0.227535 0.227535 0.227535
4360 2.776633 2.776633 2.776633 0.227535 0.227535 0.227535
4370 2.776633 2.776633 2.776633 0.227535 0.227535 0.227535
4380 2.776633 2.776633 2.776633 0.227535 0.227535 0.227535
4390 2.776633 2.776633 2.776633 0.227535 0.227535 0.227535
4400 2.776633 2.776633 2.776633 0.227535 0.227535 0.227535
4410 2.776633 2.776633 2.776633 0.227535 0.227535 0.227535
4420 2.776633 2.776633 2.776633 0.227535 0.227535 0.227535
4430 2.776633 2.776633 2.776633 0.227535 0.227535 0.227535
4440 2.776633 2.776633 2.776633 0.227535 0.227535 0.227535
4450 2.776633 2.776633 2.776633 0.227535 0.227535 0.227535
4460 2.776633 2.776633 2.776633 0.227535 0.227535 0.227535
4470 2.776633 2.776633 2.776633 0.227535 0.227535 0.227535
4480 2.776633 2.776633 2.776633 0.227535 0.227535 0.227535
4490 2.776633 2.776633 2.776633 0.227535 0.227535 0.227535
4500 2.776633 2.776633 2.776633 0.227535 0.227535 0.227535
4510 2.776633 2.776633 2.776633 0.227535 0.227535 0.227535
4520 2.776633 2.776633 2.776633 0.227535 0.227535 0.227535
4530 2.776633 2.776633 2.776633 0.227535 0.227535 0.227535
4540 2.776633 2.776633 2.776633 0.227535 0.227535 0.227535
4550 2.776633 2.776633 2.776633 0.227535 0.227535 0.227535
4560 2.776633 2.776633 2.776633 0.227535 0.227535 0.227535
4570 2.776633 2.776633 2.776633 0.227535 0.227535 0.227535
4580 2.776633 2.776633 2.776633 0.227535 0.227535 0.227535
4590 2.776633 2.776633 2.776633 0.227535 0.227535 0.227535
4600 2.776633 2.776633 2.776633 0.227535 0.227535 0.227535
4610 2.776633 2.776633 2.776633 0.227535 0.227535 0.227535
4620 2.776633 2.776633 2.776633 0.227535 0.227535 0.227535
4630 2.776633 2.776633 2.776633 0.227535 0.227535 0.227535
4640 2.776633 2.776633 2.776633 0.227535 0.227535 0.227535
4650 2.776633 2.776633 2.776633 0.227535 0.227535 0.227535
4660 2.776633 2.776633 2.776633 0.227535 0.227535 0.227535
4670 2.776633 2.776633 2.776633 0.227535 0.227535 0.227535
4680 2.776633 2.776633 2.776633 0.227535 0.227535 0.227535
4690 2.776633 2.776633 2.776633 0.227535 0.227535 0.227535
4700 2.776633 2.776633 2.776633 0.227535 0.227535 0.227535
4710 2.776633 2.776633 2.776633 0.227535 0.227535 0.227535
4720 2.776633 2.776633 2.776633 0.227535 0.227535 0.227535
4730 2.776633 2.776633 2.776633 0.227535 0.227535 0.227535
4740 2.776633 2.776633 2.776633 0.227535 0.227535 0.227535
4750 2.776633 2.776633 2.776633 0.227535 0.227535 0.227535
4760 2.776633 2.776633 2.776633 0.227535 0.227535 0.227535
4770 2.776633 2.776633 2.776633 0.227535 0.227535 0.227535
4780 2.776633 2.776633 2.776633 0.227535 0.227535 0.227535
4790 2.776633 2.776633 2.776633 0.227535 0.227535 0.227535
4800 2.776633 2.776633 2.776633 0.227535 0.227535 0.227535
4810 2.776633 2.776633 2.776633 0.227535 0.227535 0.227535
4820 2.776633 2.776633 2.776633 0.227535 0.227535 0.227535
4830 2.776633 2.776633 2.776633 0.227535 0.227535 0.227535
4840 2.776633 2.776633 2.776633 0.227535 0.227535 0.227535
4850 2.776633 2.776633 2.776633 0.227535 0.227535 0.227535
4860 2.776633 2.776633 2.776633 0.227535 0.227535 0.227535
4870 2.776633 2.776633 2.776633 0.227535 0.227535 0.227535
4880 2.776633 2.776633 2.776633 0.227535 0.227535 0.227535
4890 2.776633 2.776633 2.776633 0.227535 0.227535 0.227535
4900 2.776633 2.776633 2.776633 0.227535 0.227535 0.227535
4910 2.776633 2.776633 2.776633 0.227535 0.227535 0.227535
4920 2.776633 2.776633 2.776633 0.227535 0.227535 0.227535
4930 2.776633 2.776633 2.776633 0.227535 0.227535 0.227535
4940 2.776633 2.776633 2.776633 0.227535 0.227535 0.227535
4950 2.776633 2.776633 2.776633 0.227535 0.227535 0.227535
4960 2.776633 2.776633 2.776633 0.227535 0.227535 0.227535
4970 2.776633 2.776633 2.776633 0.227535 0.227535 0.227535
4980 2.776633 2.776633 2.776633 0.227535 0.227535 0.227535
4990 2.776633 2.776633 2.776633 0.227535 0.227535 0.227535
5000 2.776633 2.776633 2.776633 0.227535 0.227535 0.227535
5010 2.776633 2.776633 2.776633 0.227535 0.227535 0.227535
5020 2.776633 2.776633 2.776633 0.227535 0.227535 0.227535
5030 2.776633 2.776633 2.776633 0.227535 0.227535 0.227535
5040 2.776633 2.776633 2.776633 0.227535 0.227535 0.227535
5050 2.776633 2.776633 2.776633 0.227535 0.227535 0.227535
5060 2.776633 2.776633 2.776633 0.227535 0.227535 0.227535
5070 2.776633 2.776633 2.776633 0.227535 0.227535 0.227535
5080 2.776633 2.776633 2.776633 0.227535 0.227535 0.227535
5090 2.776633 2.776633 2.776633 0.227535 0.227535 0.227535
5100 2.776633 2.776633 2.776633 0.227535 0.227535 0.227535
5110 2.776633 2.776633 2.776633 0.227535 0.227535 0.227535
5120 2.776633 2.776633 2.776633 0.227535 0.227535 0.227535
5130 2.776633 2.776633 2.776633 0.227535 0.227535 0.227535
5140 2.776633 2.776633 2.776633 0.227535 0.227535 0.227535
5150 2.776633 2.776633 2.776633 0.227535 0.227535 0.227535
5160 2.776633 2.776633 2.776633 0.227535 0.227535 0.227535
5170 2.776633 2.776633 2.776633 0.227535 0.227535 0.227535
5180 2.776633 2.776633 2.776633 0.227535 0.227535 0.227535
5190 2.776633 2.776633 2.776633 0.227535 0.227535 0.227535
5200 2.776633 2.776633 2.776633 0.227535 0.227535 0.227535
5210 2.776633 2.776633 2.776633 0.227535 0.227535 0.227535
5220 2.776633 2.776633 2.776633 0.227535 0.227535 0.227535
5230 2.776633 2.776633 2.776633 0.227535 0.227535 0.227535
5240 2.776633 2.776633 2.776633 0.227535 0.227535 0.227535
5250 2.776633 2.776633 2.776633 0.227535 0.227535 0.227535
5260 2.776633 2.776633 2.776633 0.227535 0.227535 0.227535
5270 2.776633 2.776633 2.776633 0.227535 0.227535 0.227535
5280 2.776633 2.776633 2.776633 0.227535 0.227535 0.227535
5290 2.776633 2.776633 2.776633 0.227535 0.227535 0.227535
5300 2.776633 2.776633 2.776633 0.227535 0.227535 0.227535
5310 2.776633 2.776633 2.776633 0.227535 0.227535 0.227535
5320 2.776633 2.776633 2.776633 0.227535 0.227535 0.227535
5330 2.776633 2.776633 2.776633 0.227535 0.227535 0.227535
5340 2.776633 2.776633 2.776633 0.227535 0.227535 0.227535
5350 2.776633 2.776633 2.776633 0.227535 0.227535 0.227535
5360 2.776633 2.776633 2.776633 0.227535 0.227535 0.227535
5370 2.776633 2.776633 2.776633 0.227535 0.227535 0.227535
5380 2.776633 2.776633 2.776633 0.227535 0.227535 0.227535
5390 2.776633 2.776633 2.776633 0.227535 0.227535 0.227535
5400 2.776633 2.776633 2.776633 0.227535 0.227535 0.227535
5410 2.776633 2.776633 2.776633 0.227535 0.227535 0.227535
5420 2.776633 2.776633 2.776633 0.227535 0.227535 0.227535
5430 2.776633 2.776633 2.776633 0.227535 0.227535 0.227535
5440 2.776633 2.776633 2.776633 0.227535 0.227535 0.227535
5450 2.776633 2.776633 2.776633 0.227535 0.227535 0.227535
5460 2.776633 2.776633 2.776633 0.227535 0.227535 0.227535
5470 2.776633 2.776633 2.776633 0.227535 0.227535 0.227535
5480 2.776633 2.776633 2.776633 0.227535 0.227535 0.227535
5490 2.776633 2.776633 2.776633 0.227535 0.227535 0.227535
5500 2.776633 2.776633 2.776633 0.227535 0.227535 0.227535
5510 2.776633 2.776633 2.776633 0.227535 0.227535 0.227535
5520 2.776633 2.776633 2.776633 0.227535 0.227535 0.227535
5530 2.776633 2.776633 2.776633 0.227535 0.227535 0.227535
5540 2.776633 2.776633 2.776633 0.227535 0.227535 0.227535
5550 2.776633 2.776633 2.776633 0.227535 0.227535 0.227535
5560 2.776633 2.776633 2.776633 0.227535 0.227535 0.227535
5570 2.776633 2.776633 2.776633 0.227535 0.227535 0.227535
5580 2.776633 2.776633 2.776633 0.227535 0.227535 0.227535
5590 2.776633 2.776633 2.776633 0.227535 0.227535 0.227535
5600 2.776633 2.776633 2.776633 0.227535 0.227535 0.227535
5610 2.776633 2.776633 2.776633 0.227535 0.227535 0.227535
5620 2.776633 2.776633 2.776633 0.227535 0.227535 0.227535
5630 2.776633 2.776633 2.776633 0.227535 0.227535 0.227535
5640 2.776633 2.776633 2.776633 0.227535 0.227535 0.227535
5650 2.776633 2.776633 2.776633 0.227535 0.227535 0.227535
5660 2.776633 2.776633 2.776633 0.227535 0.227535 0.227535
5670 2.776633 2.776633 2.776633 0.227535 0.227535 0.227535
5680 2.776633 2.776633 2.776633 0.227535 0.227535 0.227535
5690 2.776633 2.776633 2.776633 0.227535 0.227535 0.227535
5700 2.776633 2.776633 2.776633 0.227535 0.227535 0.227535
5710 2.776633 2.776633 2.776633 0.227535 0.227535 0.227535
5720 2.776633 2.776633 2.776633 0.227535 0.227535 0.227535
5730 2.776633 2.776633 2.776633 0.227535 0.227535 0.227535
5740 2.776633 2.776633 2.776633 0.227535 0.227535 0.227535
5750 2.776633 2.776633 2.776633 0.227535 0.227535 0.227535
5760 2.776633 2.776633 2.776633 0.227535 0.227535 0.227535
5770 2.776633 2.776633 2.776633 0.227535 0.227535 0.227535
5780 2.776633 2.776633 2.776633 0.227535 0.227535 0.227535
5790 2.776633 2.776633 2.776633 0.227535 0.227535 0.227535
5800 2.776633 2.776633 2.776633 0.227535 0.227535 0.227535
5810 2.776633 2.776633 2.776633 0.227535 0.227535 0.227535
5820 2.776633 2.776633 2.776633 0.227535 0.227535 0.227535
5830 2.776633 2.776633 2.776633 0.227535 0.227535 0.227535
5840 2.776633 2.776633 2.776633 0.227535 0.227535 0.227535
5850 2.776633 2.776633 2.776633 0.227535 0.227535 0.227535
5860 2.776633 2.776633 2.776633 0.227535 0.227535 0.227535
5870 2.776633 2.776633 2.776633 0.227535 0.227535 0.227535
5880 2.776633 2.776633 2.776633 0.227535 0.227535 0.227535
5890 2.776633 2.776633 2.776633 0.227535 0.227535 0.227535
5900 2.776633 2.776633 2.776633 0.227535 0.227535 0.227535
5910 2.776633 2.776633 2.776633 0.227535 0.227535 0.227535
5920 2.776633 2.776633 2.776633 0.227535 0.227535 0.227535
5930 2.776633 2.776633 2.776633 0.227535 0.227535 0.227535
5940 2.776633 2.776633 2.776633 0.227535 0.227535 0.227535
5950 2.776633 2.776633 2.776633 0.227535 0.227535 0.227535
5960 2.776633 2.776633 2.776633 0.227535 0.227535 0.227535
5970 2.776633 2.776633 2.776633 0.227535 0.227535 0.227535
5980 2.776633 2.776633 2.776633 0.227535 0.227535 0.227535
5990 2.776633 2.776633 2.776633 0.227535 0.227535 0.227535
6000 2.776633 2.776633 2.776633 0.227535 0.227535 0.227535
6010 2.776633 2.776633 2.776633 0.227535 0.227535 0.227535
6020 2.776633 2.776633 2.776633 0.227535 0.227535 0.227535
6030 2.776633 2.776633 2.776633 0.227535 0.227535 0.227535
6040 2.776633 2.776633 2.776633 0.227535 0.227535 0.227535
6050 2.776633 2.776633 2.776633 0.227535 0.227535 0.227535
6060 2.776633 2.776633 2.776633 0.227535 0.227535 0.227535
6070 2.776633 2.776633 2.776633 0.227535 0.227535 0.227535
6080 2.776633 2.776633 2.776633 0.227535 0.227535 0.227535
6090 2.776633 2.776633 2.776633 0.227535 0.227535 0.227535
6100 2.776633 2.776633 2.776633 0.227535 0.227535 0.227535
6110 2.776633 2.776633 2.776633 0.227535 0.227535 0.227535
6120 2.776633 2.776633 2.776633 0.227535 0.227535 0.227535
6130 2.776633 2.776633 2.776633 0.227535 0.227535 0.227535
6140 2.776633 2.776633 2.776633 0.227535 0.227535 0.227535
6150 2.776633 2.776633 2.776633 0.227535 0.227535 0.227535
6160 2.776633 2.776633 2.776633 0.227535 0.227535 0.227535
6170 2.776633 2.776633 2.776633 0.227535 0.227535 0.227535
6180 2.776633 2.776633 2.776633 0.227535 0.227535 0.227535
6190 2.776633 2.776633 2.776633 0.227535 0.227535 0.227535
6200 2.776633 2.776633 2.776633 0.227535 0.227535 0.227535
6210 2.776633 2.776633 2.776633 0.227535 0.227535 0.227535
6220 2.776633 2.776633 2.776633 0.227535 0.227535 0.227535
6230 2.776633 2.776633 2.776633 0.227535 0.227535 0.227535
6240 2.776633 2.776633 2.776633 0.227535 0.227535 0.227535
6250 2.776633 2.776633 2.776633 0.227535 0.227535 0.227535
6260 2.776633 2.776633 2.776633 0.227535 0.227535 0.227535
6270 2.776633 2.776633 2.776633 0.227535 0.227535 0.227535
6280 2.776633 2.776633 2.776633 0.227535 0.227535 0.227535
6290 2.776633 2.776633 2.776633 0.227535 0.227535 0.227535
6300 2.776633 2.776633 2.776633 0.227535 0.227535 0.227535
6310 2.776633 2.776633 2.776633 0.227535 0.227535 0.227535
6320 2.776633 2.776633 2.776633 0.227535 0.227535 0.227535
6330 2.776633 2.776633 2.776633 0.227535 0.227535 0.227535
6340 2.776633 2.776633 2.776633 0.227535 0.227535 0.227535
6350 2.776633 2.776633 2.776633 0.227535 0.227535 0.227535
6360 2.776633 2.776633 2.776633 0.227535 0.227535 0.227535
6370 2.776633 2.776633 2.776633 0.227535 0.227535 0.227535
6380 2.776633 2.776633 2.776633 0.227535 0.227535 0.227535
6390 2.776633 2.776633 2.776633 0.227535 0.227535 0.227535
6400 2.776633 2.776633 2.776633 0.227535 0.227535 0.227535
6410 2.776633 2.776633 2.776633 0.227535 0.227535 0.227535
6420 2.776633 2.776633 2.776633 0.227535 0.227535 0.227535
6430 2.776633 2.776633 2.776633 0.227535 0.227535 0.227535
6440 2.776633 2.776633 2.776633 0.227535 0.227535 0.227535
6450 2.776633 2.776633 2.776633 0.227535 0.227535 0.227535
6460 2.776633 2.776633 2.776633 0.227535 0.227535 0.227535
6470 2.776633 2.776633 2.776633 0.227535 0.227535 0.227535
6480 2.776633 2.776633 2.776633 0.227535 0.227535 0.227535
6490 2.776633 2.776633 2.776633 0.227535 0.227535 0.227535
6500 2.776633 2.776633 2.776633 0.227535 0.227535 0.227535
6510 2.776633 2.776633 2.776633 0.227535 0.227535 0.227535
6520 2.776633 2.776633 2.776633 0.227535 0.227535 0.227535
6530 2.776633 2.776633 2.776633 0.227535 0.227535 0.227535
6540 2.776633 2.776633 2.776633 0.227535 0.227535 0.227535
6550 2.776633 2.776633 2.776633 0.227535 0.227535 0.227535
6560 2.776633 2.776633 2.776633 0.227535 0.227535 0.227535
6570 2.776633 2.776633 2.776633 0.227535 0.227535 0.227535
6580 2.776633 2.776633 2.776633 0.227535 0.227535 0.227535
6590 2.776633 2.776633 2.776633 0.227535 0.227535 0.227535
6600 2.776633 2.776633 2.776633 0.227535 0.227535 0.227535
6610 2.776633 2.776633 2.776633 0.227535 0.227535 0.227535
6620 2.776633 2.776633 2.776633 0.227535 0.227535 0.227535
6630 2.776633 2.776633 2.776633 0.227535 0.227535 0.227535
6640 2.776633 2.776633 2.776633 0.227535 0.227535 0.227535
6650 2.776633 2.776633 2.776633 0.227535 0.227535 0.227535
6660 2.776633 2.776633 2.776633 0.227535 0.227535 0.227535
6670 2.776633 2.776633 2.776633 0.227535 0.227535 0.227535
6680 2.776633 2.776633 2.776633 0.227535 0.227535 0.227535
6690 2.776633 2.776633 2.776633 0.227535 0.227535 0.227535
6700 2.776633 2.776633 2.776633 0.227535 0.227535 0.227535
6710 2.776633 2.776633 2.776633 0.227535 0.227535 0.227535
6720 2.776633 2.776633 2.776633 0.227535 0.227535 0.227535
6730 2.776633 2.776633 2.776633 0.227535 0.227535 0.227535
6740 2.776633 2.776633 2.776633 0.227535 0.227535 0.227535
6750 2.776633 2.776633 2.776633 0.227535 0.227535 0.227535
6760 2.776633 2.776633 2.776633 0.227535 0.227535 0.227535
6770 2.776633 2.776633 2.776633 0.227535 0.227535 0.227535
6780 2.776633 2.776633 2.776633 0.227535 0.227535 0.227535
6790 2.776633 2.776633 2.776633 0.227535 0.227535 0.227535
6800 2.776633 2.776633 2.776633 0.227535 0.227535 0.227535
6810 2.776633 2.776633 2.776633 0.227535 0.227535 0.227535
6820 2.776633 2.776633 2.776633 0.227535 0.227535 0.227535
6830 2.776633 2.776633 2.776633 0.227535 0.227535 0.227535
6840 2.776633 2.776633 2.776633 0.227535 0.227535 0.227535
6850 2.776633 2.776633 2.776633 0.227535 0.227535 0.227535
6860 2.776633 2.776633 2.776633 0.227535 0.227535 0.227535
6870 2.776633 2.776633 2.776633 0.227535 0.227535 0.227535
6880 2.776633 2.776633 2.776633 0.227535 0.227535 0.227535
6890 2.776633 2.776633 2.776633 0.227535 0.227535 0.227535
6900 2.776633 2.776633 2.776633 0.227535 0.227535 0.227535
6910 2.776633 2.776633 2.776633 0.227535 0.227535 0.227535
6920 2.776633 2.776633 2.776633 0.227535 0.227535 0.227535
6930 2.776633 2.776633 2.776633 0.227535 0.227535 0.227535
6940 2.776633 2.776633 2.776633 0.227535 0.227535 0.227535
6950 2.776633 2.776633 2.776633 0.227535 0.227535 0.227535
6960 2.776633 2.776633 2.776633 0.227535 0.227535 0.227535
6970 2.776633 2.776633 2.776633 0.227535 0.227535 0.227535
6980 2.776633 2.776633 2.776633 0.227535 0.227535 0.227535
6990 2.776633 2.776633 2.776633 0.227535 0.227535 0.227535
7000 2.776633 2.776633 2.776633 0.227535 0.227535 0.227535
7010 2.776633 2.776633 2.776633 0.227535 0.227535 0.227535
7020 2.776633 2.776633 2.776633 0.227535 0.227535 0.227535
7030 2.776633 2.776633 2.776633 0.227535 0.227535 0.227535
7040 2.776633 2.776633 2.776633 0.227535 0.227535 0.227535
7050 2.776633 2.776633 2.776633 0.227535 0.227535 0.227535
7060 2.776633 2.776633 2.776633 0.227535 0.227535 0.227535
7070 2.776633 2.776633 2.776633 0.227535 0.227535 0.227535
7080 2.776633 2.776633 2.776633 0.227535 0.227535 0.227535
7090 2.776633 2.776633 2.776633 0.227535 0.227535 0.227535
7100 2.776633 2.776633 2.776633 0.227535 0.227535 0.227535
7110 2.776633 2.776633 2.776633 0.227535 0.227535 0.227535
7120 2.776633 2.776633 2.776633 0.227535 0.227535 0.227535
7130 2.776633 2.776633 2.776633 0.227535 0.227535 0.227535
7140 2.776633 2.776633 2.776633 0.227535 0.227535 0.227535
7150 2.776633 2.776633 2.776633 0.227535 0.227535 0.227535
7160 2.776633 2.776633 2.776633 0.227535 0.227535 0.227535
7170 2.776633 2.776633 2.776633 0.227535 0.227535 0.227535
7180 2.776633 2.776633 2.776633 0.227535 0.227535 0.227535
7190 2.776633 2.776633 2.776633 0.227535 0.227535 0.227535
7200 2.776633 2.776633 2.776633 0.227535 0.227535 0.227535
7210 2.776633 2.776633 2.776633 0.227535 0.227535 0.227535
7220 2.776633 2.776633 2.776633 0.227535 0.227535 0.227535
7230 2.776633 2.776633 2.776633 0.227535 0.227535 0.227535
7240 2.776633 2.776633 2.776633 0.227535 0.227535 0.227535
7250 2.776633 2.776633 2.776633 0.227535 0.227535 0.227535
7260 2.776633 2.776633 2.776633 0.227535 0.227535 0.227535
7270 2.776633 2.776633 2.776633 0.227535 0.227535 0.227535
7280 2.776633 2.776633 2.776633 0.227535 0.227535 0.227535
7290 2.776633 2.776633 2.776633 0.227535 0.227535 0.227535
7300 2.776633 2.776633 2.776633 0.227535 0.227535 0.227535
7310 2.776633 2.776633 2.776633 0.227535 0.227535 0.227535
7320 2.776633 2.776633 2.776633 0.227535 0.227535 0.227535
7330 2.776633 2.776633 2.776633 0.227535 0.227535 0.227535
7340 2.776633 2.776633 2.776633 0.227535 0.227535 0.227535
7350 2.776633 2.776633 2.776633 0.227535 0.227535 0.227535
7360 2.776633 2.776633 2.776633 0.227535 0.227535 0.227535
7370 2.776633 2.776633 2.776633 0.227535 0.227535 0.227535
7380 2.776633 2.776633 2.776633 0.227535 0.227535 0.227535
7390 2.776633 2.776633 2.776633 0.227535 0.227535 0.227535
7400 2.776633 2.776633 2.776633 0.227535 0.227535 0.227535
7410 2.776633 2.776633 2.776633 0.227535 0.227535 0.227535
7420 2.776633 2.776633 2.776633 0.227535 0.227535 0.227535
7430 2.776633 2.776633 2.776633 0.227535 0.227535 0.227535
7440 2.776633 2.776633 2.776633 0.227535 0.227535 0.227535
7450 2.776633 2.776633 2.776633 0.227535 0.227535 0.227535
7460 2.776633 2.776633 2.776633 0.227535 0.227535 0.227535
7470 2.776633 2.776633 2.776633 0.227535 0.227535 0.227535
7480 2.776633 2.776633 2.776633 0.227535 0.227535 0.227535
7490 2.776633 2.776633 2.776633 0.227535 0.227535 0.227535
7500 2.776633 2.776633 2.776633 0.227535 0.227535 0.227535
7510 2.776633 2.776633 2.776633 0.227535 0.227535 0.227535
7520 2.776633 2.776633 2.776633 0.227535 0.227535 0.227535
7530 2.776633 2.776633 2.776633 0.227535 0.227535 0.227535
7540 2.776633 2.776633 2.776633 0.227535 0.227535 0.227535
7550 2.776633 2.776633 2.776633 0.227535 0.227535 0.227535
7560 2.776633 2.776633 2.776633 0.227535 0.227535 0.227535
7570 2.776633 2.776633 2.776633 0.227535 0.227535 0.227535
7580 2.776633 2.776633 2.776633 0.227535 0.227535 0.227535
7590 2.776633 2.776633 2.776633 0.227535 0.227535 0.227535
7600 2.776633 2.776633 2.776633 0.227535 0.227535 0.227535
7610 2.776633 2.776633 2.776633 0.227535 0.227535 0.227535
7620 2.776633 2.776633 2.776633 0.227535 0.227535 0.227535
7630 2.776633 2.776633 2.776633 0.227535 0.227535 0.227535
7640 2.776633 2.776633 2.776633 0.227535 0.227535 0.227535
7650 2.776633 2.776633 2.776633 0.227535 0.227535 0.227535
7660 2.776633 2.776633 2.776633 0.227535 0.227535 0.227535
7670 2.776633 2.776633 2.776633 0.227535 0.227535 0.227535
7680 2.776633 2.776633 2.776633 0.227535 0.227535 0.227535
7690 2.776633 2.776633 2.776633 0.227535 0.227535 0.227535
7700 2.776633 2.776633 2.776633 0.227535 0.227535 0.227535
7710 2.776633 2.776633 2.776633 0.227535 0.227535 0.227535
7720 2.776633 2.776633 2.776633 0.227535 0.227535 0.227535
7730 2.776633 2.776633 2.776633 0.227535 0.227535 0.227535
7740 2.776633 2.776633 2.776633 0.227535 0.227535 0.227535
7750 2.776633 2.776633 2.776633 0.227535 0.227535 0.227535
7760 2.776633 2.776633 2.776633 0.227535 0.227535 0.227535
7770 2.776633 2.776633 2.776633 0.227535 0.227535 0.227535
7780 2.776633 2.776633 2.776633 0.227535 0.227535 0.227535
7790 2.776633 2.776633 2.776633 0.227535 0.227535 0.227535
7800 2.776633 2.776633 2.776633 0.227535 0.227535 0.227535
7810 2.776633 2.776633 2.776633 0.227535 0.227535 0.227535
7820 2.776633 2.776633 2.776633 0.227535 0.227535 0.227535
7830 2.776633 2.776633 2.776633 0.227535 0.227535 0.227535
7840 2.776633 2.776633 2.776633 0.227535 0.227535 0.227535
7850 2.776633 2.776633 2.776633 0.227535 0.227535 0.227535
7860 2.776633 2.776633 2.776633 0.227535 0.227535 0.227535
7870 2.776633 2.776633 2.776633 0.227535 0.227535 0.227535
7880 2.776633 2.776633 2.776633 0.227535 0.227535 0.227535
7890 2.776633 2.776633 2.776633 0.227535 0.227535 0.227535
7900 2.776633 2.776633 2.776633 0.227535 0.227535 0.227535
7910 2.776633 2.776633 2.776633 0.227535 0.227535 0.227535
7920 2.776633 2.776633 2.776633 0.227535 0.227535 0.227535
7930 2.776633 2.776633 2.776633 0.227535 0.227535 0.227535
7940 2.776633 2.776633 2.776633 0.227535 0.227535 0.227535
7950 2.776633 2.776633 2.776633 0.227535 0.227535 0.227535
7960 2.776633 2.776633 2.776633 0.227535 0.227535 0.227535
7970 2.776633 2.776633 2.776633 0.227535 0.227535 0.227535
7980 2.776633 2.776633 2.776633 0.227535 0.227535 0.227535
7990 2.776633 2.776633 2.776633 0.227535 0.227535 0.227535
8000 2.776633 2.776633 2.776633 0.227535 0.227535 0.227535
8010 2.776633 2.776633 2.776633 0.227535 0.227535 0.227535
8020 2.776633 2.776633 2.776633 0.227535 0.227535 0.227535
8030 2.776633 2.776633 2.776633 0.227535 0.227535 0.227535
8040 2.776633 2.776633 2.776633 0.227535 0.227535 0.227535
8050 2.776633 2.776633 2.776633 0.227535 0.227535 0.227535
8060 2.776633 2.776633 2.776633 0.227535 0.227535 0.227535
8070 2.776633 2.776633 2.776633 0.227535 0.227535 0.227535
8080 2.776633 2.776633 2.776633 0.227535 0.227535 0.227535
8090 2.776633 2.776633 2.776633 0.227535 0.227535 0.227535
8100 2.776633 2.776633 2.776633 0.227535 0.227535 0.227535
8110 2.776633 2.776633 2.776633 0.227535 0.227535 0.227535
8120 2.776633 2.776633 2.776633 0.227535 0.227535 0.227535
8130 2.776633 2.776633 2.776633 0.227535 0.227535 0.227535
8140 2.776633 2.776633 2.776633 0.227535 0.227535 0.227535
8150 2.776633 2.776633 2.776633 0.227535 0.227535 0.227535
8160 2.776633 2.776633 2.776633 0.227535 0.227535 0.227535
8170 2.776633 2.776633 2.776633 0.227535 0.227535 0.227535
8180 2.776633 2.776633 2.776633 0.227535 0.227535 0.227535
8190 2.776633 2.776633 2.776633 0.227535 0.227535 0.227535
8200 2.776633 2.776633 2.776633 0.227535 0.227535 0.227535
8210 2.776633 2.776633 2.776633 0.227535 0.227535 0.227535
8220 2.776633 2.776633 2.776633 0.227535 0.227535 0.227535
8230 2.776633 2.776633 2.776633 0.227535 0.227535 0.227535
8240 2.776633 2.776633 2.776633 0.227535 0.227535 0.227535
8250 2.776633 2.776633 2.776633 0.227535 0.227535 0.227535
8260 2.776633 2.776633 2.776633 0.227535 0.227535 0.227535
8270 2.776633 2.776633 2.776633 0.227535 0.227535 0.227535
8280 2.776633 2.776633 2.776633 0.227535 0.227535 0.227535
8290 2.776633 2.776633 2.776633 0.227535 0.227535 0.227535
8300 2.776633 2.776633 2.776633 0.227535 0.227535 0.227535
8310 2.776633 2.776633 2.776633 0.227535 0.227535 0.227535
8320 2.776633 2.776633 2.776633 0.227535 0.227535 0.227535
8330 2.776633 2.776633 2.776633 0.227535 0.227535 0.227535
8340 2.776633 2.776633 2.776633 0.227535 0.227535 0.227535
8350 2.776633 2.776633 2.776633 0.227535 0.227535 0.227535
8360 2.776633 2.776633 2.776633 0.227535 0.227535 0.227535
8370 2.776633 2.776633 2.776633 0.227535 0.227535 0.227535
8380 2.776633 2.776633 2.776633 0.227535 0.227535 0.227535
8390 2.776633 2.776633 2.776633 0.227535 0.227535 0.227535
8400 2.776633 2.776633 2.776633 0.227535 0.227535 0.227535
8410 2.776633 2.776633 2.776633 0.227535 0.227535 0.227535
8420 2.776633 2.776633 2.776633 0.227535 0.227535 0.227535
8430 2.776633 2.776633 2.776633 0.227535 0.227535 0.227535
8440 2.776633 2.776633 2.776633 0.227535 0.227535 0.227535
8450 2.776633 2.776633 2.776633 0.227535 0.227535 0.227535
8460 2.776633 2.776633 2.776633 0.227535 0.227535 0.227535
8470 2.776633 2.776633 2.776633 0.227535 0.227535 0.227535
8480 2.776633 2.776633 2.776633 0.227535 0.227535 0.227535
8490 2.776633 2.776633 2.776633 0.227535 0.227535 0.227535
8500 2.776633 2.776633 2.776633 0.227535 0.227535 0.227535
8510 2.776633 2.776633 2.776633 0.227535 0.227535 0.227535
8520 2.776633 2.776633 2.776633 0.227535 0.227535 0.227535
8530 2.776633 2.776633 2.776633 0.227535 0.227535 0.227535
8540 2.776633 2.776633 2.776633 0.227535 0.227535 0.227535
8550 2.776633 2.776633 2.776633 0.227535 0.227535 0.227535
8560 2.776633 2.776633 2.776633 0.227535 0.227535 0.227535
8570 2.776633 2.776633 2.776633 0.227535 0.227535 0.227535
8580 2.776633 2.776633 2.776633 0.227535 0.227535 0.227535
8590 2.776633 2.776633 2.776633 0.227535 0.227535 0.227535
8600 2.776633 2.776633 2.776633 0.227535 0.227535 0.227535
8610 2.776633 2.776633 2.776633 0.227535 0.227535 0.227535
8620 2.776633 2.776633 2.776633 0.227535 0.227535 0.227535
8630 2.776633 2.776633 2.776633 0.227535 0.227535 0.227535
8640 2.776633 2.776633 2.776633 0.227535 0.227535 0.227535
8650 2.776633 2.776633 2.776633 0.227535 0.227535 0.227535
8660 2.776633 2.776633 2.776633 0.227535 0.227535 0.227535
8670 2.776633 2.776633 2.776633 0.227535 0.227535 0.227535
8680 2.776633 2.776633 2.776633 0.227535 0.227535 0.227535
8690 2.776633 2.776633 2.776633 0.227535 0.227535 0.227535
8700 2.776633 2.776633 2.776633 0.227535 0.227535 0.227535
8710 2.776633 2.776633 2.776633 0.227535 0.227535 0.227535
8720 2.776633 2.776633 2.776633 0.227535 0.227535 0.227535
8730 2.776633 2.776633 2.776633 0.227535 0.227535 0.227535
8740 2.776633 2.776633 2.776633 0.227535 0.227535 0.227535
8750 2.776633 2.776633 2.776633 0.227535 0.227535 0.227535
8760 2.776633 2.776633 2.776633 0.227535 0.227535 0.227535
8770 2.776633 2.776633 2.776633 0.227535 0.227535 0.227535
8780 2.776633 2.776633 2.776633 0.227535 0.227535 0.227535
8790 2.776633 2.776633 2.776633 0.227535 0.227535 0.227535
8800 2.776633 2.776633 2.776633 0.227535 0.227535 0.227535
8810 2.776633 2.776633 2.776633 0.227535 0.227535 0.227535
8820 2.776633 2.776633 2.776633 0.227535 0.227535 0.227535
8830 2.776633 2.776633 2.776633 0.227535 0.227535 0.227535
8840 2.776633 2.776633 2.776633 0.227535 0.227535 0.227535
8850 2.776633 2.776633 2.776633 0.227535 0.227535 0.227535
8860 2.776633 2.776633 2.776633 0.227535 0.227535 0.227535
8870 2.776633 2.776633 2.776633 0.227535 0.227535 0.227535
8880 2.776633 2.776633 2.776633 0.227535 0.227535 0.227535
8890 2.776633 2.776633 2.776633 0.227535 0.227535 0.227535
8900 2.776633 2.776633 2.776633 0.227535 0.227535 0.227535
8910 2.776633 2.776633 2.776633 0.227535 0.227535 0.227535
8920 2.776633 2.776633 2.776633 0.227535 0.227535 0.227535
8930 2.776633 2.776633 2.776633 0.227535 0.227535 0.227535
8940 2.776633 2.776633 2.776633 0.227535 0.227535 0.227535
8950 2.776633 2.776633 2.776633 0.227535 0.227535 0.227535
8960 2.776633 2.776633 2.776633 0.227535 0.227535 0.227535
8970 2.776633 2.776633 2.776633 0.227535 0.227535 0.227535
8980 2.776633 2.776633 2.776633 0.227535 0.227535 0.227535
8990 2.776633 2.776633 2.776633 0.227535 0.227535 0.227535
9000 2.776633 2.776633 2.776633 0.227535 0.227535 0.227535
9010 2.776633 2.776633 2.776633 0.227535 0.227535 0.227535
9020 2.776633 2.776633 2.776633 0.227535 0.227535 0.227535
9030 2.776633 2.776633 2.776633 0.227535 0.227535 0.227535
9040 2.776633 2.776633 2.776633 0.227535 0.227535 0.227535
9050 2.776633 2.776633 2.776633 0.227535 0.227535 0.227535
9060 2.776633 2.776633 2.776633 0.227535 0.227535 0.227535
9070 2.776633 2.776633 2.776633 0.227535 0.227535 0.227535
9080 2.776633 2.776633 2.776633 0.227535 0.227535 0.227535
9090 2.776633 2.776633 2.776633 0.227535 0.227535 0.227535
9100 2.776633 2.776633 2.776633 0.227535 0.227535 0.227535
9110 2.776633 2.776633 2.776633 0.227535 0.227535 0.227535
9120 2.776633 2.776633 2.776633 0.227535 0.227535 0.227535
9130 2.776633 2.776633 2.776633 0.227535 0.227535 0.227535
9140 2.776633 2.776633 2.776633 0.227535 0.227535 0.227535
9150 2.776633 2.776633 2.776633 0.227535 0.227535 0.227535
9160 2.776633 2.776633 2.776633 0.227535 0.227535 0.227535
9170 2.776633 2.776633 2.776633 0.227535 0.227535 0.227535
9180 2.776633 2.776633 2.776633 0.227535 0.227535 0.227535
9190 2.776633 2.776633 2.776633 0.227535 0.227535 0.227535
9200 2.776633 2.776633 2.776633 0.227535 0.227535 0.227535
9210 2.776633 2.776633 2.776633 0.227535 0.227535 0.227535
9220 2.776633 2.776633 2.776633 0.227535 0.227535 0.227535
9230 2.776633 2.776633 2.776633 0.227535 0.227535 0.227535
9240 2.776633 2.776633 2.776633 0.227535 0.227535 0.227535
9250 2.776633 2.776633 2.776633 0.227535 0.227535 0.227535
9260 2.776633 2.776633 2.776633 0.227535 0.227535 0.227535
9270 2.776633 2.776633 2.776633 0.227535 0.227535 0.227535
9280 2.776633 2.776633 2.776633 0.227535 0.227535 0.227535
9290 2.776633 2.776633 2.776633 0.227535 0.227535 0.227535
9300 2.776633 2.776633 2.776633 0.227535 0.227535 0.227535
9310 2.776633 2.776633 2.776633 0.227535 0.227535 0.227535
9320 2.776633 2.776633 2.776633 0.227535 0.227535 0.227535
9330 2.776633 2.776633 2.776633 0.227535 0.227535 0.227535
9340 2.776633 2.776633 2.776633 0.227535 0.227535 0.227535
9350 2.776633 2.776633 2.776633 0.227535 0.227535 0.227535
9360 2.776633 2.776633 2.776633 0.227535 0.227535 0.227535
9370 2.776633 2.776633 2.776633 0.227535 0.227535 0.227535
9380 2.776633 2.776633 2.776633 0.227535 0.227535 0.227535
9390 2.776633 2.776633 2.776633 0.227535 0.227535 0.227535
9400 2.776633 2.776633 2.776633 0.227535 0.227535 0.227535
9410 2.776633 2.776633 2.776633 0.227535 0.227535 0.227535
9420 2.776633 2.776633 2.776633 0.227535 0.227535 0.227535
9430 2.776633 2.776633 2.776633 0.227535 0.227535 0.227535
9440 2.776633 2.776633 2.776633 0.227535 0.227535 0.227535
9450 2.776633 2.776633 2.776633 0.227535 0.227535 0.227535
9460 2.776633 2.776633 2.776633 0.227535 0.227535 0.227535
9470 2.776633 2.776633 2.776633 0.227535 0.227535 0.227535
9480 2.776633 2.776633 2.776633 0.227535 0.227535 0.227535
9490 2.776633 2.776633 2.776633 0.227535 0.227535 0.227535
9500 2.776633 2.776633 2.776633 0.227535 0.227535 0.227535
9510 2.776633 2.776633 2.776633 0.227535 0.227535 0.227535
9520 2.776633 2.776633 2.776633 0.227535 0.227535 0.227535
9530 2.776633 2.776633 2.776633 0.227535 0.227535 0.227535
9540 2.776633 2.776633 2.776633 0.227535 0.227535 0.227535
9550 2.776633 2.776633 2.776633 0.227535 0.227535 0.227535
9560 2.776633 2.776633 2.776633 0.227535 0.227535 0.227535
9570 2.776633 2.776633 2.776633 0.227535 0.227535 0.227535
9580 2.776633 2.776633 2.776633 0.227535 0.227535 0.227535
9590 2.776633 2.776633 2.776633 0.227535 0.227535 0.227535
9600 2.776633 2.776633 2.776633 0.227535 0.227535 0.227535
9610 2.776633 2.776633 2.776633 0.227535 0.227535 0.227535
9620 2.776633 2.776633 2.776633 0.227535 0.227535 0.227535
9630 2.776633 2.776633 2.776633 0.227535 0.227535 0.227535
9640 2.776633 2.776633 2.776633 0.227535 0.227535 0.227535
9650 2.776633 2.776633 2.776633 0.227535 0.227535 0.227535
9660 2.776633 2.776633 2.776633 0.227535 0.227535 0.227535
9670 2.776633 2.776633 2.776633 0.227535 0.227535 0.227535
9680 2.776633 2.776633 2.776633 0.227535 0.227535 0.227535
9690 2.776633 2.776633 2.776633 0.227535 0.227535 0.227535
9700 2.776633 2.776633 2.776633 0.227535 0.227535 0.227535
9710 2.776633 2.776633 2.776633 0.227535 0.227535 0.227535
9720 2.776633 2.776633 2.776633 0.227535 0.227535 0.227535
9730 2.776633 2.776633 2.776633 0.227535 0.227535 0.227535
9740 2.776633 2.776633 2.776633 0.227535 0.227535 0.227535
9750 2.776633 2.776633 2.776633 0.227535 0.227535 0.227535
9760 2.776633 2.776633 2.776633 0.227535 0.227535 0.227535
9770 2.776633 2.776633 2.776633 0.227535 0.227535 0.227535
9780 2.776633 2.776633 2.776633 0.227535 0.227535 0.227535
9790 2.776633 2.776633 2.776633 0.227535 0.227535 0.227535
9800 2.776633 2.776633 2.776633 0.227535 0.227535 0.227535
9810 2.776633 2.776633 2.776633 0.227535 0.227535 0.227535
9820 2.776633 2.776633 2.776633 0.227535 0.227535 0.227535
9830 2.776633 2.776633 2.776633 0.227535 0.227535 0.227535
9840 2.776633 2.776633 2.776633 0.227535 0.227535 0.227535
9850 2.776633 2.776633 2.776633 0.227535 0.227535 0.227535
9860 2.776633 2.776633 2.776633 0.227535 0.227535 0.227535
9870 2.776633 2.776633 2.776633 0.227535 0.227535 0.227535
9880 2.776633 2.776633 2.776633 0.227535 0.227535 0.227535
9890 2.776633 2.776633 2.776633 0.227535 0.227535 0.227535
9900 2.776633 2.776633 2.776633 0.227535 0.227535 0.227535
9910 2.776633 2.776633 2.776633 0.227535 0.227535 0.227535
9920 2.776633 2.776633 2.776633 0.227535 0.227535 0.227535
9930 2.776633 2.776633 2.776633 0.227535 0.227535 0.227535
9940 2.776633 2.776633 2.776633 0.227535 0.227535 0.227535
9950 2.776633 2.776633 2.776633 0.227535 0.227535 0.227535
9960 2.776633 2.776633 2.776633 0.227535 0.227535 0.227535
9970 2.776633 2.776633 2.776633 0.227535 0.227535 0.227535
9980 2.776633 2.776633 2.776633 0.227535 0.227535 0.227535
9990 2.776633 2.776633 2.776633 0.227535 0.227535 0.227535
10000 2.776633 2.776633 2.776633 0.227535 0.227535 0.227535
