# generation power_min power_avg power_max util_min util_avg util_max
1 7.595184 9.374883 11.276097 0.469626 0.681383 1.021600
100 6.432545 7.689802 8.470955 0.470719 0.680400 0.931310
200 5.263179 6.166894 6.902102 0.385446 0.581752 0.797412
300 4.578658 5.163487 5.673716 0.312628 0.559233 0.797412
400 3.715231 4.279538 4.749423 0.277192 0.443965 0.697067
500 3.326413 3.656768 3.901253 0.274684 0.331392 0.407693
600 3.067200 3.311112 3.498773 0.274684 0.345873 0.395450
700 2.921068 3.049092 3.158765 0.319257 0.363592 0.400929
800 2.895606 2.925087 2.958269 0.356232 0.384591 0.392657
900 2.887335 2.900357 2.912405 0.373277 0.379431 0.391449
1000 2.887335 2.889076 2.895606 0.374121 0.377214 0.377965
1100 2.887335 2.887471 2.887878 0.377845 0.377935 0.377965
1200 2.887335 2.887335 2.887335 0.377965 0.377965 0.377965
1300 2.887335 2.887335 2.887335 0.377965 0.377965 0.377965
1400 2.887335 2.887335 2.887335 0.377965 0.377965 0.377965
1500 2.887335 2.887335 2.887335 0.377965 0.377965 0.377965
1600 2.887335 2.887335 2.887335 0.377965 0.377965 0.377965
1700 2.887335 2.887335 2.887335 0.377965 0.377965 0.377965
1800 2.887335 2.887335 2.887335 0.377965 0.377965 0.377965
1900 2.887335 2.887335 2.887335 0.377965 0.377965 0.377965
2000 2.887335 2.887335 2.887335 0.377965 0.377965 0.377965
2100 2.887335 2.887335 2.887335 0.377965 0.377965 0.377965
2200 2.887335 2.887335 2.887335 0.377965 0.377965 0.377965
2300 2.887335 2.887335 2.887335 0.377965 0.377965 0.377965
2400 2.887335 2.887335 2.887335 0.377965 0.377965 0.377965
2500 2.887335 2.887335 2.887335 0.377965 0.377965 0.377965
2600 2.887335 2.887335 2.887335 0.377965 0.377965 0.377965
2700 2.887335 2.887335 2.887335 0.377965 0.377965 0.377965
2800 2.887335 2.887335 2.887335 0.377965 0.377965 0.377965
2900 2.887335 2.887335 2.887335 0.377965 0.377965 0.377965
3000 2.887335 2.887335 2.887335 0.377965 0.377965 0.377965
3100 2.887335 2.887335 2.887335 0.377965 0.377965 0.377965
3200 2.887335 2.887335 2.887335 0.377965 0.377965 0.377965
3300 2.887335 2.887335 2.887335 0.377965 0.377965 0.377965
3400 2.887335 2.887335 2.887335 0.377965 0.377965 0.377965
3500 2.887335 2.887335 2.887335 0.377965 0.377965 0.377965
3600 2.887335 2.887335 2.887335 0.377965 0.377965 0.377965
3700 2.887335 2.887335 2.887335 0.377965 0.377965 0.377965
3800 2.887335 2.887335 2.887335 0.377965 0.377965 0.377965
3900 2.887335 2.887335 2.887335 0.377965 0.377965 0.377965
4000 2.887335 2.887335 2.887335 0.377965 0.377965 0.377965
4100 2.887335 2.887335 2.887335 0.377965 0.377965 0.377965
4200 2.887335 2.887335 2.887335 0.377965 0.377965 0.377965
4300 2.887335 2.887335 2.887335 0.377965 0.377965 0.377965
4400 2.887335 2.887335 2.887335 0.377965 0.377965 0.377965
4500 2.887335 2.887335 2.887335 0.377965 0.377965 0.377965
4600 2.887335 2.887335 2.887335 0.377965 0.377965 0.377965
4700 2.887335 2.887335 2.887335 0.377965 0.377965 0.377965
4800 2.887335 2.887335 2.887335 0.377965 0.377965 0.377965
4900 2.887335 2.887335 2.887335 0.377965 0.377965 0.377965
5000 2.887335 2.887335 2.887335 0.377965 0.377965 0.377965
5100 2.887335 2.887335 2.887335 0.377965 0.377965 0.377965
5200 2.887335 2.887335 2.887335 0.377965 0.377965 0.377965
5300 2.887335 2.887335 2.887335 0.377965 0.377965 0.377965
5400 2.887335 2.887335 2.887335 0.377965 0.377965 0.377965
5500 2.887335 2.887335 2.887335 0.377965 0.377965 0.377965
5600 2.887335 2.887335 2.887335 0.377965 0.377965 0.377965
5700 2.887335 2.887335 2.887335 0.377965 0.377965 0.377965
5800 2.887335 2.887335 2.887335 0.377965 0.377965 0.377965
5900 2.887335 2.887335 2.887335 0.377965 0.377965 0.377965
6000 2.887335 2.887335 2.887335 0.377965 0.377965 0.377965
6100 2.887335 2.887335 2.887335 0.377965 0.377965 0.377965
6200 2.887335 2.887335 2.887335 0.377965 0.377965 0.377965
6300 2.887335 2.887335 2.887335 0.377965 0.377965 0.377965
6400 2.887335 2.887335 2.887335 0.377965 0.377965 0.377965
6500 2.887335 2.887335 2.887335 0.377965 0.377965 0.377965
6600 2.887335 2.887335 2.887335 0.377965 0.377965 0.377965
6700 2.887335 2.887335 2.887335 0.377965 0.377965 0.377965
6800 2.887335 2.887335 2.887335 0.377965 0.377965 0.377965
6900 2.887335 2.887335 2.887335 0.377965 0.377965 0.377965
7000 2.887335 2.887335 2.887335 0.377965 0.377965 0.377965
7100 2.887335 2.887335 2.887335 0.377965 0.377965 0.377965
7200 2.887335 2.887335 2.887335 0.377965 0.377965 0.377965
7300 2.887335 2.887335 2.887335 0.377965 0.377965 0.377965
7400 2.887335 2.887335 2.887335 0.377965 0.377965 0.377965
7500 2.887335 2.887335 2.887335 0.377965 0.377965 0.377965
7600 2.887335 2.887335 2.887335 0.377965 0.377965 0.377965
7700 2.887335 2.887335 2.887335 0.377965 0.377965 0.377965
7800 2.887335 2.887335 2.887335 0.377965 0.377965 0.377965
7900 2.887335 2.887335 2.887335 0.377965 0.377965 0.377965
8000 2.887335 2.887335 2.887335 0.377965 0.377965 0.377965
8100 2.887335 2.887335 2.887335 0.377965 0.377965 0.377965
8200 2.887335 2.887335 2.887335 0.377965 0.377965 0.377965
8300 2.887335 2.887335 2.887335 0.377965 0.377965 0.377965
8400 2.887335 2.887335 2.887335 0.377965 0.377965 0.377965
8500 2.887335 2.887335 2.887335 0.377965 0.377965 0.377965
8600 2.887335 2.887335 2.887335 0.377965 0.377965 0.377965
8700 2.887335 2.887335 2.887335 0.377965 0.377965 0.377965
8800 2.887335 2.887335 2.887335 0.377965 0.377965 0.377965
8900 2.887335 2.887335 2.887335 0.377965 0.377965 0.377965
9000 2.887335 2.887335 2.887335 0.377965 0.377965 0.377965
9100 2.887335 2.887335 2.887335 0.377965 0.377965 0.377965
9200 2.887335 2.887335 2.887335 0.377965 0.377965 0.377965
9300 2.887335 2.887335 2.887335 0.377965 0.377965 0.377965
9400 2.887335 2.887335 2.887335 0.377965 0.377965 0.377965
9500 2.887335 2.887335 2.887335 0.377965 0.377965 0.377965
9600 2.887335 2.887335 2.887335 0.377965 0.377965 0.377965
9700 2.887335 2.887335 2.887335 0.377965 0.377965 0.377965
9800 2.887335 2.887335 2.887335 0.377965 0.377965 0.377965
9900 2.887335 2.887335 2.887335 0.377965 0.377965 0.377965
10000 2.887335 2.887335 2.887335 0.377965 0.377965 0.377965
10100 2.887335 2.887335 2.887335 0.377965 0.377965 0.377965
10200 2.887335 2.887335 2.887335 0.377965 0.377965 0.377965
10300 2.887335 2.887335 2.887335 0.377965 0.377965 0.377965
10400 2.887335 2.887335 2.887335 0.377965 0.377965 0.377965
10500 2.887335 2.887335 2.887335 0.377965 0.377965 0.377965
10600 2.887335 2.887335 2.887335 0.377965 0.377965 0.377965
10700 2.887335 2.887335 2.887335 0.377965 0.377965 0.377965
10800 2.887335 2.887335 2.887335 0.377965 0.377965 0.377965
10900 2.887335 2.887335 2.887335 0.377965 0.377965 0.377965
11000 2.887335 2.887335 2.887335 0.377965 0.377965 0.377965
11100 2.887335 2.887335 2.887335 0.377965 0.377965 0.377965
11200 2.887335 2.887335 2.887335 0.377965 0.377965 0.377965
11300 2.887335 2.887335 2.887335 0.377965 0.377965 0.377965
11400 2.887335 2.887335 2.887335 0.377965 0.377965 0.377965
11500 2.887335 2.887335 2.887335 0.377965 0.377965 0.377965
11600 2.887335 2.887335 2.887335 0.377965 0.377965 0.377965
11700 2.887335 2.887335 2.887335 0.377965 0.377965 0.377965
11800 2.887335 2.887335 2.887335 0.377965 0.377965 0.377965
11900 2.887335 2.887335 2.887335 0.377965 0.377965 0.377965
12000 2.887335 2.887335 2.887335 0.377965 0.377965 0.377965
12100 2.887335 2.887335 2.887335 0.377965 0.377965 0.377965
12200 2.887335 2.887335 2.887335 0.377965 0.377965 0.377965
12300 2.887335 2.887335 2.887335 0.377965 0.377965 0.377965
12400 2.887335 2.887335 2.887335 0.377965 0.377965 0.377965
12500 2.887335 2.887335 2.887335 0.377965 0.377965 0.377965
12600 2.887335 2.887335 2.887335 0.377965 0.377965 0.377965
12700 2.887335 2.887335 2.887335 0.377965 0.377965 0.377965
12800 2.887335 2.887335 2.887335 0.377965 0.377965 0.377965
12900 2.887335 2.887335 2.887335 0.377965 0.377965 0.377965
13000 2.887335 2.887335 2.887335 0.377965 0.377965 0.377965
13100 2.887335 2.887335 2.887335 0.377965 0.377965 0.377965
13200 2.887335 2.887335 2.887335 0.377965 0.377965 0.377965
13300 2.887335 2.887335 2.887335 0.377965 0.377965 0.377965
13400 2.887335 2.887335 2.887335 0.377965 0.377965 0.377965
13500 2.887335 2.887335 2.887335 0.377965 0.377965 0.377965
13600 2.887335 2.887335 2.887335 0.377965 0.377965 0.377965
13700 2.887335 2.887335 2.887335 0.377965 0.377965 0.377965
13800 2.887335 2.887335 2.887335 0.377965 0.377965 0.377965
13900 2.887335 2.887335 2.887335 0.377965 0.377965 0.377965
14000 2.887335 2.887335 2.887335 0.377965 0.377965 0.377965
14100 2.887335 2.887335 2.887335 0.377965 0.377965 0.377965
14200 2.887335 2.887335 2.887335 0.377965 0.377965 0.377965
14300 2.887335 2.887335 2.887335 0.377965 0.377965 0.377965
14400 2.887335 2.887335 2.887335 0.377965 0.377965 0.377965
14500 2.887335 2.887335 2.887335 0.377965 0.377965 0.377965
14600 2.887335 2.887335 2.887335 0.377965 0.377965 0.377965
14700 2.887335 2.887335 2.887335 0.377965 0.377965 0.377965
14800 2.887335 2.887335 2.887335 0.377965 0.377965 0.377965
14900 2.887335 2.887335 2.887335 0.377965 0.377965 0.377965
15000 2.887335 2.887335 2.887335 0.377965 0.377965 0.377965
15100 2.887335 2.887335 2.887335 0.377965 0.377965 0.377965
15200 2.887335 2.887335 2.887335 0.377965 0.377965 0.377965
15300 2.887335 2.887335 2.887335 0.377965 0.377965 0.377965
15400 2.887335 2.887335 2.887335 0.377965 0.377965 0.377965
15500 2.887335 2.887335 2.887335 0.377965 0.377965 0.377965
15600 2.887335 2.887335 2.887335 0.377965 0.377965 0.377965
15700 2.887335 2.887335 2.887335 0.377965 0.377965 0.377965
15800 2.887335 2.887335 2.887335 0.377965 0.377965 0.377965
15900 2.887335 2.887335 2.887335 0.377965 0.377965 0.377965
16000 2.887335 2.887335 2.887335 0.377965 0.377965 0.377965
16100 2.887335 2.887335 2.887335 0.377965 0.377965 0.377965
16200 2.887335 2.887335 2.887335 0.377965 0.377965 0.377965
16300 2.887335 2.887335 2.887335 0.377965 0.377965 0.377965
16400 2.887335 2.887335 2.887335 0.377965 0.377965 0.377965
16500 2.887335 2.887335 2.887335 0.377965 0.377965 0.377965
16600 2.887335 2.887335 2.887335 0.377965 0.377965 0.377965
16700 2.887335 2.887335 2.887335 0.377965 0.377965 0.377965
16800 2.887335 2.887335 2.887335 0.377965 0.377965 0.377965
16900 2.887335 2.887335 2.887335 0.377965 0.377965 0.377965
17000 2.887335 2.887335 2.887335 0.377965 0.377965 0.377965
17100 2.887335 2.887335 2.887335 0.377965 0.377965 0.377965
17200 2.887335 2.887335 2.887335 0.377965 0.377965 0.377965
17300 2.887335 2.887335 2.887335 0.377965 0.377965 0.377965
17400 2.887335 2.887335 2.887335 0.377965 0.377965 0.377965
17500 2.887335 2.887335 2.887335 0.377965 0.377965 0.377965
17600 2.887335 2.887335 2.887335 0.377965 0.377965 0.377965
17700 2.887335 2.887335 2.887335 0.377965 0.377965 0.377965
17800 2.887335 2.887335 2.887335 0.377965 0.377965 0.377965
17900 2.887335 2.887335 2.887335 0.377965 0.377965 0.377965
18000 2.887335 2.887335 2.887335 0.377965 0.377965 0.377965
18100 2.887335 2.887335 2.887335 0.377965 0.377965 0.377965
18200 2.887335 2.887335 2.887335 0.377965 0.377965 0.377965
18300 2.887335 2.887335 2.887335 0.377965 0.377965 0.377965
18400 2.887335 2.887335 2.887335 0.377965 0.377965 0.377965
18500 2.887335 2.887335 2.887335 0.377965 0.377965 0.377965
18600 2.887335 2.887335 2.887335 0.377965 0.377965 0.377965
18700 2.887335 2.887335 2.887335 0.377965 0.377965 0.377965
18800 2.887335 2.887335 2.887335 0.377965 0.377965 0.377965
18900 2.887335 2.887335 2.887335 0.377965 0.377965 0.377965
19000 2.887335 2.887335 2.887335 0.377965 0.377965 0.377965
19100 2.887335 2.887335 2.887335 0.377965 0.377965 0.377965
19200 2.887335 2.887335 2.887335 0.377965 0.377965 0.377965
19300 2.887335 2.887335 2.887335 0.377965 0.377965 0.377965
19400 2.887335 2.887335 2.887335 0.377965 0.377965 0.377965
19500 2.887335 2.887335 2.887335 0.377965 0.377965 0.377965
19600 2.887335 2.887335 2.887335 0.377965 0.377965 0.377965
19700 2.887335 2.887335 2.887335 0.377965 0.377965 0.377965
19800 2.887335 2.887335 2.887335 0.377965 0.377965 0.377965
19900 2.887335 2.887335 2.887335 0.377965 0.377965 0.377965
20000 2.887335 2.887335 2.887335 0.377965 0.377965 0.377965
20100 2.887335 2.887335 2.887335 0.377965 0.377965 0.377965
20200 2.887335 2.887335 2.887335 0.377965 0.377965 0.377965
20300 2.887335 2.887335 2.887335 0.377965 0.377965 0.377965
20400 2.887335 2.887335 2.887335 0.377965 0.377965 0.377965
20500 2.887335 2.887335 2.887335 0.377965 0.377965 0.377965
20600 2.887335 2.887335 2.887335 0.377965 0.377965 0.377965
20700 2.887335 2.887335 2.887335 0.377965 0.377965 0.377965
20800 2.887335 2.887335 2.887335 0.377965 0.377965 0.377965
20900 2.887335 2.887335 2.887335 0.377965 0.377965 0.377965
21000 2.887335 2.887335 2.887335 0.377965 0.377965 0.377965
21100 2.887335 2.887335 2.887335 0.377965 0.377965 0.377965
21200 2.887335 2.887335 2.887335 0.377965 0.377965 0.377965
21300 2.887335 2.887335 2.887335 0.377965 0.377965 0.377965
21400 2.887335 2.887335 2.887335 0.377965 0.377965 0.377965
21500 2.887335 2.887335 2.887335 0.377965 0.377965 0.377965
21600 2.887335 2.887335 2.887335 0.377965 0.377965 0.377965
21700 2.887335 2.887335 2.887335 0.377965 0.377965 0.377965
21800 2.887335 2.887335 2.887335 0.377965 0.377965 0.377965
21900 2.887335 2.887335 2.887335 0.377965 0.377965 0.377965
22000 2.887335 2.887335 2.887335 0.377965 0.377965 0.377965
22100 2.887335 2.887335 2.887335 0.377965 0.377965 0.377965
22200 2.887335 2.887335 2.887335 0.377965 0.377965 0.377965
22300 2.887335 2.887335 2.887335 0.377965 0.377965 0.377965
22400 2.887335 2.887335 2.887335 0.377965 0.377965 0.377965
22500 2.887335 2.887335 2.887335 0.377965 0.377965 0.377965
22600 2.887335 2.887335 2.887335 0.377965 0.377965 0.377965
22700 2.887335 2.887335 2.887335 0.377965 0.377965 0.377965
22800 2.887335 2.887335 2.887335 0.377965 0.377965 0.377965
22900 2.887335 2.887335 2.887335 0.377965 0.377965 0.377965
23000 2.887335 2.887335 2.887335 0.377965 0.377965 0.377965
23100 2.887335 2.887335 2.887335 0.377965 0.377965 0.377965
23200 2.887335 2.887335 2.887335 0.377965 0.377965 0.377965
23300 2.887335 2.887335 2.887335 0.377965 0.377965 0.377965
23400 2.887335 2.887335 2.887335 0.377965 0.377965 0.377965
23500 2.887335 2.887335 2.887335 0.377965 0.377965 0.377965
23600 2.887335 2.887335 2.887335 0.377965 0.377965 0.377965
23700 2.887335 2.887335 2.887335 0.377965 0.377965 0.377965
23800 2.887335 2.887335 2.887335 0.377965 0.377965 0.377965
23900 2.887335 2.887335 2.887335 0.377965 0.377965 0.377965
24000 2.887335 2.887335 2.887335 0.377965 0.377965 0.377965
24100 2.887335 2.887335 2.887335 0.377965 0.377965 0.377965
24200 2.887335 2.887335 2.887335 0.377965 0.377965 0.377965
24300 2.887335 2.887335 2.887335 0.377965 0.377965 0.377965
24400 2.887335 2.887335 2.887335 0.377965 0.377965 0.377965
24500 2.887335 2.887335 2.887335 0.377965 0.377965 0.377965
24600 2.887335 2.887335 2.887335 0.377965 0.377965 0.377965
24700 2.887335 2.887335 2.887335 0.377965 0.377965 0.377965
24800 2.887335 2.887335 2.887335 0.377965 0.377965 0.377965
24900 2.887335 2.887335 2.887335 0.377965 0.377965 0.377965
25000 2.887335 2.887335 2.887335 0.377965 0.377965 0.377965
25100 2.887335 2.887335 2.887335 0.377965 0.377965 0.377965
25200 2.887335 2.887335 2.887335 0.377965 0.377965 0.377965
25300 2.887335 2.887335 2.887335 0.377965 0.377965 0.377965
25400 2.887335 2.887335 2.887335 0.377965 0.377965 0.377965
25500 2.887335 2.887335 2.887335 0.377965 0.377965 0.377965
25600 2.887335 2.887335 2.887335 0.377965 0.377965 0.377965
25700 2.887335 2.887335 2.887335 0.377965 0.377965 0.377965
25800 2.887335 2.887335 2.887335 0.377965 0.377965 0.377965
25900 2.887335 2.887335 2.887335 0.377965 0.377965 0.377965
26000 2.887335 2.887335 2.887335 0.377965 0.377965 0.377965
26100 2.887335 2.887335 2.887335 0.377965 0.377965 0.377965
26200 2.887335 2.887335 2.887335 0.377965 0.377965 0.377965
26300 2.887335 2.887335 2.887335 0.377965 0.377965 0.377965
26400 2.887335 2.887335 2.887335 0.377965 0.377965 0.377965
26500 2.887335 2.887335 2.887335 0.377965 0.377965 0.377965
26600 2.887335 2.887335 2.887335 0.377965 0.377965 0.377965
26700 2.887335 2.887335 2.887335 0.377965 0.377965 0.377965
26800 2.887335 2.887335 2.887335 0.377965 0.377965 0.377965
26900 2.887335 2.887335 2.887335 0.377965 0.377965 0.377965
27000 2.887335 2.887335 2.887335 0.377965 0.377965 0.377965
27100 2.887335 2.887335 2.887335 0.377965 0.377965 0.377965
27200 2.887335 2.887335 2.887335 0.377965 0.377965 0.377965
27300 2.887335 2.887335 2.887335 0.377965 0.377965 0.377965
27400 2.887335 2.887335 2.887335 0.377965 0.377965 0.377965
27500 2.887335 2.887335 2.887335 0.377965 0.377965 0.377965
27600 2.887335 2.887335 2.887335 0.377965 0.377965 0.377965
27700 2.887335 2.887335 2.887335 0.377965 0.377965 0.377965
27800 2.887335 2.887335 2.887335 0.377965 0.377965 0.377965
27900 2.887335 2.887335 2.887335 0.377965 0.377965 0.377965
28000 2.887335 2.887335 2.887335 0.377965 0.377965 0.377965
28100 2.887335 2.887335 2.887335 0.377965 0.377965 0.377965
28200 2.887335 2.887335 2.887335 0.377965 0.377965 0.377965
28300 2.887335 2.887335 2.887335 0.377965 0.377965 0.377965
28400 2.887335 2.887335 2.887335 0.377965 0.377965 0.377965
28500 2.887335 2.887335 2.887335 0.377965 0.377965 0.377965
28600 2.887335 2.887335 2.887335 0.377965 0.377965 0.377965
28700 2.887335 2.887335 2.887335 0.377965 0.377965 0.377965
28800 2.887335 2.887335 2.887335 0.377965 0.377965 0.377965
28900 2.887335 2.887335 2.887335 0.377965 0.377965 0.377965
29000 2.887335 2.887335 2.887335 0.377965 0.377965 0.377965
29100 2.887335 2.887335 2.887335 0.377965 0.377965 0.377965
29200 2.887335 2.887335 2.887335 0.377965 0.377965 0.377965
29300 2.887335 2.887335 2.887335 0.377965 0.377965 0.377965
29400 2.887335 2.887335 2.887335 0.377965 0.377965 0.377965
29500 2.887335 2.887335 2.887335 0.377965 0.377965 0.377965
29600 2.887335 2.887335 2.887335 0.377965 0.377965 0.377965
29700 2.887335 2.887335 2.887335 0.377965 0.377965 0.377965
29800 2.887335 2.887335 2.887335 0.377965 0.377965 0.377965
29900 2.887335 2.887335 2.887335 0.377965 0.377965 0.377965
30000 2.887335 2.887335 2.887335 0.377965 0.377965 0.377965
30100 2.887335 2.887335 2.887335 0.377965 0.377965 0.377965
30200 2.887335 2.887335 2.887335 0.377965 0.377965 0.377965
30300 2.887335 2.887335 2.887335 0.377965 0.377965 0.377965
30400 2.887335 2.887335 2.887335 0.377965 0.377965 0.377965
30500 2.887335 2.887335 2.887335 0.377965 0.377965 0.377965
30600 2.887335 2.887335 2.887335 0.377965 0.377965 0.377965
30700 2.887335 2.887335 2.887335 0.377965 0.377965 0.377965
30800 2.887335 2.887335 2.887335 0.377965 0.377965 0.377965
30900 2.887335 2.887335 2.887335 0.377965 0.377965 0.377965
31000 2.887335 2.887335 2.887335 0.377965 0.377965 0.377965
31100 2.887335 2.887335 2.887335 0.377965 0.377965 0.377965
31200 2.887335 2.887335 2.887335 0.377965 0.377965 0.377965
31300 2.887335 2.887335 2.887335 0.377965 0.377965 0.377965
31400 2.887335 2.887335 2.887335 0.377965 0.377965 0.377965
31500 2.887335 2.887335 2.887335 0.377965 0.377965 0.377965
31600 2.887335 2.887335 2.887335 0.377965 0.377965 0.377965
31700 2.887335 2.887335 2.887335 0.377965 0.377965 0.377965
31800 2.887335 2.887335 2.887335 0.377965 0.377965 0.377965
31900 2.887335 2.887335 2.887335 0.377965 0.377965 0.377965
32000 2.887335 2.887335 2.887335 0.377965 0.377965 0.377965
32100 2.887335 2.887335 2.887335 0.377965 0.377965 0.377965
32200 2.887335 2.887335 2.887335 0.377965 0.377965 0.377965
32300 2.887335 2.887335 2.887335 0.377965 0.377965 0.377965
32400 2.887335 2.887335 2.887335 0.377965 0.377965 0.377965
32500 2.887335 2.887335 2.887335 0.377965 0.377965 0.377965
32600 2.887335 2.887335 2.887335 0.377965 0.377965 0.377965
32700 2.887335 2.887335 2.887335 0.377965 0.377965 0.377965
32800 2.887335 2.887335 2.887335 0.377965 0.377965 0.377965
32900 2.887335 2.887335 2.887335 0.377965 0.377965 0.377965
33000 2.887335 2.887335 2.887335 0.377965 0.377965 0.377965
33100 2.887335 2.887335 2.887335 0.377965 0.377965 0.377965
33200 2.887335 2.887335 2.887335 0.377965 0.377965 0.377965
33300 2.887335 2.887335 2.887335 0.377965 0.377965 0.377965
33400 2.887335 2.887335 2.887335 0.377965 0.377965 0.377965
33500 2.887335 2.887335 2.887335 0.377965 0.377965 0.377965
33600 2.887335 2.887335 2.887335 0.377965 0.377965 0.377965
33700 2.887335 2.887335 2.887335 0.377965 0.377965 0.377965
33800 2.887335 2.887335 2.887335 0.377965 0.377965 0.377965
33900 2.887335 2.887335 2.887335 0.377965 0.377965 0.377965
34000 2.887335 2.887335 2.887335 0.377965 0.377965 0.377965
34100 2.887335 2.887335 2.887335 0.377965 0.377965 0.377965
34200 2.887335 2.887335 2.887335 0.377965 0.377965 0.377965
34300 2.887335 2.887335 2.887335 0.377965 0.377965 0.377965
34400 2.887335 2.887335 2.887335 0.377965 0.377965 0.377965
34500 2.887335 2.887335 2.887335 0.377965 0.377965 0.377965
34600 2.887335 2.887335 2.887335 0.377965 0.377965 0.377965
34700 2.887335 2.887335 2.887335 0.377965 0.377965 0.377965
34800 2.887335 2.887335 2.887335 0.377965 0.377965 0.377965
34900 2.887335 2.887335 2.887335 0.377965 0.377965 0.377965
35000 2.887335 2.887335 2.887335 0.377965 0.377965 0.377965
35100 2.887335 2.887335 2.887335 0.377965 0.377965 0.377965
35200 2.887335 2.887335 2.887335 0.377965 0.377965 0.377965
35300 2.887335 2.887335 2.887335 0.377965 0.377965 0.377965
35400 2.887335 2.887335 2.887335 0.377965 0.377965 0.377965
35500 2.887335 2.887335 2.887335 0.377965 0.377965 0.377965
35600 2.887335 2.887335 2.887335 0.377965 0.377965 0.377965
35700 2.887335 2.887335 2.887335 0.377965 0.377965 0.377965
35800 2.887335 2.887335 2.887335 0.377965 0.377965 0.377965
35900 2.887335 2.887335 2.887335 0.377965 0.377965 0.377965
36000 2.887335 2.887335 2.887335 0.377965 0.377965 0.377965
36100 2.887335 2.887335 2.887335 0.377965 0.377965 0.377965
36200 2.887335 2.887335 2.887335 0.377965 0.377965 0.377965
36300 2.887335 2.887335 2.887335 0.377965 0.377965 0.377965
36400 2.887335 2.887335 2.887335 0.377965 0.377965 0.377965
36500 2.887335 2.887335 2.887335 0.377965 0.377965 0.377965
36600 2.887335 2.887335 2.887335 0.377965 0.377965 0.377965
36700 2.887335 2.887335 2.887335 0.377965 0.377965 0.377965
36800 2.887335 2.887335 2.887335 0.377965 0.377965 0.377965
36900 2.887335 2.887335 2.887335 0.377965 0.377965 0.377965
37000 2.887335 2.887335 2.887335 0.377965 0.377965 0.377965
37100 2.887335 2.887335 2.887335 0.377965 0.377965 0.377965
37200 2.887335 2.887335 2.887335 0.377965 0.377965 0.377965
37300 2.887335 2.887335 2.887335 0.377965 0.377965 0.377965
37400 2.887335 2.887335 2.887335 0.377965 0.377965 0.377965
37500 2.887335 2.887335 2.887335 0.377965 0.377965 0.377965
37600 2.887335 2.887335 2.887335 0.377965 0.377965 0.377965
37700 2.887335 2.887335 2.887335 0.377965 0.377965 0.377965
37800 2.887335 2.887335 2.887335 0.377965 0.377965 0.377965
37900 2.887335 2.887335 2.887335 0.377965 0.377965 0.377965
38000 2.887335 2.887335 2.887335 0.377965 0.377965 0.377965
38100 2.887335 2.887335 2.887335 0.377965 0.377965 0.377965
38200 2.887335 2.887335 2.887335 0.377965 0.377965 0.377965
38300 2.887335 2.887335 2.887335 0.377965 0.377965 0.377965
38400 2.887335 2.887335 2.887335 0.377965 0.377965 0.377965
38500 2.887335 2.887335 2.887335 0.377965 0.377965 0.377965
38600 2.887335 2.887335 2.887335 0.377965 0.377965 0.377965
38700 2.887335 2.887335 2.887335 0.377965 0.377965 0.377965
38800 2.887335 2.887335 2.887335 0.377965 0.377965 0.377965
38900 2.887335 2.887335 2.887335 0.377965 0.377965 0.377965
39000 2.887335 2.887335 2.887335 0.377965 0.377965 0.377965
39100 2.887335 2.887335 2.887335 0.377965 0.377965 0.377965
39200 2.887335 2.887335 2.887335 0.377965 0.377965 0.377965
39300 2.887335 2.887335 2.887335 0.377965 0.377965 0.377965
39400 2.887335 2.887335 2.887335 0.377965 0.377965 0.377965
39500 2.887335 2.887335 2.887335 0.377965 0.377965 0.377965
39600 2.887335 2.887335 2.887335 0.377965 0.377965 0.377965
39700 2.887335 2.887335 2.887335 0.377965 0.377965 0.377965
39800 2.887335 2.887335 2.887335 0.377965 0.377965 0.377965
39900 2.887335 2.887335 2.887335 0.377965 0.377965 0.377965
40000 2.887335 2.887335 2.887335 0.377965 0.377965 0.377965
40100 2.887335 2.887335 2.887335 0.377965 0.377965 0.377965
40200 2.887335 2.887335 2.887335 0.377965 0.377965 0.377965
40300 2.887335 2.887335 2.887335 0.377965 0.377965 0.377965
40400 2.887335 2.887335 2.887335 0.377965 0.377965 0.377965
40500 2.887335 2.887335 2.887335 0.377965 0.377965 0.377965
40600 2.887335 2.887335 2.887335 0.377965 0.377965 0.377965
40700 2.887335 2.887335 2.887335 0.377965 0.377965 0.377965
40800 2.887335 2.887335 2.887335 0.377965 0.377965 0.377965
40900 2.887335 2.887335 2.887335 0.377965 0.377965 0.377965
41000 2.887335 2.887335 2.887335 0.377965 0.377965 0.377965
41100 2.887335 2.887335 2.887335 0.377965 0.377965 0.377965
41200 2.887335 2.887335 2.887335 0.377965 0.377965 0.377965
41300 2.887335 2.887335 2.887335 0.377965 0.377965 0.377965
41400 2.887335 2.887335 2.887335 0.377965 0.377965 0.377965
41500 2.887335 2.887335 2.887335 0.377965 0.377965 0.377965
41600 2.887335 2.887335 2.887335 0.377965 0.377965 0.377965
41700 2.887335 2.887335 2.887335 0.377965 0.377965 0.377965
41800 2.887335 2.887335 2.887335 0.377965 0.377965 0.377965
41900 2.887335 2.887335 2.887335 0.377965 0.377965 0.377965
42000 2.887335 2.887335 2.887335 0.377965 0.377965 0.377965
42100 2.887335 2.887335 2.887335 0.377965 0.377965 0.377965
42200 2.887335 2.887335 2.887335 0.377965 0.377965 0.377965
42300 2.887335 2.887335 2.887335 0.377965 0.377965 0.377965
42400 2.887335 2.887335 2.887335 0.377965 0.377965 0.377965
42500 2.887335 2.887335 2.887335 0.377965 0.377965 0.377965
42600 2.887335 2.887335 2.887335 0.377965 0.377965 0.377965
42700 2.887335 2.887335 2.887335 0.377965 0.377965 0.377965
42800 2.887335 2.887335 2.887335 0.377965 0.377965 0.377965
42900 2.887335 2.887335 2.887335 0.377965 0.377965 0.377965
43000 2.887335 2.887335 2.887335 0.377965 0.377965 0.377965
43100 2.887335 2.887335 2.887335 0.377965 0.377965 0.377965
43200 2.887335 2.887335 2.887335 0.377965 0.377965 0.377965
43300 2.887335 2.887335 2.887335 0.377965 0.377965 0.377965
43400 2.887335 2.887335 2.887335 0.377965 0.377965 0.377965
43500 2.887335 2.887335 2.887335 0.377965 0.377965 0.377965
43600 2.887335 2.887335 2.887335 0.377965 0.377965 0.377965
43700 2.887335 2.887335 2.887335 0.377965 0.377965 0.377965
43800 2.887335 2.887335 2.887335 0.377965 0.377965 0.377965
43900 2.887335 2.887335 2.887335 0.377965 0.377965 0.377965
44000 2.887335 2.887335 2.887335 0.377965 0.377965 0.377965
44100 2.887335 2.887335 2.887335 0.377965 0.377965 0.377965
44200 2.887335 2.887335 2.887335 0.377965 0.377965 0.377965
44300 2.887335 2.887335 2.887335 0.377965 0.377965 0.377965
44400 2.887335 2.887335 2.887335 0.377965 0.377965 0.377965
44500 2.887335 2.887335 2.887335 0.377965 0.377965 0.377965
44600 2.887335 2.887335 2.887335 0.377965 0.377965 0.377965
44700 2.887335 2.887335 2.887335 0.377965 0.377965 0.377965
44800 2.887335 2.887335 2.887335 0.377965 0.377965 0.377965
44900 2.887335 2.887335 2.887335 0.377965 0.377965 0.377965
45000 2.887335 2.887335 2.887335 0.377965 0.377965 0.377965
45100 2.887335 2.887335 2.887335 0.377965 0.377965 0.377965
45200 2.887335 2.887335 2.887335 0.377965 0.377965 0.377965
45300 2.887335 2.887335 2.887335 0.377965 0.377965 0.377965
45400 2.887335 2.887335 2.887335 0.377965 0.377965 0.377965
45500 2.887335 2.887335 2.887335 0.377965 0.377965 0.377965
45600 2.887335 2.887335 2.887335 0.377965 0.377965 0.377965
45700 2.887335 2.887335 2.887335 0.377965 0.377965 0.377965
45800 2.887335 2.887335 2.887335 0.377965 0.377965 0.377965
45900 2.887335 2.887335 2.887335 0.377965 0.377965 0.377965
46000 2.887335 2.887335 2.887335 0.377965 0.377965 0.377965
46100 2.887335 2.887335 2.887335 0.377965 0.377965 0.377965
46200 2.887335 2.887335 2.887335 0.377965 0.377965 0.377965
46300 2.887335 2.887335 2.887335 0.377965 0.377965 0.377965
46400 2.887335 2.887335 2.887335 0.377965 0.377965 0.377965
46500 2.887335 2.887335 2.887335 0.377965 0.377965 0.377965
46600 2.887335 2.887335 2.887335 0.377965 0.377965 0.377965
46700 2.887335 2.887335 2.887335 0.377965 0.377965 0.377965
46800 2.887335 2.887335 2.887335 0.377965 0.377965 0.377965
46900 2.887335 2.887335 2.887335 0.377965 0.377965 0.377965
47000 2.887335 2.887335 2.887335 0.377965 0.377965 0.377965
47100 2.887335 2.887335 2.887335 0.377965 0.377965 0.377965
47200 2.887335 2.887335 2.887335 0.377965 0.377965 0.377965
47300 2.887335 2.887335 2.887335 0.377965 0.377965 0.377965
47400 2.887335 2.887335 2.887335 0.377965 0.377965 0.377965
47500 2.887335 2.887335 2.887335 0.377965 0.377965 0.377965
47600 2.887335 2.887335 2.887335 0.377965 0.377965 0.377965
47700 2.887335 2.887335 2.887335 0.377965 0.377965 0.377965
47800 2.887335 2.887335 2.887335 0.377965 0.377965 0.377965
47900 2.887335 2.887335 2.887335 0.377965 0.377965 0.377965
48000 2.887335 2.887335 2.887335 0.377965 0.377965 0.377965
48100 2.887335 2.887335 2.887335 0.377965 0.377965 0.377965
48200 2.887335 2.887335 2.887335 0.377965 0.377965 0.377965
48300 2.887335 2.887335 2.887335 0.377965 0.377965 0.377965
48400 2.887335 2.887335 2.887335 0.377965 0.377965 0.377965
48500 2.887335 2.887335 2.887335 0.377965 0.377965 0.377965
48600 2.887335 2.887335 2.887335 0.377965 0.377965 0.377965
48700 2.887335 2.887335 2.887335 0.377965 0.377965 0.377965
48800 2.887335 2.887335 2.887335 0.377965 0.377965 0.377965
48900 2.887335 2.887335 2.887335 0.377965 0.377965 0.377965
49000 2.887335 2.887335 2.887335 0.377965 0.377965 0.377965
49100 2.887335 2.887335 2.887335 0.377965 0.377965 0.377965
49200 2.887335 2.887335 2.887335 0.377965 0.377965 0.377965
49300 2.887335 2.887335 2.887335 0.377965 0.377965 0.377965
49400 2.887335 2.887335 2.887335 0.377965 0.377965 0.377965
49500 2.887335 2.887335 2.887335 0.377965 0.377965 0.377965
49600 2.887335 2.887335 2.887335 0.377965 0.377965 0.377965
49700 2.887335 2.887335 2.887335 0.377965 0.377965 0.377965
49800 2.887335 2.887335 2.887335 0.377965 0.377965 0.377965
49900 2.887335 2.887335 2.887335 0.377965 0.377965 0.377965
50000 2.887335 2.887335 2.887335 0.377965 0.377965 0.377965
50100 2.887335 2.887335 2.887335 0.377965 0.377965 0.377965
50200 2.887335 2.887335 2.887335 0.377965 0.377965 0.377965
50300 2.887335 2.887335 2.887335 0.377965 0.377965 0.377965
50400 2.887335 2.887335 2.887335 0.377965 0.377965 0.377965
50500 2.887335 2.887335 2.887335 0.377965 0.377965 0.377965
50600 2.887335 2.887335 2.887335 0.377965 0.377965 0.377965
50700 2.887335 2.887335 2.887335 0.377965 0.377965 0.377965
50800 2.887335 2.887335 2.887335 0.377965 0.377965 0.377965
50900 2.887335 2.887335 2.887335 0.377965 0.377965 0.377965
51000 2.887335 2.887335 2.887335 0.377965 0.377965 0.377965
51100 2.887335 2.887335 2.887335 0.377965 0.377965 0.377965
51200 2.887335 2.887335 2.887335 0.377965 0.377965 0.377965
51300 2.887335 2.887335 2.887335 0.377965 0.377965 0.377965
51400 2.887335 2.887335 2.887335 0.377965 0.377965 0.377965
51500 2.887335 2.887335 2.887335 0.377965 0.377965 0.377965
51600 2.887335 2.887335 2.887335 0.377965 0.377965 0.377965
51700 2.887335 2.887335 2.887335 0.377965 0.377965 0.377965
51800 2.887335 2.887335 2.887335 0.377965 0.377965 0.377965
51900 2.887335 2.887335 2.887335 0.377965 0.377965 0.377965
52000 2.887335 2.887335 2.887335 0.377965 0.377965 0.377965
52100 2.887335 2.887335 2.887335 0.377965 0.377965 0.377965
52200 2.887335 2.887335 2.887335 0.377965 0.377965 0.377965
52300 2.887335 2.887335 2.887335 0.377965 0.377965 0.377965
52400 2.887335 2.887335 2.887335 0.377965 0.377965 0.377965
52500 2.887335 2.887335 2.887335 0.377965 0.377965 0.377965
52600 2.887335 2.887335 2.887335 0.377965 0.377965 0.377965
52700 2.887335 2.887335 2.887335 0.377965 0.377965 0.377965
52800 2.887335 2.887335 2.887335 0.377965 0.377965 0.377965
52900 2.887335 2.887335 2.887335 0.377965 0.377965 0.377965
53000 2.887335 2.887335 2.887335 0.377965 0.377965 0.377965
53100 2.887335 2.887335 2.887335 0.377965 0.377965 0.377965
53200 2.887335 2.887335 2.887335 0.377965 0.377965 0.377965
53300 2.887335 2.887335 2.887335 0.377965 0.377965 0.377965
53400 2.887335 2.887335 2.887335 0.377965 0.377965 0.377965
53500 2.887335 2.887335 2.887335 0.377965 0.377965 0.377965
53600 2.887335 2.887335 2.887335 0.377965 0.377965 0.377965
53700 2.887335 2.887335 2.887335 0.377965 0.377965 0.377965
53800 2.887335 2.887335 2.887335 0.377965 0.377965 0.377965
53900 2.887335 2.887335 2.887335 0.377965 0.377965 0.377965
54000 2.887335 2.887335 2.887335 0.377965 0.377965 0.377965
54100 2.887335 2.887335 2.887335 0.377965 0.377965 0.377965
54200 2.887335 2.887335 2.887335 0.377965 0.377965 0.377965
54300 2.887335 2.887335 2.887335 0.377965 0.377965 0.377965
54400 2.887335 2.887335 2.887335 0.377965 0.377965 0.377965
54500 2.887335 2.887335 2.887335 0.377965 0.377965 0.377965
54600 2.887335 2.887335 2.887335 0.377965 0.377965 0.377965
54700 2.887335 2.887335 2.887335 0.377965 0.377965 0.377965
54800 2.887335 2.887335 2.887335 0.377965 0.377965 0.377965
54900 2.887335 2.887335 2.887335 0.377965 0.377965 0.377965
55000 2.887335 2.887335 2.887335 0.377965 0.377965 0.377965
55100 2.887335 2.887335 2.887335 0.377965 0.377965 0.377965
55200 2.887335 2.887335 2.887335 0.377965 0.377965 0.377965
55300 2.887335 2.887335 2.887335 0.377965 0.377965 0.377965
55400 2.887335 2.887335 2.887335 0.377965 0.377965 0.377965
55500 2.887335 2.887335 2.887335 0.377965 0.377965 0.377965
55600 2.887335 2.887335 2.887335 0.377965 0.377965 0.377965
55700 2.887335 2.887335 2.887335 0.377965 0.377965 0.377965
55800 2.887335 2.887335 2.887335 0.377965 0.377965 0.377965
55900 2.887335 2.887335 2.887335 0.377965 0.377965 0.377965
56000 2.887335 2.887335 2.887335 0.377965 0.377965 0.377965
56100 2.887335 2.887335 2.887335 0.377965 0.377965 0.377965
56200 2.887335 2.887335 2.887335 0.377965 0.377965 0.377965
56300 2.887335 2.887335 2.887335 0.377965 0.377965 0.377965
56400 2.887335 2.887335 2.887335 0.377965 0.377965 0.377965
56500 2.887335 2.887335 2.887335 0.377965 0.377965 0.377965
56600 2.887335 2.887335 2.887335 0.377965 0.377965 0.377965
56700 2.887335 2.887335 2.887335 0.377965 0.377965 0.377965
56800 2.887335 2.887335 2.887335 0.377965 0.377965 0.377965
56900 2.887335 2.887335 2.887335 0.377965 0.377965 0.377965
57000 2.887335 2.887335 2.887335 0.377965 0.377965 0.377965
57100 2.887335 2.887335 2.887335 0.377965 0.377965 0.377965
57200 2.887335 2.887335 2.887335 0.377965 0.377965 0.377965
57300 2.887335 2.887335 2.887335 0.377965 0.377965 0.377965
57400 2.887335 2.887335 2.887335 0.377965 0.377965 0.377965
57500 2.887335 2.887335 2.887335 0.377965 0.377965 0.377965
57600 2.887335 2.887335 2.887335 0.377965 0.377965 0.377965
57700 2.887335 2.887335 2.887335 0.377965 0.377965 0.377965
57800 2.887335 2.887335 2.887335 0.377965 0.377965 0.377965
57900 2.887335 2.887335 2.887335 0.377965 0.377965 0.377965
58000 2.887335 2.887335 2.887335 0.377965 0.377965 0.377965
58100 2.887335 2.887335 2.887335 0.377965 0.377965 0.377965
58200 2.887335 2.887335 2.887335 0.377965 0.377965 0.377965
58300 2.887335 2.887335 2.887335 0.377965 0.377965 0.377965
58400 2.887335 2.887335 2.887335 0.377965 0.377965 0.377965
58500 2.887335 2.887335 2.887335 0.377965 0.377965 0.377965
58600 2.887335 2.887335 2.887335 0.377965 0.377965 0.377965
58700 2.887335 2.887335 2.887335 0.377965 0.377965 0.377965
58800 2.887335 2.887335 2.887335 0.377965 0.377965 0.377965
58900 2.887335 2.887335 2.887335 0.377965 0.377965 0.377965
59000 2.887335 2.887335 2.887335 0.377965 0.377965 0.377965
59100 2.887335 2.887335 2.887335 0.377965 0.377965 0.377965
59200 2.887335 2.887335 2.887335 0.377965 0.377965 0.377965
59300 2.887335 2.887335 2.887335 0.377965 0.377965 0.377965
59400 2.887335 2.887335 2.887335 0.377965 0.377965 0.377965
59500 2.887335 2.887335 2.887335 0.377965 0.377965 0.377965
59600 2.887335 2.887335 2.887335 0.377965 0.377965 0.377965
59700 2.887335 2.887335 2.887335 0.377965 0.377965 0.377965
59800 2.887335 2.887335 2.887335 0.377965 0.377965 0.377965
59900 2.887335 2.887335 2.887335 0.377965 0.377965 0.377965
60000 2.887335 2.887335 2.887335 0.377965 0.377965 0.377965
60100 2.887335 2.887335 2.887335 0.377965 0.377965 0.377965
60200 2.887335 2.887335 2.887335 0.377965 0.377965 0.377965
60300 2.887335 2.887335 2.887335 0.377965 0.377965 0.377965
60400 2.887335 2.887335 2.887335 0.377965 0.377965 0.377965
60500 2.887335 2.887335 2.887335 0.377965 0.377965 0.377965
60600 2.887335 2.887335 2.887335 0.377965 0.377965 0.377965
60700 2.887335 2.887335 2.887335 0.377965 0.377965 0.377965
60800 2.887335 2.887335 2.887335 0.377965 0.377965 0.377965
60900 2.887335 2.887335 2.887335 0.377965 0.377965 0.377965
61000 2.887335 2.887335 2.887335 0.377965 0.377965 0.377965
61100 2.887335 2.887335 2.887335 0.377965 0.377965 0.377965
61200 2.887335 2.887335 2.887335 0.377965 0.377965 0.377965
61300 2.887335 2.887335 2.887335 0.377965 0.377965 0.377965
61400 2.887335 2.887335 2.887335 0.377965 0.377965 0.377965
61500 2.887335 2.887335 2.887335 0.377965 0.377965 0.377965
61600 2.887335 2.887335 2.887335 0.377965 0.377965 0.377965
61700 2.887335 2.887335 2.887335 0.377965 0.377965 0.377965
61800 2.887335 2.887335 2.887335 0.377965 0.377965 0.377965
61900 2.887335 2.887335 2.887335 0.377965 0.377965 0.377965
62000 2.887335 2.887335 2.887335 0.377965 0.377965 0.377965
62100 2.887335 2.887335 2.887335 0.377965 0.377965 0.377965
62200 2.887335 2.887335 2.887335 0.377965 0.377965 0.377965
62300 2.887335 2.887335 2.887335 0.377965 0.377965 0.377965
62400 2.887335 2.887335 2.887335 0.377965 0.377965 0.377965
62500 2.887335 2.887335 2.887335 0.377965 0.377965 0.377965
62600 2.887335 2.887335 2.887335 0.377965 0.377965 0.377965
62700 2.887335 2.887335 2.887335 0.377965 0.377965 0.377965
62800 2.887335 2.887335 2.887335 0.377965 0.377965 0.377965
62900 2.887335 2.887335 2.887335 0.377965 0.377965 0.377965
63000 2.887335 2.887335 2.887335 0.377965 0.377965 0.377965
63100 2.887335 2.887335 2.887335 0.377965 0.377965 0.377965
63200 2.887335 2.887335 2.887335 0.377965 0.377965 0.377965
63300 2.887335 2.887335 2.887335 0.377965 0.377965 0.377965
63400 2.887335 2.887335 2.887335 0.377965 0.377965 0.377965
63500 2.887335 2.887335 2.887335 0.377965 0.377965 0.377965
63600 2.887335 2.887335 2.887335 0.377965 0.377965 0.377965
63700 2.887335 2.887335 2.887335 0.377965 0.377965 0.377965
63800 2.887335 2.887335 2.887335 0.377965 0.377965 0.377965
63900 2.887335 2.887335 2.887335 0.377965 0.377965 0.377965
64000 2.887335 2.887335 2.887335 0.377965 0.377965 0.377965
64100 2.887335 2.887335 2.887335 0.377965 0.377965 0.377965
64200 2.887335 2.887335 2.887335 0.377965 0.377965 0.377965
64300 2.887335 2.887335 2.887335 0.377965 0.377965 0.377965
64400 2.887335 2.887335 2.887335 0.377965 0.377965 0.377965
64500 2.887335 2.887335 2.887335 0.377965 0.377965 0.377965
64600 2.887335 2.887335 2.887335 0.377965 0.377965 0.377965
64700 2.887335 2.887335 2.887335 0.377965 0.377965 0.377965
64800 2.887335 2.887335 2.887335 0.377965 0.377965 0.377965
64900 2.887335 2.887335 2.887335 0.377965 0.377965 0.377965
65000 2.887335 2.887335 2.887335 0.377965 0.377965 0.377965
65100 2.887335 2.887335 2.887335 0.377965 0.377965 0.377965
65200 2.887335 2.887335 2.887335 0.377965 0.377965 0.377965
65300 2.887335 2.887335 2.887335 0.377965 0.377965 0.377965
65400 2.887335 2.887335 2.887335 0.377965 0.377965 0.377965
65500 2.887335 2.887335 2.887335 0.377965 0.377965 0.377965
65600 2.887335 2.887335 2.887335 0.377965 0.377965 0.377965
65700 2.887335 2.887335 2.887335 0.377965 0.377965 0.377965
65800 2.887335 2.887335 2.887335 0.377965 0.377965 0.377965
65900 2.887335 2.887335 2.887335 0.377965 0.377965 0.377965
66000 2.887335 2.887335 2.887335 0.377965 0.377965 0.377965
66100 2.887335 2.887335 2.887335 0.377965 0.377965 0.377965
66200 2.887335 2.887335 2.887335 0.377965 0.377965 0.377965
66300 2.887335 2.887335 2.887335 0.377965 0.377965 0.377965
66400 2.887335 2.887335 2.887335 0.377965 0.377965 0.377965
66500 2.887335 2.887335 2.887335 0.377965 0.377965 0.377965
66600 2.887335 2.887335 2.887335 0.377965 0.377965 0.377965
66700 2.887335 2.887335 2.887335 0.377965 0.377965 0.377965
66800 2.887335 2.887335 2.887335 0.377965 0.377965 0.377965
66900 2.887335 2.887335 2.887335 0.377965 0.377965 0.377965
67000 2.887335 2.887335 2.887335 0.377965 0.377965 0.377965
67100 2.887335 2.887335 2.887335 0.377965 0.377965 0.377965
67200 2.887335 2.887335 2.887335 0.377965 0.377965 0.377965
67300 2.887335 2.887335 2.887335 0.377965 0.377965 0.377965
67400 2.887335 2.887335 2.887335 0.377965 0.377965 0.377965
67500 2.887335 2.887335 2.887335 0.377965 0.377965 0.377965
67600 2.887335 2.887335 2.887335 0.377965 0.377965 0.377965
67700 2.887335 2.887335 2.887335 0.377965 0.377965 0.377965
67800 2.887335 2.887335 2.887335 0.377965 0.377965 0.377965
67900 2.887335 2.887335 2.887335 0.377965 0.377965 0.377965
68000 2.887335 2.887335 2.887335 0.377965 0.377965 0.377965
68100 2.887335 2.887335 2.887335 0.377965 0.377965 0.377965
68200 2.887335 2.887335 2.887335 0.377965 0.377965 0.377965
68300 2.887335 2.887335 2.887335 0.377965 0.377965 0.377965
68400 2.887335 2.887335 2.887335 0.377965 0.377965 0.377965
68500 2.887335 2.887335 2.887335 0.377965 0.377965 0.377965
68600 2.887335 2.887335 2.887335 0.377965 0.377965 0.377965
68700 2.887335 2.887335 2.887335 0.377965 0.377965 0.377965
68800 2.887335 2.887335 2.887335 0.377965 0.377965 0.377965
68900 2.887335 2.887335 2.887335 0.377965 0.377965 0.377965
69000 2.887335 2.887335 2.887335 0.377965 0.377965 0.377965
69100 2.887335 2.887335 2.887335 0.377965 0.377965 0.377965
69200 2.887335 2.887335 2.887335 0.377965 0.377965 0.377965
69300 2.887335 2.887335 2.887335 0.377965 0.377965 0.377965
69400 2.887335 2.887335 2.887335 0.377965 0.377965 0.377965
69500 2.887335 2.887335 2.887335 0.377965 0.377965 0.377965
69600 2.887335 2.887335 2.887335 0.377965 0.377965 0.377965
69700 2.887335 2.887335 2.887335 0.377965 0.377965 0.377965
69800 2.887335 2.887335 2.887335 0.377965 0.377965 0.377965
69900 2.887335 2.887335 2.887335 0.377965 0.377965 0.377965
70000 2.887335 2.887335 2.887335 0.377965 0.377965 0.377965
70100 2.887335 2.887335 2.887335 0.377965 0.377965 0.377965
70200 2.887335 2.887335 2.887335 0.377965 0.377965 0.377965
70300 2.887335 2.887335 2.887335 0.377965 0.377965 0.377965
70400 2.887335 2.887335 2.887335 0.377965 0.377965 0.377965
70500 2.887335 2.887335 2.887335 0.377965 0.377965 0.377965
70600 2.887335 2.887335 2.887335 0.377965 0.377965 0.377965
70700 2.887335 2.887335 2.887335 0.377965 0.377965 0.377965
70800 2.887335 2.887335 2.887335 0.377965 0.377965 0.377965
70900 2.887335 2.887335 2.887335 0.377965 0.377965 0.377965
71000 2.887335 2.887335 2.887335 0.377965 0.377965 0.377965
71100 2.887335 2.887335 2.887335 0.377965 0.377965 0.377965
71200 2.887335 2.887335 2.887335 0.377965 0.377965 0.377965
71300 2.887335 2.887335 2.887335 0.377965 0.377965 0.377965
71400 2.887335 2.887335 2.887335 0.377965 0.377965 0.377965
71500 2.887335 2.887335 2.887335 0.377965 0.377965 0.377965
71600 2.887335 2.887335 2.887335 0.377965 0.377965 0.377965
71700 2.887335 2.887335 2.887335 0.377965 0.377965 0.377965
71800 2.887335 2.887335 2.887335 0.377965 0.377965 0.377965
71900 2.887335 2.887335 2.887335 0.377965 0.377965 0.377965
72000 2.887335 2.887335 2.887335 0.377965 0.377965 0.377965
72100 2.887335 2.887335 2.887335 0.377965 0.377965 0.377965
72200 2.887335 2.887335 2.887335 0.377965 0.377965 0.377965
72300 2.887335 2.887335 2.887335 0.377965 0.377965 0.377965
72400 2.887335 2.887335 2.887335 0.377965 0.377965 0.377965
72500 2.887335 2.887335 2.887335 0.377965 0.377965 0.377965
72600 2.887335 2.887335 2.887335 0.377965 0.377965 0.377965
72700 2.887335 2.887335 2.887335 0.377965 0.377965 0.377965
72800 2.887335 2.887335 2.887335 0.377965 0.377965 0.377965
72900 2.887335 2.887335 2.887335 0.377965 0.377965 0.377965
73000 2.887335 2.887335 2.887335 0.377965 0.377965 0.377965
73100 2.887335 2.887335 2.887335 0.377965 0.377965 0.377965
73200 2.887335 2.887335 2.887335 0.377965 0.377965 0.377965
73300 2.887335 2.887335 2.887335 0.377965 0.377965 0.377965
73400 2.887335 2.887335 2.887335 0.377965 0.377965 0.377965
73500 2.887335 2.887335 2.887335 0.377965 0.377965 0.377965
73600 2.887335 2.887335 2.887335 0.377965 0.377965 0.377965
73700 2.887335 2.887335 2.887335 0.377965 0.377965 0.377965
73800 2.887335 2.887335 2.887335 0.377965 0.377965 0.377965
73900 2.887335 2.887335 2.887335 0.377965 0.377965 0.377965
74000 2.887335 2.887335 2.887335 0.377965 0.377965 0.377965
74100 2.887335 2.887335 2.887335 0.377965 0.377965 0.377965
74200 2.887335 2.887335 2.887335 0.377965 0.377965 0.377965
74300 2.887335 2.887335 2.887335 0.377965 0.377965 0.377965
74400 2.887335 2.887335 2.887335 0.377965 0.377965 0.377965
74500 2.887335 2.887335 2.887335 0.377965 0.377965 0.377965
74600 2.887335 2.887335 2.887335 0.377965 0.377965 0.377965
74700 2.887335 2.887335 2.887335 0.377965 0.377965 0.377965
74800 2.887335 2.887335 2.887335 0.377965 0.377965 0.377965
74900 2.887335 2.887335 2.887335 0.377965 0.377965 0.377965
75000 2.887335 2.887335 2.887335 0.377965 0.377965 0.377965
75100 2.887335 2.887335 2.887335 0.377965 0.377965 0.377965
75200 2.887335 2.887335 2.887335 0.377965 0.377965 0.377965
75300 2.887335 2.887335 2.887335 0.377965 0.377965 0.377965
75400 2.887335 2.887335 2.887335 0.377965 0.377965 0.377965
75500 2.887335 2.887335 2.887335 0.377965 0.377965 0.377965
75600 2.887335 2.887335 2.887335 0.377965 0.377965 0.377965
75700 2.887335 2.887335 2.887335 0.377965 0.377965 0.377965
75800 2.887335 2.887335 2.887335 0.377965 0.377965 0.377965
75900 2.887335 2.887335 2.887335 0.377965 0.377965 0.377965
76000 2.887335 2.887335 2.887335 0.377965 0.377965 0.377965
76100 2.887335 2.887335 2.887335 0.377965 0.377965 0.377965
76200 2.887335 2.887335 2.887335 0.377965 0.377965 0.377965
76300 2.887335 2.887335 2.887335 0.377965 0.377965 0.377965
76400 2.887335 2.887335 2.887335 0.377965 0.377965 0.377965
76500 2.887335 2.887335 2.887335 0.377965 0.377965 0.377965
76600 2.887335 2.887335 2.887335 0.377965 0.377965 0.377965
76700 2.887335 2.887335 2.887335 0.377965 0.377965 0.377965
76800 2.887335 2.887335 2.887335 0.377965 0.377965 0.377965
76900 2.887335 2.887335 2.887335 0.377965 0.377965 0.377965
77000 2.887335 2.887335 2.887335 0.377965 0.377965 0.377965
77100 2.887335 2.887335 2.887335 0.377965 0.377965 0.377965
77200 2.887335 2.887335 2.887335 0.377965 0.377965 0.377965
77300 2.887335 2.887335 2.887335 0.377965 0.377965 0.377965
77400 2.887335 2.887335 2.887335 0.377965 0.377965 0.377965
77500 2.887335 2.887335 2.887335 0.377965 0.377965 0.377965
77600 2.887335 2.887335 2.887335 0.377965 0.377965 0.377965
77700 2.887335 2.887335 2.887335 0.377965 0.377965 0.377965
77800 2.887335 2.887335 2.887335 0.377965 0.377965 0.377965
77900 2.887335 2.887335 2.887335 0.377965 0.377965 0.377965
78000 2.887335 2.887335 2.887335 0.377965 0.377965 0.377965
78100 2.887335 2.887335 2.887335 0.377965 0.377965 0.377965
78200 2.887335 2.887335 2.887335 0.377965 0.377965 0.377965
78300 2.887335 2.887335 2.887335 0.377965 0.377965 0.377965
78400 2.887335 2.887335 2.887335 0.377965 0.377965 0.377965
78500 2.887335 2.887335 2.887335 0.377965 0.377965 0.377965
78600 2.887335 2.887335 2.887335 0.377965 0.377965 0.377965
78700 2.887335 2.887335 2.887335 0.377965 0.377965 0.377965
78800 2.887335 2.887335 2.887335 0.377965 0.377965 0.377965
78900 2.887335 2.887335 2.887335 0.377965 0.377965 0.377965
79000 2.887335 2.887335 2.887335 0.377965 0.377965 0.377965
79100 2.887335 2.887335 2.887335 0.377965 0.377965 0.377965
79200 2.887335 2.887335 2.887335 0.377965 0.377965 0.377965
79300 2.887335 2.887335 2.887335 0.377965 0.377965 0.377965
79400 2.887335 2.887335 2.887335 0.377965 0.377965 0.377965
79500 2.887335 2.887335 2.887335 0.377965 0.377965 0.377965
79600 2.887335 2.887335 2.887335 0.377965 0.377965 0.377965
79700 2.887335 2.887335 2.887335 0.377965 0.377965 0.377965
79800 2.887335 2.887335 2.887335 0.377965 0.377965 0.377965
79900 2.887335 2.887335 2.887335 0.377965 0.377965 0.377965
80000 2.887335 2.887335 2.887335 0.377965 0.377965 0.377965
80100 2.887335 2.887335 2.887335 0.377965 0.377965 0.377965
80200 2.887335 2.887335 2.887335 0.377965 0.377965 0.377965
80300 2.887335 2.887335 2.887335 0.377965 0.377965 0.377965
80400 2.887335 2.887335 2.887335 0.377965 0.377965 0.377965
80500 2.887335 2.887335 2.887335 0.377965 0.377965 0.377965
80600 2.887335 2.887335 2.887335 0.377965 0.377965 0.377965
80700 2.887335 2.887335 2.887335 0.377965 0.377965 0.377965
80800 2.887335 2.887335 2.887335 0.377965 0.377965 0.377965
80900 2.887335 2.887335 2.887335 0.377965 0.377965 0.377965
81000 2.887335 2.887335 2.887335 0.377965 0.377965 0.377965
81100 2.887335 2.887335 2.887335 0.377965 0.377965 0.377965
81200 2.887335 2.887335 2.887335 0.377965 0.377965 0.377965
81300 2.887335 2.887335 2.887335 0.377965 0.377965 0.377965
81400 2.887335 2.887335 2.887335 0.377965 0.377965 0.377965
81500 2.887335 2.887335 2.887335 0.377965 0.377965 0.377965
81600 2.887335 2.887335 2.887335 0.377965 0.377965 0.377965
81700 2.887335 2.887335 2.887335 0.377965 0.377965 0.377965
81800 2.887335 2.887335 2.887335 0.377965 0.377965 0.377965
81900 2.887335 2.887335 2.887335 0.377965 0.377965 0.377965
82000 2.887335 2.887335 2.887335 0.377965 0.377965 0.377965
82100 2.887335 2.887335 2.887335 0.377965 0.377965 0.377965
82200 2.887335 2.887335 2.887335 0.377965 0.377965 0.377965
82300 2.887335 2.887335 2.887335 0.377965 0.377965 0.377965
82400 2.887335 2.887335 2.887335 0.377965 0.377965 0.377965
82500 2.887335 2.887335 2.887335 0.377965 0.377965 0.377965
82600 2.887335 2.887335 2.887335 0.377965 0.377965 0.377965
82700 2.887335 2.887335 2.887335 0.377965 0.377965 0.377965
82800 2.887335 2.887335 2.887335 0.377965 0.377965 0.377965
82900 2.887335 2.887335 2.887335 0.377965 0.377965 0.377965
83000 2.887335 2.887335 2.887335 0.377965 0.377965 0.377965
83100 2.887335 2.887335 2.887335 0.377965 0.377965 0.377965
83200 2.887335 2.887335 2.887335 0.377965 0.377965 0.377965
83300 2.887335 2.887335 2.887335 0.377965 0.377965 0.377965
83400 2.887335 2.887335 2.887335 0.377965 0.377965 0.377965
83500 2.887335 2.887335 2.887335 0.377965 0.377965 0.377965
83600 2.887335 2.887335 2.887335 0.377965 0.377965 0.377965
83700 2.887335 2.887335 2.887335 0.377965 0.377965 0.377965
83800 2.887335 2.887335 2.887335 0.377965 0.377965 0.377965
83900 2.887335 2.887335 2.887335 0.377965 0.377965 0.377965
84000 2.887335 2.887335 2.887335 0.377965 0.377965 0.377965
84100 2.887335 2.887335 2.887335 0.377965 0.377965 0.377965
84200 2.887335 2.887335 2.887335 0.377965 0.377965 0.377965
84300 2.887335 2.887335 2.887335 0.377965 0.377965 0.377965
84400 2.887335 2.887335 2.887335 0.377965 0.377965 0.377965
84500 2.887335 2.887335 2.887335 0.377965 0.377965 0.377965
84600 2.887335 2.887335 2.887335 0.377965 0.377965 0.377965
84700 2.887335 2.887335 2.887335 0.377965 0.377965 0.377965
84800 2.887335 2.887335 2.887335 0.377965 0.377965 0.377965
84900 2.887335 2.887335 2.887335 0.377965 0.377965 0.377965
85000 2.887335 2.887335 2.887335 0.377965 0.377965 0.377965
85100 2.887335 2.887335 2.887335 0.377965 0.377965 0.377965
85200 2.887335 2.887335 2.887335 0.377965 0.377965 0.377965
85300 2.887335 2.887335 2.887335 0.377965 0.377965 0.377965
85400 2.887335 2.887335 2.887335 0.377965 0.377965 0.377965
85500 2.887335 2.887335 2.887335 0.377965 0.377965 0.377965
85600 2.887335 2.887335 2.887335 0.377965 0.377965 0.377965
85700 2.887335 2.887335 2.887335 0.377965 0.377965 0.377965
85800 2.887335 2.887335 2.887335 0.377965 0.377965 0.377965
85900 2.887335 2.887335 2.887335 0.377965 0.377965 0.377965
86000 2.887335 2.887335 2.887335 0.377965 0.377965 0.377965
86100 2.887335 2.887335 2.887335 0.377965 0.377965 0.377965
86200 2.887335 2.887335 2.887335 0.377965 0.377965 0.377965
86300 2.887335 2.887335 2.887335 0.377965 0.377965 0.377965
86400 2.887335 2.887335 2.887335 0.377965 0.377965 0.377965
86500 2.887335 2.887335 2.887335 0.377965 0.377965 0.377965
86600 2.887335 2.887335 2.887335 0.377965 0.377965 0.377965
86700 2.887335 2.887335 2.887335 0.377965 0.377965 0.377965
86800 2.887335 2.887335 2.887335 0.377965 0.377965 0.377965
86900 2.887335 2.887335 2.887335 0.377965 0.377965 0.377965
87000 2.887335 2.887335 2.887335 0.377965 0.377965 0.377965
87100 2.887335 2.887335 2.887335 0.377965 0.377965 0.377965
87200 2.887335 2.887335 2.887335 0.377965 0.377965 0.377965
87300 2.887335 2.887335 2.887335 0.377965 0.377965 0.377965
87400 2.887335 2.887335 2.887335 0.377965 0.377965 0.377965
87500 2.887335 2.887335 2.887335 0.377965 0.377965 0.377965
87600 2.887335 2.887335 2.887335 0.377965 0.377965 0.377965
87700 2.887335 2.887335 2.887335 0.377965 0.377965 0.377965
87800 2.887335 2.887335 2.887335 0.377965 0.377965 0.377965
87900 2.887335 2.887335 2.887335 0.377965 0.377965 0.377965
88000 2.887335 2.887335 2.887335 0.377965 0.377965 0.377965
88100 2.887335 2.887335 2.887335 0.377965 0.377965 0.377965
88200 2.887335 2.887335 2.887335 0.377965 0.377965 0.377965
88300 2.887335 2.887335 2.887335 0.377965 0.377965 0.377965
88400 2.887335 2.887335 2.887335 0.377965 0.377965 0.377965
88500 2.887335 2.887335 2.887335 0.377965 0.377965 0.377965
88600 2.887335 2.887335 2.887335 0.377965 0.377965 0.377965
88700 2.887335 2.887335 2.887335 0.377965 0.377965 0.377965
88800 2.887335 2.887335 2.887335 0.377965 0.377965 0.377965
88900 2.887335 2.887335 2.887335 0.377965 0.377965 0.377965
89000 2.887335 2.887335 2.887335 0.377965 0.377965 0.377965
89100 2.887335 2.887335 2.887335 0.377965 0.377965 0.377965
89200 2.887335 2.887335 2.887335 0.377965 0.377965 0.377965
89300 2.887335 2.887335 2.887335 0.377965 0.377965 0.377965
89400 2.887335 2.887335 2.887335 0.377965 0.377965 0.377965
89500 2.887335 2.887335 2.887335 0.377965 0.377965 0.377965
89600 2.887335 2.887335 2.887335 0.377965 0.377965 0.377965
89700 2.887335 2.887335 2.887335 0.377965 0.377965 0.377965
89800 2.887335 2.887335 2.887335 0.377965 0.377965 0.377965
89900 2.887335 2.887335 2.887335 0.377965 0.377965 0.377965
90000 2.887335 2.887335 2.887335 0.377965 0.377965 0.377965
90100 2.887335 2.887335 2.887335 0.377965 0.377965 0.377965
90200 2.887335 2.887335 2.887335 0.377965 0.377965 0.377965
90300 2.887335 2.887335 2.887335 0.377965 0.377965 0.377965
90400 2.887335 2.887335 2.887335 0.377965 0.377965 0.377965
90500 2.887335 2.887335 2.887335 0.377965 0.377965 0.377965
90600 2.887335 2.887335 2.887335 0.377965 0.377965 0.377965
90700 2.887335 2.887335 2.887335 0.377965 0.377965 0.377965
90800 2.887335 2.887335 2.887335 0.377965 0.377965 0.377965
90900 2.887335 2.887335 2.887335 0.377965 0.377965 0.377965
91000 2.887335 2.887335 2.887335 0.377965 0.377965 0.377965
91100 2.887335 2.887335 2.887335 0.377965 0.377965 0.377965
91200 2.887335 2.887335 2.887335 0.377965 0.377965 0.377965
91300 2.887335 2.887335 2.887335 0.377965 0.377965 0.377965
91400 2.887335 2.887335 2.887335 0.377965 0.377965 0.377965
91500 2.887335 2.887335 2.887335 0.377965 0.377965 0.377965
91600 2.887335 2.887335 2.887335 0.377965 0.377965 0.377965
91700 2.887335 2.887335 2.887335 0.377965 0.377965 0.377965
91800 2.887335 2.887335 2.887335 0.377965 0.377965 0.377965
91900 2.887335 2.887335 2.887335 0.377965 0.377965 0.377965
92000 2.887335 2.887335 2.887335 0.377965 0.377965 0.377965
92100 2.887335 2.887335 2.887335 0.377965 0.377965 0.377965
92200 2.887335 2.887335 2.887335 0.377965 0.377965 0.377965
92300 2.887335 2.887335 2.887335 0.377965 0.377965 0.377965
92400 2.887335 2.887335 2.887335 0.377965 0.377965 0.377965
92500 2.887335 2.887335 2.887335 0.377965 0.377965 0.377965
92600 2.887335 2.887335 2.887335 0.377965 0.377965 0.377965
92700 2.887335 2.887335 2.887335 0.377965 0.377965 0.377965
92800 2.887335 2.887335 2.887335 0.377965 0.377965 0.377965
92900 2.887335 2.887335 2.887335 0.377965 0.377965 0.377965
93000 2.887335 2.887335 2.887335 0.377965 0.377965 0.377965
93100 2.887335 2.887335 2.887335 0.377965 0.377965 0.377965
93200 2.887335 2.887335 2.887335 0.377965 0.377965 0.377965
93300 2.887335 2.887335 2.887335 0.377965 0.377965 0.377965
93400 2.887335 2.887335 2.887335 0.377965 0.377965 0.377965
93500 2.887335 2.887335 2.887335 0.377965 0.377965 0.377965
93600 2.887335 2.887335 2.887335 0.377965 0.377965 0.377965
93700 2.887335 2.887335 2.887335 0.377965 0.377965 0.377965
93800 2.887335 2.887335 2.887335 0.377965 0.377965 0.377965
93900 2.887335 2.887335 2.887335 0.377965 0.377965 0.377965
94000 2.887335 2.887335 2.887335 0.377965 0.377965 0.377965
94100 2.887335 2.887335 2.887335 0.377965 0.377965 0.377965
94200 2.887335 2.887335 2.887335 0.377965 0.377965 0.377965
94300 2.887335 2.887335 2.887335 0.377965 0.377965 0.377965
94400 2.887335 2.887335 2.887335 0.377965 0.377965 0.377965
94500 2.887335 2.887335 2.887335 0.377965 0.377965 0.377965
94600 2.887335 2.887335 2.887335 0.377965 0.377965 0.377965
94700 2.887335 2.887335 2.887335 0.377965 0.377965 0.377965
94800 2.887335 2.887335 2.887335 0.377965 0.377965 0.377965
94900 2.887335 2.887335 2.887335 0.377965 0.377965 0.377965
95000 2.887335 2.887335 2.887335 0.377965 0.377965 0.377965
95100 2.887335 2.887335 2.887335 0.377965 0.377965 0.377965
95200 2.887335 2.887335 2.887335 0.377965 0.377965 0.377965
95300 2.887335 2.887335 2.887335 0.377965 0.377965 0.377965
95400 2.887335 2.887335 2.887335 0.377965 0.377965 0.377965
95500 2.887335 2.887335 2.887335 0.377965 0.377965 0.377965
95600 2.887335 2.887335 2.887335 0.377965 0.377965 0.377965
95700 2.887335 2.887335 2.887335 0.377965 0.377965 0.377965
95800 2.887335 2.887335 2.887335 0.377965 0.377965 0.377965
95900 2.887335 2.887335 2.887335 0.377965 0.377965 0.377965
96000 2.887335 2.887335 2.887335 0.377965 0.377965 0.377965
96100 2.887335 2.887335 2.887335 0.377965 0.377965 0.377965
96200 2.887335 2.887335 2.887335 0.377965 0.377965 0.377965
96300 2.887335 2.887335 2.887335 0.377965 0.377965 0.377965
96400 2.887335 2.887335 2.887335 0.377965 0.377965 0.377965
96500 2.887335 2.887335 2.887335 0.377965 0.377965 0.377965
96600 2.887335 2.887335 2.887335 0.377965 0.377965 0.377965
96700 2.887335 2.887335 2.887335 0.377965 0.377965 0.377965
96800 2.887335 2.887335 2.887335 0.377965 0.377965 0.377965
96900 2.887335 2.887335 2.887335 0.377965 0.377965 0.377965
97000 2.887335 2.887335 2.887335 0.377965 0.377965 0.377965
97100 2.887335 2.887335 2.887335 0.377965 0.377965 0.377965
97200 2.887335 2.887335 2.887335 0.377965 0.377965 0.377965
97300 2.887335 2.887335 2.887335 0.377965 0.377965 0.377965
97400 2.887335 2.887335 2.887335 0.377965 0.377965 0.377965
97500 2.887335 2.887335 2.887335 0.377965 0.377965 0.377965
97600 2.887335 2.887335 2.887335 0.377965 0.377965 0.377965
97700 2.887335 2.887335 2.887335 0.377965 0.377965 0.377965
97800 2.887335 2.887335 2.887335 0.377965 0.377965 0.377965
97900 2.887335 2.887335 2.887335 0.377965 0.377965 0.377965
98000 2.887335 2.887335 2.887335 0.377965 0.377965 0.377965
98100 2.887335 2.887335 2.887335 0.377965 0.377965 0.377965
98200 2.887335 2.887335 2.887335 0.377965 0.377965 0.377965
98300 2.887335 2.887335 2.887335 0.377965 0.377965 0.377965
98400 2.887335 2.887335 2.887335 0.377965 0.377965 0.377965
98500 2.887335 2.887335 2.887335 0.377965 0.377965 0.377965
98600 2.887335 2.887335 2.887335 0.377965 0.377965 0.377965
98700 2.887335 2.887335 2.887335 0.377965 0.377965 0.377965
98800 2.887335 2.887335 2.887335 0.377965 0.377965 0.377965
98900 2.887335 2.887335 2.887335 0.377965 0.377965 0.377965
99000 2.887335 2.887335 2.887335 0.377965 0.377965 0.377965
99100 2.887335 2.887335 2.887335 0.377965 0.377965 0.377965
99200 2.887335 2.887335 2.887335 0.377965 0.377965 0.377965
99300 2.887335 2.887335 2.887335 0.377965 0.377965 0.377965
99400 2.887335 2.887335 2.887335 0.377965 0.377965 0.377965
99500 2.887335 2.887335 2.887335 0.377965 0.377965 0.377965
99600 2.887335 2.887335 2.887335 0.377965 0.377965 0.377965
99700 2.887335 2.887335 2.887335 0.377965 0.377965 0.377965
99800 2.887335 2.887335 2.887335 0.377965 0.377965 0.377965
99900 2.887335 2.887335 2.887335 0.377965 0.377965 0.377965
100000 2.887335 2.887335 2.887335 0.377965 0.377965 0.377965
