# generation power_min power_avg power_max util_min util_avg util_max
1 15.591239 11.532403 15.591239 0.348100 0.994150 1.496000
100 9.638635 9.058353 9.638635 0.867800 0.984074 1.150600
200 8.348455 8.348455 8.348455 1.015300 1.015365 1.016000
300 8.348455 8.348455 8.348455 1.015300 1.015300 1.015300
400 8.348455 8.348455 8.348455 1.015300 1.015300 1.015300
500 8.348455 8.348455 8.348455 1.015300 1.015300 1.015300
600 8.348455 8.348455 8.348455 1.015300 1.015300 1.015300
700 8.348455 8.348455 8.348455 1.015300 1.015300 1.015300
800 8.348455 8.348455 8.348455 1.015300 1.015300 1.015300
900 8.348455 8.348455 8.348455 1.015300 1.015300 1.015300
1000 8.348455 8.348455 8.348455 1.015300 1.015300 1.015300
1100 8.348455 8.348455 8.348455 1.015300 1.015300 1.015300
1200 8.348455 8.348455 8.348455 1.015300 1.015300 1.015300
1300 8.348455 8.348455 8.348455 1.015300 1.015300 1.015300
1400 8.348455 8.348455 8.348455 1.015300 1.015300 1.015300
1500 8.348455 8.348455 8.348455 1.015300 1.015300 1.015300
1600 8.348455 8.348455 8.348455 1.015300 1.015300 1.015300
1700 8.348455 8.348455 8.348455 1.015300 1.015300 1.015300
1800 8.348455 8.348455 8.348455 1.015300 1.015300 1.015300
1900 8.348455 8.348455 8.348455 1.015300 1.015300 1.015300
2000 8.348455 8.348455 8.348455 1.015300 1.015300 1.015300
2100 8.348455 8.348455 8.348455 1.015300 1.015300 1.015300
2200 8.348455 8.348455 8.348455 1.015300 1.015300 1.015300
2300 8.348455 8.348455 8.348455 1.015300 1.015300 1.015300
2400 8.348455 8.348455 8.348455 1.015300 1.015300 1.015300
2500 8.348455 8.348455 8.348455 1.015300 1.015300 1.015300
2600 8.348455 8.348455 8.348455 1.015300 1.015300 1.015300
2700 8.348455 8.348455 8.348455 1.015300 1.015300 1.015300
2800 8.348455 8.348455 8.348455 1.015300 1.015300 1.015300
2900 8.348455 8.348455 8.348455 1.015300 1.015300 1.015300
3000 8.348455 8.348455 8.348455 1.015300 1.015300 1.015300
3100 8.348455 8.348455 8.348455 1.015300 1.015300 1.015300
3200 8.348455 8.348455 8.348455 1.015300 1.015300 1.015300
3300 8.348455 8.348455 8.348455 1.015300 1.015300 1.015300
3400 8.348455 8.348455 8.348455 1.015300 1.015300 1.015300
3500 8.348455 8.348455 8.348455 1.015300 1.015300 1.015300
3600 8.348455 8.348455 8.348455 1.015300 1.015300 1.015300
3700 8.348455 8.348455 8.348455 1.015300 1.015300 1.015300
3800 8.348455 8.348455 8.348455 1.015300 1.015300 1.015300
3900 8.348455 8.348455 8.348455 1.015300 1.015300 1.015300
4000 8.348455 8.348455 8.348455 1.015300 1.015300 1.015300
4100 8.348455 8.348455 8.348455 1.015300 1.015300 1.015300
4200 8.348455 8.348455 8.348455 1.015300 1.015300 1.015300
4300 8.348455 8.348455 8.348455 1.015300 1.015300 1.015300
4400 8.348455 8.348455 8.348455 1.015300 1.015300 1.015300
4500 8.348455 8.348455 8.348455 1.015300 1.015300 1.015300
4600 8.348455 8.348455 8.348455 1.015300 1.015300 1.015300
4700 8.348455 8.348455 8.348455 1.015300 1.015300 1.015300
4800 8.348455 8.348455 8.348455 1.015300 1.015300 1.015300
4900 8.348455 8.348455 8.348455 1.015300 1.015300 1.015300
5000 8.348455 8.348455 8.348455 1.015300 1.015300 1.015300
5100 8.348455 8.348455 8.348455 1.015300 1.015300 1.015300
5200 8.348455 8.348455 8.348455 1.015300 1.015300 1.015300
5300 8.348455 8.348455 8.348455 1.015300 1.015300 1.015300
5400 8.348455 8.348455 8.348455 1.015300 1.015300 1.015300
5500 8.348455 8.348455 8.348455 1.015300 1.015300 1.015300
5600 8.348455 8.348455 8.348455 1.015300 1.015300 1.015300
5700 8.348455 8.348455 8.348455 1.015300 1.015300 1.015300
5800 8.348455 8.348455 8.348455 1.015300 1.015300 1.015300
5900 8.348455 8.348455 8.348455 1.015300 1.015300 1.015300
6000 8.348455 8.348455 8.348455 1.015300 1.015300 1.015300
6100 8.348455 8.348455 8.348455 1.015300 1.015300 1.015300
6200 8.348455 8.348455 8.348455 1.015300 1.015300 1.015300
6300 8.348455 8.348455 8.348455 1.015300 1.015300 1.015300
6400 8.348455 8.348455 8.348455 1.015300 1.015300 1.015300
6500 8.348455 8.348455 8.348455 1.015300 1.015300 1.015300
6600 8.348455 8.348455 8.348455 1.015300 1.015300 1.015300
6700 8.348455 8.348455 8.348455 1.015300 1.015300 1.015300
6800 8.348455 8.348455 8.348455 1.015300 1.015300 1.015300
6900 8.348455 8.348455 8.348455 1.015300 1.015300 1.015300
7000 8.348455 8.348455 8.348455 1.015300 1.015300 1.015300
7100 8.348455 8.348455 8.348455 1.015300 1.015300 1.015300
7200 8.348455 8.348455 8.348455 1.015300 1.015300 1.015300
7300 8.348455 8.348455 8.348455 1.015300 1.015300 1.015300
7400 8.348455 8.348455 8.348455 1.015300 1.015300 1.015300
7500 8.348455 8.348455 8.348455 1.015300 1.015300 1.015300
7600 8.348455 8.348455 8.348455 1.015300 1.015300 1.015300
7700 8.348455 8.348455 8.348455 1.015300 1.015300 1.015300
7800 8.348455 8.348455 8.348455 1.015300 1.015300 1.015300
7900 8.348455 8.348455 8.348455 1.015300 1.015300 1.015300
8000 8.348455 8.348455 8.348455 1.015300 1.015300 1.015300
8100 8.348455 8.348455 8.348455 1.015300 1.015300 1.015300
8200 8.348455 8.348455 8.348455 1.015300 1.015300 1.015300
8300 8.348455 8.348455 8.348455 1.015300 1.015300 1.015300
8400 8.348455 8.348455 8.348455 1.015300 1.015300 1.015300
8500 8.348455 8.348455 8.348455 1.015300 1.015300 1.015300
8600 8.348455 8.348455 8.348455 1.015300 1.015300 1.015300
8700 8.348455 8.348455 8.348455 1.015300 1.015300 1.015300
8800 8.348455 8.348455 8.348455 1.015300 1.015300 1.015300
8900 8.348455 8.348455 8.348455 1.015300 1.015300 1.015300
9000 8.348455 8.348455 8.348455 1.015300 1.015300 1.015300
9100 8.348455 8.348455 8.348455 1.015300 1.015300 1.015300
9200 8.348455 8.348455 8.348455 1.015300 1.015300 1.015300
9300 8.348455 8.348455 8.348455 1.015300 1.015300 1.015300
9400 8.348455 8.348455 8.348455 1.015300 1.015300 1.015300
9500 8.348455 8.348455 8.348455 1.015300 1.015300 1.015300
9600 8.348455 8.348455 8.348455 1.015300 1.015300 1.015300
9700 8.348455 8.348455 8.348455 1.015300 1.015300 1.015300
9800 8.348455 8.348455 8.348455 1.015300 1.015300 1.015300
9900 8.348455 8.348455 8.348455 1.015300 1.015300 1.015300
10000 8.348455 8.348455 8.348455 1.015300 1.015300 1.015300
10100 8.348455 8.348455 8.348455 1.015300 1.015300 1.015300
10200 8.348455 8.348455 8.348455 1.015300 1.015300 1.015300
10300 8.348455 8.348455 8.348455 1.015300 1.015300 1.015300
10400 8.348455 8.348455 8.348455 1.015300 1.015300 1.015300
10500 8.348455 8.348455 8.348455 1.015300 1.015300 1.015300
10600 8.348455 8.348455 8.348455 1.015300 1.015300 1.015300
10700 8.348455 8.348455 8.348455 1.015300 1.015300 1.015300
10800 8.348455 8.348455 8.348455 1.015300 1.015300 1.015300
10900 8.348455 8.348455 8.348455 1.015300 1.015300 1.015300
11000 8.348455 8.348455 8.348455 1.015300 1.015300 1.015300
11100 8.348455 8.348455 8.348455 1.015300 1.015300 1.015300
11200 8.348455 8.348455 8.348455 1.015300 1.015300 1.015300
11300 8.348455 8.348455 8.348455 1.015300 1.015300 1.015300
11400 8.348455 8.348455 8.348455 1.015300 1.015300 1.015300
11500 8.348455 8.348455 8.348455 1.015300 1.015300 1.015300
11600 8.348455 8.348455 8.348455 1.015300 1.015300 1.015300
11700 8.348455 8.348455 8.348455 1.015300 1.015300 1.015300
11800 8.348455 8.348455 8.348455 1.015300 1.015300 1.015300
11900 8.348455 8.348455 8.348455 1.015300 1.015300 1.015300
12000 8.348455 8.348455 8.348455 1.015300 1.015300 1.015300
12100 8.348455 8.348455 8.348455 1.015300 1.015300 1.015300
12200 8.348455 8.348455 8.348455 1.015300 1.015300 1.015300
12300 8.348455 8.348455 8.348455 1.015300 1.015300 1.015300
12400 8.348455 8.348455 8.348455 1.015300 1.015300 1.015300
12500 8.348455 8.348455 8.348455 1.015300 1.015300 1.015300
12600 8.348455 8.348455 8.348455 1.015300 1.015300 1.015300
12700 8.348455 8.348455 8.348455 1.015300 1.015300 1.015300
12800 8.348455 8.348455 8.348455 1.015300 1.015300 1.015300
12900 8.348455 8.348455 8.348455 1.015300 1.015300 1.015300
13000 8.348455 8.348455 8.348455 1.015300 1.015300 1.015300
13100 8.348455 8.348455 8.348455 1.015300 1.015300 1.015300
13200 8.348455 8.348455 8.348455 1.015300 1.015300 1.015300
13300 8.348455 8.348455 8.348455 1.015300 1.015300 1.015300
13400 8.348455 8.348455 8.348455 1.015300 1.015300 1.015300
13500 8.348455 8.348455 8.348455 1.015300 1.015300 1.015300
13600 8.348455 8.348455 8.348455 1.015300 1.015300 1.015300
13700 8.348455 8.348455 8.348455 1.015300 1.015300 1.015300
13800 8.348455 8.348455 8.348455 1.015300 1.015300 1.015300
13900 8.348455 8.348455 8.348455 1.015300 1.015300 1.015300
14000 8.348455 8.348455 8.348455 1.015300 1.015300 1.015300
14100 8.348455 8.348455 8.348455 1.015300 1.015300 1.015300
14200 8.348455 8.348455 8.348455 1.015300 1.015300 1.015300
14300 8.348455 8.348455 8.348455 1.015300 1.015300 1.015300
14400 8.348455 8.348455 8.348455 1.015300 1.015300 1.015300
14500 8.348455 8.348455 8.348455 1.015300 1.015300 1.015300
14600 8.348455 8.348455 8.348455 1.015300 1.015300 1.015300
14700 8.348455 8.348455 8.348455 1.015300 1.015300 1.015300
14800 8.348455 8.348455 8.348455 1.015300 1.015300 1.015300
14900 8.348455 8.348455 8.348455 1.015300 1.015300 1.015300
15000 8.348455 8.348455 8.348455 1.015300 1.015300 1.015300
15100 8.348455 8.348455 8.348455 1.015300 1.015300 1.015300
15200 8.348455 8.348455 8.348455 1.015300 1.015300 1.015300
15300 8.348455 8.348455 8.348455 1.015300 1.015300 1.015300
15400 8.348455 8.348455 8.348455 1.015300 1.015300 1.015300
15500 8.348455 8.348455 8.348455 1.015300 1.015300 1.015300
15600 8.348455 8.348455 8.348455 1.015300 1.015300 1.015300
15700 8.348455 8.348455 8.348455 1.015300 1.015300 1.015300
15800 8.348455 8.348455 8.348455 1.015300 1.015300 1.015300
15900 8.348455 8.348455 8.348455 1.015300 1.015300 1.015300
16000 8.348455 8.348455 8.348455 1.015300 1.015300 1.015300
16100 8.348455 8.348455 8.348455 1.015300 1.015300 1.015300
16200 8.348455 8.348455 8.348455 1.015300 1.015300 1.015300
16300 8.348455 8.348455 8.348455 1.015300 1.015300 1.015300
16400 8.348455 8.348455 8.348455 1.015300 1.015300 1.015300
16500 8.348455 8.348455 8.348455 1.015300 1.015300 1.015300
16600 8.348455 8.348455 8.348455 1.015300 1.015300 1.015300
16700 8.348455 8.348455 8.348455 1.015300 1.015300 1.015300
16800 8.348455 8.348455 8.348455 1.015300 1.015300 1.015300
16900 8.348455 8.348455 8.348455 1.015300 1.015300 1.015300
17000 8.348455 8.348455 8.348455 1.015300 1.015300 1.015300
17100 8.348455 8.348455 8.348455 1.015300 1.015300 1.015300
17200 8.348455 8.348455 8.348455 1.015300 1.015300 1.015300
17300 8.348455 8.348455 8.348455 1.015300 1.015300 1.015300
17400 8.348455 8.348455 8.348455 1.015300 1.015300 1.015300
17500 8.348455 8.348455 8.348455 1.015300 1.015300 1.015300
17600 8.348455 8.348455 8.348455 1.015300 1.015300 1.015300
17700 8.348455 8.348455 8.348455 1.015300 1.015300 1.015300
17800 8.348455 8.348455 8.348455 1.015300 1.015300 1.015300
17900 8.348455 8.348455 8.348455 1.015300 1.015300 1.015300
18000 8.348455 8.348455 8.348455 1.015300 1.015300 1.015300
18100 8.348455 8.348455 8.348455 1.015300 1.015300 1.015300
18200 8.348455 8.348455 8.348455 1.015300 1.015300 1.015300
18300 8.348455 8.348455 8.348455 1.015300 1.015300 1.015300
18400 8.348455 8.348455 8.348455 1.015300 1.015300 1.015300
18500 8.348455 8.348455 8.348455 1.015300 1.015300 1.015300
18600 8.348455 8.348455 8.348455 1.015300 1.015300 1.015300
18700 8.348455 8.348455 8.348455 1.015300 1.015300 1.015300
18800 8.348455 8.348455 8.348455 1.015300 1.015300 1.015300
18900 8.348455 8.348455 8.348455 1.015300 1.015300 1.015300
19000 8.348455 8.348455 8.348455 1.015300 1.015300 1.015300
19100 8.348455 8.348455 8.348455 1.015300 1.015300 1.015300
19200 8.348455 8.348455 8.348455 1.015300 1.015300 1.015300
19300 8.348455 8.348455 8.348455 1.015300 1.015300 1.015300
19400 8.348455 8.348455 8.348455 1.015300 1.015300 1.015300
19500 8.348455 8.348455 8.348455 1.015300 1.015300 1.015300
19600 8.348455 8.348455 8.348455 1.015300 1.015300 1.015300
19700 8.348455 8.348455 8.348455 1.015300 1.015300 1.015300
19800 8.348455 8.348455 8.348455 1.015300 1.015300 1.015300
19900 8.348455 8.348455 8.348455 1.015300 1.015300 1.015300
20000 8.348455 8.348455 8.348455 1.015300 1.015300 1.015300
20100 8.348455 8.348455 8.348455 1.015300 1.015300 1.015300
20200 8.348455 8.348455 8.348455 1.015300 1.015300 1.015300
20300 8.348455 8.348455 8.348455 1.015300 1.015300 1.015300
20400 8.348455 8.348455 8.348455 1.015300 1.015300 1.015300
20500 8.348455 8.348455 8.348455 1.015300 1.015300 1.015300
20600 8.348455 8.348455 8.348455 1.015300 1.015300 1.015300
20700 8.348455 8.348455 8.348455 1.015300 1.015300 1.015300
20800 8.348455 8.348455 8.348455 1.015300 1.015300 1.015300
20900 8.348455 8.348455 8.348455 1.015300 1.015300 1.015300
21000 8.348455 8.348455 8.348455 1.015300 1.015300 1.015300
21100 8.348455 8.348455 8.348455 1.015300 1.015300 1.015300
21200 8.348455 8.348455 8.348455 1.015300 1.015300 1.015300
21300 8.348455 8.348455 8.348455 1.015300 1.015300 1.015300
21400 8.348455 8.348455 8.348455 1.015300 1.015300 1.015300
21500 8.348455 8.348455 8.348455 1.015300 1.015300 1.015300
21600 8.348455 8.348455 8.348455 1.015300 1.015300 1.015300
21700 8.348455 8.348455 8.348455 1.015300 1.015300 1.015300
21800 8.348455 8.348455 8.348455 1.015300 1.015300 1.015300
21900 8.348455 8.348455 8.348455 1.015300 1.015300 1.015300
22000 8.348455 8.348455 8.348455 1.015300 1.015300 1.015300
22100 8.348455 8.348455 8.348455 1.015300 1.015300 1.015300
22200 8.348455 8.348455 8.348455 1.015300 1.015300 1.015300
22300 8.348455 8.348455 8.348455 1.015300 1.015300 1.015300
22400 8.348455 8.348455 8.348455 1.015300 1.015300 1.015300
22500 8.348455 8.348455 8.348455 1.015300 1.015300 1.015300
22600 8.348455 8.348455 8.348455 1.015300 1.015300 1.015300
22700 8.348455 8.348455 8.348455 1.015300 1.015300 1.015300
22800 8.348455 8.348455 8.348455 1.015300 1.015300 1.015300
22900 8.348455 8.348455 8.348455 1.015300 1.015300 1.015300
23000 8.348455 8.348455 8.348455 1.015300 1.015300 1.015300
23100 8.348455 8.348455 8.348455 1.015300 1.015300 1.015300
23200 8.348455 8.348455 8.348455 1.015300 1.015300 1.015300
23300 8.348455 8.348455 8.348455 1.015300 1.015300 1.015300
23400 8.348455 8.348455 8.348455 1.015300 1.015300 1.015300
23500 8.348455 8.348455 8.348455 1.015300 1.015300 1.015300
23600 8.348455 8.348455 8.348455 1.015300 1.015300 1.015300
23700 8.348455 8.348455 8.348455 1.015300 1.015300 1.015300
23800 8.348455 8.348455 8.348455 1.015300 1.015300 1.015300
23900 8.348455 8.348455 8.348455 1.015300 1.015300 1.015300
24000 8.348455 8.348455 8.348455 1.015300 1.015300 1.015300
24100 8.348455 8.348455 8.348455 1.015300 1.015300 1.015300
24200 8.348455 8.348455 8.348455 1.015300 1.015300 1.015300
24300 8.348455 8.348455 8.348455 1.015300 1.015300 1.015300
24400 8.348455 8.348455 8.348455 1.015300 1.015300 1.015300
24500 8.348455 8.348455 8.348455 1.015300 1.015300 1.015300
24600 8.348455 8.348455 8.348455 1.015300 1.015300 1.015300
24700 8.348455 8.348455 8.348455 1.015300 1.015300 1.015300
24800 8.348455 8.348455 8.348455 1.015300 1.015300 1.015300
24900 8.348455 8.348455 8.348455 1.015300 1.015300 1.015300
25000 8.348455 8.348455 8.348455 1.015300 1.015300 1.015300
25100 8.348455 8.348455 8.348455 1.015300 1.015300 1.015300
25200 8.348455 8.348455 8.348455 1.015300 1.015300 1.015300
25300 8.348455 8.348455 8.348455 1.015300 1.015300 1.015300
25400 8.348455 8.348455 8.348455 1.015300 1.015300 1.015300
25500 8.348455 8.348455 8.348455 1.015300 1.015300 1.015300
25600 8.348455 8.348455 8.348455 1.015300 1.015300 1.015300
25700 8.348455 8.348455 8.348455 1.015300 1.015300 1.015300
25800 8.348455 8.348455 8.348455 1.015300 1.015300 1.015300
25900 8.348455 8.348455 8.348455 1.015300 1.015300 1.015300
26000 8.348455 8.348455 8.348455 1.015300 1.015300 1.015300
26100 8.348455 8.348455 8.348455 1.015300 1.015300 1.015300
26200 8.348455 8.348455 8.348455 1.015300 1.015300 1.015300
26300 8.348455 8.348455 8.348455 1.015300 1.015300 1.015300
26400 8.348455 8.348455 8.348455 1.015300 1.015300 1.015300
26500 8.348455 8.348455 8.348455 1.015300 1.015300 1.015300
26600 8.348455 8.348455 8.348455 1.015300 1.015300 1.015300
26700 8.348455 8.348455 8.348455 1.015300 1.015300 1.015300
26800 8.348455 8.348455 8.348455 1.015300 1.015300 1.015300
26900 8.348455 8.348455 8.348455 1.015300 1.015300 1.015300
27000 8.348455 8.348455 8.348455 1.015300 1.015300 1.015300
27100 8.348455 8.348455 8.348455 1.015300 1.015300 1.015300
27200 8.348455 8.348455 8.348455 1.015300 1.015300 1.015300
27300 8.348455 8.348455 8.348455 1.015300 1.015300 1.015300
27400 8.348455 8.348455 8.348455 1.015300 1.015300 1.015300
27500 8.348455 8.348455 8.348455 1.015300 1.015300 1.015300
27600 8.348455 8.348455 8.348455 1.015300 1.015300 1.015300
27700 8.348455 8.348455 8.348455 1.015300 1.015300 1.015300
27800 8.348455 8.348455 8.348455 1.015300 1.015300 1.015300
27900 8.348455 8.348455 8.348455 1.015300 1.015300 1.015300
28000 8.348455 8.348455 8.348455 1.015300 1.015300 1.015300
28100 8.348455 8.348455 8.348455 1.015300 1.015300 1.015300
28200 8.348455 8.348455 8.348455 1.015300 1.015300 1.015300
28300 8.348455 8.348455 8.348455 1.015300 1.015300 1.015300
28400 8.348455 8.348455 8.348455 1.015300 1.015300 1.015300
28500 8.348455 8.348455 8.348455 1.015300 1.015300 1.015300
28600 8.348455 8.348455 8.348455 1.015300 1.015300 1.015300
28700 8.348455 8.348455 8.348455 1.015300 1.015300 1.015300
28800 8.348455 8.348455 8.348455 1.015300 1.015300 1.015300
28900 8.348455 8.348455 8.348455 1.015300 1.015300 1.015300
29000 8.348455 8.348455 8.348455 1.015300 1.015300 1.015300
29100 8.348455 8.348455 8.348455 1.015300 1.015300 1.015300
29200 8.348455 8.348455 8.348455 1.015300 1.015300 1.015300
29300 8.348455 8.348455 8.348455 1.015300 1.015300 1.015300
29400 8.348455 8.348455 8.348455 1.015300 1.015300 1.015300
29500 8.348455 8.348455 8.348455 1.015300 1.015300 1.015300
29600 8.348455 8.348455 8.348455 1.015300 1.015300 1.015300
29700 8.348455 8.348455 8.348455 1.015300 1.015300 1.015300
29800 8.348455 8.348455 8.348455 1.015300 1.015300 1.015300
29900 8.348455 8.348455 8.348455 1.015300 1.015300 1.015300
30000 8.348455 8.348455 8.348455 1.015300 1.015300 1.015300
30100 8.348455 8.348455 8.348455 1.015300 1.015300 1.015300
30200 8.348455 8.348455 8.348455 1.015300 1.015300 1.015300
30300 8.348455 8.348455 8.348455 1.015300 1.015300 1.015300
30400 8.348455 8.348455 8.348455 1.015300 1.015300 1.015300
30500 8.348455 8.348455 8.348455 1.015300 1.015300 1.015300
30600 8.348455 8.348455 8.348455 1.015300 1.015300 1.015300
30700 8.348455 8.348455 8.348455 1.015300 1.015300 1.015300
30800 8.348455 8.348455 8.348455 1.015300 1.015300 1.015300
30900 8.348455 8.348455 8.348455 1.015300 1.015300 1.015300
31000 8.348455 8.348455 8.348455 1.015300 1.015300 1.015300
31100 8.348455 8.348455 8.348455 1.015300 1.015300 1.015300
31200 8.348455 8.348455 8.348455 1.015300 1.015300 1.015300
31300 8.348455 8.348455 8.348455 1.015300 1.015300 1.015300
31400 8.348455 8.348455 8.348455 1.015300 1.015300 1.015300
31500 8.348455 8.348455 8.348455 1.015300 1.015300 1.015300
31600 8.348455 8.348455 8.348455 1.015300 1.015300 1.015300
31700 8.348455 8.348455 8.348455 1.015300 1.015300 1.015300
31800 8.348455 8.348455 8.348455 1.015300 1.015300 1.015300
31900 8.348455 8.348455 8.348455 1.015300 1.015300 1.015300
32000 8.348455 8.348455 8.348455 1.015300 1.015300 1.015300
32100 8.348455 8.348455 8.348455 1.015300 1.015300 1.015300
32200 8.348455 8.348455 8.348455 1.015300 1.015300 1.015300
32300 8.348455 8.348455 8.348455 1.015300 1.015300 1.015300
32400 8.348455 8.348455 8.348455 1.015300 1.015300 1.015300
32500 8.348455 8.348455 8.348455 1.015300 1.015300 1.015300
32600 8.348455 8.348455 8.348455 1.015300 1.015300 1.015300
32700 8.348455 8.348455 8.348455 1.015300 1.015300 1.015300
32800 8.348455 8.348455 8.348455 1.015300 1.015300 1.015300
32900 8.348455 8.348455 8.348455 1.015300 1.015300 1.015300
33000 8.348455 8.348455 8.348455 1.015300 1.015300 1.015300
33100 8.348455 8.348455 8.348455 1.015300 1.015300 1.015300
33200 8.348455 8.348455 8.348455 1.015300 1.015300 1.015300
33300 8.348455 8.348455 8.348455 1.015300 1.015300 1.015300
33400 8.348455 8.348455 8.348455 1.015300 1.015300 1.015300
33500 8.348455 8.348455 8.348455 1.015300 1.015300 1.015300
33600 8.348455 8.348455 8.348455 1.015300 1.015300 1.015300
33700 8.348455 8.348455 8.348455 1.015300 1.015300 1.015300
33800 8.348455 8.348455 8.348455 1.015300 1.015300 1.015300
33900 8.348455 8.348455 8.348455 1.015300 1.015300 1.015300
34000 8.348455 8.348455 8.348455 1.015300 1.015300 1.015300
34100 8.348455 8.348455 8.348455 1.015300 1.015300 1.015300
34200 8.348455 8.348455 8.348455 1.015300 1.015300 1.015300
34300 8.348455 8.348455 8.348455 1.015300 1.015300 1.015300
34400 8.348455 8.348455 8.348455 1.015300 1.015300 1.015300
34500 8.348455 8.348455 8.348455 1.015300 1.015300 1.015300
34600 8.348455 8.348455 8.348455 1.015300 1.015300 1.015300
34700 8.348455 8.348455 8.348455 1.015300 1.015300 1.015300
34800 8.348455 8.348455 8.348455 1.015300 1.015300 1.015300
34900 8.348455 8.348455 8.348455 1.015300 1.015300 1.015300
35000 8.348455 8.348455 8.348455 1.015300 1.015300 1.015300
35100 8.348455 8.348455 8.348455 1.015300 1.015300 1.015300
35200 8.348455 8.348455 8.348455 1.015300 1.015300 1.015300
35300 8.348455 8.348455 8.348455 1.015300 1.015300 1.015300
35400 8.348455 8.348455 8.348455 1.015300 1.015300 1.015300
35500 8.348455 8.348455 8.348455 1.015300 1.015300 1.015300
35600 8.348455 8.348455 8.348455 1.015300 1.015300 1.015300
35700 8.348455 8.348455 8.348455 1.015300 1.015300 1.015300
35800 8.348455 8.348455 8.348455 1.015300 1.015300 1.015300
35900 8.348455 8.348455 8.348455 1.015300 1.015300 1.015300
36000 8.348455 8.348455 8.348455 1.015300 1.015300 1.015300
36100 8.348455 8.348455 8.348455 1.015300 1.015300 1.015300
36200 8.348455 8.348455 8.348455 1.015300 1.015300 1.015300
36300 8.348455 8.348455 8.348455 1.015300 1.015300 1.015300
36400 8.348455 8.348455 8.348455 1.015300 1.015300 1.015300
36500 8.348455 8.348455 8.348455 1.015300 1.015300 1.015300
36600 8.348455 8.348455 8.348455 1.015300 1.015300 1.015300
36700 8.348455 8.348455 8.348455 1.015300 1.015300 1.015300
36800 8.348455 8.348455 8.348455 1.015300 1.015300 1.015300
36900 8.348455 8.348455 8.348455 1.015300 1.015300 1.015300
37000 8.348455 8.348455 8.348455 1.015300 1.015300 1.015300
37100 8.348455 8.348455 8.348455 1.015300 1.015300 1.015300
37200 8.348455 8.348455 8.348455 1.015300 1.015300 1.015300
37300 8.348455 8.348455 8.348455 1.015300 1.015300 1.015300
37400 8.348455 8.348455 8.348455 1.015300 1.015300 1.015300
37500 8.348455 8.348455 8.348455 1.015300 1.015300 1.015300
37600 8.348455 8.348455 8.348455 1.015300 1.015300 1.015300
37700 8.348455 8.348455 8.348455 1.015300 1.015300 1.015300
37800 8.348455 8.348455 8.348455 1.015300 1.015300 1.015300
37900 8.348455 8.348455 8.348455 1.015300 1.015300 1.015300
38000 8.348455 8.348455 8.348455 1.015300 1.015300 1.015300
38100 8.348455 8.348455 8.348455 1.015300 1.015300 1.015300
38200 8.348455 8.348455 8.348455 1.015300 1.015300 1.015300
38300 8.348455 8.348455 8.348455 1.015300 1.015300 1.015300
38400 8.348455 8.348455 8.348455 1.015300 1.015300 1.015300
38500 8.348455 8.348455 8.348455 1.015300 1.015300 1.015300
38600 8.348455 8.348455 8.348455 1.015300 1.015300 1.015300
38700 8.348455 8.348455 8.348455 1.015300 1.015300 1.015300
38800 8.348455 8.348455 8.348455 1.015300 1.015300 1.015300
38900 8.348455 8.348455 8.348455 1.015300 1.015300 1.015300
39000 8.348455 8.348455 8.348455 1.015300 1.015300 1.015300
39100 8.348455 8.348455 8.348455 1.015300 1.015300 1.015300
39200 8.348455 8.348455 8.348455 1.015300 1.015300 1.015300
39300 8.348455 8.348455 8.348455 1.015300 1.015300 1.015300
39400 8.348455 8.348455 8.348455 1.015300 1.015300 1.015300
39500 8.348455 8.348455 8.348455 1.015300 1.015300 1.015300
39600 8.348455 8.348455 8.348455 1.015300 1.015300 1.015300
39700 8.348455 8.348455 8.348455 1.015300 1.015300 1.015300
39800 8.348455 8.348455 8.348455 1.015300 1.015300 1.015300
39900 8.348455 8.348455 8.348455 1.015300 1.015300 1.015300
40000 8.348455 8.348455 8.348455 1.015300 1.015300 1.015300
40100 8.348455 8.348455 8.348455 1.015300 1.015300 1.015300
40200 8.348455 8.348455 8.348455 1.015300 1.015300 1.015300
40300 8.348455 8.348455 8.348455 1.015300 1.015300 1.015300
40400 8.348455 8.348455 8.348455 1.015300 1.015300 1.015300
40500 8.348455 8.348455 8.348455 1.015300 1.015300 1.015300
40600 8.348455 8.348455 8.348455 1.015300 1.015300 1.015300
40700 8.348455 8.348455 8.348455 1.015300 1.015300 1.015300
40800 8.348455 8.348455 8.348455 1.015300 1.015300 1.015300
40900 8.348455 8.348455 8.348455 1.015300 1.015300 1.015300
41000 8.348455 8.348455 8.348455 1.015300 1.015300 1.015300
41100 8.348455 8.348455 8.348455 1.015300 1.015300 1.015300
41200 8.348455 8.348455 8.348455 1.015300 1.015300 1.015300
41300 8.348455 8.348455 8.348455 1.015300 1.015300 1.015300
41400 8.348455 8.348455 8.348455 1.015300 1.015300 1.015300
41500 8.348455 8.348455 8.348455 1.015300 1.015300 1.015300
41600 8.348455 8.348455 8.348455 1.015300 1.015300 1.015300
41700 8.348455 8.348455 8.348455 1.015300 1.015300 1.015300
41800 8.348455 8.348455 8.348455 1.015300 1.015300 1.015300
41900 8.348455 8.348455 8.348455 1.015300 1.015300 1.015300
42000 8.348455 8.348455 8.348455 1.015300 1.015300 1.015300
42100 8.348455 8.348455 8.348455 1.015300 1.015300 1.015300
42200 8.348455 8.348455 8.348455 1.015300 1.015300 1.015300
42300 8.348455 8.348455 8.348455 1.015300 1.015300 1.015300
42400 8.348455 8.348455 8.348455 1.015300 1.015300 1.015300
42500 8.348455 8.348455 8.348455 1.015300 1.015300 1.015300
42600 8.348455 8.348455 8.348455 1.015300 1.015300 1.015300
42700 8.348455 8.348455 8.348455 1.015300 1.015300 1.015300
42800 8.348455 8.348455 8.348455 1.015300 1.015300 1.015300
42900 8.348455 8.348455 8.348455 1.015300 1.015300 1.015300
43000 8.348455 8.348455 8.348455 1.015300 1.015300 1.015300
43100 8.348455 8.348455 8.348455 1.015300 1.015300 1.015300
43200 8.348455 8.348455 8.348455 1.015300 1.015300 1.015300
43300 8.348455 8.348455 8.348455 1.015300 1.015300 1.015300
43400 8.348455 8.348455 8.348455 1.015300 1.015300 1.015300
43500 8.348455 8.348455 8.348455 1.015300 1.015300 1.015300
43600 8.348455 8.348455 8.348455 1.015300 1.015300 1.015300
43700 8.348455 8.348455 8.348455 1.015300 1.015300 1.015300
43800 8.348455 8.348455 8.348455 1.015300 1.015300 1.015300
43900 8.348455 8.348455 8.348455 1.015300 1.015300 1.015300
44000 8.348455 8.348455 8.348455 1.015300 1.015300 1.015300
44100 8.348455 8.348455 8.348455 1.015300 1.015300 1.015300
44200 8.348455 8.348455 8.348455 1.015300 1.015300 1.015300
44300 8.348455 8.348455 8.348455 1.015300 1.015300 1.015300
44400 8.348455 8.348455 8.348455 1.015300 1.015300 1.015300
44500 8.348455 8.348455 8.348455 1.015300 1.015300 1.015300
44600 8.348455 8.348455 8.348455 1.015300 1.015300 1.015300
44700 8.348455 8.348455 8.348455 1.015300 1.015300 1.015300
44800 8.348455 8.348455 8.348455 1.015300 1.015300 1.015300
44900 8.348455 8.348455 8.348455 1.015300 1.015300 1.015300
45000 8.348455 8.348455 8.348455 1.015300 1.015300 1.015300
45100 8.348455 8.348455 8.348455 1.015300 1.015300 1.015300
45200 8.348455 8.348455 8.348455 1.015300 1.015300 1.015300
45300 8.348455 8.348455 8.348455 1.015300 1.015300 1.015300
45400 8.348455 8.348455 8.348455 1.015300 1.015300 1.015300
45500 8.348455 8.348455 8.348455 1.015300 1.015300 1.015300
45600 8.348455 8.348455 8.348455 1.015300 1.015300 1.015300
45700 8.348455 8.348455 8.348455 1.015300 1.015300 1.015300
45800 8.348455 8.348455 8.348455 1.015300 1.015300 1.015300
45900 8.348455 8.348455 8.348455 1.015300 1.015300 1.015300
46000 8.348455 8.348455 8.348455 1.015300 1.015300 1.015300
46100 8.348455 8.348455 8.348455 1.015300 1.015300 1.015300
46200 8.348455 8.348455 8.348455 1.015300 1.015300 1.015300
46300 8.348455 8.348455 8.348455 1.015300 1.015300 1.015300
46400 8.348455 8.348455 8.348455 1.015300 1.015300 1.015300
46500 8.348455 8.348455 8.348455 1.015300 1.015300 1.015300
46600 8.348455 8.348455 8.348455 1.015300 1.015300 1.015300
46700 8.348455 8.348455 8.348455 1.015300 1.015300 1.015300
46800 8.348455 8.348455 8.348455 1.015300 1.015300 1.015300
46900 8.348455 8.348455 8.348455 1.015300 1.015300 1.015300
47000 8.348455 8.348455 8.348455 1.015300 1.015300 1.015300
47100 8.348455 8.348455 8.348455 1.015300 1.015300 1.015300
47200 8.348455 8.348455 8.348455 1.015300 1.015300 1.015300
47300 8.348455 8.348455 8.348455 1.015300 1.015300 1.015300
47400 8.348455 8.348455 8.348455 1.015300 1.015300 1.015300
47500 8.348455 8.348455 8.348455 1.015300 1.015300 1.015300
47600 8.348455 8.348455 8.348455 1.015300 1.015300 1.015300
47700 8.348455 8.348455 8.348455 1.015300 1.015300 1.015300
47800 8.348455 8.348455 8.348455 1.015300 1.015300 1.015300
47900 8.348455 8.348455 8.348455 1.015300 1.015300 1.015300
48000 8.348455 8.348455 8.348455 1.015300 1.015300 1.015300
48100 8.348455 8.348455 8.348455 1.015300 1.015300 1.015300
48200 8.348455 8.348455 8.348455 1.015300 1.015300 1.015300
48300 8.348455 8.348455 8.348455 1.015300 1.015300 1.015300
48400 8.348455 8.348455 8.348455 1.015300 1.015300 1.015300
48500 8.348455 8.348455 8.348455 1.015300 1.015300 1.015300
48600 8.348455 8.348455 8.348455 1.015300 1.015300 1.015300
48700 8.348455 8.348455 8.348455 1.015300 1.015300 1.015300
48800 8.348455 8.348455 8.348455 1.015300 1.015300 1.015300
48900 8.348455 8.348455 8.348455 1.015300 1.015300 1.015300
49000 8.348455 8.348455 8.348455 1.015300 1.015300 1.015300
49100 8.348455 8.348455 8.348455 1.015300 1.015300 1.015300
49200 8.348455 8.348455 8.348455 1.015300 1.015300 1.015300
49300 8.348455 8.348455 8.348455 1.015300 1.015300 1.015300
49400 8.348455 8.348455 8.348455 1.015300 1.015300 1.015300
49500 8.348455 8.348455 8.348455 1.015300 1.015300 1.015300
49600 8.348455 8.348455 8.348455 1.015300 1.015300 1.015300
49700 8.348455 8.348455 8.348455 1.015300 1.015300 1.015300
49800 8.348455 8.348455 8.348455 1.015300 1.015300 1.015300
49900 8.348455 8.348455 8.348455 1.015300 1.015300 1.015300
50000 8.348455 8.348455 8.348455 1.015300 1.015300 1.015300
50100 8.348455 8.348455 8.348455 1.015300 1.015300 1.015300
50200 8.348455 8.348455 8.348455 1.015300 1.015300 1.015300
50300 8.348455 8.348455 8.348455 1.015300 1.015300 1.015300
50400 8.348455 8.348455 8.348455 1.015300 1.015300 1.015300
50500 8.348455 8.348455 8.348455 1.015300 1.015300 1.015300
50600 8.348455 8.348455 8.348455 1.015300 1.015300 1.015300
50700 8.348455 8.348455 8.348455 1.015300 1.015300 1.015300
50800 8.348455 8.348455 8.348455 1.015300 1.015300 1.015300
50900 8.348455 8.348455 8.348455 1.015300 1.015300 1.015300
51000 8.348455 8.348455 8.348455 1.015300 1.015300 1.015300
51100 8.348455 8.348455 8.348455 1.015300 1.015300 1.015300
51200 8.348455 8.348455 8.348455 1.015300 1.015300 1.015300
51300 8.348455 8.348455 8.348455 1.015300 1.015300 1.015300
51400 8.348455 8.348455 8.348455 1.015300 1.015300 1.015300
51500 8.348455 8.348455 8.348455 1.015300 1.015300 1.015300
51600 8.348455 8.348455 8.348455 1.015300 1.015300 1.015300
51700 8.348455 8.348455 8.348455 1.015300 1.015300 1.015300
51800 8.348455 8.348455 8.348455 1.015300 1.015300 1.015300
51900 8.348455 8.348455 8.348455 1.015300 1.015300 1.015300
52000 8.348455 8.348455 8.348455 1.015300 1.015300 1.015300
52100 8.348455 8.348455 8.348455 1.015300 1.015300 1.015300
52200 8.348455 8.348455 8.348455 1.015300 1.015300 1.015300
52300 8.348455 8.348455 8.348455 1.015300 1.015300 1.015300
52400 8.348455 8.348455 8.348455 1.015300 1.015300 1.015300
52500 8.348455 8.348455 8.348455 1.015300 1.015300 1.015300
52600 8.348455 8.348455 8.348455 1.015300 1.015300 1.015300
52700 8.348455 8.348455 8.348455 1.015300 1.015300 1.015300
52800 8.348455 8.348455 8.348455 1.015300 1.015300 1.015300
52900 8.348455 8.348455 8.348455 1.015300 1.015300 1.015300
53000 8.348455 8.348455 8.348455 1.015300 1.015300 1.015300
53100 8.348455 8.348455 8.348455 1.015300 1.015300 1.015300
53200 8.348455 8.348455 8.348455 1.015300 1.015300 1.015300
53300 8.348455 8.348455 8.348455 1.015300 1.015300 1.015300
53400 8.348455 8.348455 8.348455 1.015300 1.015300 1.015300
53500 8.348455 8.348455 8.348455 1.015300 1.015300 1.015300
53600 8.348455 8.348455 8.348455 1.015300 1.015300 1.015300
53700 8.348455 8.348455 8.348455 1.015300 1.015300 1.015300
53800 8.348455 8.348455 8.348455 1.015300 1.015300 1.015300
53900 8.348455 8.348455 8.348455 1.015300 1.015300 1.015300
54000 8.348455 8.348455 8.348455 1.015300 1.015300 1.015300
54100 8.348455 8.348455 8.348455 1.015300 1.015300 1.015300
54200 8.348455 8.348455 8.348455 1.015300 1.015300 1.015300
54300 8.348455 8.348455 8.348455 1.015300 1.015300 1.015300
54400 8.348455 8.348455 8.348455 1.015300 1.015300 1.015300
54500 8.348455 8.348455 8.348455 1.015300 1.015300 1.015300
54600 8.348455 8.348455 8.348455 1.015300 1.015300 1.015300
54700 8.348455 8.348455 8.348455 1.015300 1.015300 1.015300
54800 8.348455 8.348455 8.348455 1.015300 1.015300 1.015300
54900 8.348455 8.348455 8.348455 1.015300 1.015300 1.015300
55000 8.348455 8.348455 8.348455 1.015300 1.015300 1.015300
55100 8.348455 8.348455 8.348455 1.015300 1.015300 1.015300
55200 8.348455 8.348455 8.348455 1.015300 1.015300 1.015300
55300 8.348455 8.348455 8.348455 1.015300 1.015300 1.015300
55400 8.348455 8.348455 8.348455 1.015300 1.015300 1.015300
55500 8.348455 8.348455 8.348455 1.015300 1.015300 1.015300
55600 8.348455 8.348455 8.348455 1.015300 1.015300 1.015300
55700 8.348455 8.348455 8.348455 1.015300 1.015300 1.015300
55800 8.348455 8.348455 8.348455 1.015300 1.015300 1.015300
55900 8.348455 8.348455 8.348455 1.015300 1.015300 1.015300
56000 8.348455 8.348455 8.348455 1.015300 1.015300 1.015300
56100 8.348455 8.348455 8.348455 1.015300 1.015300 1.015300
56200 8.348455 8.348455 8.348455 1.015300 1.015300 1.015300
56300 8.348455 8.348455 8.348455 1.015300 1.015300 1.015300
56400 8.348455 8.348455 8.348455 1.015300 1.015300 1.015300
56500 8.348455 8.348455 8.348455 1.015300 1.015300 1.015300
56600 8.348455 8.348455 8.348455 1.015300 1.015300 1.015300
56700 8.348455 8.348455 8.348455 1.015300 1.015300 1.015300
56800 8.348455 8.348455 8.348455 1.015300 1.015300 1.015300
56900 8.348455 8.348455 8.348455 1.015300 1.015300 1.015300
57000 8.348455 8.348455 8.348455 1.015300 1.015300 1.015300
57100 8.348455 8.348455 8.348455 1.015300 1.015300 1.015300
57200 8.348455 8.348455 8.348455 1.015300 1.015300 1.015300
57300 8.348455 8.348455 8.348455 1.015300 1.015300 1.015300
57400 8.348455 8.348455 8.348455 1.015300 1.015300 1.015300
57500 8.348455 8.348455 8.348455 1.015300 1.015300 1.015300
57600 8.348455 8.348455 8.348455 1.015300 1.015300 1.015300
57700 8.348455 8.348455 8.348455 1.015300 1.015300 1.015300
57800 8.348455 8.348455 8.348455 1.015300 1.015300 1.015300
57900 8.348455 8.348455 8.348455 1.015300 1.015300 1.015300
58000 8.348455 8.348455 8.348455 1.015300 1.015300 1.015300
58100 8.348455 8.348455 8.348455 1.015300 1.015300 1.015300
58200 8.348455 8.348455 8.348455 1.015300 1.015300 1.015300
58300 8.348455 8.348455 8.348455 1.015300 1.015300 1.015300
58400 8.348455 8.348455 8.348455 1.015300 1.015300 1.015300
58500 8.348455 8.348455 8.348455 1.015300 1.015300 1.015300
58600 8.348455 8.348455 8.348455 1.015300 1.015300 1.015300
58700 8.348455 8.348455 8.348455 1.015300 1.015300 1.015300
58800 8.348455 8.348455 8.348455 1.015300 1.015300 1.015300
58900 8.348455 8.348455 8.348455 1.015300 1.015300 1.015300
59000 8.348455 8.348455 8.348455 1.015300 1.015300 1.015300
59100 8.348455 8.348455 8.348455 1.015300 1.015300 1.015300
59200 8.348455 8.348455 8.348455 1.015300 1.015300 1.015300
59300 8.348455 8.348455 8.348455 1.015300 1.015300 1.015300
59400 8.348455 8.348455 8.348455 1.015300 1.015300 1.015300
59500 8.348455 8.348455 8.348455 1.015300 1.015300 1.015300
59600 8.348455 8.348455 8.348455 1.015300 1.015300 1.015300
59700 8.348455 8.348455 8.348455 1.015300 1.015300 1.015300
59800 8.348455 8.348455 8.348455 1.015300 1.015300 1.015300
59900 8.348455 8.348455 8.348455 1.015300 1.015300 1.015300
60000 8.348455 8.348455 8.348455 1.015300 1.015300 1.015300
60100 8.348455 8.348455 8.348455 1.015300 1.015300 1.015300
60200 8.348455 8.348455 8.348455 1.015300 1.015300 1.015300
60300 8.348455 8.348455 8.348455 1.015300 1.015300 1.015300
60400 8.348455 8.348455 8.348455 1.015300 1.015300 1.015300
60500 8.348455 8.348455 8.348455 1.015300 1.015300 1.015300
60600 8.348455 8.348455 8.348455 1.015300 1.015300 1.015300
60700 8.348455 8.348455 8.348455 1.015300 1.015300 1.015300
60800 8.348455 8.348455 8.348455 1.015300 1.015300 1.015300
60900 8.348455 8.348455 8.348455 1.015300 1.015300 1.015300
61000 8.348455 8.348455 8.348455 1.015300 1.015300 1.015300
61100 8.348455 8.348455 8.348455 1.015300 1.015300 1.015300
61200 8.348455 8.348455 8.348455 1.015300 1.015300 1.015300
61300 8.348455 8.348455 8.348455 1.015300 1.015300 1.015300
61400 8.348455 8.348455 8.348455 1.015300 1.015300 1.015300
61500 8.348455 8.348455 8.348455 1.015300 1.015300 1.015300
61600 8.348455 8.348455 8.348455 1.015300 1.015300 1.015300
61700 8.348455 8.348455 8.348455 1.015300 1.015300 1.015300
61800 8.348455 8.348455 8.348455 1.015300 1.015300 1.015300
61900 8.348455 8.348455 8.348455 1.015300 1.015300 1.015300
62000 8.348455 8.348455 8.348455 1.015300 1.015300 1.015300
62100 8.348455 8.348455 8.348455 1.015300 1.015300 1.015300
62200 8.348455 8.348455 8.348455 1.015300 1.015300 1.015300
62300 8.348455 8.348455 8.348455 1.015300 1.015300 1.015300
62400 8.348455 8.348455 8.348455 1.015300 1.015300 1.015300
62500 8.348455 8.348455 8.348455 1.015300 1.015300 1.015300
62600 8.348455 8.348455 8.348455 1.015300 1.015300 1.015300
62700 8.348455 8.348455 8.348455 1.015300 1.015300 1.015300
62800 8.348455 8.348455 8.348455 1.015300 1.015300 1.015300
62900 8.348455 8.348455 8.348455 1.015300 1.015300 1.015300
63000 8.348455 8.348455 8.348455 1.015300 1.015300 1.015300
63100 8.348455 8.348455 8.348455 1.015300 1.015300 1.015300
63200 8.348455 8.348455 8.348455 1.015300 1.015300 1.015300
63300 8.348455 8.348455 8.348455 1.015300 1.015300 1.015300
63400 8.348455 8.348455 8.348455 1.015300 1.015300 1.015300
63500 8.348455 8.348455 8.348455 1.015300 1.015300 1.015300
63600 8.348455 8.348455 8.348455 1.015300 1.015300 1.015300
63700 8.348455 8.348455 8.348455 1.015300 1.015300 1.015300
63800 8.348455 8.348455 8.348455 1.015300 1.015300 1.015300
63900 8.348455 8.348455 8.348455 1.015300 1.015300 1.015300
64000 8.348455 8.348455 8.348455 1.015300 1.015300 1.015300
64100 8.348455 8.348455 8.348455 1.015300 1.015300 1.015300
64200 8.348455 8.348455 8.348455 1.015300 1.015300 1.015300
64300 8.348455 8.348455 8.348455 1.015300 1.015300 1.015300
64400 8.348455 8.348455 8.348455 1.015300 1.015300 1.015300
64500 8.348455 8.348455 8.348455 1.015300 1.015300 1.015300
64600 8.348455 8.348455 8.348455 1.015300 1.015300 1.015300
64700 8.348455 8.348455 8.348455 1.015300 1.015300 1.015300
64800 8.348455 8.348455 8.348455 1.015300 1.015300 1.015300
64900 8.348455 8.348455 8.348455 1.015300 1.015300 1.015300
65000 8.348455 8.348455 8.348455 1.015300 1.015300 1.015300
65100 8.348455 8.348455 8.348455 1.015300 1.015300 1.015300
65200 8.348455 8.348455 8.348455 1.015300 1.015300 1.015300
65300 8.348455 8.348455 8.348455 1.015300 1.015300 1.015300
65400 8.348455 8.348455 8.348455 1.015300 1.015300 1.015300
65500 8.348455 8.348455 8.348455 1.015300 1.015300 1.015300
65600 8.348455 8.348455 8.348455 1.015300 1.015300 1.015300
65700 8.348455 8.348455 8.348455 1.015300 1.015300 1.015300
65800 8.348455 8.348455 8.348455 1.015300 1.015300 1.015300
65900 8.348455 8.348455 8.348455 1.015300 1.015300 1.015300
66000 8.348455 8.348455 8.348455 1.015300 1.015300 1.015300
66100 8.348455 8.348455 8.348455 1.015300 1.015300 1.015300
66200 8.348455 8.348455 8.348455 1.015300 1.015300 1.015300
66300 8.348455 8.348455 8.348455 1.015300 1.015300 1.015300
66400 8.348455 8.348455 8.348455 1.015300 1.015300 1.015300
66500 8.348455 8.348455 8.348455 1.015300 1.015300 1.015300
66600 8.348455 8.348455 8.348455 1.015300 1.015300 1.015300
66700 8.348455 8.348455 8.348455 1.015300 1.015300 1.015300
66800 8.348455 8.348455 8.348455 1.015300 1.015300 1.015300
66900 8.348455 8.348455 8.348455 1.015300 1.015300 1.015300
67000 8.348455 8.348455 8.348455 1.015300 1.015300 1.015300
67100 8.348455 8.348455 8.348455 1.015300 1.015300 1.015300
67200 8.348455 8.348455 8.348455 1.015300 1.015300 1.015300
67300 8.348455 8.348455 8.348455 1.015300 1.015300 1.015300
67400 8.348455 8.348455 8.348455 1.015300 1.015300 1.015300
67500 8.348455 8.348455 8.348455 1.015300 1.015300 1.015300
67600 8.348455 8.348455 8.348455 1.015300 1.015300 1.015300
67700 8.348455 8.348455 8.348455 1.015300 1.015300 1.015300
67800 8.348455 8.348455 8.348455 1.015300 1.015300 1.015300
67900 8.348455 8.348455 8.348455 1.015300 1.015300 1.015300
68000 8.348455 8.348455 8.348455 1.015300 1.015300 1.015300
68100 8.348455 8.348455 8.348455 1.015300 1.015300 1.015300
68200 8.348455 8.348455 8.348455 1.015300 1.015300 1.015300
68300 8.348455 8.348455 8.348455 1.015300 1.015300 1.015300
68400 8.348455 8.348455 8.348455 1.015300 1.015300 1.015300
68500 8.348455 8.348455 8.348455 1.015300 1.015300 1.015300
68600 8.348455 8.348455 8.348455 1.015300 1.015300 1.015300
68700 8.348455 8.348455 8.348455 1.015300 1.015300 1.015300
68800 8.348455 8.348455 8.348455 1.015300 1.015300 1.015300
68900 8.348455 8.348455 8.348455 1.015300 1.015300 1.015300
69000 8.348455 8.348455 8.348455 1.015300 1.015300 1.015300
69100 8.348455 8.348455 8.348455 1.015300 1.015300 1.015300
69200 8.348455 8.348455 8.348455 1.015300 1.015300 1.015300
69300 8.348455 8.348455 8.348455 1.015300 1.015300 1.015300
69400 8.348455 8.348455 8.348455 1.015300 1.015300 1.015300
69500 8.348455 8.348455 8.348455 1.015300 1.015300 1.015300
69600 8.348455 8.348455 8.348455 1.015300 1.015300 1.015300
69700 8.348455 8.348455 8.348455 1.015300 1.015300 1.015300
69800 8.348455 8.348455 8.348455 1.015300 1.015300 1.015300
69900 8.348455 8.348455 8.348455 1.015300 1.015300 1.015300
70000 8.348455 8.348455 8.348455 1.015300 1.015300 1.015300
70100 8.348455 8.348455 8.348455 1.015300 1.015300 1.015300
70200 8.348455 8.348455 8.348455 1.015300 1.015300 1.015300
70300 8.348455 8.348455 8.348455 1.015300 1.015300 1.015300
70400 8.348455 8.348455 8.348455 1.015300 1.015300 1.015300
70500 8.348455 8.348455 8.348455 1.015300 1.015300 1.015300
70600 8.348455 8.348455 8.348455 1.015300 1.015300 1.015300
70700 8.348455 8.348455 8.348455 1.015300 1.015300 1.015300
70800 8.348455 8.348455 8.348455 1.015300 1.015300 1.015300
70900 8.348455 8.348455 8.348455 1.015300 1.015300 1.015300
71000 8.348455 8.348455 8.348455 1.015300 1.015300 1.015300
71100 8.348455 8.348455 8.348455 1.015300 1.015300 1.015300
71200 8.348455 8.348455 8.348455 1.015300 1.015300 1.015300
71300 8.348455 8.348455 8.348455 1.015300 1.015300 1.015300
71400 8.348455 8.348455 8.348455 1.015300 1.015300 1.015300
71500 8.348455 8.348455 8.348455 1.015300 1.015300 1.015300
71600 8.348455 8.348455 8.348455 1.015300 1.015300 1.015300
71700 8.348455 8.348455 8.348455 1.015300 1.015300 1.015300
71800 8.348455 8.348455 8.348455 1.015300 1.015300 1.015300
71900 8.348455 8.348455 8.348455 1.015300 1.015300 1.015300
72000 8.348455 8.348455 8.348455 1.015300 1.015300 1.015300
72100 8.348455 8.348455 8.348455 1.015300 1.015300 1.015300
72200 8.348455 8.348455 8.348455 1.015300 1.015300 1.015300
72300 8.348455 8.348455 8.348455 1.015300 1.015300 1.015300
72400 8.348455 8.348455 8.348455 1.015300 1.015300 1.015300
72500 8.348455 8.348455 8.348455 1.015300 1.015300 1.015300
72600 8.348455 8.348455 8.348455 1.015300 1.015300 1.015300
72700 8.348455 8.348455 8.348455 1.015300 1.015300 1.015300
72800 8.348455 8.348455 8.348455 1.015300 1.015300 1.015300
72900 8.348455 8.348455 8.348455 1.015300 1.015300 1.015300
73000 8.348455 8.348455 8.348455 1.015300 1.015300 1.015300
73100 8.348455 8.348455 8.348455 1.015300 1.015300 1.015300
73200 8.348455 8.348455 8.348455 1.015300 1.015300 1.015300
73300 8.348455 8.348455 8.348455 1.015300 1.015300 1.015300
73400 8.348455 8.348455 8.348455 1.015300 1.015300 1.015300
73500 8.348455 8.348455 8.348455 1.015300 1.015300 1.015300
73600 8.348455 8.348455 8.348455 1.015300 1.015300 1.015300
73700 8.348455 8.348455 8.348455 1.015300 1.015300 1.015300
73800 8.348455 8.348455 8.348455 1.015300 1.015300 1.015300
73900 8.348455 8.348455 8.348455 1.015300 1.015300 1.015300
74000 8.348455 8.348455 8.348455 1.015300 1.015300 1.015300
74100 8.348455 8.348455 8.348455 1.015300 1.015300 1.015300
74200 8.348455 8.348455 8.348455 1.015300 1.015300 1.015300
74300 8.348455 8.348455 8.348455 1.015300 1.015300 1.015300
74400 8.348455 8.348455 8.348455 1.015300 1.015300 1.015300
74500 8.348455 8.348455 8.348455 1.015300 1.015300 1.015300
74600 8.348455 8.348455 8.348455 1.015300 1.015300 1.015300
74700 8.348455 8.348455 8.348455 1.015300 1.015300 1.015300
74800 8.348455 8.348455 8.348455 1.015300 1.015300 1.015300
74900 8.348455 8.348455 8.348455 1.015300 1.015300 1.015300
75000 8.348455 8.348455 8.348455 1.015300 1.015300 1.015300
75100 8.348455 8.348455 8.348455 1.015300 1.015300 1.015300
75200 8.348455 8.348455 8.348455 1.015300 1.015300 1.015300
75300 8.348455 8.348455 8.348455 1.015300 1.015300 1.015300
75400 8.348455 8.348455 8.348455 1.015300 1.015300 1.015300
75500 8.348455 8.348455 8.348455 1.015300 1.015300 1.015300
75600 8.348455 8.348455 8.348455 1.015300 1.015300 1.015300
75700 8.348455 8.348455 8.348455 1.015300 1.015300 1.015300
75800 8.348455 8.348455 8.348455 1.015300 1.015300 1.015300
75900 8.348455 8.348455 8.348455 1.015300 1.015300 1.015300
76000 8.348455 8.348455 8.348455 1.015300 1.015300 1.015300
76100 8.348455 8.348455 8.348455 1.015300 1.015300 1.015300
76200 8.348455 8.348455 8.348455 1.015300 1.015300 1.015300
76300 8.348455 8.348455 8.348455 1.015300 1.015300 1.015300
76400 8.348455 8.348455 8.348455 1.015300 1.015300 1.015300
76500 8.348455 8.348455 8.348455 1.015300 1.015300 1.015300
76600 8.348455 8.348455 8.348455 1.015300 1.015300 1.015300
76700 8.348455 8.348455 8.348455 1.015300 1.015300 1.015300
76800 8.348455 8.348455 8.348455 1.015300 1.015300 1.015300
76900 8.348455 8.348455 8.348455 1.015300 1.015300 1.015300
77000 8.348455 8.348455 8.348455 1.015300 1.015300 1.015300
77100 8.348455 8.348455 8.348455 1.015300 1.015300 1.015300
77200 8.348455 8.348455 8.348455 1.015300 1.015300 1.015300
77300 8.348455 8.348455 8.348455 1.015300 1.015300 1.015300
77400 8.348455 8.348455 8.348455 1.015300 1.015300 1.015300
77500 8.348455 8.348455 8.348455 1.015300 1.015300 1.015300
77600 8.348455 8.348455 8.348455 1.015300 1.015300 1.015300
77700 8.348455 8.348455 8.348455 1.015300 1.015300 1.015300
77800 8.348455 8.348455 8.348455 1.015300 1.015300 1.015300
77900 8.348455 8.348455 8.348455 1.015300 1.015300 1.015300
78000 8.348455 8.348455 8.348455 1.015300 1.015300 1.015300
78100 8.348455 8.348455 8.348455 1.015300 1.015300 1.015300
78200 8.348455 8.348455 8.348455 1.015300 1.015300 1.015300
78300 8.348455 8.348455 8.348455 1.015300 1.015300 1.015300
78400 8.348455 8.348455 8.348455 1.015300 1.015300 1.015300
78500 8.348455 8.348455 8.348455 1.015300 1.015300 1.015300
78600 8.348455 8.348455 8.348455 1.015300 1.015300 1.015300
78700 8.348455 8.348455 8.348455 1.015300 1.015300 1.015300
78800 8.348455 8.348455 8.348455 1.015300 1.015300 1.015300
78900 8.348455 8.348455 8.348455 1.015300 1.015300 1.015300
79000 8.348455 8.348455 8.348455 1.015300 1.015300 1.015300
79100 8.348455 8.348455 8.348455 1.015300 1.015300 1.015300
79200 8.348455 8.348455 8.348455 1.015300 1.015300 1.015300
79300 8.348455 8.348455 8.348455 1.015300 1.015300 1.015300
79400 8.348455 8.348455 8.348455 1.015300 1.015300 1.015300
79500 8.348455 8.348455 8.348455 1.015300 1.015300 1.015300
79600 8.348455 8.348455 8.348455 1.015300 1.015300 1.015300
79700 8.348455 8.348455 8.348455 1.015300 1.015300 1.015300
79800 8.348455 8.348455 8.348455 1.015300 1.015300 1.015300
79900 8.348455 8.348455 8.348455 1.015300 1.015300 1.015300
80000 8.348455 8.348455 8.348455 1.015300 1.015300 1.015300
80100 8.348455 8.348455 8.348455 1.015300 1.015300 1.015300
80200 8.348455 8.348455 8.348455 1.015300 1.015300 1.015300
80300 8.348455 8.348455 8.348455 1.015300 1.015300 1.015300
80400 8.348455 8.348455 8.348455 1.015300 1.015300 1.015300
80500 8.348455 8.348455 8.348455 1.015300 1.015300 1.015300
80600 8.348455 8.348455 8.348455 1.015300 1.015300 1.015300
80700 8.348455 8.348455 8.348455 1.015300 1.015300 1.015300
80800 8.348455 8.348455 8.348455 1.015300 1.015300 1.015300
80900 8.348455 8.348455 8.348455 1.015300 1.015300 1.015300
81000 8.348455 8.348455 8.348455 1.015300 1.015300 1.015300
81100 8.348455 8.348455 8.348455 1.015300 1.015300 1.015300
81200 8.348455 8.348455 8.348455 1.015300 1.015300 1.015300
81300 8.348455 8.348455 8.348455 1.015300 1.015300 1.015300
81400 8.348455 8.348455 8.348455 1.015300 1.015300 1.015300
81500 8.348455 8.348455 8.348455 1.015300 1.015300 1.015300
81600 8.348455 8.348455 8.348455 1.015300 1.015300 1.015300
81700 8.348455 8.348455 8.348455 1.015300 1.015300 1.015300
81800 8.348455 8.348455 8.348455 1.015300 1.015300 1.015300
81900 8.348455 8.348455 8.348455 1.015300 1.015300 1.015300
82000 8.348455 8.348455 8.348455 1.015300 1.015300 1.015300
82100 8.348455 8.348455 8.348455 1.015300 1.015300 1.015300
82200 8.348455 8.348455 8.348455 1.015300 1.015300 1.015300
82300 8.348455 8.348455 8.348455 1.015300 1.015300 1.015300
82400 8.348455 8.348455 8.348455 1.015300 1.015300 1.015300
82500 8.348455 8.348455 8.348455 1.015300 1.015300 1.015300
82600 8.348455 8.348455 8.348455 1.015300 1.015300 1.015300
82700 8.348455 8.348455 8.348455 1.015300 1.015300 1.015300
82800 8.348455 8.348455 8.348455 1.015300 1.015300 1.015300
82900 8.348455 8.348455 8.348455 1.015300 1.015300 1.015300
83000 8.348455 8.348455 8.348455 1.015300 1.015300 1.015300
83100 8.348455 8.348455 8.348455 1.015300 1.015300 1.015300
83200 8.348455 8.348455 8.348455 1.015300 1.015300 1.015300
83300 8.348455 8.348455 8.348455 1.015300 1.015300 1.015300
83400 8.348455 8.348455 8.348455 1.015300 1.015300 1.015300
83500 8.348455 8.348455 8.348455 1.015300 1.015300 1.015300
83600 8.348455 8.348455 8.348455 1.015300 1.015300 1.015300
83700 8.348455 8.348455 8.348455 1.015300 1.015300 1.015300
83800 8.348455 8.348455 8.348455 1.015300 1.015300 1.015300
83900 8.348455 8.348455 8.348455 1.015300 1.015300 1.015300
84000 8.348455 8.348455 8.348455 1.015300 1.015300 1.015300
84100 8.348455 8.348455 8.348455 1.015300 1.015300 1.015300
84200 8.348455 8.348455 8.348455 1.015300 1.015300 1.015300
84300 8.348455 8.348455 8.348455 1.015300 1.015300 1.015300
84400 8.348455 8.348455 8.348455 1.015300 1.015300 1.015300
84500 8.348455 8.348455 8.348455 1.015300 1.015300 1.015300
84600 8.348455 8.348455 8.348455 1.015300 1.015300 1.015300
84700 8.348455 8.348455 8.348455 1.015300 1.015300 1.015300
84800 8.348455 8.348455 8.348455 1.015300 1.015300 1.015300
84900 8.348455 8.348455 8.348455 1.015300 1.015300 1.015300
85000 8.348455 8.348455 8.348455 1.015300 1.015300 1.015300
85100 8.348455 8.348455 8.348455 1.015300 1.015300 1.015300
85200 8.348455 8.348455 8.348455 1.015300 1.015300 1.015300
85300 8.348455 8.348455 8.348455 1.015300 1.015300 1.015300
85400 8.348455 8.348455 8.348455 1.015300 1.015300 1.015300
85500 8.348455 8.348455 8.348455 1.015300 1.015300 1.015300
85600 8.348455 8.348455 8.348455 1.015300 1.015300 1.015300
85700 8.348455 8.348455 8.348455 1.015300 1.015300 1.015300
85800 8.348455 8.348455 8.348455 1.015300 1.015300 1.015300
85900 8.348455 8.348455 8.348455 1.015300 1.015300 1.015300
86000 8.348455 8.348455 8.348455 1.015300 1.015300 1.015300
86100 8.348455 8.348455 8.348455 1.015300 1.015300 1.015300
86200 8.348455 8.348455 8.348455 1.015300 1.015300 1.015300
86300 8.348455 8.348455 8.348455 1.015300 1.015300 1.015300
86400 8.348455 8.348455 8.348455 1.015300 1.015300 1.015300
86500 8.348455 8.348455 8.348455 1.015300 1.015300 1.015300
86600 8.348455 8.348455 8.348455 1.015300 1.015300 1.015300
86700 8.348455 8.348455 8.348455 1.015300 1.015300 1.015300
86800 8.348455 8.348455 8.348455 1.015300 1.015300 1.015300
86900 8.348455 8.348455 8.348455 1.015300 1.015300 1.015300
87000 8.348455 8.348455 8.348455 1.015300 1.015300 1.015300
87100 8.348455 8.348455 8.348455 1.015300 1.015300 1.015300
87200 8.348455 8.348455 8.348455 1.015300 1.015300 1.015300
87300 8.348455 8.348455 8.348455 1.015300 1.015300 1.015300
87400 8.348455 8.348455 8.348455 1.015300 1.015300 1.015300
87500 8.348455 8.348455 8.348455 1.015300 1.015300 1.015300
87600 8.348455 8.348455 8.348455 1.015300 1.015300 1.015300
87700 8.348455 8.348455 8.348455 1.015300 1.015300 1.015300
87800 8.348455 8.348455 8.348455 1.015300 1.015300 1.015300
87900 8.348455 8.348455 8.348455 1.015300 1.015300 1.015300
88000 8.348455 8.348455 8.348455 1.015300 1.015300 1.015300
88100 8.348455 8.348455 8.348455 1.015300 1.015300 1.015300
88200 8.348455 8.348455 8.348455 1.015300 1.015300 1.015300
88300 8.348455 8.348455 8.348455 1.015300 1.015300 1.015300
88400 8.348455 8.348455 8.348455 1.015300 1.015300 1.015300
88500 8.348455 8.348455 8.348455 1.015300 1.015300 1.015300
88600 8.348455 8.348455 8.348455 1.015300 1.015300 1.015300
88700 8.348455 8.348455 8.348455 1.015300 1.015300 1.015300
88800 8.348455 8.348455 8.348455 1.015300 1.015300 1.015300
88900 8.348455 8.348455 8.348455 1.015300 1.015300 1.015300
89000 8.348455 8.348455 8.348455 1.015300 1.015300 1.015300
89100 8.348455 8.348455 8.348455 1.015300 1.015300 1.015300
89200 8.348455 8.348455 8.348455 1.015300 1.015300 1.015300
89300 8.348455 8.348455 8.348455 1.015300 1.015300 1.015300
89400 8.348455 8.348455 8.348455 1.015300 1.015300 1.015300
89500 8.348455 8.348455 8.348455 1.015300 1.015300 1.015300
89600 8.348455 8.348455 8.348455 1.015300 1.015300 1.015300
89700 8.348455 8.348455 8.348455 1.015300 1.015300 1.015300
89800 8.348455 8.348455 8.348455 1.015300 1.015300 1.015300
89900 8.348455 8.348455 8.348455 1.015300 1.015300 1.015300
90000 8.348455 8.348455 8.348455 1.015300 1.015300 1.015300
90100 8.348455 8.348455 8.348455 1.015300 1.015300 1.015300
90200 8.348455 8.348455 8.348455 1.015300 1.015300 1.015300
90300 8.348455 8.348455 8.348455 1.015300 1.015300 1.015300
90400 8.348455 8.348455 8.348455 1.015300 1.015300 1.015300
90500 8.348455 8.348455 8.348455 1.015300 1.015300 1.015300
90600 8.348455 8.348455 8.348455 1.015300 1.015300 1.015300
90700 8.348455 8.348455 8.348455 1.015300 1.015300 1.015300
90800 8.348455 8.348455 8.348455 1.015300 1.015300 1.015300
90900 8.348455 8.348455 8.348455 1.015300 1.015300 1.015300
91000 8.348455 8.348455 8.348455 1.015300 1.015300 1.015300
91100 8.348455 8.348455 8.348455 1.015300 1.015300 1.015300
91200 8.348455 8.348455 8.348455 1.015300 1.015300 1.015300
91300 8.348455 8.348455 8.348455 1.015300 1.015300 1.015300
91400 8.348455 8.348455 8.348455 1.015300 1.015300 1.015300
91500 8.348455 8.348455 8.348455 1.015300 1.015300 1.015300
91600 8.348455 8.348455 8.348455 1.015300 1.015300 1.015300
91700 8.348455 8.348455 8.348455 1.015300 1.015300 1.015300
91800 8.348455 8.348455 8.348455 1.015300 1.015300 1.015300
91900 8.348455 8.348455 8.348455 1.015300 1.015300 1.015300
92000 8.348455 8.348455 8.348455 1.015300 1.015300 1.015300
92100 8.348455 8.348455 8.348455 1.015300 1.015300 1.015300
92200 8.348455 8.348455 8.348455 1.015300 1.015300 1.015300
92300 8.348455 8.348455 8.348455 1.015300 1.015300 1.015300
92400 8.348455 8.348455 8.348455 1.015300 1.015300 1.015300
92500 8.348455 8.348455 8.348455 1.015300 1.015300 1.015300
92600 8.348455 8.348455 8.348455 1.015300 1.015300 1.015300
92700 8.348455 8.348455 8.348455 1.015300 1.015300 1.015300
92800 8.348455 8.348455 8.348455 1.015300 1.015300 1.015300
92900 8.348455 8.348455 8.348455 1.015300 1.015300 1.015300
93000 8.348455 8.348455 8.348455 1.015300 1.015300 1.015300
93100 8.348455 8.348455 8.348455 1.015300 1.015300 1.015300
93200 8.348455 8.348455 8.348455 1.015300 1.015300 1.015300
93300 8.348455 8.348455 8.348455 1.015300 1.015300 1.015300
93400 8.348455 8.348455 8.348455 1.015300 1.015300 1.015300
93500 8.348455 8.348455 8.348455 1.015300 1.015300 1.015300
93600 8.348455 8.348455 8.348455 1.015300 1.015300 1.015300
93700 8.348455 8.348455 8.348455 1.015300 1.015300 1.015300
93800 8.348455 8.348455 8.348455 1.015300 1.015300 1.015300
93900 8.348455 8.348455 8.348455 1.015300 1.015300 1.015300
94000 8.348455 8.348455 8.348455 1.015300 1.015300 1.015300
94100 8.348455 8.348455 8.348455 1.015300 1.015300 1.015300
94200 8.348455 8.348455 8.348455 1.015300 1.015300 1.015300
94300 8.348455 8.348455 8.348455 1.015300 1.015300 1.015300
94400 8.348455 8.348455 8.348455 1.015300 1.015300 1.015300
94500 8.348455 8.348455 8.348455 1.015300 1.015300 1.015300
94600 8.348455 8.348455 8.348455 1.015300 1.015300 1.015300
94700 8.348455 8.348455 8.348455 1.015300 1.015300 1.015300
94800 8.348455 8.348455 8.348455 1.015300 1.015300 1.015300
94900 8.348455 8.348455 8.348455 1.015300 1.015300 1.015300
95000 8.348455 8.348455 8.348455 1.015300 1.015300 1.015300
95100 8.348455 8.348455 8.348455 1.015300 1.015300 1.015300
95200 8.348455 8.348455 8.348455 1.015300 1.015300 1.015300
95300 8.348455 8.348455 8.348455 1.015300 1.015300 1.015300
95400 8.348455 8.348455 8.348455 1.015300 1.015300 1.015300
95500 8.348455 8.348455 8.348455 1.015300 1.015300 1.015300
95600 8.348455 8.348455 8.348455 1.015300 1.015300 1.015300
95700 8.348455 8.348455 8.348455 1.015300 1.015300 1.015300
95800 8.348455 8.348455 8.348455 1.015300 1.015300 1.015300
95900 8.348455 8.348455 8.348455 1.015300 1.015300 1.015300
96000 8.348455 8.348455 8.348455 1.015300 1.015300 1.015300
96100 8.348455 8.348455 8.348455 1.015300 1.015300 1.015300
96200 8.348455 8.348455 8.348455 1.015300 1.015300 1.015300
96300 8.348455 8.348455 8.348455 1.015300 1.015300 1.015300
96400 8.348455 8.348455 8.348455 1.015300 1.015300 1.015300
96500 8.348455 8.348455 8.348455 1.015300 1.015300 1.015300
96600 8.348455 8.348455 8.348455 1.015300 1.015300 1.015300
96700 8.348455 8.348455 8.348455 1.015300 1.015300 1.015300
96800 8.348455 8.348455 8.348455 1.015300 1.015300 1.015300
96900 8.348455 8.348455 8.348455 1.015300 1.015300 1.015300
97000 8.348455 8.348455 8.348455 1.015300 1.015300 1.015300
97100 8.348455 8.348455 8.348455 1.015300 1.015300 1.015300
97200 8.348455 8.348455 8.348455 1.015300 1.015300 1.015300
97300 8.348455 8.348455 8.348455 1.015300 1.015300 1.015300
97400 8.348455 8.348455 8.348455 1.015300 1.015300 1.015300
97500 8.348455 8.348455 8.348455 1.015300 1.015300 1.015300
97600 8.348455 8.348455 8.348455 1.015300 1.015300 1.015300
97700 8.348455 8.348455 8.348455 1.015300 1.015300 1.015300
97800 8.348455 8.348455 8.348455 1.015300 1.015300 1.015300
97900 8.348455 8.348455 8.348455 1.015300 1.015300 1.015300
98000 8.348455 8.348455 8.348455 1.015300 1.015300 1.015300
98100 8.348455 8.348455 8.348455 1.015300 1.015300 1.015300
98200 8.348455 8.348455 8.348455 1.015300 1.015300 1.015300
98300 8.348455 8.348455 8.348455 1.015300 1.015300 1.015300
98400 8.348455 8.348455 8.348455 1.015300 1.015300 1.015300
98500 8.348455 8.348455 8.348455 1.015300 1.015300 1.015300
98600 8.348455 8.348455 8.348455 1.015300 1.015300 1.015300
98700 8.348455 8.348455 8.348455 1.015300 1.015300 1.015300
98800 8.348455 8.348455 8.348455 1.015300 1.015300 1.015300
98900 8.348455 8.348455 8.348455 1.015300 1.015300 1.015300
99000 8.348455 8.348455 8.348455 1.015300 1.015300 1.015300
99100 8.348455 8.348455 8.348455 1.015300 1.015300 1.015300
99200 8.348455 8.348455 8.348455 1.015300 1.015300 1.015300
99300 8.348455 8.348455 8.348455 1.015300 1.015300 1.015300
99400 8.348455 8.348455 8.348455 1.015300 1.015300 1.015300
99500 8.348455 8.348455 8.348455 1.015300 1.015300 1.015300
99600 8.348455 8.348455 8.348455 1.015300 1.015300 1.015300
99700 8.348455 8.348455 8.348455 1.015300 1.015300 1.015300
99800 8.348455 8.348455 8.348455 1.015300 1.015300 1.015300
99900 8.348455 8.348455 8.348455 1.015300 1.015300 1.015300
100000 8.348455 8.348455 8.348455 1.015300 1.015300 1.015300
