# generation power_min power_avg power_max util_min util_avg util_max
1 48.183070 49.060957 50.201844 0.885333 0.916096 0.939672
10 48.183070 48.959385 49.534051 0.896854 0.918723 0.939672
20 48.144701 48.855702 49.364825 0.896854 0.921407 0.939744
30 48.144701 48.775646 49.203296 0.906796 0.923393 0.941966
40 48.054942 48.688139 49.105915 0.906796 0.925506 0.944193
50 47.979805 48.611508 49.064709 0.906796 0.927427 0.945586
60 47.892189 48.528681 48.963348 0.911138 0.929538 0.945586
70 47.849316 48.439304 48.860589 0.911138 0.931389 0.950888
80 47.768554 48.358923 48.802354 0.913727 0.933342 0.950936
90 47.634825 48.279372 48.713791 0.914023 0.935309 0.952531
100 47.634825 48.200932 48.636821 0.914023 0.936942 0.952531
110 47.616985 48.122795 48.578096 0.917504 0.938596 0.952531
120 47.442442 48.051136 48.471159 0.924920 0.940213 0.954129
130 47.354469 47.980539 48.368659 0.928422 0.941752 0.959569
140 47.348214 47.913979 48.302148 0.930484 0.943231 0.959959
150 47.276374 47.855378 48.167053 0.930484 0.944595 0.961407
160 47.260365 47.795075 48.094130 0.930484 0.945860 0.962031
170 47.119784 47.738859 48.058801 0.933904 0.947217 0.963291
180 47.119784 47.686584 47.991538 0.933904 0.948317 0.963291
190 47.119784 47.633090 47.951631 0.933904 0.949700 0.963291
200 47.119784 47.590466 47.853800 0.940709 0.950888 0.963561
210 47.119784 47.539779 47.776707 0.941647 0.952505 0.963663
220 47.119784 47.494683 47.740235 0.943092 0.953944 0.964240
230 47.119784 47.449549 47.692122 0.944819 0.955435 0.964240
240 47.119784 47.406518 47.656890 0.945173 0.956796 0.964240
250 47.119784 47.360382 47.634825 0.945173 0.958242 0.964240
260 47.119784 47.318882 47.614011 0.945173 0.959385 0.964240
270 47.060717 47.279857 47.547809 0.951404 0.960695 0.965104
280 47.060717 47.245617 47.454088 0.954129 0.961661 0.965104
290 47.014693 47.217634 47.354469 0.955804 0.962116 0.967051
300 47.014693 47.193631 47.312808 0.959639 0.962590 0.967051
310 47.014693 47.173583 47.288062 0.959680 0.962920 0.967187
320 47.014693 47.154192 47.276374 0.959680 0.963263 0.967187
330 47.010125 47.137225 47.234225 0.959680 0.963490 0.967187
340 46.999539 47.122299 47.218704 0.959680 0.963622 0.967187
350 46.940472 47.104945 47.213888 0.959680 0.964096 0.968629
360 46.940472 47.088130 47.208212 0.959680 0.964563 0.968629
370 46.940472 47.071573 47.119784 0.963291 0.965029 0.968951
380 46.940472 47.059799 47.119784 0.963291 0.965429 0.968951
390 46.898484 47.046028 47.119784 0.963291 0.965882 0.970764
400 46.898484 47.031733 47.119784 0.963291 0.966337 0.970764
410 46.898484 47.016564 47.108797 0.964354 0.966785 0.970764
420 46.898484 47.001647 47.093644 0.964354 0.967222 0.970764
430 46.898484 46.989250 47.060717 0.965104 0.967607 0.970764
440 46.898484 46.976649 47.060717 0.965104 0.968036 0.970764
450 46.898484 46.964599 47.037338 0.966816 0.968338 0.970764
460 46.898484 46.956719 47.014693 0.966816 0.968551 0.970764
470 46.898484 46.949315 46.999539 0.966816 0.968794 0.970764
480 46.898484 46.940889 46.999539 0.966816 0.969104 0.970764
490 46.898484 46.933722 46.957551 0.968629 0.969349 0.970764
500 46.898484 46.929075 46.957551 0.968629 0.969466 0.970764
510 46.898484 46.923588 46.957551 0.968629 0.969626 0.970764
520 46.898484 46.918102 46.955626 0.968629 0.969786 0.970764
530 46.898484 46.913600 46.940472 0.968629 0.969995 0.970764
540 46.898484 46.909401 46.940472 0.968629 0.970209 0.970764
550 46.898484 46.905202 46.940472 0.968629 0.970422 0.970764
560 46.898484 46.901003 46.940472 0.968629 0.970636 0.970764
570 46.898484 46.898484 46.898484 0.970764 0.970764 0.970764
580 46.898484 46.898484 46.898484 0.970764 0.970764 0.970764
590 46.898484 46.898484 46.898484 0.970764 0.970764 0.970764
600 46.898484 46.898484 46.898484 0.970764 0.970764 0.970764
610 46.898484 46.898484 46.898484 0.970764 0.970764 0.970764
620 46.898484 46.898484 46.898484 0.970764 0.970764 0.970764
630 46.898484 46.898484 46.898484 0.970764 0.970764 0.970764
640 46.898484 46.898484 46.898484 0.970764 0.970764 0.970764
650 46.898484 46.898484 46.898484 0.970764 0.970764 0.970764
660 46.898484 46.898484 46.898484 0.970764 0.970764 0.970764
670 46.898484 46.898484 46.898484 0.970764 0.970764 0.970764
680 46.898484 46.898484 46.898484 0.970764 0.970764 0.970764
690 46.898484 46.898484 46.898484 0.970764 0.970764 0.970764
700 46.898484 46.898484 46.898484 0.970764 0.970764 0.970764
710 46.898484 46.898484 46.898484 0.970764 0.970764 0.970764
720 46.898484 46.898484 46.898484 0.970764 0.970764 0.970764
730 46.898484 46.898484 46.898484 0.970764 0.970764 0.970764
740 46.898484 46.898484 46.898484 0.970764 0.970764 0.970764
750 46.898484 46.898484 46.898484 0.970764 0.970764 0.970764
760 46.898484 46.898484 46.898484 0.970764 0.970764 0.970764
770 46.898484 46.898484 46.898484 0.970764 0.970764 0.970764
780 46.898484 46.898484 46.898484 0.970764 0.970764 0.970764
790 46.898484 46.898484 46.898484 0.970764 0.970764 0.970764
800 46.898484 46.898484 46.898484 0.970764 0.970764 0.970764
810 46.898484 46.898484 46.898484 0.970764 0.970764 0.970764
820 46.898484 46.898484 46.898484 0.970764 0.970764 0.970764
830 46.898484 46.898484 46.898484 0.970764 0.970764 0.970764
840 46.898484 46.898484 46.898484 0.970764 0.970764 0.970764
850 46.898484 46.898484 46.898484 0.970764 0.970764 0.970764
860 46.898484 46.898484 46.898484 0.970764 0.970764 0.970764
870 46.898484 46.898484 46.898484 0.970764 0.970764 0.970764
880 46.898484 46.898484 46.898484 0.970764 0.970764 0.970764
890 46.898484 46.898484 46.898484 0.970764 0.970764 0.970764
900 46.898484 46.898484 46.898484 0.970764 0.970764 0.970764
910 46.898484 46.898484 46.898484 0.970764 0.970764 0.970764
920 46.898484 46.898484 46.898484 0.970764 0.970764 0.970764
930 46.898484 46.898484 46.898484 0.970764 0.970764 0.970764
940 46.898484 46.898484 46.898484 0.970764 0.970764 0.970764
950 46.898484 46.898484 46.898484 0.970764 0.970764 0.970764
960 46.898484 46.898484 46.898484 0.970764 0.970764 0.970764
970 46.898484 46.898484 46.898484 0.970764 0.970764 0.970764
980 46.898484 46.898484 46.898484 0.970764 0.970764 0.970764
990 46.898484 46.898484 46.898484 0.970764 0.970764 0.970764
1000 46.898484 46.898484 46.898484 0.970764 0.970764 0.970764
1010 46.898484 46.898484 46.898484 0.970764 0.970764 0.970764
1020 46.898484 46.898484 46.898484 0.970764 0.970764 0.970764
1030 46.898484 46.898484 46.898484 0.970764 0.970764 0.970764
1040 46.898484 46.898484 46.898484 0.970764 0.970764 0.970764
1050 46.898484 46.898484 46.898484 0.970764 0.970764 0.970764
1060 46.898484 46.898484 46.898484 0.970764 0.970764 0.970764
1070 46.898484 46.898484 46.898484 0.970764 0.970764 0.970764
1080 46.898484 46.898484 46.898484 0.970764 0.970764 0.970764
1090 46.898484 46.898484 46.898484 0.970764 0.970764 0.970764
1100 46.898484 46.898484 46.898484 0.970764 0.970764 0.970764
1110 46.898484 46.898484 46.898484 0.970764 0.970764 0.970764
1120 46.898484 46.898484 46.898484 0.970764 0.970764 0.970764
1130 46.898484 46.898484 46.898484 0.970764 0.970764 0.970764
1140 46.898484 46.898484 46.898484 0.970764 0.970764 0.970764
1150 46.898484 46.898484 46.898484 0.970764 0.970764 0.970764
1160 46.898484 46.898484 46.898484 0.970764 0.970764 0.970764
1170 46.898484 46.898484 46.898484 0.970764 0.970764 0.970764
1180 46.898484 46.898484 46.898484 0.970764 0.970764 0.970764
1190 46.898484 46.898484 46.898484 0.970764 0.970764 0.970764
1200 46.898484 46.898484 46.898484 0.970764 0.970764 0.970764
1210 46.898484 46.898484 46.898484 0.970764 0.970764 0.970764
1220 46.898484 46.898484 46.898484 0.970764 0.970764 0.970764
1230 46.898484 46.898484 46.898484 0.970764 0.970764 0.970764
1240 46.898484 46.898484 46.898484 0.970764 0.970764 0.970764
1250 46.898484 46.898484 46.898484 0.970764 0.970764 0.970764
1260 46.898484 46.898484 46.898484 0.970764 0.970764 0.970764
1270 46.898484 46.898484 46.898484 0.970764 0.970764 0.970764
1280 46.898484 46.898484 46.898484 0.970764 0.970764 0.970764
1290 46.898484 46.898484 46.898484 0.970764 0.970764 0.970764
1300 46.898484 46.898484 46.898484 0.970764 0.970764 0.970764
1310 46.898484 46.898484 46.898484 0.970764 0.970764 0.970764
1320 46.898484 46.898484 46.898484 0.970764 0.970764 0.970764
1330 46.898484 46.898484 46.898484 0.970764 0.970764 0.970764
1340 46.898484 46.898484 46.898484 0.970764 0.970764 0.970764
1350 46.898484 46.898484 46.898484 0.970764 0.970764 0.970764
1360 46.898484 46.898484 46.898484 0.970764 0.970764 0.970764
1370 46.898484 46.898484 46.898484 0.970764 0.970764 0.970764
1380 46.898484 46.898484 46.898484 0.970764 0.970764 0.970764
1390 46.898484 46.898484 46.898484 0.970764 0.970764 0.970764
1400 46.898484 46.898484 46.898484 0.970764 0.970764 0.970764
1410 46.898484 46.898484 46.898484 0.970764 0.970764 0.970764
1420 46.898484 46.898484 46.898484 0.970764 0.970764 0.970764
1430 46.898484 46.898484 46.898484 0.970764 0.970764 0.970764
1440 46.898484 46.898484 46.898484 0.970764 0.970764 0.970764
1450 46.898484 46.898484 46.898484 0.970764 0.970764 0.970764
1460 46.898484 46.898484 46.898484 0.970764 0.970764 0.970764
1470 46.898484 46.898484 46.898484 0.970764 0.970764 0.970764
1480 46.898484 46.898484 46.898484 0.970764 0.970764 0.970764
1490 46.898484 46.898484 46.898484 0.970764 0.970764 0.970764
1500 46.898484 46.898484 46.898484 0.970764 0.970764 0.970764
1510 46.898484 46.898484 46.898484 0.970764 0.970764 0.970764
1520 46.898484 46.898484 46.898484 0.970764 0.970764 0.970764
1530 46.898484 46.898484 46.898484 0.970764 0.970764 0.970764
1540 46.898484 46.898484 46.898484 0.970764 0.970764 0.970764
1550 46.898484 46.898484 46.898484 0.970764 0.970764 0.970764
1560 46.898484 46.898484 46.898484 0.970764 0.970764 0.970764
1570 46.898484 46.898484 46.898484 0.970764 0.970764 0.970764
1580 46.898484 46.898484 46.898484 0.970764 0.970764 0.970764
1590 46.898484 46.898484 46.898484 0.970764 0.970764 0.970764
1600 46.898484 46.898484 46.898484 0.970764 0.970764 0.970764
1610 46.898484 46.898484 46.898484 0.970764 0.970764 0.970764
1620 46.898484 46.898484 46.898484 0.970764 0.970764 0.970764
1630 46.898484 46.898484 46.898484 0.970764 0.970764 0.970764
1640 46.898484 46.898484 46.898484 0.970764 0.970764 0.970764
1650 46.898484 46.898484 46.898484 0.970764 0.970764 0.970764
1660 46.898484 46.898484 46.898484 0.970764 0.970764 0.970764
1670 46.898484 46.898484 46.898484 0.970764 0.970764 0.970764
1680 46.898484 46.898484 46.898484 0.970764 0.970764 0.970764
1690 46.898484 46.898484 46.898484 0.970764 0.970764 0.970764
1700 46.898484 46.898484 46.898484 0.970764 0.970764 0.970764
1710 46.898484 46.898484 46.898484 0.970764 0.970764 0.970764
1720 46.898484 46.898484 46.898484 0.970764 0.970764 0.970764
1730 46.898484 46.898484 46.898484 0.970764 0.970764 0.970764
1740 46.898484 46.898484 46.898484 0.970764 0.970764 0.970764
1750 46.898484 46.898484 46.898484 0.970764 0.970764 0.970764
1760 46.898484 46.898484 46.898484 0.970764 0.970764 0.970764
1770 46.898484 46.898484 46.898484 0.970764 0.970764 0.970764
1780 46.898484 46.898484 46.898484 0.970764 0.970764 0.970764
1790 46.898484 46.898484 46.898484 0.970764 0.970764 0.970764
1800 46.898484 46.898484 46.898484 0.970764 0.970764 0.970764
1810 46.898484 46.898484 46.898484 0.970764 0.970764 0.970764
1820 46.898484 46.898484 46.898484 0.970764 0.970764 0.970764
1830 46.898484 46.898484 46.898484 0.970764 0.970764 0.970764
1840 46.898484 46.898484 46.898484 0.970764 0.970764 0.970764
1850 46.898484 46.898484 46.898484 0.970764 0.970764 0.970764
1860 46.898484 46.898484 46.898484 0.970764 0.970764 0.970764
1870 46.898484 46.898484 46.898484 0.970764 0.970764 0.970764
1880 46.898484 46.898484 46.898484 0.970764 0.970764 0.970764
1890 46.898484 46.898484 46.898484 0.970764 0.970764 0.970764
1900 46.898484 46.898484 46.898484 0.970764 0.970764 0.970764
1910 46.898484 46.898484 46.898484 0.970764 0.970764 0.970764
1920 46.898484 46.898484 46.898484 0.970764 0.970764 0.970764
1930 46.898484 46.898484 46.898484 0.970764 0.970764 0.970764
1940 46.898484 46.898484 46.898484 0.970764 0.970764 0.970764
1950 46.898484 46.898484 46.898484 0.970764 0.970764 0.970764
1960 46.898484 46.898484 46.898484 0.970764 0.970764 0.970764
1970 46.898484 46.898484 46.898484 0.970764 0.970764 0.970764
1980 46.898484 46.898484 46.898484 0.970764 0.970764 0.970764
1990 46.898484 46.898484 46.898484 0.970764 0.970764 0.970764
2000 46.898484 46.898484 46.898484 0.970764 0.970764 0.970764
2010 46.898484 46.898484 46.898484 0.970764 0.970764 0.970764
2020 46.898484 46.898484 46.898484 0.970764 0.970764 0.970764
2030 46.898484 46.898484 46.898484 0.970764 0.970764 0.970764
2040 46.898484 46.898484 46.898484 0.970764 0.970764 0.970764
2050 46.898484 46.898484 46.898484 0.970764 0.970764 0.970764
2060 46.898484 46.898484 46.898484 0.970764 0.970764 0.970764
2070 46.898484 46.898484 46.898484 0.970764 0.970764 0.970764
2080 46.898484 46.898484 46.898484 0.970764 0.970764 0.970764
2090 46.898484 46.898484 46.898484 0.970764 0.970764 0.970764
2100 46.898484 46.898484 46.898484 0.970764 0.970764 0.970764
2110 46.898484 46.898484 46.898484 0.970764 0.970764 0.970764
2120 46.898484 46.898484 46.898484 0.970764 0.970764 0.970764
2130 46.898484 46.898484 46.898484 0.970764 0.970764 0.970764
2140 46.898484 46.898484 46.898484 0.970764 0.970764 0.970764
2150 46.898484 46.898484 46.898484 0.970764 0.970764 0.970764
2160 46.898484 46.898484 46.898484 0.970764 0.970764 0.970764
2170 46.898484 46.898484 46.898484 0.970764 0.970764 0.970764
2180 46.898484 46.898484 46.898484 0.970764 0.970764 0.970764
2190 46.898484 46.898484 46.898484 0.970764 0.970764 0.970764
2200 46.898484 46.898484 46.898484 0.970764 0.970764 0.970764
2210 46.898484 46.898484 46.898484 0.970764 0.970764 0.970764
2220 46.898484 46.898484 46.898484 0.970764 0.970764 0.970764
2230 46.898484 46.898484 46.898484 0.970764 0.970764 0.970764
2240 46.898484 46.898484 46.898484 0.970764 0.970764 0.970764
2250 46.898484 46.898484 46.898484 0.970764 0.970764 0.970764
2260 46.898484 46.898484 46.898484 0.970764 0.970764 0.970764
2270 46.898484 46.898484 46.898484 0.970764 0.970764 0.970764
2280 46.898484 46.898484 46.898484 0.970764 0.970764 0.970764
2290 46.898484 46.898484 46.898484 0.970764 0.970764 0.970764
2300 46.898484 46.898484 46.898484 0.970764 0.970764 0.970764
2310 46.898484 46.898484 46.898484 0.970764 0.970764 0.970764
2320 46.898484 46.898484 46.898484 0.970764 0.970764 0.970764
2330 46.898484 46.898484 46.898484 0.970764 0.970764 0.970764
2340 46.898484 46.898484 46.898484 0.970764 0.970764 0.970764
2350 46.898484 46.898484 46.898484 0.970764 0.970764 0.970764
2360 46.898484 46.898484 46.898484 0.970764 0.970764 0.970764
2370 46.898484 46.898484 46.898484 0.970764 0.970764 0.970764
2380 46.898484 46.898484 46.898484 0.970764 0.970764 0.970764
2390 46.898484 46.898484 46.898484 0.970764 0.970764 0.970764
2400 46.898484 46.898484 46.898484 0.970764 0.970764 0.970764
2410 46.898484 46.898484 46.898484 0.970764 0.970764 0.970764
2420 46.898484 46.898484 46.898484 0.970764 0.970764 0.970764
2430 46.898484 46.898484 46.898484 0.970764 0.970764 0.970764
2440 46.898484 46.898484 46.898484 0.970764 0.970764 0.970764
2450 46.898484 46.898484 46.898484 0.970764 0.970764 0.970764
2460 46.898484 46.898484 46.898484 0.970764 0.970764 0.970764
2470 46.898484 46.898484 46.898484 0.970764 0.970764 0.970764
2480 46.898484 46.898484 46.898484 0.970764 0.970764 0.970764
2490 46.898484 46.898484 46.898484 0.970764 0.970764 0.970764
2500 46.898484 46.898484 46.898484 0.970764 0.970764 0.970764
2510 46.898484 46.898484 46.898484 0.970764 0.970764 0.970764
2520 46.898484 46.898484 46.898484 0.970764 0.970764 0.970764
2530 46.898484 46.898484 46.898484 0.970764 0.970764 0.970764
2540 46.898484 46.898484 46.898484 0.970764 0.970764 0.970764
2550 46.898484 46.898484 46.898484 0.970764 0.970764 0.970764
2560 46.898484 46.898484 46.898484 0.970764 0.970764 0.970764
2570 46.898484 46.898484 46.898484 0.970764 0.970764 0.970764
2580 46.898484 46.898484 46.898484 0.970764 0.970764 0.970764
2590 46.898484 46.898484 46.898484 0.970764 0.970764 0.970764
2600 46.898484 46.898484 46.898484 0.970764 0.970764 0.970764
2610 46.898484 46.898484 46.898484 0.970764 0.970764 0.970764
2620 46.898484 46.898484 46.898484 0.970764 0.970764 0.970764
2630 46.898484 46.898484 46.898484 0.970764 0.970764 0.970764
2640 46.898484 46.898484 46.898484 0.970764 0.970764 0.970764
2650 46.898484 46.898484 46.898484 0.970764 0.970764 0.970764
2660 46.898484 46.898484 46.898484 0.970764 0.970764 0.970764
2670 46.898484 46.898484 46.898484 0.970764 0.970764 0.970764
2680 46.898484 46.898484 46.898484 0.970764 0.970764 0.970764
2690 46.898484 46.898484 46.898484 0.970764 0.970764 0.970764
2700 46.898484 46.898484 46.898484 0.970764 0.970764 0.970764
2710 46.898484 46.898484 46.898484 0.970764 0.970764 0.970764
2720 46.898484 46.898484 46.898484 0.970764 0.970764 0.970764
2730 46.898484 46.898484 46.898484 0.970764 0.970764 0.970764
2740 46.898484 46.898484 46.898484 0.970764 0.970764 0.970764
2750 46.898484 46.898484 46.898484 0.970764 0.970764 0.970764
2760 46.898484 46.898484 46.898484 0.970764 0.970764 0.970764
2770 46.898484 46.898484 46.898484 0.970764 0.970764 0.970764
2780 46.898484 46.898484 46.898484 0.970764 0.970764 0.970764
2790 46.898484 46.898484 46.898484 0.970764 0.970764 0.970764
2800 46.898484 46.898484 46.898484 0.970764 0.970764 0.970764
2810 46.898484 46.898484 46.898484 0.970764 0.970764 0.970764
2820 46.898484 46.898484 46.898484 0.970764 0.970764 0.970764
2830 46.898484 46.898484 46.898484 0.970764 0.970764 0.970764
2840 46.898484 46.898484 46.898484 0.970764 0.970764 0.970764
2850 46.898484 46.898484 46.898484 0.970764 0.970764 0.970764
2860 46.898484 46.898484 46.898484 0.970764 0.970764 0.970764
2870 46.898484 46.898484 46.898484 0.970764 0.970764 0.970764
2880 46.898484 46.898484 46.898484 0.970764 0.970764 0.970764
2890 46.898484 46.898484 46.898484 0.970764 0.970764 0.970764
2900 46.898484 46.898484 46.898484 0.970764 0.970764 0.970764
2910 46.898484 46.898484 46.898484 0.970764 0.970764 0.970764
2920 46.898484 46.898484 46.898484 0.970764 0.970764 0.970764
2930 46.898484 46.898484 46.898484 0.970764 0.970764 0.970764
2940 46.898484 46.898484 46.898484 0.970764 0.970764 0.970764
2950 46.898484 46.898484 46.898484 0.970764 0.970764 0.970764
2960 46.898484 46.898484 46.898484 0.970764 0.970764 0.970764
2970 46.898484 46.898484 46.898484 0.970764 0.970764 0.970764
2980 46.898484 46.898484 46.898484 0.970764 0.970764 0.970764
2990 46.898484 46.898484 46.898484 0.970764 0.970764 0.970764
3000 46.898484 46.898484 46.898484 0.970764 0.970764 0.970764
3010 46.898484 46.898484 46.898484 0.970764 0.970764 0.970764
3020 46.898484 46.898484 46.898484 0.970764 0.970764 0.970764
3030 46.898484 46.898484 46.898484 0.970764 0.970764 0.970764
3040 46.898484 46.898484 46.898484 0.970764 0.970764 0.970764
3050 46.898484 46.898484 46.898484 0.970764 0.970764 0.970764
3060 46.898484 46.898484 46.898484 0.970764 0.970764 0.970764
3070 46.898484 46.898484 46.898484 0.970764 0.970764 0.970764
3080 46.898484 46.898484 46.898484 0.970764 0.970764 0.970764
3090 46.898484 46.898484 46.898484 0.970764 0.970764 0.970764
3100 46.898484 46.898484 46.898484 0.970764 0.970764 0.970764
3110 46.898484 46.898484 46.898484 0.970764 0.970764 0.970764
3120 46.898484 46.898484 46.898484 0.970764 0.970764 0.970764
3130 46.898484 46.898484 46.898484 0.970764 0.970764 0.970764
3140 46.898484 46.898484 46.898484 0.970764 0.970764 0.970764
3150 46.898484 46.898484 46.898484 0.970764 0.970764 0.970764
3160 46.898484 46.898484 46.898484 0.970764 0.970764 0.970764
3170 46.898484 46.898484 46.898484 0.970764 0.970764 0.970764
3180 46.898484 46.898484 46.898484 0.970764 0.970764 0.970764
3190 46.898484 46.898484 46.898484 0.970764 0.970764 0.970764
3200 46.898484 46.898484 46.898484 0.970764 0.970764 0.970764
3210 46.898484 46.898484 46.898484 0.970764 0.970764 0.970764
3220 46.898484 46.898484 46.898484 0.970764 0.970764 0.970764
3230 46.898484 46.898484 46.898484 0.970764 0.970764 0.970764
3240 46.898484 46.898484 46.898484 0.970764 0.970764 0.970764
3250 46.898484 46.898484 46.898484 0.970764 0.970764 0.970764
3260 46.898484 46.898484 46.898484 0.970764 0.970764 0.970764
3270 46.898484 46.898484 46.898484 0.970764 0.970764 0.970764
3280 46.898484 46.898484 46.898484 0.970764 0.970764 0.970764
3290 46.898484 46.898484 46.898484 0.970764 0.970764 0.970764
3300 46.898484 46.898484 46.898484 0.970764 0.970764 0.970764
3310 46.898484 46.898484 46.898484 0.970764 0.970764 0.970764
3320 46.898484 46.898484 46.898484 0.970764 0.970764 0.970764
3330 46.898484 46.898484 46.898484 0.970764 0.970764 0.970764
3340 46.898484 46.898484 46.898484 0.970764 0.970764 0.970764
3350 46.898484 46.898484 46.898484 0.970764 0.970764 0.970764
3360 46.898484 46.898484 46.898484 0.970764 0.970764 0.970764
3370 46.898484 46.898484 46.898484 0.970764 0.970764 0.970764
3380 46.898484 46.898484 46.898484 0.970764 0.970764 0.970764
3390 46.898484 46.898484 46.898484 0.970764 0.970764 0.970764
3400 46.898484 46.898484 46.898484 0.970764 0.970764 0.970764
3410 46.898484 46.898484 46.898484 0.970764 0.970764 0.970764
3420 46.898484 46.898484 46.898484 0.970764 0.970764 0.970764
3430 46.898484 46.898484 46.898484 0.970764 0.970764 0.970764
3440 46.898484 46.898484 46.898484 0.970764 0.970764 0.970764
3450 46.898484 46.898484 46.898484 0.970764 0.970764 0.970764
3460 46.898484 46.898484 46.898484 0.970764 0.970764 0.970764
3470 46.898484 46.898484 46.898484 0.970764 0.970764 0.970764
3480 46.898484 46.898484 46.898484 0.970764 0.970764 0.970764
3490 46.898484 46.898484 46.898484 0.970764 0.970764 0.970764
3500 46.898484 46.898484 46.898484 0.970764 0.970764 0.970764
3510 46.898484 46.898484 46.898484 0.970764 0.970764 0.970764
3520 46.898484 46.898484 46.898484 0.970764 0.970764 0.970764
3530 46.898484 46.898484 46.898484 0.970764 0.970764 0.970764
3540 46.898484 46.898484 46.898484 0.970764 0.970764 0.970764
3550 46.898484 46.898484 46.898484 0.970764 0.970764 0.970764
3560 46.898484 46.898484 46.898484 0.970764 0.970764 0.970764
3570 46.898484 46.898484 46.898484 0.970764 0.970764 0.970764
3580 46.898484 46.898484 46.898484 0.970764 0.970764 0.970764
3590 46.898484 46.898484 46.898484 0.970764 0.970764 0.970764
3600 46.898484 46.898484 46.898484 0.970764 0.970764 0.970764
3610 46.898484 46.898484 46.898484 0.970764 0.970764 0.970764
3620 46.898484 46.898484 46.898484 0.970764 0.970764 0.970764
3630 46.898484 46.898484 46.898484 0.970764 0.970764 0.970764
3640 46.898484 46.898484 46.898484 0.970764 0.970764 0.970764
3650 46.898484 46.898484 46.898484 0.970764 0.970764 0.970764
3660 46.898484 46.898484 46.898484 0.970764 0.970764 0.970764
3670 46.898484 46.898484 46.898484 0.970764 0.970764 0.970764
3680 46.898484 46.898484 46.898484 0.970764 0.970764 0.970764
3690 46.898484 46.898484 46.898484 0.970764 0.970764 0.970764
3700 46.898484 46.898484 46.898484 0.970764 0.970764 0.970764
3710 46.898484 46.898484 46.898484 0.970764 0.970764 0.970764
3720 46.898484 46.898484 46.898484 0.970764 0.970764 0.970764
3730 46.898484 46.898484 46.898484 0.970764 0.970764 0.970764
3740 46.898484 46.898484 46.898484 0.970764 0.970764 0.970764
3750 46.898484 46.898484 46.898484 0.970764 0.970764 0.970764
3760 46.898484 46.898484 46.898484 0.970764 0.970764 0.970764
3770 46.898484 46.898484 46.898484 0.970764 0.970764 0.970764
3780 46.898484 46.898484 46.898484 0.970764 0.970764 0.970764
3790 46.898484 46.898484 46.898484 0.970764 0.970764 0.970764
3800 46.898484 46.898484 46.898484 0.970764 0.970764 0.970764
3810 46.898484 46.898484 46.898484 0.970764 0.970764 0.970764
3820 46.898484 46.898484 46.898484 0.970764 0.970764 0.970764
3830 46.898484 46.898484 46.898484 0.970764 0.970764 0.970764
3840 46.898484 46.898484 46.898484 0.970764 0.970764 0.970764
3850 46.898484 46.898484 46.898484 0.970764 0.970764 0.970764
3860 46.898484 46.898484 46.898484 0.970764 0.970764 0.970764
3870 46.898484 46.898484 46.898484 0.970764 0.970764 0.970764
3880 46.898484 46.898484 46.898484 0.970764 0.970764 0.970764
3890 46.898484 46.898484 46.898484 0.970764 0.970764 0.970764
3900 46.898484 46.898484 46.898484 0.970764 0.970764 0.970764
3910 46.898484 46.898484 46.898484 0.970764 0.970764 0.970764
3920 46.898484 46.898484 46.898484 0.970764 0.970764 0.970764
3930 46.898484 46.898484 46.898484 0.970764 0.970764 0.970764
3940 46.898484 46.898484 46.898484 0.970764 0.970764 0.970764
3950 46.898484 46.898484 46.898484 0.970764 0.970764 0.970764
3960 46.898484 46.898484 46.898484 0.970764 0.970764 0.970764
3970 46.898484 46.898484 46.898484 0.970764 0.970764 0.970764
3980 46.898484 46.898484 46.898484 0.970764 0.970764 0.970764
3990 46.898484 46.898484 46.898484 0.970764 0.970764 0.970764
4000 46.898484 46.898484 46.898484 0.970764 0.970764 0.970764
4010 46.898484 46.898484 46.898484 0.970764 0.970764 0.970764
4020 46.898484 46.898484 46.898484 0.970764 0.970764 0.970764
4030 46.898484 46.898484 46.898484 0.970764 0.970764 0.970764
4040 46.898484 46.898484 46.898484 0.970764 0.970764 0.970764
4050 46.898484 46.898484 46.898484 0.970764 0.970764 0.970764
4060 46.898484 46.898484 46.898484 0.970764 0.970764 0.970764
4070 46.898484 46.898484 46.898484 0.970764 0.970764 0.970764
4080 46.898484 46.898484 46.898484 0.970764 0.970764 0.970764
4090 46.898484 46.898484 46.898484 0.970764 0.970764 0.970764
4100 46.898484 46.898484 46.898484 0.970764 0.970764 0.970764
4110 46.898484 46.898484 46.898484 0.970764 0.970764 0.970764
4120 46.898484 46.898484 46.898484 0.970764 0.970764 0.970764
4130 46.898484 46.898484 46.898484 0.970764 0.970764 0.970764
4140 46.898484 46.898484 46.898484 0.970764 0.970764 0.970764
4150 46.898484 46.898484 46.898484 0.970764 0.970764 0.970764
4160 46.898484 46.898484 46.898484 0.970764 0.970764 0.970764
4170 46.898484 46.898484 46.898484 0.970764 0.970764 0.970764
4180 46.898484 46.898484 46.898484 0.970764 0.970764 0.970764
4190 46.898484 46.898484 46.898484 0.970764 0.970764 0.970764
4200 46.898484 46.898484 46.898484 0.970764 0.970764 0.970764
4210 46.898484 46.898484 46.898484 0.970764 0.970764 0.970764
4220 46.898484 46.898484 46.898484 0.970764 0.970764 0.970764
4230 46.898484 46.898484 46.898484 0.970764 0.970764 0.970764
4240 46.898484 46.898484 46.898484 0.970764 0.970764 0.970764
4250 46.898484 46.898484 46.898484 0.970764 0.970764 0.970764
4260 46.898484 46.898484 46.898484 0.970764 0.970764 0.970764
4270 46.898484 46.898484 46.898484 0.970764 0.970764 0.970764
4280 46.898484 46.898484 46.898484 0.970764 0.970764 0.970764
4290 46.898484 46.898484 46.898484 0.970764 0.970764 0.970764
4300 46.898484 46.898484 46.898484 0.970764 0.970764 0.970764
4310 46.898484 46.898484 46.898484 0.970764 0.970764 0.970764
4320 46.898484 46.898484 46.898484 0.970764 0.970764 0.970764
4330 46.898484 46.898484 46.898484 0.970764 0.970764 0.970764
4340 46.898484 46.898484 46.898484 0.970764 0.970764 0.970764
4350 46.898484 46.898484 46.898484 0.970764 0.970764 0.970764
4360 46.898484 46.898484 46.898484 0.970764 0.970764 0.970764
4370 46.898484 46.898484 46.898484 0.970764 0.970764 0.970764
4380 46.898484 46.898484 46.898484 0.970764 0.970764 0.970764
4390 46.898484 46.898484 46.898484 0.970764 0.970764 0.970764
4400 46.898484 46.898484 46.898484 0.970764 0.970764 0.970764
4410 46.898484 46.898484 46.898484 0.970764 0.970764 0.970764
4420 46.898484 46.898484 46.898484 0.970764 0.970764 0.970764
4430 46.898484 46.898484 46.898484 0.970764 0.970764 0.970764
4440 46.898484 46.898484 46.898484 0.970764 0.970764 0.970764
4450 46.898484 46.898484 46.898484 0.970764 0.970764 0.970764
4460 46.898484 46.898484 46.898484 0.970764 0.970764 0.970764
4470 46.898484 46.898484 46.898484 0.970764 0.970764 0.970764
4480 46.898484 46.898484 46.898484 0.970764 0.970764 0.970764
4490 46.898484 46.898484 46.898484 0.970764 0.970764 0.970764
4500 46.898484 46.898484 46.898484 0.970764 0.970764 0.970764
4510 46.898484 46.898484 46.898484 0.970764 0.970764 0.970764
4520 46.898484 46.898484 46.898484 0.970764 0.970764 0.970764
4530 46.898484 46.898484 46.898484 0.970764 0.970764 0.970764
4540 46.898484 46.898484 46.898484 0.970764 0.970764 0.970764
4550 46.898484 46.898484 46.898484 0.970764 0.970764 0.970764
4560 46.898484 46.898484 46.898484 0.970764 0.970764 0.970764
4570 46.898484 46.898484 46.898484 0.970764 0.970764 0.970764
4580 46.898484 46.898484 46.898484 0.970764 0.970764 0.970764
4590 46.898484 46.898484 46.898484 0.970764 0.970764 0.970764
4600 46.898484 46.898484 46.898484 0.970764 0.970764 0.970764
4610 46.898484 46.898484 46.898484 0.970764 0.970764 0.970764
4620 46.898484 46.898484 46.898484 0.970764 0.970764 0.970764
4630 46.898484 46.898484 46.898484 0.970764 0.970764 0.970764
4640 46.898484 46.898484 46.898484 0.970764 0.970764 0.970764
4650 46.898484 46.898484 46.898484 0.970764 0.970764 0.970764
4660 46.898484 46.898484 46.898484 0.970764 0.970764 0.970764
4670 46.898484 46.898484 46.898484 0.970764 0.970764 0.970764
4680 46.898484 46.898484 46.898484 0.970764 0.970764 0.970764
4690 46.898484 46.898484 46.898484 0.970764 0.970764 0.970764
4700 46.898484 46.898484 46.898484 0.970764 0.970764 0.970764
4710 46.898484 46.898484 46.898484 0.970764 0.970764 0.970764
4720 46.898484 46.898484 46.898484 0.970764 0.970764 0.970764
4730 46.898484 46.898484 46.898484 0.970764 0.970764 0.970764
4740 46.898484 46.898484 46.898484 0.970764 0.970764 0.970764
4750 46.898484 46.898484 46.898484 0.970764 0.970764 0.970764
4760 46.898484 46.898484 46.898484 0.970764 0.970764 0.970764
4770 46.898484 46.898484 46.898484 0.970764 0.970764 0.970764
4780 46.898484 46.898484 46.898484 0.970764 0.970764 0.970764
4790 46.898484 46.898484 46.898484 0.970764 0.970764 0.970764
4800 46.898484 46.898484 46.898484 0.970764 0.970764 0.970764
4810 46.898484 46.898484 46.898484 0.970764 0.970764 0.970764
4820 46.898484 46.898484 46.898484 0.970764 0.970764 0.970764
4830 46.898484 46.898484 46.898484 0.970764 0.970764 0.970764
4840 46.898484 46.898484 46.898484 0.970764 0.970764 0.970764
4850 46.898484 46.898484 46.898484 0.970764 0.970764 0.970764
4860 46.898484 46.898484 46.898484 0.970764 0.970764 0.970764
4870 46.898484 46.898484 46.898484 0.970764 0.970764 0.970764
4880 46.898484 46.898484 46.898484 0.970764 0.970764 0.970764
4890 46.898484 46.898484 46.898484 0.970764 0.970764 0.970764
4900 46.898484 46.898484 46.898484 0.970764 0.970764 0.970764
4910 46.898484 46.898484 46.898484 0.970764 0.970764 0.970764
4920 46.898484 46.898484 46.898484 0.970764 0.970764 0.970764
4930 46.898484 46.898484 46.898484 0.970764 0.970764 0.970764
4940 46.898484 46.898484 46.898484 0.970764 0.970764 0.970764
4950 46.898484 46.898484 46.898484 0.970764 0.970764 0.970764
4960 46.898484 46.898484 46.898484 0.970764 0.970764 0.970764
4970 46.898484 46.898484 46.898484 0.970764 0.970764 0.970764
4980 46.898484 46.898484 46.898484 0.970764 0.970764 0.970764
4990 46.898484 46.898484 46.898484 0.970764 0.970764 0.970764
5000 46.898484 46.898484 46.898484 0.970764 0.970764 0.970764
5010 46.898484 46.898484 46.898484 0.970764 0.970764 0.970764
5020 46.898484 46.898484 46.898484 0.970764 0.970764 0.970764
5030 46.898484 46.898484 46.898484 0.970764 0.970764 0.970764
5040 46.898484 46.898484 46.898484 0.970764 0.970764 0.970764
5050 46.898484 46.898484 46.898484 0.970764 0.970764 0.970764
5060 46.898484 46.898484 46.898484 0.970764 0.970764 0.970764
5070 46.898484 46.898484 46.898484 0.970764 0.970764 0.970764
5080 46.898484 46.898484 46.898484 0.970764 0.970764 0.970764
5090 46.898484 46.898484 46.898484 0.970764 0.970764 0.970764
5100 46.898484 46.898484 46.898484 0.970764 0.970764 0.970764
5110 46.898484 46.898484 46.898484 0.970764 0.970764 0.970764
5120 46.898484 46.898484 46.898484 0.970764 0.970764 0.970764
5130 46.898484 46.898484 46.898484 0.970764 0.970764 0.970764
5140 46.898484 46.898484 46.898484 0.970764 0.970764 0.970764
5150 46.898484 46.898484 46.898484 0.970764 0.970764 0.970764
5160 46.898484 46.898484 46.898484 0.970764 0.970764 0.970764
5170 46.898484 46.898484 46.898484 0.970764 0.970764 0.970764
5180 46.898484 46.898484 46.898484 0.970764 0.970764 0.970764
5190 46.898484 46.898484 46.898484 0.970764 0.970764 0.970764
5200 46.898484 46.898484 46.898484 0.970764 0.970764 0.970764
5210 46.898484 46.898484 46.898484 0.970764 0.970764 0.970764
5220 46.898484 46.898484 46.898484 0.970764 0.970764 0.970764
5230 46.898484 46.898484 46.898484 0.970764 0.970764 0.970764
5240 46.898484 46.898484 46.898484 0.970764 0.970764 0.970764
5250 46.898484 46.898484 46.898484 0.970764 0.970764 0.970764
5260 46.898484 46.898484 46.898484 0.970764 0.970764 0.970764
5270 46.898484 46.898484 46.898484 0.970764 0.970764 0.970764
5280 46.898484 46.898484 46.898484 0.970764 0.970764 0.970764
5290 46.898484 46.898484 46.898484 0.970764 0.970764 0.970764
5300 46.898484 46.898484 46.898484 0.970764 0.970764 0.970764
5310 46.898484 46.898484 46.898484 0.970764 0.970764 0.970764
5320 46.898484 46.898484 46.898484 0.970764 0.970764 0.970764
5330 46.898484 46.898484 46.898484 0.970764 0.970764 0.970764
5340 46.898484 46.898484 46.898484 0.970764 0.970764 0.970764
5350 46.898484 46.898484 46.898484 0.970764 0.970764 0.970764
5360 46.898484 46.898484 46.898484 0.970764 0.970764 0.970764
5370 46.898484 46.898484 46.898484 0.970764 0.970764 0.970764
5380 46.898484 46.898484 46.898484 0.970764 0.970764 0.970764
5390 46.898484 46.898484 46.898484 0.970764 0.970764 0.970764
5400 46.898484 46.898484 46.898484 0.970764 0.970764 0.970764
5410 46.898484 46.898484 46.898484 0.970764 0.970764 0.970764
5420 46.898484 46.898484 46.898484 0.970764 0.970764 0.970764
5430 46.898484 46.898484 46.898484 0.970764 0.970764 0.970764
5440 46.898484 46.898484 46.898484 0.970764 0.970764 0.970764
5450 46.898484 46.898484 46.898484 0.970764 0.970764 0.970764
5460 46.898484 46.898484 46.898484 0.970764 0.970764 0.970764
5470 46.898484 46.898484 46.898484 0.970764 0.970764 0.970764
5480 46.898484 46.898484 46.898484 0.970764 0.970764 0.970764
5490 46.898484 46.898484 46.898484 0.970764 0.970764 0.970764
5500 46.898484 46.898484 46.898484 0.970764 0.970764 0.970764
5510 46.898484 46.898484 46.898484 0.970764 0.970764 0.970764
5520 46.898484 46.898484 46.898484 0.970764 0.970764 0.970764
5530 46.898484 46.898484 46.898484 0.970764 0.970764 0.970764
5540 46.898484 46.898484 46.898484 0.970764 0.970764 0.970764
5550 46.898484 46.898484 46.898484 0.970764 0.970764 0.970764
5560 46.898484 46.898484 46.898484 0.970764 0.970764 0.970764
5570 46.898484 46.898484 46.898484 0.970764 0.970764 0.970764
5580 46.898484 46.898484 46.898484 0.970764 0.970764 0.970764
5590 46.898484 46.898484 46.898484 0.970764 0.970764 0.970764
5600 46.898484 46.898484 46.898484 0.970764 0.970764 0.970764
5610 46.898484 46.898484 46.898484 0.970764 0.970764 0.970764
5620 46.898484 46.898484 46.898484 0.970764 0.970764 0.970764
5630 46.898484 46.898484 46.898484 0.970764 0.970764 0.970764
5640 46.898484 46.898484 46.898484 0.970764 0.970764 0.970764
5650 46.898484 46.898484 46.898484 0.970764 0.970764 0.970764
5660 46.898484 46.898484 46.898484 0.970764 0.970764 0.970764
5670 46.898484 46.898484 46.898484 0.970764 0.970764 0.970764
5680 46.898484 46.898484 46.898484 0.970764 0.970764 0.970764
5690 46.898484 46.898484 46.898484 0.970764 0.970764 0.970764
5700 46.898484 46.898484 46.898484 0.970764 0.970764 0.970764
5710 46.898484 46.898484 46.898484 0.970764 0.970764 0.970764
5720 46.898484 46.898484 46.898484 0.970764 0.970764 0.970764
5730 46.898484 46.898484 46.898484 0.970764 0.970764 0.970764
5740 46.898484 46.898484 46.898484 0.970764 0.970764 0.970764
5750 46.898484 46.898484 46.898484 0.970764 0.970764 0.970764
5760 46.898484 46.898484 46.898484 0.970764 0.970764 0.970764
5770 46.898484 46.898484 46.898484 0.970764 0.970764 0.970764
5780 46.898484 46.898484 46.898484 0.970764 0.970764 0.970764
5790 46.898484 46.898484 46.898484 0.970764 0.970764 0.970764
5800 46.898484 46.898484 46.898484 0.970764 0.970764 0.970764
5810 46.898484 46.898484 46.898484 0.970764 0.970764 0.970764
5820 46.898484 46.898484 46.898484 0.970764 0.970764 0.970764
5830 46.898484 46.898484 46.898484 0.970764 0.970764 0.970764
5840 46.898484 46.898484 46.898484 0.970764 0.970764 0.970764
5850 46.898484 46.898484 46.898484 0.970764 0.970764 0.970764
5860 46.898484 46.898484 46.898484 0.970764 0.970764 0.970764
5870 46.898484 46.898484 46.898484 0.970764 0.970764 0.970764
5880 46.898484 46.898484 46.898484 0.970764 0.970764 0.970764
5890 46.898484 46.898484 46.898484 0.970764 0.970764 0.970764
5900 46.898484 46.898484 46.898484 0.970764 0.970764 0.970764
5910 46.898484 46.898484 46.898484 0.970764 0.970764 0.970764
5920 46.898484 46.898484 46.898484 0.970764 0.970764 0.970764
5930 46.898484 46.898484 46.898484 0.970764 0.970764 0.970764
5940 46.898484 46.898484 46.898484 0.970764 0.970764 0.970764
5950 46.898484 46.898484 46.898484 0.970764 0.970764 0.970764
5960 46.898484 46.898484 46.898484 0.970764 0.970764 0.970764
5970 46.898484 46.898484 46.898484 0.970764 0.970764 0.970764
5980 46.898484 46.898484 46.898484 0.970764 0.970764 0.970764
5990 46.898484 46.898484 46.898484 0.970764 0.970764 0.970764
6000 46.898484 46.898484 46.898484 0.970764 0.970764 0.970764
6010 46.898484 46.898484 46.898484 0.970764 0.970764 0.970764
6020 46.898484 46.898484 46.898484 0.970764 0.970764 0.970764
6030 46.898484 46.898484 46.898484 0.970764 0.970764 0.970764
6040 46.898484 46.898484 46.898484 0.970764 0.970764 0.970764
6050 46.898484 46.898484 46.898484 0.970764 0.970764 0.970764
6060 46.898484 46.898484 46.898484 0.970764 0.970764 0.970764
6070 46.898484 46.898484 46.898484 0.970764 0.970764 0.970764
6080 46.898484 46.898484 46.898484 0.970764 0.970764 0.970764
6090 46.898484 46.898484 46.898484 0.970764 0.970764 0.970764
6100 46.898484 46.898484 46.898484 0.970764 0.970764 0.970764
6110 46.898484 46.898484 46.898484 0.970764 0.970764 0.970764
6120 46.898484 46.898484 46.898484 0.970764 0.970764 0.970764
6130 46.898484 46.898484 46.898484 0.970764 0.970764 0.970764
6140 46.898484 46.898484 46.898484 0.970764 0.970764 0.970764
6150 46.898484 46.898484 46.898484 0.970764 0.970764 0.970764
6160 46.898484 46.898484 46.898484 0.970764 0.970764 0.970764
6170 46.898484 46.898484 46.898484 0.970764 0.970764 0.970764
6180 46.898484 46.898484 46.898484 0.970764 0.970764 0.970764
6190 46.898484 46.898484 46.898484 0.970764 0.970764 0.970764
6200 46.898484 46.898484 46.898484 0.970764 0.970764 0.970764
6210 46.898484 46.898484 46.898484 0.970764 0.970764 0.970764
6220 46.898484 46.898484 46.898484 0.970764 0.970764 0.970764
6230 46.898484 46.898484 46.898484 0.970764 0.970764 0.970764
6240 46.898484 46.898484 46.898484 0.970764 0.970764 0.970764
6250 46.898484 46.898484 46.898484 0.970764 0.970764 0.970764
6260 46.898484 46.898484 46.898484 0.970764 0.970764 0.970764
6270 46.898484 46.898484 46.898484 0.970764 0.970764 0.970764
6280 46.898484 46.898484 46.898484 0.970764 0.970764 0.970764
6290 46.898484 46.898484 46.898484 0.970764 0.970764 0.970764
6300 46.898484 46.898484 46.898484 0.970764 0.970764 0.970764
6310 46.898484 46.898484 46.898484 0.970764 0.970764 0.970764
6320 46.898484 46.898484 46.898484 0.970764 0.970764 0.970764
6330 46.898484 46.898484 46.898484 0.970764 0.970764 0.970764
6340 46.898484 46.898484 46.898484 0.970764 0.970764 0.970764
6350 46.898484 46.898484 46.898484 0.970764 0.970764 0.970764
6360 46.898484 46.898484 46.898484 0.970764 0.970764 0.970764
6370 46.898484 46.898484 46.898484 0.970764 0.970764 0.970764
6380 46.898484 46.898484 46.898484 0.970764 0.970764 0.970764
6390 46.898484 46.898484 46.898484 0.970764 0.970764 0.970764
6400 46.898484 46.898484 46.898484 0.970764 0.970764 0.970764
6410 46.898484 46.898484 46.898484 0.970764 0.970764 0.970764
6420 46.898484 46.898484 46.898484 0.970764 0.970764 0.970764
6430 46.898484 46.898484 46.898484 0.970764 0.970764 0.970764
6440 46.898484 46.898484 46.898484 0.970764 0.970764 0.970764
6450 46.898484 46.898484 46.898484 0.970764 0.970764 0.970764
6460 46.898484 46.898484 46.898484 0.970764 0.970764 0.970764
6470 46.898484 46.898484 46.898484 0.970764 0.970764 0.970764
6480 46.898484 46.898484 46.898484 0.970764 0.970764 0.970764
6490 46.898484 46.898484 46.898484 0.970764 0.970764 0.970764
6500 46.898484 46.898484 46.898484 0.970764 0.970764 0.970764
6510 46.898484 46.898484 46.898484 0.970764 0.970764 0.970764
6520 46.898484 46.898484 46.898484 0.970764 0.970764 0.970764
6530 46.898484 46.898484 46.898484 0.970764 0.970764 0.970764
6540 46.898484 46.898484 46.898484 0.970764 0.970764 0.970764
6550 46.898484 46.898484 46.898484 0.970764 0.970764 0.970764
6560 46.898484 46.898484 46.898484 0.970764 0.970764 0.970764
6570 46.898484 46.898484 46.898484 0.970764 0.970764 0.970764
6580 46.898484 46.898484 46.898484 0.970764 0.970764 0.970764
6590 46.898484 46.898484 46.898484 0.970764 0.970764 0.970764
6600 46.898484 46.898484 46.898484 0.970764 0.970764 0.970764
6610 46.898484 46.898484 46.898484 0.970764 0.970764 0.970764
6620 46.898484 46.898484 46.898484 0.970764 0.970764 0.970764
6630 46.898484 46.898484 46.898484 0.970764 0.970764 0.970764
6640 46.898484 46.898484 46.898484 0.970764 0.970764 0.970764
6650 46.898484 46.898484 46.898484 0.970764 0.970764 0.970764
6660 46.898484 46.898484 46.898484 0.970764 0.970764 0.970764
6670 46.898484 46.898484 46.898484 0.970764 0.970764 0.970764
6680 46.898484 46.898484 46.898484 0.970764 0.970764 0.970764
6690 46.898484 46.898484 46.898484 0.970764 0.970764 0.970764
6700 46.898484 46.898484 46.898484 0.970764 0.970764 0.970764
6710 46.898484 46.898484 46.898484 0.970764 0.970764 0.970764
6720 46.898484 46.898484 46.898484 0.970764 0.970764 0.970764
6730 46.898484 46.898484 46.898484 0.970764 0.970764 0.970764
6740 46.898484 46.898484 46.898484 0.970764 0.970764 0.970764
6750 46.898484 46.898484 46.898484 0.970764 0.970764 0.970764
6760 46.898484 46.898484 46.898484 0.970764 0.970764 0.970764
6770 46.898484 46.898484 46.898484 0.970764 0.970764 0.970764
6780 46.898484 46.898484 46.898484 0.970764 0.970764 0.970764
6790 46.898484 46.898484 46.898484 0.970764 0.970764 0.970764
6800 46.898484 46.898484 46.898484 0.970764 0.970764 0.970764
6810 46.898484 46.898484 46.898484 0.970764 0.970764 0.970764
6820 46.898484 46.898484 46.898484 0.970764 0.970764 0.970764
6830 46.898484 46.898484 46.898484 0.970764 0.970764 0.970764
6840 46.898484 46.898484 46.898484 0.970764 0.970764 0.970764
6850 46.898484 46.898484 46.898484 0.970764 0.970764 0.970764
6860 46.898484 46.898484 46.898484 0.970764 0.970764 0.970764
6870 46.898484 46.898484 46.898484 0.970764 0.970764 0.970764
6880 46.898484 46.898484 46.898484 0.970764 0.970764 0.970764
6890 46.898484 46.898484 46.898484 0.970764 0.970764 0.970764
6900 46.898484 46.898484 46.898484 0.970764 0.970764 0.970764
6910 46.898484 46.898484 46.898484 0.970764 0.970764 0.970764
6920 46.898484 46.898484 46.898484 0.970764 0.970764 0.970764
6930 46.898484 46.898484 46.898484 0.970764 0.970764 0.970764
6940 46.898484 46.898484 46.898484 0.970764 0.970764 0.970764
6950 46.898484 46.898484 46.898484 0.970764 0.970764 0.970764
6960 46.898484 46.898484 46.898484 0.970764 0.970764 0.970764
6970 46.898484 46.898484 46.898484 0.970764 0.970764 0.970764
6980 46.898484 46.898484 46.898484 0.970764 0.970764 0.970764
6990 46.898484 46.898484 46.898484 0.970764 0.970764 0.970764
7000 46.898484 46.898484 46.898484 0.970764 0.970764 0.970764
7010 46.898484 46.898484 46.898484 0.970764 0.970764 0.970764
7020 46.898484 46.898484 46.898484 0.970764 0.970764 0.970764
7030 46.898484 46.898484 46.898484 0.970764 0.970764 0.970764
7040 46.898484 46.898484 46.898484 0.970764 0.970764 0.970764
7050 46.898484 46.898484 46.898484 0.970764 0.970764 0.970764
7060 46.898484 46.898484 46.898484 0.970764 0.970764 0.970764
7070 46.898484 46.898484 46.898484 0.970764 0.970764 0.970764
7080 46.898484 46.898484 46.898484 0.970764 0.970764 0.970764
7090 46.898484 46.898484 46.898484 0.970764 0.970764 0.970764
7100 46.898484 46.898484 46.898484 0.970764 0.970764 0.970764
7110 46.898484 46.898484 46.898484 0.970764 0.970764 0.970764
7120 46.898484 46.898484 46.898484 0.970764 0.970764 0.970764
7130 46.898484 46.898484 46.898484 0.970764 0.970764 0.970764
7140 46.898484 46.898484 46.898484 0.970764 0.970764 0.970764
7150 46.898484 46.898484 46.898484 0.970764 0.970764 0.970764
7160 46.898484 46.898484 46.898484 0.970764 0.970764 0.970764
7170 46.898484 46.898484 46.898484 0.970764 0.970764 0.970764
7180 46.898484 46.898484 46.898484 0.970764 0.970764 0.970764
7190 46.898484 46.898484 46.898484 0.970764 0.970764 0.970764
7200 46.898484 46.898484 46.898484 0.970764 0.970764 0.970764
7210 46.898484 46.898484 46.898484 0.970764 0.970764 0.970764
7220 46.898484 46.898484 46.898484 0.970764 0.970764 0.970764
7230 46.898484 46.898484 46.898484 0.970764 0.970764 0.970764
7240 46.898484 46.898484 46.898484 0.970764 0.970764 0.970764
7250 46.898484 46.898484 46.898484 0.970764 0.970764 0.970764
7260 46.898484 46.898484 46.898484 0.970764 0.970764 0.970764
7270 46.898484 46.898484 46.898484 0.970764 0.970764 0.970764
7280 46.898484 46.898484 46.898484 0.970764 0.970764 0.970764
7290 46.898484 46.898484 46.898484 0.970764 0.970764 0.970764
7300 46.898484 46.898484 46.898484 0.970764 0.970764 0.970764
7310 46.898484 46.898484 46.898484 0.970764 0.970764 0.970764
7320 46.898484 46.898484 46.898484 0.970764 0.970764 0.970764
7330 46.898484 46.898484 46.898484 0.970764 0.970764 0.970764
7340 46.898484 46.898484 46.898484 0.970764 0.970764 0.970764
7350 46.898484 46.898484 46.898484 0.970764 0.970764 0.970764
7360 46.898484 46.898484 46.898484 0.970764 0.970764 0.970764
7370 46.898484 46.898484 46.898484 0.970764 0.970764 0.970764
7380 46.898484 46.898484 46.898484 0.970764 0.970764 0.970764
7390 46.898484 46.898484 46.898484 0.970764 0.970764 0.970764
7400 46.898484 46.898484 46.898484 0.970764 0.970764 0.970764
7410 46.898484 46.898484 46.898484 0.970764 0.970764 0.970764
7420 46.898484 46.898484 46.898484 0.970764 0.970764 0.970764
7430 46.898484 46.898484 46.898484 0.970764 0.970764 0.970764
7440 46.898484 46.898484 46.898484 0.970764 0.970764 0.970764
7450 46.898484 46.898484 46.898484 0.970764 0.970764 0.970764
7460 46.898484 46.898484 46.898484 0.970764 0.970764 0.970764
7470 46.898484 46.898484 46.898484 0.970764 0.970764 0.970764
7480 46.898484 46.898484 46.898484 0.970764 0.970764 0.970764
7490 46.898484 46.898484 46.898484 0.970764 0.970764 0.970764
7500 46.898484 46.898484 46.898484 0.970764 0.970764 0.970764
7510 46.898484 46.898484 46.898484 0.970764 0.970764 0.970764
7520 46.898484 46.898484 46.898484 0.970764 0.970764 0.970764
7530 46.898484 46.898484 46.898484 0.970764 0.970764 0.970764
7540 46.898484 46.898484 46.898484 0.970764 0.970764 0.970764
7550 46.898484 46.898484 46.898484 0.970764 0.970764 0.970764
7560 46.898484 46.898484 46.898484 0.970764 0.970764 0.970764
7570 46.898484 46.898484 46.898484 0.970764 0.970764 0.970764
7580 46.898484 46.898484 46.898484 0.970764 0.970764 0.970764
7590 46.898484 46.898484 46.898484 0.970764 0.970764 0.970764
7600 46.898484 46.898484 46.898484 0.970764 0.970764 0.970764
7610 46.898484 46.898484 46.898484 0.970764 0.970764 0.970764
7620 46.898484 46.898484 46.898484 0.970764 0.970764 0.970764
7630 46.898484 46.898484 46.898484 0.970764 0.970764 0.970764
7640 46.898484 46.898484 46.898484 0.970764 0.970764 0.970764
7650 46.898484 46.898484 46.898484 0.970764 0.970764 0.970764
7660 46.898484 46.898484 46.898484 0.970764 0.970764 0.970764
7670 46.898484 46.898484 46.898484 0.970764 0.970764 0.970764
7680 46.898484 46.898484 46.898484 0.970764 0.970764 0.970764
7690 46.898484 46.898484 46.898484 0.970764 0.970764 0.970764
7700 46.898484 46.898484 46.898484 0.970764 0.970764 0.970764
7710 46.898484 46.898484 46.898484 0.970764 0.970764 0.970764
7720 46.898484 46.898484 46.898484 0.970764 0.970764 0.970764
7730 46.898484 46.898484 46.898484 0.970764 0.970764 0.970764
7740 46.898484 46.898484 46.898484 0.970764 0.970764 0.970764
7750 46.898484 46.898484 46.898484 0.970764 0.970764 0.970764
7760 46.898484 46.898484 46.898484 0.970764 0.970764 0.970764
7770 46.898484 46.898484 46.898484 0.970764 0.970764 0.970764
7780 46.898484 46.898484 46.898484 0.970764 0.970764 0.970764
7790 46.898484 46.898484 46.898484 0.970764 0.970764 0.970764
7800 46.898484 46.898484 46.898484 0.970764 0.970764 0.970764
7810 46.898484 46.898484 46.898484 0.970764 0.970764 0.970764
7820 46.898484 46.898484 46.898484 0.970764 0.970764 0.970764
7830 46.898484 46.898484 46.898484 0.970764 0.970764 0.970764
7840 46.898484 46.898484 46.898484 0.970764 0.970764 0.970764
7850 46.898484 46.898484 46.898484 0.970764 0.970764 0.970764
7860 46.898484 46.898484 46.898484 0.970764 0.970764 0.970764
7870 46.898484 46.898484 46.898484 0.970764 0.970764 0.970764
7880 46.898484 46.898484 46.898484 0.970764 0.970764 0.970764
7890 46.898484 46.898484 46.898484 0.970764 0.970764 0.970764
7900 46.898484 46.898484 46.898484 0.970764 0.970764 0.970764
7910 46.898484 46.898484 46.898484 0.970764 0.970764 0.970764
7920 46.898484 46.898484 46.898484 0.970764 0.970764 0.970764
7930 46.898484 46.898484 46.898484 0.970764 0.970764 0.970764
7940 46.898484 46.898484 46.898484 0.970764 0.970764 0.970764
7950 46.898484 46.898484 46.898484 0.970764 0.970764 0.970764
7960 46.898484 46.898484 46.898484 0.970764 0.970764 0.970764
7970 46.898484 46.898484 46.898484 0.970764 0.970764 0.970764
7980 46.898484 46.898484 46.898484 0.970764 0.970764 0.970764
7990 46.898484 46.898484 46.898484 0.970764 0.970764 0.970764
8000 46.898484 46.898484 46.898484 0.970764 0.970764 0.970764
8010 46.898484 46.898484 46.898484 0.970764 0.970764 0.970764
8020 46.898484 46.898484 46.898484 0.970764 0.970764 0.970764
8030 46.898484 46.898484 46.898484 0.970764 0.970764 0.970764
8040 46.898484 46.898484 46.898484 0.970764 0.970764 0.970764
8050 46.898484 46.898484 46.898484 0.970764 0.970764 0.970764
8060 46.898484 46.898484 46.898484 0.970764 0.970764 0.970764
8070 46.898484 46.898484 46.898484 0.970764 0.970764 0.970764
8080 46.898484 46.898484 46.898484 0.970764 0.970764 0.970764
8090 46.898484 46.898484 46.898484 0.970764 0.970764 0.970764
8100 46.898484 46.898484 46.898484 0.970764 0.970764 0.970764
8110 46.898484 46.898484 46.898484 0.970764 0.970764 0.970764
8120 46.898484 46.898484 46.898484 0.970764 0.970764 0.970764
8130 46.898484 46.898484 46.898484 0.970764 0.970764 0.970764
8140 46.898484 46.898484 46.898484 0.970764 0.970764 0.970764
8150 46.898484 46.898484 46.898484 0.970764 0.970764 0.970764
8160 46.898484 46.898484 46.898484 0.970764 0.970764 0.970764
8170 46.898484 46.898484 46.898484 0.970764 0.970764 0.970764
8180 46.898484 46.898484 46.898484 0.970764 0.970764 0.970764
8190 46.898484 46.898484 46.898484 0.970764 0.970764 0.970764
8200 46.898484 46.898484 46.898484 0.970764 0.970764 0.970764
8210 46.898484 46.898484 46.898484 0.970764 0.970764 0.970764
8220 46.898484 46.898484 46.898484 0.970764 0.970764 0.970764
8230 46.898484 46.898484 46.898484 0.970764 0.970764 0.970764
8240 46.898484 46.898484 46.898484 0.970764 0.970764 0.970764
8250 46.898484 46.898484 46.898484 0.970764 0.970764 0.970764
8260 46.898484 46.898484 46.898484 0.970764 0.970764 0.970764
8270 46.898484 46.898484 46.898484 0.970764 0.970764 0.970764
8280 46.898484 46.898484 46.898484 0.970764 0.970764 0.970764
8290 46.898484 46.898484 46.898484 0.970764 0.970764 0.970764
8300 46.898484 46.898484 46.898484 0.970764 0.970764 0.970764
8310 46.898484 46.898484 46.898484 0.970764 0.970764 0.970764
8320 46.898484 46.898484 46.898484 0.970764 0.970764 0.970764
8330 46.898484 46.898484 46.898484 0.970764 0.970764 0.970764
8340 46.898484 46.898484 46.898484 0.970764 0.970764 0.970764
8350 46.898484 46.898484 46.898484 0.970764 0.970764 0.970764
8360 46.898484 46.898484 46.898484 0.970764 0.970764 0.970764
8370 46.898484 46.898484 46.898484 0.970764 0.970764 0.970764
8380 46.898484 46.898484 46.898484 0.970764 0.970764 0.970764
8390 46.898484 46.898484 46.898484 0.970764 0.970764 0.970764
8400 46.898484 46.898484 46.898484 0.970764 0.970764 0.970764
8410 46.898484 46.898484 46.898484 0.970764 0.970764 0.970764
8420 46.898484 46.898484 46.898484 0.970764 0.970764 0.970764
8430 46.898484 46.898484 46.898484 0.970764 0.970764 0.970764
8440 46.898484 46.898484 46.898484 0.970764 0.970764 0.970764
8450 46.898484 46.898484 46.898484 0.970764 0.970764 0.970764
8460 46.898484 46.898484 46.898484 0.970764 0.970764 0.970764
8470 46.898484 46.898484 46.898484 0.970764 0.970764 0.970764
8480 46.898484 46.898484 46.898484 0.970764 0.970764 0.970764
8490 46.898484 46.898484 46.898484 0.970764 0.970764 0.970764
8500 46.898484 46.898484 46.898484 0.970764 0.970764 0.970764
8510 46.898484 46.898484 46.898484 0.970764 0.970764 0.970764
8520 46.898484 46.898484 46.898484 0.970764 0.970764 0.970764
8530 46.898484 46.898484 46.898484 0.970764 0.970764 0.970764
8540 46.898484 46.898484 46.898484 0.970764 0.970764 0.970764
8550 46.898484 46.898484 46.898484 0.970764 0.970764 0.970764
8560 46.898484 46.898484 46.898484 0.970764 0.970764 0.970764
8570 46.898484 46.898484 46.898484 0.970764 0.970764 0.970764
8580 46.898484 46.898484 46.898484 0.970764 0.970764 0.970764
8590 46.898484 46.898484 46.898484 0.970764 0.970764 0.970764
8600 46.898484 46.898484 46.898484 0.970764 0.970764 0.970764
8610 46.898484 46.898484 46.898484 0.970764 0.970764 0.970764
8620 46.898484 46.898484 46.898484 0.970764 0.970764 0.970764
8630 46.898484 46.898484 46.898484 0.970764 0.970764 0.970764
8640 46.898484 46.898484 46.898484 0.970764 0.970764 0.970764
8650 46.898484 46.898484 46.898484 0.970764 0.970764 0.970764
8660 46.898484 46.898484 46.898484 0.970764 0.970764 0.970764
8670 46.898484 46.898484 46.898484 0.970764 0.970764 0.970764
8680 46.898484 46.898484 46.898484 0.970764 0.970764 0.970764
8690 46.898484 46.898484 46.898484 0.970764 0.970764 0.970764
8700 46.898484 46.898484 46.898484 0.970764 0.970764 0.970764
8710 46.898484 46.898484 46.898484 0.970764 0.970764 0.970764
8720 46.898484 46.898484 46.898484 0.970764 0.970764 0.970764
8730 46.898484 46.898484 46.898484 0.970764 0.970764 0.970764
8740 46.898484 46.898484 46.898484 0.970764 0.970764 0.970764
8750 46.898484 46.898484 46.898484 0.970764 0.970764 0.970764
8760 46.898484 46.898484 46.898484 0.970764 0.970764 0.970764
8770 46.898484 46.898484 46.898484 0.970764 0.970764 0.970764
8780 46.898484 46.898484 46.898484 0.970764 0.970764 0.970764
8790 46.898484 46.898484 46.898484 0.970764 0.970764 0.970764
8800 46.898484 46.898484 46.898484 0.970764 0.970764 0.970764
8810 46.898484 46.898484 46.898484 0.970764 0.970764 0.970764
8820 46.898484 46.898484 46.898484 0.970764 0.970764 0.970764
8830 46.898484 46.898484 46.898484 0.970764 0.970764 0.970764
8840 46.898484 46.898484 46.898484 0.970764 0.970764 0.970764
8850 46.898484 46.898484 46.898484 0.970764 0.970764 0.970764
8860 46.898484 46.898484 46.898484 0.970764 0.970764 0.970764
8870 46.898484 46.898484 46.898484 0.970764 0.970764 0.970764
8880 46.898484 46.898484 46.898484 0.970764 0.970764 0.970764
8890 46.898484 46.898484 46.898484 0.970764 0.970764 0.970764
8900 46.898484 46.898484 46.898484 0.970764 0.970764 0.970764
8910 46.898484 46.898484 46.898484 0.970764 0.970764 0.970764
8920 46.898484 46.898484 46.898484 0.970764 0.970764 0.970764
8930 46.898484 46.898484 46.898484 0.970764 0.970764 0.970764
8940 46.898484 46.898484 46.898484 0.970764 0.970764 0.970764
8950 46.898484 46.898484 46.898484 0.970764 0.970764 0.970764
8960 46.898484 46.898484 46.898484 0.970764 0.970764 0.970764
8970 46.898484 46.898484 46.898484 0.970764 0.970764 0.970764
8980 46.898484 46.898484 46.898484 0.970764 0.970764 0.970764
8990 46.898484 46.898484 46.898484 0.970764 0.970764 0.970764
9000 46.898484 46.898484 46.898484 0.970764 0.970764 0.970764
9010 46.898484 46.898484 46.898484 0.970764 0.970764 0.970764
9020 46.898484 46.898484 46.898484 0.970764 0.970764 0.970764
9030 46.898484 46.898484 46.898484 0.970764 0.970764 0.970764
9040 46.898484 46.898484 46.898484 0.970764 0.970764 0.970764
9050 46.898484 46.898484 46.898484 0.970764 0.970764 0.970764
9060 46.898484 46.898484 46.898484 0.970764 0.970764 0.970764
9070 46.898484 46.898484 46.898484 0.970764 0.970764 0.970764
9080 46.898484 46.898484 46.898484 0.970764 0.970764 0.970764
9090 46.898484 46.898484 46.898484 0.970764 0.970764 0.970764
9100 46.898484 46.898484 46.898484 0.970764 0.970764 0.970764
9110 46.898484 46.898484 46.898484 0.970764 0.970764 0.970764
9120 46.898484 46.898484 46.898484 0.970764 0.970764 0.970764
9130 46.898484 46.898484 46.898484 0.970764 0.970764 0.970764
9140 46.898484 46.898484 46.898484 0.970764 0.970764 0.970764
9150 46.898484 46.898484 46.898484 0.970764 0.970764 0.970764
9160 46.898484 46.898484 46.898484 0.970764 0.970764 0.970764
9170 46.898484 46.898484 46.898484 0.970764 0.970764 0.970764
9180 46.898484 46.898484 46.898484 0.970764 0.970764 0.970764
9190 46.898484 46.898484 46.898484 0.970764 0.970764 0.970764
9200 46.898484 46.898484 46.898484 0.970764 0.970764 0.970764
9210 46.898484 46.898484 46.898484 0.970764 0.970764 0.970764
9220 46.898484 46.898484 46.898484 0.970764 0.970764 0.970764
9230 46.898484 46.898484 46.898484 0.970764 0.970764 0.970764
9240 46.898484 46.898484 46.898484 0.970764 0.970764 0.970764
9250 46.898484 46.898484 46.898484 0.970764 0.970764 0.970764
9260 46.898484 46.898484 46.898484 0.970764 0.970764 0.970764
9270 46.898484 46.898484 46.898484 0.970764 0.970764 0.970764
9280 46.898484 46.898484 46.898484 0.970764 0.970764 0.970764
9290 46.898484 46.898484 46.898484 0.970764 0.970764 0.970764
9300 46.898484 46.898484 46.898484 0.970764 0.970764 0.970764
9310 46.898484 46.898484 46.898484 0.970764 0.970764 0.970764
9320 46.898484 46.898484 46.898484 0.970764 0.970764 0.970764
9330 46.898484 46.898484 46.898484 0.970764 0.970764 0.970764
9340 46.898484 46.898484 46.898484 0.970764 0.970764 0.970764
9350 46.898484 46.898484 46.898484 0.970764 0.970764 0.970764
9360 46.898484 46.898484 46.898484 0.970764 0.970764 0.970764
9370 46.898484 46.898484 46.898484 0.970764 0.970764 0.970764
9380 46.898484 46.898484 46.898484 0.970764 0.970764 0.970764
9390 46.898484 46.898484 46.898484 0.970764 0.970764 0.970764
9400 46.898484 46.898484 46.898484 0.970764 0.970764 0.970764
9410 46.898484 46.898484 46.898484 0.970764 0.970764 0.970764
9420 46.898484 46.898484 46.898484 0.970764 0.970764 0.970764
9430 46.898484 46.898484 46.898484 0.970764 0.970764 0.970764
9440 46.898484 46.898484 46.898484 0.970764 0.970764 0.970764
9450 46.898484 46.898484 46.898484 0.970764 0.970764 0.970764
9460 46.898484 46.898484 46.898484 0.970764 0.970764 0.970764
9470 46.898484 46.898484 46.898484 0.970764 0.970764 0.970764
9480 46.898484 46.898484 46.898484 0.970764 0.970764 0.970764
9490 46.898484 46.898484 46.898484 0.970764 0.970764 0.970764
9500 46.898484 46.898484 46.898484 0.970764 0.970764 0.970764
9510 46.898484 46.898484 46.898484 0.970764 0.970764 0.970764
9520 46.898484 46.898484 46.898484 0.970764 0.970764 0.970764
9530 46.898484 46.898484 46.898484 0.970764 0.970764 0.970764
9540 46.898484 46.898484 46.898484 0.970764 0.970764 0.970764
9550 46.898484 46.898484 46.898484 0.970764 0.970764 0.970764
9560 46.898484 46.898484 46.898484 0.970764 0.970764 0.970764
9570 46.898484 46.898484 46.898484 0.970764 0.970764 0.970764
9580 46.898484 46.898484 46.898484 0.970764 0.970764 0.970764
9590 46.898484 46.898484 46.898484 0.970764 0.970764 0.970764
9600 46.898484 46.898484 46.898484 0.970764 0.970764 0.970764
9610 46.898484 46.898484 46.898484 0.970764 0.970764 0.970764
9620 46.898484 46.898484 46.898484 0.970764 0.970764 0.970764
9630 46.898484 46.898484 46.898484 0.970764 0.970764 0.970764
9640 46.898484 46.898484 46.898484 0.970764 0.970764 0.970764
9650 46.898484 46.898484 46.898484 0.970764 0.970764 0.970764
9660 46.898484 46.898484 46.898484 0.970764 0.970764 0.970764
9670 46.898484 46.898484 46.898484 0.970764 0.970764 0.970764
9680 46.898484 46.898484 46.898484 0.970764 0.970764 0.970764
9690 46.898484 46.898484 46.898484 0.970764 0.970764 0.970764
9700 46.898484 46.898484 46.898484 0.970764 0.970764 0.970764
9710 46.898484 46.898484 46.898484 0.970764 0.970764 0.970764
9720 46.898484 46.898484 46.898484 0.970764 0.970764 0.970764
9730 46.898484 46.898484 46.898484 0.970764 0.970764 0.970764
9740 46.898484 46.898484 46.898484 0.970764 0.970764 0.970764
9750 46.898484 46.898484 46.898484 0.970764 0.970764 0.970764
9760 46.898484 46.898484 46.898484 0.970764 0.970764 0.970764
9770 46.898484 46.898484 46.898484 0.970764 0.970764 0.970764
9780 46.898484 46.898484 46.898484 0.970764 0.970764 0.970764
9790 46.898484 46.898484 46.898484 0.970764 0.970764 0.970764
9800 46.898484 46.898484 46.898484 0.970764 0.970764 0.970764
9810 46.898484 46.898484 46.898484 0.970764 0.970764 0.970764
9820 46.898484 46.898484 46.898484 0.970764 0.970764 0.970764
9830 46.898484 46.898484 46.898484 0.970764 0.970764 0.970764
9840 46.898484 46.898484 46.898484 0.970764 0.970764 0.970764
9850 46.898484 46.898484 46.898484 0.970764 0.970764 0.970764
9860 46.898484 46.898484 46.898484 0.970764 0.970764 0.970764
9870 46.898484 46.898484 46.898484 0.970764 0.970764 0.970764
9880 46.898484 46.898484 46.898484 0.970764 0.970764 0.970764
9890 46.898484 46.898484 46.898484 0.970764 0.970764 0.970764
9900 46.898484 46.898484 46.898484 0.970764 0.970764 0.970764
9910 46.898484 46.898484 46.898484 0.970764 0.970764 0.970764
9920 46.898484 46.898484 46.898484 0.970764 0.970764 0.970764
9930 46.898484 46.898484 46.898484 0.970764 0.970764 0.970764
9940 46.898484 46.898484 46.898484 0.970764 0.970764 0.970764
9950 46.898484 46.898484 46.898484 0.970764 0.970764 0.970764
9960 46.898484 46.898484 46.898484 0.970764 0.970764 0.970764
9970 46.898484 46.898484 46.898484 0.970764 0.970764 0.970764
9980 46.898484 46.898484 46.898484 0.970764 0.970764 0.970764
9990 46.898484 46.898484 46.898484 0.970764 0.970764 0.970764
10000 46.898484 46.898484 46.898484 0.970764 0.970764 0.970764
