# generation power_min power_avg power_max util_min util_avg util_max
1 31.188251 37.859241 46.828428 0.392714 0.545205 0.744294
100 26.385289 31.866896 34.609620 0.287332 0.411224 0.472483
200 23.972750 27.468493 29.753976 0.233498 0.311508 0.364613
300 21.147648 23.940878 25.004120 0.170099 0.233008 0.256598
400 20.502584 22.165377 23.236318 0.155899 0.193543 0.217271
500 19.712591 20.821269 21.355033 0.139677 0.163490 0.176161
600 19.307366 19.848245 20.394490 0.129907 0.142108 0.153688
700 18.937272 19.332959 19.415460 0.121095 0.130485 0.132117
800 18.937272 19.281460 19.307366 0.121095 0.129290 0.129907
900 18.937272 19.048300 19.307366 0.121095 0.123739 0.129907
1000 18.937272 18.937272 18.937272 0.121095 0.121095 0.121095
1100 18.937272 18.937272 18.937272 0.121095 0.121095 0.121095
1200 18.937272 18.937272 18.937272 0.121095 0.121095 0.121095
1300 18.937272 18.937272 18.937272 0.121095 0.121095 0.121095
1400 18.937272 18.937272 18.937272 0.121095 0.121095 0.121095
1500 18.937272 18.937272 18.937272 0.121095 0.121095 0.121095
1600 18.937272 18.937272 18.937272 0.121095 0.121095 0.121095
1700 18.937272 18.937272 18.937272 0.121095 0.121095 0.121095
1800 18.937272 18.937272 18.937272 0.121095 0.121095 0.121095
1900 18.937272 18.937272 18.937272 0.121095 0.121095 0.121095
2000 18.937272 18.937272 18.937272 0.121095 0.121095 0.121095
2100 18.937272 18.937272 18.937272 0.121095 0.121095 0.121095
2200 18.937272 18.937272 18.937272 0.121095 0.121095 0.121095
2300 18.937272 18.937272 18.937272 0.121095 0.121095 0.121095
2400 18.937272 18.937272 18.937272 0.121095 0.121095 0.121095
2500 18.937272 18.937272 18.937272 0.121095 0.121095 0.121095
2600 18.937272 18.937272 18.937272 0.121095 0.121095 0.121095
2700 18.937272 18.937272 18.937272 0.121095 0.121095 0.121095
2800 18.937272 18.937272 18.937272 0.121095 0.121095 0.121095
2900 18.937272 18.937272 18.937272 0.121095 0.121095 0.121095
3000 18.937272 18.937272 18.937272 0.121095 0.121095 0.121095
3100 18.937272 18.937272 18.937272 0.121095 0.121095 0.121095
3200 18.937272 18.937272 18.937272 0.121095 0.121095 0.121095
3300 18.937272 18.937272 18.937272 0.121095 0.121095 0.121095
3400 18.937272 18.937272 18.937272 0.121095 0.121095 0.121095
3500 18.937272 18.937272 18.937272 0.121095 0.121095 0.121095
3600 18.937272 18.937272 18.937272 0.121095 0.121095 0.121095
3700 18.937272 18.937272 18.937272 0.121095 0.121095 0.121095
3800 18.937272 18.937272 18.937272 0.121095 0.121095 0.121095
3900 18.937272 18.937272 18.937272 0.121095 0.121095 0.121095
4000 18.937272 18.937272 18.937272 0.121095 0.121095 0.121095
4100 18.937272 18.937272 18.937272 0.121095 0.121095 0.121095
4200 18.937272 18.937272 18.937272 0.121095 0.121095 0.121095
4300 18.937272 18.937272 18.937272 0.121095 0.121095 0.121095
4400 18.937272 18.937272 18.937272 0.121095 0.121095 0.121095
4500 18.937272 18.937272 18.937272 0.121095 0.121095 0.121095
4600 18.937272 18.937272 18.937272 0.121095 0.121095 0.121095
4700 18.937272 18.937272 18.937272 0.121095 0.121095 0.121095
4800 18.937272 18.937272 18.937272 0.121095 0.121095 0.121095
4900 18.937272 18.937272 18.937272 0.121095 0.121095 0.121095
5000 18.937272 18.937272 18.937272 0.121095 0.121095 0.121095
5100 18.937272 18.937272 18.937272 0.121095 0.121095 0.121095
5200 18.937272 18.937272 18.937272 0.121095 0.121095 0.121095
5300 18.937272 18.937272 18.937272 0.121095 0.121095 0.121095
5400 18.937272 18.937272 18.937272 0.121095 0.121095 0.121095
5500 18.937272 18.937272 18.937272 0.121095 0.121095 0.121095
5600 18.937272 18.937272 18.937272 0.121095 0.121095 0.121095
5700 18.937272 18.937272 18.937272 0.121095 0.121095 0.121095
5800 18.937272 18.937272 18.937272 0.121095 0.121095 0.121095
5900 18.937272 18.937272 18.937272 0.121095 0.121095 0.121095
6000 18.937272 18.937272 18.937272 0.121095 0.121095 0.121095
6100 18.937272 18.937272 18.937272 0.121095 0.121095 0.121095
6200 18.937272 18.937272 18.937272 0.121095 0.121095 0.121095
6300 18.937272 18.937272 18.937272 0.121095 0.121095 0.121095
6400 18.937272 18.937272 18.937272 0.121095 0.121095 0.121095
6500 18.937272 18.937272 18.937272 0.121095 0.121095 0.121095
6600 18.937272 18.937272 18.937272 0.121095 0.121095 0.121095
6700 18.937272 18.937272 18.937272 0.121095 0.121095 0.121095
6800 18.937272 18.937272 18.937272 0.121095 0.121095 0.121095
6900 18.937272 18.937272 18.937272 0.121095 0.121095 0.121095
7000 18.937272 18.937272 18.937272 0.121095 0.121095 0.121095
7100 18.937272 18.937272 18.937272 0.121095 0.121095 0.121095
7200 18.937272 18.937272 18.937272 0.121095 0.121095 0.121095
7300 18.937272 18.937272 18.937272 0.121095 0.121095 0.121095
7400 18.937272 18.937272 18.937272 0.121095 0.121095 0.121095
7500 18.937272 18.937272 18.937272 0.121095 0.121095 0.121095
7600 18.937272 18.937272 18.937272 0.121095 0.121095 0.121095
7700 18.937272 18.937272 18.937272 0.121095 0.121095 0.121095
7800 18.937272 18.937272 18.937272 0.121095 0.121095 0.121095
7900 18.937272 18.937272 18.937272 0.121095 0.121095 0.121095
8000 18.937272 18.937272 18.937272 0.121095 0.121095 0.121095
8100 18.937272 18.937272 18.937272 0.121095 0.121095 0.121095
8200 18.937272 18.937272 18.937272 0.121095 0.121095 0.121095
8300 18.937272 18.937272 18.937272 0.121095 0.121095 0.121095
8400 18.937272 18.937272 18.937272 0.121095 0.121095 0.121095
8500 18.937272 18.937272 18.937272 0.121095 0.121095 0.121095
8600 18.937272 18.937272 18.937272 0.121095 0.121095 0.121095
8700 18.937272 18.937272 18.937272 0.121095 0.121095 0.121095
8800 18.937272 18.937272 18.937272 0.121095 0.121095 0.121095
8900 18.937272 18.937272 18.937272 0.121095 0.121095 0.121095
9000 18.937272 18.937272 18.937272 0.121095 0.121095 0.121095
9100 18.937272 18.937272 18.937272 0.121095 0.121095 0.121095
9200 18.937272 18.937272 18.937272 0.121095 0.121095 0.121095
9300 18.937272 18.937272 18.937272 0.121095 0.121095 0.121095
9400 18.937272 18.937272 18.937272 0.121095 0.121095 0.121095
9500 18.937272 18.937272 18.937272 0.121095 0.121095 0.121095
9600 18.937272 18.937272 18.937272 0.121095 0.121095 0.121095
9700 18.937272 18.937272 18.937272 0.121095 0.121095 0.121095
9800 18.937272 18.937272 18.937272 0.121095 0.121095 0.121095
9900 18.937272 18.937272 18.937272 0.121095 0.121095 0.121095
10000 18.937272 18.937272 18.937272 0.121095 0.121095 0.121095
10100 18.937272 18.937272 18.937272 0.121095 0.121095 0.121095
10200 18.937272 18.937272 18.937272 0.121095 0.121095 0.121095
10300 18.937272 18.937272 18.937272 0.121095 0.121095 0.121095
10400 18.937272 18.937272 18.937272 0.121095 0.121095 0.121095
10500 18.937272 18.937272 18.937272 0.121095 0.121095 0.121095
10600 18.937272 18.937272 18.937272 0.121095 0.121095 0.121095
10700 18.937272 18.937272 18.937272 0.121095 0.121095 0.121095
10800 18.937272 18.937272 18.937272 0.121095 0.121095 0.121095
10900 18.937272 18.937272 18.937272 0.121095 0.121095 0.121095
11000 18.937272 18.937272 18.937272 0.121095 0.121095 0.121095
11100 18.937272 18.937272 18.937272 0.121095 0.121095 0.121095
11200 18.937272 18.937272 18.937272 0.121095 0.121095 0.121095
11300 18.937272 18.937272 18.937272 0.121095 0.121095 0.121095
11400 18.937272 18.937272 18.937272 0.121095 0.121095 0.121095
11500 18.937272 18.937272 18.937272 0.121095 0.121095 0.121095
11600 18.937272 18.937272 18.937272 0.121095 0.121095 0.121095
11700 18.937272 18.937272 18.937272 0.121095 0.121095 0.121095
11800 18.937272 18.937272 18.937272 0.121095 0.121095 0.121095
11900 18.937272 18.937272 18.937272 0.121095 0.121095 0.121095
12000 18.937272 18.937272 18.937272 0.121095 0.121095 0.121095
12100 18.937272 18.937272 18.937272 0.121095 0.121095 0.121095
12200 18.937272 18.937272 18.937272 0.121095 0.121095 0.121095
12300 18.937272 18.937272 18.937272 0.121095 0.121095 0.121095
12400 18.937272 18.937272 18.937272 0.121095 0.121095 0.121095
12500 18.937272 18.937272 18.937272 0.121095 0.121095 0.121095
12600 18.937272 18.937272 18.937272 0.121095 0.121095 0.121095
12700 18.937272 18.937272 18.937272 0.121095 0.121095 0.121095
12800 18.937272 18.937272 18.937272 0.121095 0.121095 0.121095
12900 18.937272 18.937272 18.937272 0.121095 0.121095 0.121095
13000 18.937272 18.937272 18.937272 0.121095 0.121095 0.121095
13100 18.937272 18.937272 18.937272 0.121095 0.121095 0.121095
13200 18.937272 18.937272 18.937272 0.121095 0.121095 0.121095
13300 18.937272 18.937272 18.937272 0.121095 0.121095 0.121095
13400 18.937272 18.937272 18.937272 0.121095 0.121095 0.121095
13500 18.937272 18.937272 18.937272 0.121095 0.121095 0.121095
13600 18.937272 18.937272 18.937272 0.121095 0.121095 0.121095
13700 18.937272 18.937272 18.937272 0.121095 0.121095 0.121095
13800 18.937272 18.937272 18.937272 0.121095 0.121095 0.121095
13900 18.937272 18.937272 18.937272 0.121095 0.121095 0.121095
14000 18.937272 18.937272 18.937272 0.121095 0.121095 0.121095
14100 18.937272 18.937272 18.937272 0.121095 0.121095 0.121095
14200 18.937272 18.937272 18.937272 0.121095 0.121095 0.121095
14300 18.937272 18.937272 18.937272 0.121095 0.121095 0.121095
14400 18.937272 18.937272 18.937272 0.121095 0.121095 0.121095
14500 18.937272 18.937272 18.937272 0.121095 0.121095 0.121095
14600 18.937272 18.937272 18.937272 0.121095 0.121095 0.121095
14700 18.937272 18.937272 18.937272 0.121095 0.121095 0.121095
14800 18.937272 18.937272 18.937272 0.121095 0.121095 0.121095
14900 18.937272 18.937272 18.937272 0.121095 0.121095 0.121095
15000 18.937272 18.937272 18.937272 0.121095 0.121095 0.121095
15100 18.937272 18.937272 18.937272 0.121095 0.121095 0.121095
15200 18.937272 18.937272 18.937272 0.121095 0.121095 0.121095
15300 18.937272 18.937272 18.937272 0.121095 0.121095 0.121095
15400 18.937272 18.937272 18.937272 0.121095 0.121095 0.121095
15500 18.937272 18.937272 18.937272 0.121095 0.121095 0.121095
15600 18.937272 18.937272 18.937272 0.121095 0.121095 0.121095
15700 18.937272 18.937272 18.937272 0.121095 0.121095 0.121095
15800 18.937272 18.937272 18.937272 0.121095 0.121095 0.121095
15900 18.937272 18.937272 18.937272 0.121095 0.121095 0.121095
16000 18.937272 18.937272 18.937272 0.121095 0.121095 0.121095
16100 18.937272 18.937272 18.937272 0.121095 0.121095 0.121095
16200 18.937272 18.937272 18.937272 0.121095 0.121095 0.121095
16300 18.937272 18.937272 18.937272 0.121095 0.121095 0.121095
16400 18.937272 18.937272 18.937272 0.121095 0.121095 0.121095
16500 18.937272 18.937272 18.937272 0.121095 0.121095 0.121095
16600 18.937272 18.937272 18.937272 0.121095 0.121095 0.121095
16700 18.937272 18.937272 18.937272 0.121095 0.121095 0.121095
16800 18.937272 18.937272 18.937272 0.121095 0.121095 0.121095
16900 18.937272 18.937272 18.937272 0.121095 0.121095 0.121095
17000 18.937272 18.937272 18.937272 0.121095 0.121095 0.121095
17100 18.937272 18.937272 18.937272 0.121095 0.121095 0.121095
17200 18.937272 18.937272 18.937272 0.121095 0.121095 0.121095
17300 18.937272 18.937272 18.937272 0.121095 0.121095 0.121095
17400 18.937272 18.937272 18.937272 0.121095 0.121095 0.121095
17500 18.937272 18.937272 18.937272 0.121095 0.121095 0.121095
17600 18.937272 18.937272 18.937272 0.121095 0.121095 0.121095
17700 18.937272 18.937272 18.937272 0.121095 0.121095 0.121095
17800 18.937272 18.937272 18.937272 0.121095 0.121095 0.121095
17900 18.937272 18.937272 18.937272 0.121095 0.121095 0.121095
18000 18.937272 18.937272 18.937272 0.121095 0.121095 0.121095
18100 18.937272 18.937272 18.937272 0.121095 0.121095 0.121095
18200 18.937272 18.937272 18.937272 0.121095 0.121095 0.121095
18300 18.937272 18.937272 18.937272 0.121095 0.121095 0.121095
18400 18.937272 18.937272 18.937272 0.121095 0.121095 0.121095
18500 18.937272 18.937272 18.937272 0.121095 0.121095 0.121095
18600 18.937272 18.937272 18.937272 0.121095 0.121095 0.121095
18700 18.937272 18.937272 18.937272 0.121095 0.121095 0.121095
18800 18.937272 18.937272 18.937272 0.121095 0.121095 0.121095
18900 18.937272 18.937272 18.937272 0.121095 0.121095 0.121095
19000 18.937272 18.937272 18.937272 0.121095 0.121095 0.121095
19100 18.937272 18.937272 18.937272 0.121095 0.121095 0.121095
19200 18.937272 18.937272 18.937272 0.121095 0.121095 0.121095
19300 18.937272 18.937272 18.937272 0.121095 0.121095 0.121095
19400 18.937272 18.937272 18.937272 0.121095 0.121095 0.121095
19500 18.937272 18.937272 18.937272 0.121095 0.121095 0.121095
19600 18.937272 18.937272 18.937272 0.121095 0.121095 0.121095
19700 18.937272 18.937272 18.937272 0.121095 0.121095 0.121095
19800 18.937272 18.937272 18.937272 0.121095 0.121095 0.121095
19900 18.937272 18.937272 18.937272 0.121095 0.121095 0.121095
20000 18.937272 18.937272 18.937272 0.121095 0.121095 0.121095
20100 18.937272 18.937272 18.937272 0.121095 0.121095 0.121095
20200 18.937272 18.937272 18.937272 0.121095 0.121095 0.121095
20300 18.937272 18.937272 18.937272 0.121095 0.121095 0.121095
20400 18.937272 18.937272 18.937272 0.121095 0.121095 0.121095
20500 18.937272 18.937272 18.937272 0.121095 0.121095 0.121095
20600 18.937272 18.937272 18.937272 0.121095 0.121095 0.121095
20700 18.937272 18.937272 18.937272 0.121095 0.121095 0.121095
20800 18.937272 18.937272 18.937272 0.121095 0.121095 0.121095
20900 18.937272 18.937272 18.937272 0.121095 0.121095 0.121095
21000 18.937272 18.937272 18.937272 0.121095 0.121095 0.121095
21100 18.937272 18.937272 18.937272 0.121095 0.121095 0.121095
21200 18.937272 18.937272 18.937272 0.121095 0.121095 0.121095
21300 18.937272 18.937272 18.937272 0.121095 0.121095 0.121095
21400 18.937272 18.937272 18.937272 0.121095 0.121095 0.121095
21500 18.937272 18.937272 18.937272 0.121095 0.121095 0.121095
21600 18.937272 18.937272 18.937272 0.121095 0.121095 0.121095
21700 18.937272 18.937272 18.937272 0.121095 0.121095 0.121095
21800 18.937272 18.937272 18.937272 0.121095 0.121095 0.121095
21900 18.937272 18.937272 18.937272 0.121095 0.121095 0.121095
22000 18.937272 18.937272 18.937272 0.121095 0.121095 0.121095
22100 18.937272 18.937272 18.937272 0.121095 0.121095 0.121095
22200 18.937272 18.937272 18.937272 0.121095 0.121095 0.121095
22300 18.937272 18.937272 18.937272 0.121095 0.121095 0.121095
22400 18.937272 18.937272 18.937272 0.121095 0.121095 0.121095
22500 18.937272 18.937272 18.937272 0.121095 0.121095 0.121095
22600 18.937272 18.937272 18.937272 0.121095 0.121095 0.121095
22700 18.937272 18.937272 18.937272 0.121095 0.121095 0.121095
22800 18.937272 18.937272 18.937272 0.121095 0.121095 0.121095
22900 18.937272 18.937272 18.937272 0.121095 0.121095 0.121095
23000 18.937272 18.937272 18.937272 0.121095 0.121095 0.121095
23100 18.937272 18.937272 18.937272 0.121095 0.121095 0.121095
23200 18.937272 18.937272 18.937272 0.121095 0.121095 0.121095
23300 18.937272 18.937272 18.937272 0.121095 0.121095 0.121095
23400 18.937272 18.937272 18.937272 0.121095 0.121095 0.121095
23500 18.937272 18.937272 18.937272 0.121095 0.121095 0.121095
23600 18.937272 18.937272 18.937272 0.121095 0.121095 0.121095
23700 18.937272 18.937272 18.937272 0.121095 0.121095 0.121095
23800 18.937272 18.937272 18.937272 0.121095 0.121095 0.121095
23900 18.937272 18.937272 18.937272 0.121095 0.121095 0.121095
24000 18.937272 18.937272 18.937272 0.121095 0.121095 0.121095
24100 18.937272 18.937272 18.937272 0.121095 0.121095 0.121095
24200 18.937272 18.937272 18.937272 0.121095 0.121095 0.121095
24300 18.937272 18.937272 18.937272 0.121095 0.121095 0.121095
24400 18.937272 18.937272 18.937272 0.121095 0.121095 0.121095
24500 18.937272 18.937272 18.937272 0.121095 0.121095 0.121095
24600 18.937272 18.937272 18.937272 0.121095 0.121095 0.121095
24700 18.937272 18.937272 18.937272 0.121095 0.121095 0.121095
24800 18.937272 18.937272 18.937272 0.121095 0.121095 0.121095
24900 18.937272 18.937272 18.937272 0.121095 0.121095 0.121095
25000 18.937272 18.937272 18.937272 0.121095 0.121095 0.121095
25100 18.937272 18.937272 18.937272 0.121095 0.121095 0.121095
25200 18.937272 18.937272 18.937272 0.121095 0.121095 0.121095
25300 18.937272 18.937272 18.937272 0.121095 0.121095 0.121095
25400 18.937272 18.937272 18.937272 0.121095 0.121095 0.121095
25500 18.937272 18.937272 18.937272 0.121095 0.121095 0.121095
25600 18.937272 18.937272 18.937272 0.121095 0.121095 0.121095
25700 18.937272 18.937272 18.937272 0.121095 0.121095 0.121095
25800 18.937272 18.937272 18.937272 0.121095 0.121095 0.121095
25900 18.937272 18.937272 18.937272 0.121095 0.121095 0.121095
26000 18.937272 18.937272 18.937272 0.121095 0.121095 0.121095
26100 18.937272 18.937272 18.937272 0.121095 0.121095 0.121095
26200 18.937272 18.937272 18.937272 0.121095 0.121095 0.121095
26300 18.937272 18.937272 18.937272 0.121095 0.121095 0.121095
26400 18.937272 18.937272 18.937272 0.121095 0.121095 0.121095
26500 18.937272 18.937272 18.937272 0.121095 0.121095 0.121095
26600 18.937272 18.937272 18.937272 0.121095 0.121095 0.121095
26700 18.937272 18.937272 18.937272 0.121095 0.121095 0.121095
26800 18.937272 18.937272 18.937272 0.121095 0.121095 0.121095
26900 18.937272 18.937272 18.937272 0.121095 0.121095 0.121095
27000 18.937272 18.937272 18.937272 0.121095 0.121095 0.121095
27100 18.937272 18.937272 18.937272 0.121095 0.121095 0.121095
27200 18.937272 18.937272 18.937272 0.121095 0.121095 0.121095
27300 18.937272 18.937272 18.937272 0.121095 0.121095 0.121095
27400 18.937272 18.937272 18.937272 0.121095 0.121095 0.121095
27500 18.937272 18.937272 18.937272 0.121095 0.121095 0.121095
27600 18.937272 18.937272 18.937272 0.121095 0.121095 0.121095
27700 18.937272 18.937272 18.937272 0.121095 0.121095 0.121095
27800 18.937272 18.937272 18.937272 0.121095 0.121095 0.121095
27900 18.937272 18.937272 18.937272 0.121095 0.121095 0.121095
28000 18.937272 18.937272 18.937272 0.121095 0.121095 0.121095
28100 18.937272 18.937272 18.937272 0.121095 0.121095 0.121095
28200 18.937272 18.937272 18.937272 0.121095 0.121095 0.121095
28300 18.937272 18.937272 18.937272 0.121095 0.121095 0.121095
28400 18.937272 18.937272 18.937272 0.121095 0.121095 0.121095
28500 18.937272 18.937272 18.937272 0.121095 0.121095 0.121095
28600 18.937272 18.937272 18.937272 0.121095 0.121095 0.121095
28700 18.937272 18.937272 18.937272 0.121095 0.121095 0.121095
28800 18.937272 18.937272 18.937272 0.121095 0.121095 0.121095
28900 18.937272 18.937272 18.937272 0.121095 0.121095 0.121095
29000 18.937272 18.937272 18.937272 0.121095 0.121095 0.121095
29100 18.937272 18.937272 18.937272 0.121095 0.121095 0.121095
29200 18.937272 18.937272 18.937272 0.121095 0.121095 0.121095
29300 18.937272 18.937272 18.937272 0.121095 0.121095 0.121095
29400 18.937272 18.937272 18.937272 0.121095 0.121095 0.121095
29500 18.937272 18.937272 18.937272 0.121095 0.121095 0.121095
29600 18.937272 18.937272 18.937272 0.121095 0.121095 0.121095
29700 18.937272 18.937272 18.937272 0.121095 0.121095 0.121095
29800 18.937272 18.937272 18.937272 0.121095 0.121095 0.121095
29900 18.937272 18.937272 18.937272 0.121095 0.121095 0.121095
30000 18.937272 18.937272 18.937272 0.121095 0.121095 0.121095
30100 18.937272 18.937272 18.937272 0.121095 0.121095 0.121095
30200 18.937272 18.937272 18.937272 0.121095 0.121095 0.121095
30300 18.937272 18.937272 18.937272 0.121095 0.121095 0.121095
30400 18.937272 18.937272 18.937272 0.121095 0.121095 0.121095
30500 18.937272 18.937272 18.937272 0.121095 0.121095 0.121095
30600 18.937272 18.937272 18.937272 0.121095 0.121095 0.121095
30700 18.937272 18.937272 18.937272 0.121095 0.121095 0.121095
30800 18.937272 18.937272 18.937272 0.121095 0.121095 0.121095
30900 18.937272 18.937272 18.937272 0.121095 0.121095 0.121095
31000 18.937272 18.937272 18.937272 0.121095 0.121095 0.121095
31100 18.937272 18.937272 18.937272 0.121095 0.121095 0.121095
31200 18.937272 18.937272 18.937272 0.121095 0.121095 0.121095
31300 18.937272 18.937272 18.937272 0.121095 0.121095 0.121095
31400 18.937272 18.937272 18.937272 0.121095 0.121095 0.121095
31500 18.937272 18.937272 18.937272 0.121095 0.121095 0.121095
31600 18.937272 18.937272 18.937272 0.121095 0.121095 0.121095
31700 18.937272 18.937272 18.937272 0.121095 0.121095 0.121095
31800 18.937272 18.937272 18.937272 0.121095 0.121095 0.121095
31900 18.937272 18.937272 18.937272 0.121095 0.121095 0.121095
32000 18.937272 18.937272 18.937272 0.121095 0.121095 0.121095
32100 18.937272 18.937272 18.937272 0.121095 0.121095 0.121095
32200 18.937272 18.937272 18.937272 0.121095 0.121095 0.121095
32300 18.937272 18.937272 18.937272 0.121095 0.121095 0.121095
32400 18.937272 18.937272 18.937272 0.121095 0.121095 0.121095
32500 18.937272 18.937272 18.937272 0.121095 0.121095 0.121095
32600 18.937272 18.937272 18.937272 0.121095 0.121095 0.121095
32700 18.937272 18.937272 18.937272 0.121095 0.121095 0.121095
32800 18.937272 18.937272 18.937272 0.121095 0.121095 0.121095
32900 18.937272 18.937272 18.937272 0.121095 0.121095 0.121095
33000 18.937272 18.937272 18.937272 0.121095 0.121095 0.121095
33100 18.937272 18.937272 18.937272 0.121095 0.121095 0.121095
33200 18.937272 18.937272 18.937272 0.121095 0.121095 0.121095
33300 18.937272 18.937272 18.937272 0.121095 0.121095 0.121095
33400 18.937272 18.937272 18.937272 0.121095 0.121095 0.121095
33500 18.937272 18.937272 18.937272 0.121095 0.121095 0.121095
33600 18.937272 18.937272 18.937272 0.121095 0.121095 0.121095
33700 18.937272 18.937272 18.937272 0.121095 0.121095 0.121095
33800 18.937272 18.937272 18.937272 0.121095 0.121095 0.121095
33900 18.937272 18.937272 18.937272 0.121095 0.121095 0.121095
34000 18.937272 18.937272 18.937272 0.121095 0.121095 0.121095
34100 18.937272 18.937272 18.937272 0.121095 0.121095 0.121095
34200 18.937272 18.937272 18.937272 0.121095 0.121095 0.121095
34300 18.937272 18.937272 18.937272 0.121095 0.121095 0.121095
34400 18.937272 18.937272 18.937272 0.121095 0.121095 0.121095
34500 18.937272 18.937272 18.937272 0.121095 0.121095 0.121095
34600 18.937272 18.937272 18.937272 0.121095 0.121095 0.121095
34700 18.937272 18.937272 18.937272 0.121095 0.121095 0.121095
34800 18.937272 18.937272 18.937272 0.121095 0.121095 0.121095
34900 18.937272 18.937272 18.937272 0.121095 0.121095 0.121095
35000 18.937272 18.937272 18.937272 0.121095 0.121095 0.121095
35100 18.937272 18.937272 18.937272 0.121095 0.121095 0.121095
35200 18.937272 18.937272 18.937272 0.121095 0.121095 0.121095
35300 18.937272 18.937272 18.937272 0.121095 0.121095 0.121095
35400 18.937272 18.937272 18.937272 0.121095 0.121095 0.121095
35500 18.937272 18.937272 18.937272 0.121095 0.121095 0.121095
35600 18.937272 18.937272 18.937272 0.121095 0.121095 0.121095
35700 18.937272 18.937272 18.937272 0.121095 0.121095 0.121095
35800 18.937272 18.937272 18.937272 0.121095 0.121095 0.121095
35900 18.937272 18.937272 18.937272 0.121095 0.121095 0.121095
36000 18.937272 18.937272 18.937272 0.121095 0.121095 0.121095
36100 18.937272 18.937272 18.937272 0.121095 0.121095 0.121095
36200 18.937272 18.937272 18.937272 0.121095 0.121095 0.121095
36300 18.937272 18.937272 18.937272 0.121095 0.121095 0.121095
36400 18.937272 18.937272 18.937272 0.121095 0.121095 0.121095
36500 18.937272 18.937272 18.937272 0.121095 0.121095 0.121095
36600 18.937272 18.937272 18.937272 0.121095 0.121095 0.121095
36700 18.937272 18.937272 18.937272 0.121095 0.121095 0.121095
36800 18.937272 18.937272 18.937272 0.121095 0.121095 0.121095
36900 18.937272 18.937272 18.937272 0.121095 0.121095 0.121095
37000 18.937272 18.937272 18.937272 0.121095 0.121095 0.121095
37100 18.937272 18.937272 18.937272 0.121095 0.121095 0.121095
37200 18.937272 18.937272 18.937272 0.121095 0.121095 0.121095
37300 18.937272 18.937272 18.937272 0.121095 0.121095 0.121095
37400 18.937272 18.937272 18.937272 0.121095 0.121095 0.121095
37500 18.937272 18.937272 18.937272 0.121095 0.121095 0.121095
37600 18.937272 18.937272 18.937272 0.121095 0.121095 0.121095
37700 18.937272 18.937272 18.937272 0.121095 0.121095 0.121095
37800 18.937272 18.937272 18.937272 0.121095 0.121095 0.121095
37900 18.937272 18.937272 18.937272 0.121095 0.121095 0.121095
38000 18.937272 18.937272 18.937272 0.121095 0.121095 0.121095
38100 18.937272 18.937272 18.937272 0.121095 0.121095 0.121095
38200 18.937272 18.937272 18.937272 0.121095 0.121095 0.121095
38300 18.937272 18.937272 18.937272 0.121095 0.121095 0.121095
38400 18.937272 18.937272 18.937272 0.121095 0.121095 0.121095
38500 18.937272 18.937272 18.937272 0.121095 0.121095 0.121095
38600 18.937272 18.937272 18.937272 0.121095 0.121095 0.121095
38700 18.937272 18.937272 18.937272 0.121095 0.121095 0.121095
38800 18.937272 18.937272 18.937272 0.121095 0.121095 0.121095
38900 18.937272 18.937272 18.937272 0.121095 0.121095 0.121095
39000 18.937272 18.937272 18.937272 0.121095 0.121095 0.121095
39100 18.937272 18.937272 18.937272 0.121095 0.121095 0.121095
39200 18.937272 18.937272 18.937272 0.121095 0.121095 0.121095
39300 18.937272 18.937272 18.937272 0.121095 0.121095 0.121095
39400 18.937272 18.937272 18.937272 0.121095 0.121095 0.121095
39500 18.937272 18.937272 18.937272 0.121095 0.121095 0.121095
39600 18.937272 18.937272 18.937272 0.121095 0.121095 0.121095
39700 18.937272 18.937272 18.937272 0.121095 0.121095 0.121095
39800 18.937272 18.937272 18.937272 0.121095 0.121095 0.121095
39900 18.937272 18.937272 18.937272 0.121095 0.121095 0.121095
40000 18.937272 18.937272 18.937272 0.121095 0.121095 0.121095
40100 18.937272 18.937272 18.937272 0.121095 0.121095 0.121095
40200 18.937272 18.937272 18.937272 0.121095 0.121095 0.121095
40300 18.937272 18.937272 18.937272 0.121095 0.121095 0.121095
40400 18.937272 18.937272 18.937272 0.121095 0.121095 0.121095
40500 18.937272 18.937272 18.937272 0.121095 0.121095 0.121095
40600 18.937272 18.937272 18.937272 0.121095 0.121095 0.121095
40700 18.937272 18.937272 18.937272 0.121095 0.121095 0.121095
40800 18.937272 18.937272 18.937272 0.121095 0.121095 0.121095
40900 18.937272 18.937272 18.937272 0.121095 0.121095 0.121095
41000 18.937272 18.937272 18.937272 0.121095 0.121095 0.121095
41100 18.937272 18.937272 18.937272 0.121095 0.121095 0.121095
41200 18.937272 18.937272 18.937272 0.121095 0.121095 0.121095
41300 18.937272 18.937272 18.937272 0.121095 0.121095 0.121095
41400 18.937272 18.937272 18.937272 0.121095 0.121095 0.121095
41500 18.937272 18.937272 18.937272 0.121095 0.121095 0.121095
41600 18.937272 18.937272 18.937272 0.121095 0.121095 0.121095
41700 18.937272 18.937272 18.937272 0.121095 0.121095 0.121095
41800 18.937272 18.937272 18.937272 0.121095 0.121095 0.121095
41900 18.937272 18.937272 18.937272 0.121095 0.121095 0.121095
42000 18.937272 18.937272 18.937272 0.121095 0.121095 0.121095
42100 18.937272 18.937272 18.937272 0.121095 0.121095 0.121095
42200 18.937272 18.937272 18.937272 0.121095 0.121095 0.121095
42300 18.937272 18.937272 18.937272 0.121095 0.121095 0.121095
42400 18.937272 18.937272 18.937272 0.121095 0.121095 0.121095
42500 18.937272 18.937272 18.937272 0.121095 0.121095 0.121095
42600 18.937272 18.937272 18.937272 0.121095 0.121095 0.121095
42700 18.937272 18.937272 18.937272 0.121095 0.121095 0.121095
42800 18.937272 18.937272 18.937272 0.121095 0.121095 0.121095
42900 18.937272 18.937272 18.937272 0.121095 0.121095 0.121095
43000 18.937272 18.937272 18.937272 0.121095 0.121095 0.121095
43100 18.937272 18.937272 18.937272 0.121095 0.121095 0.121095
43200 18.937272 18.937272 18.937272 0.121095 0.121095 0.121095
43300 18.937272 18.937272 18.937272 0.121095 0.121095 0.121095
43400 18.937272 18.937272 18.937272 0.121095 0.121095 0.121095
43500 18.937272 18.937272 18.937272 0.121095 0.121095 0.121095
43600 18.937272 18.937272 18.937272 0.121095 0.121095 0.121095
43700 18.937272 18.937272 18.937272 0.121095 0.121095 0.121095
43800 18.937272 18.937272 18.937272 0.121095 0.121095 0.121095
43900 18.937272 18.937272 18.937272 0.121095 0.121095 0.121095
44000 18.937272 18.937272 18.937272 0.121095 0.121095 0.121095
44100 18.937272 18.937272 18.937272 0.121095 0.121095 0.121095
44200 18.937272 18.937272 18.937272 0.121095 0.121095 0.121095
44300 18.937272 18.937272 18.937272 0.121095 0.121095 0.121095
44400 18.937272 18.937272 18.937272 0.121095 0.121095 0.121095
44500 18.937272 18.937272 18.937272 0.121095 0.121095 0.121095
44600 18.937272 18.937272 18.937272 0.121095 0.121095 0.121095
44700 18.937272 18.937272 18.937272 0.121095 0.121095 0.121095
44800 18.937272 18.937272 18.937272 0.121095 0.121095 0.121095
44900 18.937272 18.937272 18.937272 0.121095 0.121095 0.121095
45000 18.937272 18.937272 18.937272 0.121095 0.121095 0.121095
45100 18.937272 18.937272 18.937272 0.121095 0.121095 0.121095
45200 18.937272 18.937272 18.937272 0.121095 0.121095 0.121095
45300 18.937272 18.937272 18.937272 0.121095 0.121095 0.121095
45400 18.937272 18.937272 18.937272 0.121095 0.121095 0.121095
45500 18.937272 18.937272 18.937272 0.121095 0.121095 0.121095
45600 18.937272 18.937272 18.937272 0.121095 0.121095 0.121095
45700 18.937272 18.937272 18.937272 0.121095 0.121095 0.121095
45800 18.937272 18.937272 18.937272 0.121095 0.121095 0.121095
45900 18.937272 18.937272 18.937272 0.121095 0.121095 0.121095
46000 18.937272 18.937272 18.937272 0.121095 0.121095 0.121095
46100 18.937272 18.937272 18.937272 0.121095 0.121095 0.121095
46200 18.937272 18.937272 18.937272 0.121095 0.121095 0.121095
46300 18.937272 18.937272 18.937272 0.121095 0.121095 0.121095
46400 18.937272 18.937272 18.937272 0.121095 0.121095 0.121095
46500 18.937272 18.937272 18.937272 0.121095 0.121095 0.121095
46600 18.937272 18.937272 18.937272 0.121095 0.121095 0.121095
46700 18.937272 18.937272 18.937272 0.121095 0.121095 0.121095
46800 18.937272 18.937272 18.937272 0.121095 0.121095 0.121095
46900 18.937272 18.937272 18.937272 0.121095 0.121095 0.121095
47000 18.937272 18.937272 18.937272 0.121095 0.121095 0.121095
47100 18.937272 18.937272 18.937272 0.121095 0.121095 0.121095
47200 18.937272 18.937272 18.937272 0.121095 0.121095 0.121095
47300 18.937272 18.937272 18.937272 0.121095 0.121095 0.121095
47400 18.937272 18.937272 18.937272 0.121095 0.121095 0.121095
47500 18.937272 18.937272 18.937272 0.121095 0.121095 0.121095
47600 18.937272 18.937272 18.937272 0.121095 0.121095 0.121095
47700 18.937272 18.937272 18.937272 0.121095 0.121095 0.121095
47800 18.937272 18.937272 18.937272 0.121095 0.121095 0.121095
47900 18.937272 18.937272 18.937272 0.121095 0.121095 0.121095
48000 18.937272 18.937272 18.937272 0.121095 0.121095 0.121095
48100 18.937272 18.937272 18.937272 0.121095 0.121095 0.121095
48200 18.937272 18.937272 18.937272 0.121095 0.121095 0.121095
48300 18.937272 18.937272 18.937272 0.121095 0.121095 0.121095
48400 18.937272 18.937272 18.937272 0.121095 0.121095 0.121095
48500 18.937272 18.937272 18.937272 0.121095 0.121095 0.121095
48600 18.937272 18.937272 18.937272 0.121095 0.121095 0.121095
48700 18.937272 18.937272 18.937272 0.121095 0.121095 0.121095
48800 18.937272 18.937272 18.937272 0.121095 0.121095 0.121095
48900 18.937272 18.937272 18.937272 0.121095 0.121095 0.121095
49000 18.937272 18.937272 18.937272 0.121095 0.121095 0.121095
49100 18.937272 18.937272 18.937272 0.121095 0.121095 0.121095
49200 18.937272 18.937272 18.937272 0.121095 0.121095 0.121095
49300 18.937272 18.937272 18.937272 0.121095 0.121095 0.121095
49400 18.937272 18.937272 18.937272 0.121095 0.121095 0.121095
49500 18.937272 18.937272 18.937272 0.121095 0.121095 0.121095
49600 18.937272 18.937272 18.937272 0.121095 0.121095 0.121095
49700 18.937272 18.937272 18.937272 0.121095 0.121095 0.121095
49800 18.937272 18.937272 18.937272 0.121095 0.121095 0.121095
49900 18.937272 18.937272 18.937272 0.121095 0.121095 0.121095
50000 18.937272 18.937272 18.937272 0.121095 0.121095 0.121095
50100 18.937272 18.937272 18.937272 0.121095 0.121095 0.121095
50200 18.937272 18.937272 18.937272 0.121095 0.121095 0.121095
50300 18.937272 18.937272 18.937272 0.121095 0.121095 0.121095
50400 18.937272 18.937272 18.937272 0.121095 0.121095 0.121095
50500 18.937272 18.937272 18.937272 0.121095 0.121095 0.121095
50600 18.937272 18.937272 18.937272 0.121095 0.121095 0.121095
50700 18.937272 18.937272 18.937272 0.121095 0.121095 0.121095
50800 18.937272 18.937272 18.937272 0.121095 0.121095 0.121095
50900 18.937272 18.937272 18.937272 0.121095 0.121095 0.121095
51000 18.937272 18.937272 18.937272 0.121095 0.121095 0.121095
51100 18.937272 18.937272 18.937272 0.121095 0.121095 0.121095
51200 18.937272 18.937272 18.937272 0.121095 0.121095 0.121095
51300 18.937272 18.937272 18.937272 0.121095 0.121095 0.121095
51400 18.937272 18.937272 18.937272 0.121095 0.121095 0.121095
51500 18.937272 18.937272 18.937272 0.121095 0.121095 0.121095
51600 18.937272 18.937272 18.937272 0.121095 0.121095 0.121095
51700 18.937272 18.937272 18.937272 0.121095 0.121095 0.121095
51800 18.937272 18.937272 18.937272 0.121095 0.121095 0.121095
51900 18.937272 18.937272 18.937272 0.121095 0.121095 0.121095
52000 18.937272 18.937272 18.937272 0.121095 0.121095 0.121095
52100 18.937272 18.937272 18.937272 0.121095 0.121095 0.121095
52200 18.937272 18.937272 18.937272 0.121095 0.121095 0.121095
52300 18.937272 18.937272 18.937272 0.121095 0.121095 0.121095
52400 18.937272 18.937272 18.937272 0.121095 0.121095 0.121095
52500 18.937272 18.937272 18.937272 0.121095 0.121095 0.121095
52600 18.937272 18.937272 18.937272 0.121095 0.121095 0.121095
52700 18.937272 18.937272 18.937272 0.121095 0.121095 0.121095
52800 18.937272 18.937272 18.937272 0.121095 0.121095 0.121095
52900 18.937272 18.937272 18.937272 0.121095 0.121095 0.121095
53000 18.937272 18.937272 18.937272 0.121095 0.121095 0.121095
53100 18.937272 18.937272 18.937272 0.121095 0.121095 0.121095
53200 18.937272 18.937272 18.937272 0.121095 0.121095 0.121095
53300 18.937272 18.937272 18.937272 0.121095 0.121095 0.121095
53400 18.937272 18.937272 18.937272 0.121095 0.121095 0.121095
53500 18.937272 18.937272 18.937272 0.121095 0.121095 0.121095
53600 18.937272 18.937272 18.937272 0.121095 0.121095 0.121095
53700 18.937272 18.937272 18.937272 0.121095 0.121095 0.121095
53800 18.937272 18.937272 18.937272 0.121095 0.121095 0.121095
53900 18.937272 18.937272 18.937272 0.121095 0.121095 0.121095
54000 18.937272 18.937272 18.937272 0.121095 0.121095 0.121095
54100 18.937272 18.937272 18.937272 0.121095 0.121095 0.121095
54200 18.937272 18.937272 18.937272 0.121095 0.121095 0.121095
54300 18.937272 18.937272 18.937272 0.121095 0.121095 0.121095
54400 18.937272 18.937272 18.937272 0.121095 0.121095 0.121095
54500 18.937272 18.937272 18.937272 0.121095 0.121095 0.121095
54600 18.937272 18.937272 18.937272 0.121095 0.121095 0.121095
54700 18.937272 18.937272 18.937272 0.121095 0.121095 0.121095
54800 18.937272 18.937272 18.937272 0.121095 0.121095 0.121095
54900 18.937272 18.937272 18.937272 0.121095 0.121095 0.121095
55000 18.937272 18.937272 18.937272 0.121095 0.121095 0.121095
55100 18.937272 18.937272 18.937272 0.121095 0.121095 0.121095
55200 18.937272 18.937272 18.937272 0.121095 0.121095 0.121095
55300 18.937272 18.937272 18.937272 0.121095 0.121095 0.121095
55400 18.937272 18.937272 18.937272 0.121095 0.121095 0.121095
55500 18.937272 18.937272 18.937272 0.121095 0.121095 0.121095
55600 18.937272 18.937272 18.937272 0.121095 0.121095 0.121095
55700 18.937272 18.937272 18.937272 0.121095 0.121095 0.121095
55800 18.937272 18.937272 18.937272 0.121095 0.121095 0.121095
55900 18.937272 18.937272 18.937272 0.121095 0.121095 0.121095
56000 18.937272 18.937272 18.937272 0.121095 0.121095 0.121095
56100 18.937272 18.937272 18.937272 0.121095 0.121095 0.121095
56200 18.937272 18.937272 18.937272 0.121095 0.121095 0.121095
56300 18.937272 18.937272 18.937272 0.121095 0.121095 0.121095
56400 18.937272 18.937272 18.937272 0.121095 0.121095 0.121095
56500 18.937272 18.937272 18.937272 0.121095 0.121095 0.121095
56600 18.937272 18.937272 18.937272 0.121095 0.121095 0.121095
56700 18.937272 18.937272 18.937272 0.121095 0.121095 0.121095
56800 18.937272 18.937272 18.937272 0.121095 0.121095 0.121095
56900 18.937272 18.937272 18.937272 0.121095 0.121095 0.121095
57000 18.937272 18.937272 18.937272 0.121095 0.121095 0.121095
57100 18.937272 18.937272 18.937272 0.121095 0.121095 0.121095
57200 18.937272 18.937272 18.937272 0.121095 0.121095 0.121095
57300 18.937272 18.937272 18.937272 0.121095 0.121095 0.121095
57400 18.937272 18.937272 18.937272 0.121095 0.121095 0.121095
57500 18.937272 18.937272 18.937272 0.121095 0.121095 0.121095
57600 18.937272 18.937272 18.937272 0.121095 0.121095 0.121095
57700 18.937272 18.937272 18.937272 0.121095 0.121095 0.121095
57800 18.937272 18.937272 18.937272 0.121095 0.121095 0.121095
57900 18.937272 18.937272 18.937272 0.121095 0.121095 0.121095
58000 18.937272 18.937272 18.937272 0.121095 0.121095 0.121095
58100 18.937272 18.937272 18.937272 0.121095 0.121095 0.121095
58200 18.937272 18.937272 18.937272 0.121095 0.121095 0.121095
58300 18.937272 18.937272 18.937272 0.121095 0.121095 0.121095
58400 18.937272 18.937272 18.937272 0.121095 0.121095 0.121095
58500 18.937272 18.937272 18.937272 0.121095 0.121095 0.121095
58600 18.937272 18.937272 18.937272 0.121095 0.121095 0.121095
58700 18.937272 18.937272 18.937272 0.121095 0.121095 0.121095
58800 18.937272 18.937272 18.937272 0.121095 0.121095 0.121095
58900 18.937272 18.937272 18.937272 0.121095 0.121095 0.121095
59000 18.937272 18.937272 18.937272 0.121095 0.121095 0.121095
59100 18.937272 18.937272 18.937272 0.121095 0.121095 0.121095
59200 18.937272 18.937272 18.937272 0.121095 0.121095 0.121095
59300 18.937272 18.937272 18.937272 0.121095 0.121095 0.121095
59400 18.937272 18.937272 18.937272 0.121095 0.121095 0.121095
59500 18.937272 18.937272 18.937272 0.121095 0.121095 0.121095
59600 18.937272 18.937272 18.937272 0.121095 0.121095 0.121095
59700 18.937272 18.937272 18.937272 0.121095 0.121095 0.121095
59800 18.937272 18.937272 18.937272 0.121095 0.121095 0.121095
59900 18.937272 18.937272 18.937272 0.121095 0.121095 0.121095
60000 18.937272 18.937272 18.937272 0.121095 0.121095 0.121095
60100 18.937272 18.937272 18.937272 0.121095 0.121095 0.121095
60200 18.937272 18.937272 18.937272 0.121095 0.121095 0.121095
60300 18.937272 18.937272 18.937272 0.121095 0.121095 0.121095
60400 18.937272 18.937272 18.937272 0.121095 0.121095 0.121095
60500 18.937272 18.937272 18.937272 0.121095 0.121095 0.121095
60600 18.937272 18.937272 18.937272 0.121095 0.121095 0.121095
60700 18.937272 18.937272 18.937272 0.121095 0.121095 0.121095
60800 18.937272 18.937272 18.937272 0.121095 0.121095 0.121095
60900 18.937272 18.937272 18.937272 0.121095 0.121095 0.121095
61000 18.937272 18.937272 18.937272 0.121095 0.121095 0.121095
61100 18.937272 18.937272 18.937272 0.121095 0.121095 0.121095
61200 18.937272 18.937272 18.937272 0.121095 0.121095 0.121095
61300 18.937272 18.937272 18.937272 0.121095 0.121095 0.121095
61400 18.937272 18.937272 18.937272 0.121095 0.121095 0.121095
61500 18.937272 18.937272 18.937272 0.121095 0.121095 0.121095
61600 18.937272 18.937272 18.937272 0.121095 0.121095 0.121095
61700 18.937272 18.937272 18.937272 0.121095 0.121095 0.121095
61800 18.937272 18.937272 18.937272 0.121095 0.121095 0.121095
61900 18.937272 18.937272 18.937272 0.121095 0.121095 0.121095
62000 18.937272 18.937272 18.937272 0.121095 0.121095 0.121095
62100 18.937272 18.937272 18.937272 0.121095 0.121095 0.121095
62200 18.937272 18.937272 18.937272 0.121095 0.121095 0.121095
62300 18.937272 18.937272 18.937272 0.121095 0.121095 0.121095
62400 18.937272 18.937272 18.937272 0.121095 0.121095 0.121095
62500 18.937272 18.937272 18.937272 0.121095 0.121095 0.121095
62600 18.937272 18.937272 18.937272 0.121095 0.121095 0.121095
62700 18.937272 18.937272 18.937272 0.121095 0.121095 0.121095
62800 18.937272 18.937272 18.937272 0.121095 0.121095 0.121095
62900 18.937272 18.937272 18.937272 0.121095 0.121095 0.121095
63000 18.937272 18.937272 18.937272 0.121095 0.121095 0.121095
63100 18.937272 18.937272 18.937272 0.121095 0.121095 0.121095
63200 18.937272 18.937272 18.937272 0.121095 0.121095 0.121095
63300 18.937272 18.937272 18.937272 0.121095 0.121095 0.121095
63400 18.937272 18.937272 18.937272 0.121095 0.121095 0.121095
63500 18.937272 18.937272 18.937272 0.121095 0.121095 0.121095
63600 18.937272 18.937272 18.937272 0.121095 0.121095 0.121095
63700 18.937272 18.937272 18.937272 0.121095 0.121095 0.121095
63800 18.937272 18.937272 18.937272 0.121095 0.121095 0.121095
63900 18.937272 18.937272 18.937272 0.121095 0.121095 0.121095
64000 18.937272 18.937272 18.937272 0.121095 0.121095 0.121095
64100 18.937272 18.937272 18.937272 0.121095 0.121095 0.121095
64200 18.937272 18.937272 18.937272 0.121095 0.121095 0.121095
64300 18.937272 18.937272 18.937272 0.121095 0.121095 0.121095
64400 18.937272 18.937272 18.937272 0.121095 0.121095 0.121095
64500 18.937272 18.937272 18.937272 0.121095 0.121095 0.121095
64600 18.937272 18.937272 18.937272 0.121095 0.121095 0.121095
64700 18.937272 18.937272 18.937272 0.121095 0.121095 0.121095
64800 18.937272 18.937272 18.937272 0.121095 0.121095 0.121095
64900 18.937272 18.937272 18.937272 0.121095 0.121095 0.121095
65000 18.937272 18.937272 18.937272 0.121095 0.121095 0.121095
65100 18.937272 18.937272 18.937272 0.121095 0.121095 0.121095
65200 18.937272 18.937272 18.937272 0.121095 0.121095 0.121095
65300 18.937272 18.937272 18.937272 0.121095 0.121095 0.121095
65400 18.937272 18.937272 18.937272 0.121095 0.121095 0.121095
65500 18.937272 18.937272 18.937272 0.121095 0.121095 0.121095
65600 18.937272 18.937272 18.937272 0.121095 0.121095 0.121095
65700 18.937272 18.937272 18.937272 0.121095 0.121095 0.121095
65800 18.937272 18.937272 18.937272 0.121095 0.121095 0.121095
65900 18.937272 18.937272 18.937272 0.121095 0.121095 0.121095
66000 18.937272 18.937272 18.937272 0.121095 0.121095 0.121095
66100 18.937272 18.937272 18.937272 0.121095 0.121095 0.121095
66200 18.937272 18.937272 18.937272 0.121095 0.121095 0.121095
66300 18.937272 18.937272 18.937272 0.121095 0.121095 0.121095
66400 18.937272 18.937272 18.937272 0.121095 0.121095 0.121095
66500 18.937272 18.937272 18.937272 0.121095 0.121095 0.121095
66600 18.937272 18.937272 18.937272 0.121095 0.121095 0.121095
66700 18.937272 18.937272 18.937272 0.121095 0.121095 0.121095
66800 18.937272 18.937272 18.937272 0.121095 0.121095 0.121095
66900 18.937272 18.937272 18.937272 0.121095 0.121095 0.121095
67000 18.937272 18.937272 18.937272 0.121095 0.121095 0.121095
67100 18.937272 18.937272 18.937272 0.121095 0.121095 0.121095
67200 18.937272 18.937272 18.937272 0.121095 0.121095 0.121095
67300 18.937272 18.937272 18.937272 0.121095 0.121095 0.121095
67400 18.937272 18.937272 18.937272 0.121095 0.121095 0.121095
67500 18.937272 18.937272 18.937272 0.121095 0.121095 0.121095
67600 18.937272 18.937272 18.937272 0.121095 0.121095 0.121095
67700 18.937272 18.937272 18.937272 0.121095 0.121095 0.121095
67800 18.937272 18.937272 18.937272 0.121095 0.121095 0.121095
67900 18.937272 18.937272 18.937272 0.121095 0.121095 0.121095
68000 18.937272 18.937272 18.937272 0.121095 0.121095 0.121095
68100 18.937272 18.937272 18.937272 0.121095 0.121095 0.121095
68200 18.937272 18.937272 18.937272 0.121095 0.121095 0.121095
68300 18.937272 18.937272 18.937272 0.121095 0.121095 0.121095
68400 18.937272 18.937272 18.937272 0.121095 0.121095 0.121095
68500 18.937272 18.937272 18.937272 0.121095 0.121095 0.121095
68600 18.937272 18.937272 18.937272 0.121095 0.121095 0.121095
68700 18.937272 18.937272 18.937272 0.121095 0.121095 0.121095
68800 18.937272 18.937272 18.937272 0.121095 0.121095 0.121095
68900 18.937272 18.937272 18.937272 0.121095 0.121095 0.121095
69000 18.937272 18.937272 18.937272 0.121095 0.121095 0.121095
69100 18.937272 18.937272 18.937272 0.121095 0.121095 0.121095
69200 18.937272 18.937272 18.937272 0.121095 0.121095 0.121095
69300 18.937272 18.937272 18.937272 0.121095 0.121095 0.121095
69400 18.937272 18.937272 18.937272 0.121095 0.121095 0.121095
69500 18.937272 18.937272 18.937272 0.121095 0.121095 0.121095
69600 18.937272 18.937272 18.937272 0.121095 0.121095 0.121095
69700 18.937272 18.937272 18.937272 0.121095 0.121095 0.121095
69800 18.937272 18.937272 18.937272 0.121095 0.121095 0.121095
69900 18.937272 18.937272 18.937272 0.121095 0.121095 0.121095
70000 18.937272 18.937272 18.937272 0.121095 0.121095 0.121095
70100 18.937272 18.937272 18.937272 0.121095 0.121095 0.121095
70200 18.937272 18.937272 18.937272 0.121095 0.121095 0.121095
70300 18.937272 18.937272 18.937272 0.121095 0.121095 0.121095
70400 18.937272 18.937272 18.937272 0.121095 0.121095 0.121095
70500 18.937272 18.937272 18.937272 0.121095 0.121095 0.121095
70600 18.937272 18.937272 18.937272 0.121095 0.121095 0.121095
70700 18.937272 18.937272 18.937272 0.121095 0.121095 0.121095
70800 18.937272 18.937272 18.937272 0.121095 0.121095 0.121095
70900 18.937272 18.937272 18.937272 0.121095 0.121095 0.121095
71000 18.937272 18.937272 18.937272 0.121095 0.121095 0.121095
71100 18.937272 18.937272 18.937272 0.121095 0.121095 0.121095
71200 18.937272 18.937272 18.937272 0.121095 0.121095 0.121095
71300 18.937272 18.937272 18.937272 0.121095 0.121095 0.121095
71400 18.937272 18.937272 18.937272 0.121095 0.121095 0.121095
71500 18.937272 18.937272 18.937272 0.121095 0.121095 0.121095
71600 18.937272 18.937272 18.937272 0.121095 0.121095 0.121095
71700 18.937272 18.937272 18.937272 0.121095 0.121095 0.121095
71800 18.937272 18.937272 18.937272 0.121095 0.121095 0.121095
71900 18.937272 18.937272 18.937272 0.121095 0.121095 0.121095
72000 18.937272 18.937272 18.937272 0.121095 0.121095 0.121095
72100 18.937272 18.937272 18.937272 0.121095 0.121095 0.121095
72200 18.937272 18.937272 18.937272 0.121095 0.121095 0.121095
72300 18.937272 18.937272 18.937272 0.121095 0.121095 0.121095
72400 18.937272 18.937272 18.937272 0.121095 0.121095 0.121095
72500 18.937272 18.937272 18.937272 0.121095 0.121095 0.121095
72600 18.937272 18.937272 18.937272 0.121095 0.121095 0.121095
72700 18.937272 18.937272 18.937272 0.121095 0.121095 0.121095
72800 18.937272 18.937272 18.937272 0.121095 0.121095 0.121095
72900 18.937272 18.937272 18.937272 0.121095 0.121095 0.121095
73000 18.937272 18.937272 18.937272 0.121095 0.121095 0.121095
73100 18.937272 18.937272 18.937272 0.121095 0.121095 0.121095
73200 18.937272 18.937272 18.937272 0.121095 0.121095 0.121095
73300 18.937272 18.937272 18.937272 0.121095 0.121095 0.121095
73400 18.937272 18.937272 18.937272 0.121095 0.121095 0.121095
73500 18.937272 18.937272 18.937272 0.121095 0.121095 0.121095
73600 18.937272 18.937272 18.937272 0.121095 0.121095 0.121095
73700 18.937272 18.937272 18.937272 0.121095 0.121095 0.121095
73800 18.937272 18.937272 18.937272 0.121095 0.121095 0.121095
73900 18.937272 18.937272 18.937272 0.121095 0.121095 0.121095
74000 18.937272 18.937272 18.937272 0.121095 0.121095 0.121095
74100 18.937272 18.937272 18.937272 0.121095 0.121095 0.121095
74200 18.937272 18.937272 18.937272 0.121095 0.121095 0.121095
74300 18.937272 18.937272 18.937272 0.121095 0.121095 0.121095
74400 18.937272 18.937272 18.937272 0.121095 0.121095 0.121095
74500 18.937272 18.937272 18.937272 0.121095 0.121095 0.121095
74600 18.937272 18.937272 18.937272 0.121095 0.121095 0.121095
74700 18.937272 18.937272 18.937272 0.121095 0.121095 0.121095
74800 18.937272 18.937272 18.937272 0.121095 0.121095 0.121095
74900 18.937272 18.937272 18.937272 0.121095 0.121095 0.121095
75000 18.937272 18.937272 18.937272 0.121095 0.121095 0.121095
75100 18.937272 18.937272 18.937272 0.121095 0.121095 0.121095
75200 18.937272 18.937272 18.937272 0.121095 0.121095 0.121095
75300 18.937272 18.937272 18.937272 0.121095 0.121095 0.121095
75400 18.937272 18.937272 18.937272 0.121095 0.121095 0.121095
75500 18.937272 18.937272 18.937272 0.121095 0.121095 0.121095
75600 18.937272 18.937272 18.937272 0.121095 0.121095 0.121095
75700 18.937272 18.937272 18.937272 0.121095 0.121095 0.121095
75800 18.937272 18.937272 18.937272 0.121095 0.121095 0.121095
75900 18.937272 18.937272 18.937272 0.121095 0.121095 0.121095
76000 18.937272 18.937272 18.937272 0.121095 0.121095 0.121095
76100 18.937272 18.937272 18.937272 0.121095 0.121095 0.121095
76200 18.937272 18.937272 18.937272 0.121095 0.121095 0.121095
76300 18.937272 18.937272 18.937272 0.121095 0.121095 0.121095
76400 18.937272 18.937272 18.937272 0.121095 0.121095 0.121095
76500 18.937272 18.937272 18.937272 0.121095 0.121095 0.121095
76600 18.937272 18.937272 18.937272 0.121095 0.121095 0.121095
76700 18.937272 18.937272 18.937272 0.121095 0.121095 0.121095
76800 18.937272 18.937272 18.937272 0.121095 0.121095 0.121095
76900 18.937272 18.937272 18.937272 0.121095 0.121095 0.121095
77000 18.937272 18.937272 18.937272 0.121095 0.121095 0.121095
77100 18.937272 18.937272 18.937272 0.121095 0.121095 0.121095
77200 18.937272 18.937272 18.937272 0.121095 0.121095 0.121095
77300 18.937272 18.937272 18.937272 0.121095 0.121095 0.121095
77400 18.937272 18.937272 18.937272 0.121095 0.121095 0.121095
77500 18.937272 18.937272 18.937272 0.121095 0.121095 0.121095
77600 18.937272 18.937272 18.937272 0.121095 0.121095 0.121095
77700 18.937272 18.937272 18.937272 0.121095 0.121095 0.121095
77800 18.937272 18.937272 18.937272 0.121095 0.121095 0.121095
77900 18.937272 18.937272 18.937272 0.121095 0.121095 0.121095
78000 18.937272 18.937272 18.937272 0.121095 0.121095 0.121095
78100 18.937272 18.937272 18.937272 0.121095 0.121095 0.121095
78200 18.937272 18.937272 18.937272 0.121095 0.121095 0.121095
78300 18.937272 18.937272 18.937272 0.121095 0.121095 0.121095
78400 18.937272 18.937272 18.937272 0.121095 0.121095 0.121095
78500 18.937272 18.937272 18.937272 0.121095 0.121095 0.121095
78600 18.937272 18.937272 18.937272 0.121095 0.121095 0.121095
78700 18.937272 18.937272 18.937272 0.121095 0.121095 0.121095
78800 18.937272 18.937272 18.937272 0.121095 0.121095 0.121095
78900 18.937272 18.937272 18.937272 0.121095 0.121095 0.121095
79000 18.937272 18.937272 18.937272 0.121095 0.121095 0.121095
79100 18.937272 18.937272 18.937272 0.121095 0.121095 0.121095
79200 18.937272 18.937272 18.937272 0.121095 0.121095 0.121095
79300 18.937272 18.937272 18.937272 0.121095 0.121095 0.121095
79400 18.937272 18.937272 18.937272 0.121095 0.121095 0.121095
79500 18.937272 18.937272 18.937272 0.121095 0.121095 0.121095
79600 18.937272 18.937272 18.937272 0.121095 0.121095 0.121095
79700 18.937272 18.937272 18.937272 0.121095 0.121095 0.121095
79800 18.937272 18.937272 18.937272 0.121095 0.121095 0.121095
79900 18.937272 18.937272 18.937272 0.121095 0.121095 0.121095
80000 18.937272 18.937272 18.937272 0.121095 0.121095 0.121095
80100 18.937272 18.937272 18.937272 0.121095 0.121095 0.121095
80200 18.937272 18.937272 18.937272 0.121095 0.121095 0.121095
80300 18.937272 18.937272 18.937272 0.121095 0.121095 0.121095
80400 18.937272 18.937272 18.937272 0.121095 0.121095 0.121095
80500 18.937272 18.937272 18.937272 0.121095 0.121095 0.121095
80600 18.937272 18.937272 18.937272 0.121095 0.121095 0.121095
80700 18.937272 18.937272 18.937272 0.121095 0.121095 0.121095
80800 18.937272 18.937272 18.937272 0.121095 0.121095 0.121095
80900 18.937272 18.937272 18.937272 0.121095 0.121095 0.121095
81000 18.937272 18.937272 18.937272 0.121095 0.121095 0.121095
81100 18.937272 18.937272 18.937272 0.121095 0.121095 0.121095
81200 18.937272 18.937272 18.937272 0.121095 0.121095 0.121095
81300 18.937272 18.937272 18.937272 0.121095 0.121095 0.121095
81400 18.937272 18.937272 18.937272 0.121095 0.121095 0.121095
81500 18.937272 18.937272 18.937272 0.121095 0.121095 0.121095
81600 18.937272 18.937272 18.937272 0.121095 0.121095 0.121095
81700 18.937272 18.937272 18.937272 0.121095 0.121095 0.121095
81800 18.937272 18.937272 18.937272 0.121095 0.121095 0.121095
81900 18.937272 18.937272 18.937272 0.121095 0.121095 0.121095
82000 18.937272 18.937272 18.937272 0.121095 0.121095 0.121095
82100 18.937272 18.937272 18.937272 0.121095 0.121095 0.121095
82200 18.937272 18.937272 18.937272 0.121095 0.121095 0.121095
82300 18.937272 18.937272 18.937272 0.121095 0.121095 0.121095
82400 18.937272 18.937272 18.937272 0.121095 0.121095 0.121095
82500 18.937272 18.937272 18.937272 0.121095 0.121095 0.121095
82600 18.937272 18.937272 18.937272 0.121095 0.121095 0.121095
82700 18.937272 18.937272 18.937272 0.121095 0.121095 0.121095
82800 18.937272 18.937272 18.937272 0.121095 0.121095 0.121095
82900 18.937272 18.937272 18.937272 0.121095 0.121095 0.121095
83000 18.937272 18.937272 18.937272 0.121095 0.121095 0.121095
83100 18.937272 18.937272 18.937272 0.121095 0.121095 0.121095
83200 18.937272 18.937272 18.937272 0.121095 0.121095 0.121095
83300 18.937272 18.937272 18.937272 0.121095 0.121095 0.121095
83400 18.937272 18.937272 18.937272 0.121095 0.121095 0.121095
83500 18.937272 18.937272 18.937272 0.121095 0.121095 0.121095
83600 18.937272 18.937272 18.937272 0.121095 0.121095 0.121095
83700 18.937272 18.937272 18.937272 0.121095 0.121095 0.121095
83800 18.937272 18.937272 18.937272 0.121095 0.121095 0.121095
83900 18.937272 18.937272 18.937272 0.121095 0.121095 0.121095
84000 18.937272 18.937272 18.937272 0.121095 0.121095 0.121095
84100 18.937272 18.937272 18.937272 0.121095 0.121095 0.121095
84200 18.937272 18.937272 18.937272 0.121095 0.121095 0.121095
84300 18.937272 18.937272 18.937272 0.121095 0.121095 0.121095
84400 18.937272 18.937272 18.937272 0.121095 0.121095 0.121095
84500 18.937272 18.937272 18.937272 0.121095 0.121095 0.121095
84600 18.937272 18.937272 18.937272 0.121095 0.121095 0.121095
84700 18.937272 18.937272 18.937272 0.121095 0.121095 0.121095
84800 18.937272 18.937272 18.937272 0.121095 0.121095 0.121095
84900 18.937272 18.937272 18.937272 0.121095 0.121095 0.121095
85000 18.937272 18.937272 18.937272 0.121095 0.121095 0.121095
85100 18.937272 18.937272 18.937272 0.121095 0.121095 0.121095
85200 18.937272 18.937272 18.937272 0.121095 0.121095 0.121095
85300 18.937272 18.937272 18.937272 0.121095 0.121095 0.121095
85400 18.937272 18.937272 18.937272 0.121095 0.121095 0.121095
85500 18.937272 18.937272 18.937272 0.121095 0.121095 0.121095
85600 18.937272 18.937272 18.937272 0.121095 0.121095 0.121095
85700 18.937272 18.937272 18.937272 0.121095 0.121095 0.121095
85800 18.937272 18.937272 18.937272 0.121095 0.121095 0.121095
85900 18.937272 18.937272 18.937272 0.121095 0.121095 0.121095
86000 18.937272 18.937272 18.937272 0.121095 0.121095 0.121095
86100 18.937272 18.937272 18.937272 0.121095 0.121095 0.121095
86200 18.937272 18.937272 18.937272 0.121095 0.121095 0.121095
86300 18.937272 18.937272 18.937272 0.121095 0.121095 0.121095
86400 18.937272 18.937272 18.937272 0.121095 0.121095 0.121095
86500 18.937272 18.937272 18.937272 0.121095 0.121095 0.121095
86600 18.937272 18.937272 18.937272 0.121095 0.121095 0.121095
86700 18.937272 18.937272 18.937272 0.121095 0.121095 0.121095
86800 18.937272 18.937272 18.937272 0.121095 0.121095 0.121095
86900 18.937272 18.937272 18.937272 0.121095 0.121095 0.121095
87000 18.937272 18.937272 18.937272 0.121095 0.121095 0.121095
87100 18.937272 18.937272 18.937272 0.121095 0.121095 0.121095
87200 18.937272 18.937272 18.937272 0.121095 0.121095 0.121095
87300 18.937272 18.937272 18.937272 0.121095 0.121095 0.121095
87400 18.937272 18.937272 18.937272 0.121095 0.121095 0.121095
87500 18.937272 18.937272 18.937272 0.121095 0.121095 0.121095
87600 18.937272 18.937272 18.937272 0.121095 0.121095 0.121095
87700 18.937272 18.937272 18.937272 0.121095 0.121095 0.121095
87800 18.937272 18.937272 18.937272 0.121095 0.121095 0.121095
87900 18.937272 18.937272 18.937272 0.121095 0.121095 0.121095
88000 18.937272 18.937272 18.937272 0.121095 0.121095 0.121095
88100 18.937272 18.937272 18.937272 0.121095 0.121095 0.121095
88200 18.937272 18.937272 18.937272 0.121095 0.121095 0.121095
88300 18.937272 18.937272 18.937272 0.121095 0.121095 0.121095
88400 18.937272 18.937272 18.937272 0.121095 0.121095 0.121095
88500 18.937272 18.937272 18.937272 0.121095 0.121095 0.121095
88600 18.937272 18.937272 18.937272 0.121095 0.121095 0.121095
88700 18.937272 18.937272 18.937272 0.121095 0.121095 0.121095
88800 18.937272 18.937272 18.937272 0.121095 0.121095 0.121095
88900 18.937272 18.937272 18.937272 0.121095 0.121095 0.121095
89000 18.937272 18.937272 18.937272 0.121095 0.121095 0.121095
89100 18.937272 18.937272 18.937272 0.121095 0.121095 0.121095
89200 18.937272 18.937272 18.937272 0.121095 0.121095 0.121095
89300 18.937272 18.937272 18.937272 0.121095 0.121095 0.121095
89400 18.937272 18.937272 18.937272 0.121095 0.121095 0.121095
89500 18.937272 18.937272 18.937272 0.121095 0.121095 0.121095
89600 18.937272 18.937272 18.937272 0.121095 0.121095 0.121095
89700 18.937272 18.937272 18.937272 0.121095 0.121095 0.121095
89800 18.937272 18.937272 18.937272 0.121095 0.121095 0.121095
89900 18.937272 18.937272 18.937272 0.121095 0.121095 0.121095
90000 18.937272 18.937272 18.937272 0.121095 0.121095 0.121095
90100 18.937272 18.937272 18.937272 0.121095 0.121095 0.121095
90200 18.937272 18.937272 18.937272 0.121095 0.121095 0.121095
90300 18.937272 18.937272 18.937272 0.121095 0.121095 0.121095
90400 18.937272 18.937272 18.937272 0.121095 0.121095 0.121095
90500 18.937272 18.937272 18.937272 0.121095 0.121095 0.121095
90600 18.937272 18.937272 18.937272 0.121095 0.121095 0.121095
90700 18.937272 18.937272 18.937272 0.121095 0.121095 0.121095
90800 18.937272 18.937272 18.937272 0.121095 0.121095 0.121095
90900 18.937272 18.937272 18.937272 0.121095 0.121095 0.121095
91000 18.937272 18.937272 18.937272 0.121095 0.121095 0.121095
91100 18.937272 18.937272 18.937272 0.121095 0.121095 0.121095
91200 18.937272 18.937272 18.937272 0.121095 0.121095 0.121095
91300 18.937272 18.937272 18.937272 0.121095 0.121095 0.121095
91400 18.937272 18.937272 18.937272 0.121095 0.121095 0.121095
91500 18.937272 18.937272 18.937272 0.121095 0.121095 0.121095
91600 18.937272 18.937272 18.937272 0.121095 0.121095 0.121095
91700 18.937272 18.937272 18.937272 0.121095 0.121095 0.121095
91800 18.937272 18.937272 18.937272 0.121095 0.121095 0.121095
91900 18.937272 18.937272 18.937272 0.121095 0.121095 0.121095
92000 18.937272 18.937272 18.937272 0.121095 0.121095 0.121095
92100 18.937272 18.937272 18.937272 0.121095 0.121095 0.121095
92200 18.937272 18.937272 18.937272 0.121095 0.121095 0.121095
92300 18.937272 18.937272 18.937272 0.121095 0.121095 0.121095
92400 18.937272 18.937272 18.937272 0.121095 0.121095 0.121095
92500 18.937272 18.937272 18.937272 0.121095 0.121095 0.121095
92600 18.937272 18.937272 18.937272 0.121095 0.121095 0.121095
92700 18.937272 18.937272 18.937272 0.121095 0.121095 0.121095
92800 18.937272 18.937272 18.937272 0.121095 0.121095 0.121095
92900 18.937272 18.937272 18.937272 0.121095 0.121095 0.121095
93000 18.937272 18.937272 18.937272 0.121095 0.121095 0.121095
93100 18.937272 18.937272 18.937272 0.121095 0.121095 0.121095
93200 18.937272 18.937272 18.937272 0.121095 0.121095 0.121095
93300 18.937272 18.937272 18.937272 0.121095 0.121095 0.121095
93400 18.937272 18.937272 18.937272 0.121095 0.121095 0.121095
93500 18.937272 18.937272 18.937272 0.121095 0.121095 0.121095
93600 18.937272 18.937272 18.937272 0.121095 0.121095 0.121095
93700 18.937272 18.937272 18.937272 0.121095 0.121095 0.121095
93800 18.937272 18.937272 18.937272 0.121095 0.121095 0.121095
93900 18.937272 18.937272 18.937272 0.121095 0.121095 0.121095
94000 18.937272 18.937272 18.937272 0.121095 0.121095 0.121095
94100 18.937272 18.937272 18.937272 0.121095 0.121095 0.121095
94200 18.937272 18.937272 18.937272 0.121095 0.121095 0.121095
94300 18.937272 18.937272 18.937272 0.121095 0.121095 0.121095
94400 18.937272 18.937272 18.937272 0.121095 0.121095 0.121095
94500 18.937272 18.937272 18.937272 0.121095 0.121095 0.121095
94600 18.937272 18.937272 18.937272 0.121095 0.121095 0.121095
94700 18.937272 18.937272 18.937272 0.121095 0.121095 0.121095
94800 18.937272 18.937272 18.937272 0.121095 0.121095 0.121095
94900 18.937272 18.937272 18.937272 0.121095 0.121095 0.121095
95000 18.937272 18.937272 18.937272 0.121095 0.121095 0.121095
95100 18.937272 18.937272 18.937272 0.121095 0.121095 0.121095
95200 18.937272 18.937272 18.937272 0.121095 0.121095 0.121095
95300 18.937272 18.937272 18.937272 0.121095 0.121095 0.121095
95400 18.937272 18.937272 18.937272 0.121095 0.121095 0.121095
95500 18.937272 18.937272 18.937272 0.121095 0.121095 0.121095
95600 18.937272 18.937272 18.937272 0.121095 0.121095 0.121095
95700 18.937272 18.937272 18.937272 0.121095 0.121095 0.121095
95800 18.937272 18.937272 18.937272 0.121095 0.121095 0.121095
95900 18.937272 18.937272 18.937272 0.121095 0.121095 0.121095
96000 18.937272 18.937272 18.937272 0.121095 0.121095 0.121095
96100 18.937272 18.937272 18.937272 0.121095 0.121095 0.121095
96200 18.937272 18.937272 18.937272 0.121095 0.121095 0.121095
96300 18.937272 18.937272 18.937272 0.121095 0.121095 0.121095
96400 18.937272 18.937272 18.937272 0.121095 0.121095 0.121095
96500 18.937272 18.937272 18.937272 0.121095 0.121095 0.121095
96600 18.937272 18.937272 18.937272 0.121095 0.121095 0.121095
96700 18.937272 18.937272 18.937272 0.121095 0.121095 0.121095
96800 18.937272 18.937272 18.937272 0.121095 0.121095 0.121095
96900 18.937272 18.937272 18.937272 0.121095 0.121095 0.121095
97000 18.937272 18.937272 18.937272 0.121095 0.121095 0.121095
97100 18.937272 18.937272 18.937272 0.121095 0.121095 0.121095
97200 18.937272 18.937272 18.937272 0.121095 0.121095 0.121095
97300 18.937272 18.937272 18.937272 0.121095 0.121095 0.121095
97400 18.937272 18.937272 18.937272 0.121095 0.121095 0.121095
97500 18.937272 18.937272 18.937272 0.121095 0.121095 0.121095
97600 18.937272 18.937272 18.937272 0.121095 0.121095 0.121095
97700 18.937272 18.937272 18.937272 0.121095 0.121095 0.121095
97800 18.937272 18.937272 18.937272 0.121095 0.121095 0.121095
97900 18.937272 18.937272 18.937272 0.121095 0.121095 0.121095
98000 18.937272 18.937272 18.937272 0.121095 0.121095 0.121095
98100 18.937272 18.937272 18.937272 0.121095 0.121095 0.121095
98200 18.937272 18.937272 18.937272 0.121095 0.121095 0.121095
98300 18.937272 18.937272 18.937272 0.121095 0.121095 0.121095
98400 18.937272 18.937272 18.937272 0.121095 0.121095 0.121095
98500 18.937272 18.937272 18.937272 0.121095 0.121095 0.121095
98600 18.937272 18.937272 18.937272 0.121095 0.121095 0.121095
98700 18.937272 18.937272 18.937272 0.121095 0.121095 0.121095
98800 18.937272 18.937272 18.937272 0.121095 0.121095 0.121095
98900 18.937272 18.937272 18.937272 0.121095 0.121095 0.121095
99000 18.937272 18.937272 18.937272 0.121095 0.121095 0.121095
99100 18.937272 18.937272 18.937272 0.121095 0.121095 0.121095
99200 18.937272 18.937272 18.937272 0.121095 0.121095 0.121095
99300 18.937272 18.937272 18.937272 0.121095 0.121095 0.121095
99400 18.937272 18.937272 18.937272 0.121095 0.121095 0.121095
99500 18.937272 18.937272 18.937272 0.121095 0.121095 0.121095
99600 18.937272 18.937272 18.937272 0.121095 0.121095 0.121095
99700 18.937272 18.937272 18.937272 0.121095 0.121095 0.121095
99800 18.937272 18.937272 18.937272 0.121095 0.121095 0.121095
99900 18.937272 18.937272 18.937272 0.121095 0.121095 0.121095
100000 19.484631 19.484631 19.484631 0.132153 0.132153 0.132153
