# generation power_min power_avg power_max util_min util_avg util_max
1 14.564399 15.760722 17.273127 0.194303 0.200476 0.205244
10 14.564399 15.604675 16.495422 0.197011 0.201175 0.206727
20 14.492805 15.471740 16.187852 0.197750 0.201786 0.207290
30 14.489398 15.343929 15.983051 0.199113 0.202365 0.207290
40 14.388869 15.224077 15.847537 0.199113 0.202910 0.208070
50 14.367404 15.095602 15.797995 0.199804 0.203494 0.208070
60 14.309739 14.997832 15.598485 0.199976 0.203918 0.208070
70 14.092902 14.876560 15.482510 0.200218 0.204430 0.208564
80 13.956062 14.766995 15.400983 0.200993 0.205005 0.208641
90 13.822165 14.657193 15.259101 0.202378 0.205508 0.209753
100 13.822165 14.564656 15.141622 0.202378 0.205922 0.209753
110 13.709856 14.464375 15.004998 0.202783 0.206344 0.209822
120 13.709856 14.369391 14.869840 0.204115 0.206759 0.209822
130 13.709856 14.299266 14.721110 0.204275 0.207054 0.209822
140 13.670731 14.226654 14.634765 0.204845 0.207348 0.209822
150 13.254341 14.155260 14.524537 0.205018 0.207617 0.211386
160 13.254341 14.083192 14.478229 0.205712 0.207918 0.211386
170 13.254341 14.014240 14.388415 0.206030 0.208145 0.211386
180 13.254341 13.952508 14.309739 0.206148 0.208398 0.211386
190 13.254341 13.888695 14.266316 0.206398 0.208674 0.211386
200 13.254341 13.832183 14.169084 0.206628 0.208886 0.211386
210 13.254341 13.778453 14.083459 0.207339 0.209098 0.211386
220 13.254341 13.717571 14.026355 0.207339 0.209331 0.211386
230 13.251134 13.658299 13.946426 0.207920 0.209575 0.211386
240 13.162158 13.608982 13.887350 0.207920 0.209762 0.211695
250 13.046538 13.561456 13.836100 0.207920 0.209955 0.211839
260 13.046538 13.507573 13.773185 0.208338 0.210174 0.211841
270 13.046538 13.450059 13.743992 0.208338 0.210439 0.212094
280 13.046538 13.404146 13.682247 0.208338 0.210637 0.212382
290 12.934600 13.346999 13.670153 0.208942 0.210851 0.213050
300 12.934600 13.293474 13.592005 0.209396 0.211095 0.213050
310 12.934600 13.245773 13.551754 0.209531 0.211307 0.213050
320 12.934600 13.202843 13.481819 0.210028 0.211489 0.213050
330 12.934600 13.161749 13.422338 0.210028 0.211632 0.213050
340 12.931393 13.126648 13.343662 0.210430 0.211791 0.213050
350 12.834819 13.091861 13.254341 0.210996 0.211951 0.213464
360 12.834819 13.063064 13.251134 0.210996 0.212068 0.213464
370 12.834819 13.033089 13.182938 0.211288 0.212209 0.213464
380 12.834819 13.011083 13.145874 0.211622 0.212302 0.213464
390 12.822511 12.989094 13.093518 0.211839 0.212400 0.213464
400 12.822511 12.972157 13.062054 0.211839 0.212480 0.213464
410 12.822511 12.957768 13.058847 0.211839 0.212564 0.213464
420 12.822511 12.938960 13.054950 0.211839 0.212663 0.213464
430 12.822511 12.919770 13.046538 0.211839 0.212799 0.213464
440 12.675418 12.901447 12.962274 0.212399 0.212920 0.214317
450 12.675418 12.885267 12.962274 0.212399 0.213030 0.214317
460 12.675418 12.868269 12.962274 0.212399 0.213144 0.214317
470 12.675418 12.852864 12.962274 0.212399 0.213249 0.214317
480 12.675418 12.837777 12.949965 0.212399 0.213355 0.214317
490 12.675418 12.821874 12.931393 0.212802 0.213469 0.214317
500 12.675418 12.806346 12.884744 0.213034 0.213560 0.214317
510 12.675418 12.797857 12.834819 0.213355 0.213606 0.214317
520 12.675418 12.787308 12.834819 0.213355 0.213657 0.214317
530 12.675418 12.777331 12.834819 0.213355 0.213703 0.214317
540 12.675418 12.762166 12.834819 0.213355 0.213783 0.214317
550 12.675418 12.749124 12.834819 0.213355 0.213847 0.214317
560 12.675418 12.734011 12.822511 0.213355 0.213929 0.214317
570 12.675418 12.719302 12.822511 0.213355 0.214026 0.214317
580 12.675418 12.704593 12.822511 0.213355 0.214122 0.214317
590 12.675418 12.689884 12.752949 0.213681 0.214218 0.214317
600 12.675418 12.682131 12.752949 0.213681 0.214271 0.214317
610 12.675418 12.675418 12.675418 0.214317 0.214317 0.214317
620 12.675418 12.675418 12.675418 0.214317 0.214317 0.214317
630 12.675418 12.675418 12.675418 0.214317 0.214317 0.214317
640 12.675418 12.675418 12.675418 0.214317 0.214317 0.214317
650 12.675418 12.675418 12.675418 0.214317 0.214317 0.214317
660 12.675418 12.675418 12.675418 0.214317 0.214317 0.214317
670 12.675418 12.675418 12.675418 0.214317 0.214317 0.214317
680 12.675418 12.675418 12.675418 0.214317 0.214317 0.214317
690 12.675418 12.675418 12.675418 0.214317 0.214317 0.214317
700 12.675418 12.675418 12.675418 0.214317 0.214317 0.214317
710 12.675418 12.675418 12.675418 0.214317 0.214317 0.214317
720 12.675418 12.675418 12.675418 0.214317 0.214317 0.214317
730 12.675418 12.675418 12.675418 0.214317 0.214317 0.214317
740 12.675418 12.675418 12.675418 0.214317 0.214317 0.214317
750 12.675418 12.675418 12.675418 0.214317 0.214317 0.214317
760 12.675418 12.675418 12.675418 0.214317 0.214317 0.214317
770 12.675418 12.675418 12.675418 0.214317 0.214317 0.214317
780 12.675418 12.675418 12.675418 0.214317 0.214317 0.214317
790 12.675418 12.675418 12.675418 0.214317 0.214317 0.214317
800 12.675418 12.675418 12.675418 0.214317 0.214317 0.214317
810 12.675418 12.675418 12.675418 0.214317 0.214317 0.214317
820 12.675418 12.675418 12.675418 0.214317 0.214317 0.214317
830 12.675418 12.675418 12.675418 0.214317 0.214317 0.214317
840 12.675418 12.675418 12.675418 0.214317 0.214317 0.214317
850 12.675418 12.675418 12.675418 0.214317 0.214317 0.214317
860 12.675418 12.675418 12.675418 0.214317 0.214317 0.214317
870 12.675418 12.675418 12.675418 0.214317 0.214317 0.214317
880 12.675418 12.675418 12.675418 0.214317 0.214317 0.214317
890 12.675418 12.675418 12.675418 0.214317 0.214317 0.214317
900 12.675418 12.675418 12.675418 0.214317 0.214317 0.214317
910 12.675418 12.675418 12.675418 0.214317 0.214317 0.214317
920 12.675418 12.675418 12.675418 0.214317 0.214317 0.214317
930 12.675418 12.675418 12.675418 0.214317 0.214317 0.214317
940 12.675418 12.675418 12.675418 0.214317 0.214317 0.214317
950 12.675418 12.675418 12.675418 0.214317 0.214317 0.214317
960 12.675418 12.675418 12.675418 0.214317 0.214317 0.214317
970 12.675418 12.675418 12.675418 0.214317 0.214317 0.214317
980 12.675418 12.675418 12.675418 0.214317 0.214317 0.214317
990 12.675418 12.675418 12.675418 0.214317 0.214317 0.214317
1000 12.675418 12.675418 12.675418 0.214317 0.214317 0.214317
1010 12.675418 12.675418 12.675418 0.214317 0.214317 0.214317
1020 12.675418 12.675418 12.675418 0.214317 0.214317 0.214317
1030 12.675418 12.675418 12.675418 0.214317 0.214317 0.214317
1040 12.675418 12.675418 12.675418 0.214317 0.214317 0.214317
1050 12.675418 12.675418 12.675418 0.214317 0.214317 0.214317
1060 12.675418 12.675418 12.675418 0.214317 0.214317 0.214317
1070 12.675418 12.675418 12.675418 0.214317 0.214317 0.214317
1080 12.675418 12.675418 12.675418 0.214317 0.214317 0.214317
1090 12.675418 12.675418 12.675418 0.214317 0.214317 0.214317
1100 12.675418 12.675418 12.675418 0.214317 0.214317 0.214317
1110 12.675418 12.675418 12.675418 0.214317 0.214317 0.214317
1120 12.675418 12.675418 12.675418 0.214317 0.214317 0.214317
1130 12.675418 12.675418 12.675418 0.214317 0.214317 0.214317
1140 12.675418 12.675418 12.675418 0.214317 0.214317 0.214317
1150 12.675418 12.675418 12.675418 0.214317 0.214317 0.214317
1160 12.675418 12.675418 12.675418 0.214317 0.214317 0.214317
1170 12.675418 12.675418 12.675418 0.214317 0.214317 0.214317
1180 12.675418 12.675418 12.675418 0.214317 0.214317 0.214317
1190 12.675418 12.675418 12.675418 0.214317 0.214317 0.214317
1200 12.675418 12.675418 12.675418 0.214317 0.214317 0.214317
1210 12.675418 12.675418 12.675418 0.214317 0.214317 0.214317
1220 12.675418 12.675418 12.675418 0.214317 0.214317 0.214317
1230 12.675418 12.675418 12.675418 0.214317 0.214317 0.214317
1240 12.675418 12.675418 12.675418 0.214317 0.214317 0.214317
1250 12.675418 12.675418 12.675418 0.214317 0.214317 0.214317
1260 12.675418 12.675418 12.675418 0.214317 0.214317 0.214317
1270 12.675418 12.675418 12.675418 0.214317 0.214317 0.214317
1280 12.675418 12.675418 12.675418 0.214317 0.214317 0.214317
1290 12.675418 12.675418 12.675418 0.214317 0.214317 0.214317
1300 12.675418 12.675418 12.675418 0.214317 0.214317 0.214317
1310 12.675418 12.675418 12.675418 0.214317 0.214317 0.214317
1320 12.675418 12.675418 12.675418 0.214317 0.214317 0.214317
1330 12.675418 12.675418 12.675418 0.214317 0.214317 0.214317
1340 12.675418 12.675418 12.675418 0.214317 0.214317 0.214317
1350 12.675418 12.675418 12.675418 0.214317 0.214317 0.214317
1360 12.675418 12.675418 12.675418 0.214317 0.214317 0.214317
1370 12.675418 12.675418 12.675418 0.214317 0.214317 0.214317
1380 12.675418 12.675418 12.675418 0.214317 0.214317 0.214317
1390 12.675418 12.675418 12.675418 0.214317 0.214317 0.214317
1400 12.675418 12.675418 12.675418 0.214317 0.214317 0.214317
1410 12.675418 12.675418 12.675418 0.214317 0.214317 0.214317
1420 12.675418 12.675418 12.675418 0.214317 0.214317 0.214317
1430 12.675418 12.675418 12.675418 0.214317 0.214317 0.214317
1440 12.675418 12.675418 12.675418 0.214317 0.214317 0.214317
1450 12.675418 12.675418 12.675418 0.214317 0.214317 0.214317
1460 12.675418 12.675418 12.675418 0.214317 0.214317 0.214317
1470 12.675418 12.675418 12.675418 0.214317 0.214317 0.214317
1480 12.675418 12.675418 12.675418 0.214317 0.214317 0.214317
1490 12.675418 12.675418 12.675418 0.214317 0.214317 0.214317
1500 12.675418 12.675418 12.675418 0.214317 0.214317 0.214317
1510 12.675418 12.675418 12.675418 0.214317 0.214317 0.214317
1520 12.675418 12.675418 12.675418 0.214317 0.214317 0.214317
1530 12.675418 12.675418 12.675418 0.214317 0.214317 0.214317
1540 12.675418 12.675418 12.675418 0.214317 0.214317 0.214317
1550 12.675418 12.675418 12.675418 0.214317 0.214317 0.214317
1560 12.675418 12.675418 12.675418 0.214317 0.214317 0.214317
1570 12.675418 12.675418 12.675418 0.214317 0.214317 0.214317
1580 12.675418 12.675418 12.675418 0.214317 0.214317 0.214317
1590 12.675418 12.675418 12.675418 0.214317 0.214317 0.214317
1600 12.675418 12.675418 12.675418 0.214317 0.214317 0.214317
1610 12.675418 12.675418 12.675418 0.214317 0.214317 0.214317
1620 12.675418 12.675418 12.675418 0.214317 0.214317 0.214317
1630 12.675418 12.675418 12.675418 0.214317 0.214317 0.214317
1640 12.675418 12.675418 12.675418 0.214317 0.214317 0.214317
1650 12.675418 12.675418 12.675418 0.214317 0.214317 0.214317
1660 12.675418 12.675418 12.675418 0.214317 0.214317 0.214317
1670 12.675418 12.675418 12.675418 0.214317 0.214317 0.214317
1680 12.675418 12.675418 12.675418 0.214317 0.214317 0.214317
1690 12.675418 12.675418 12.675418 0.214317 0.214317 0.214317
1700 12.675418 12.675418 12.675418 0.214317 0.214317 0.214317
1710 12.675418 12.675418 12.675418 0.214317 0.214317 0.214317
1720 12.675418 12.675418 12.675418 0.214317 0.214317 0.214317
1730 12.675418 12.675418 12.675418 0.214317 0.214317 0.214317
1740 12.675418 12.675418 12.675418 0.214317 0.214317 0.214317
1750 12.675418 12.675418 12.675418 0.214317 0.214317 0.214317
1760 12.675418 12.675418 12.675418 0.214317 0.214317 0.214317
1770 12.675418 12.675418 12.675418 0.214317 0.214317 0.214317
1780 12.675418 12.675418 12.675418 0.214317 0.214317 0.214317
1790 12.675418 12.675418 12.675418 0.214317 0.214317 0.214317
1800 12.675418 12.675418 12.675418 0.214317 0.214317 0.214317
1810 12.675418 12.675418 12.675418 0.214317 0.214317 0.214317
1820 12.675418 12.675418 12.675418 0.214317 0.214317 0.214317
1830 12.675418 12.675418 12.675418 0.214317 0.214317 0.214317
1840 12.675418 12.675418 12.675418 0.214317 0.214317 0.214317
1850 12.675418 12.675418 12.675418 0.214317 0.214317 0.214317
1860 12.675418 12.675418 12.675418 0.214317 0.214317 0.214317
1870 12.675418 12.675418 12.675418 0.214317 0.214317 0.214317
1880 12.675418 12.675418 12.675418 0.214317 0.214317 0.214317
1890 12.675418 12.675418 12.675418 0.214317 0.214317 0.214317
1900 12.675418 12.675418 12.675418 0.214317 0.214317 0.214317
1910 12.675418 12.675418 12.675418 0.214317 0.214317 0.214317
1920 12.675418 12.675418 12.675418 0.214317 0.214317 0.214317
1930 12.675418 12.675418 12.675418 0.214317 0.214317 0.214317
1940 12.675418 12.675418 12.675418 0.214317 0.214317 0.214317
1950 12.675418 12.675418 12.675418 0.214317 0.214317 0.214317
1960 12.675418 12.675418 12.675418 0.214317 0.214317 0.214317
1970 12.675418 12.675418 12.675418 0.214317 0.214317 0.214317
1980 12.675418 12.675418 12.675418 0.214317 0.214317 0.214317
1990 12.675418 12.675418 12.675418 0.214317 0.214317 0.214317
2000 12.675418 12.675418 12.675418 0.214317 0.214317 0.214317
2010 12.675418 12.675418 12.675418 0.214317 0.214317 0.214317
2020 12.675418 12.675418 12.675418 0.214317 0.214317 0.214317
2030 12.675418 12.675418 12.675418 0.214317 0.214317 0.214317
2040 12.675418 12.675418 12.675418 0.214317 0.214317 0.214317
2050 12.675418 12.675418 12.675418 0.214317 0.214317 0.214317
2060 12.675418 12.675418 12.675418 0.214317 0.214317 0.214317
2070 12.675418 12.675418 12.675418 0.214317 0.214317 0.214317
2080 12.675418 12.675418 12.675418 0.214317 0.214317 0.214317
2090 12.675418 12.675418 12.675418 0.214317 0.214317 0.214317
2100 12.675418 12.675418 12.675418 0.214317 0.214317 0.214317
2110 12.675418 12.675418 12.675418 0.214317 0.214317 0.214317
2120 12.675418 12.675418 12.675418 0.214317 0.214317 0.214317
2130 12.675418 12.675418 12.675418 0.214317 0.214317 0.214317
2140 12.675418 12.675418 12.675418 0.214317 0.214317 0.214317
2150 12.675418 12.675418 12.675418 0.214317 0.214317 0.214317
2160 12.675418 12.675418 12.675418 0.214317 0.214317 0.214317
2170 12.675418 12.675418 12.675418 0.214317 0.214317 0.214317
2180 12.675418 12.675418 12.675418 0.214317 0.214317 0.214317
2190 12.675418 12.675418 12.675418 0.214317 0.214317 0.214317
2200 12.675418 12.675418 12.675418 0.214317 0.214317 0.214317
2210 12.675418 12.675418 12.675418 0.214317 0.214317 0.214317
2220 12.675418 12.675418 12.675418 0.214317 0.214317 0.214317
2230 12.675418 12.675418 12.675418 0.214317 0.214317 0.214317
2240 12.675418 12.675418 12.675418 0.214317 0.214317 0.214317
2250 12.675418 12.675418 12.675418 0.214317 0.214317 0.214317
2260 12.675418 12.675418 12.675418 0.214317 0.214317 0.214317
2270 12.675418 12.675418 12.675418 0.214317 0.214317 0.214317
2280 12.675418 12.675418 12.675418 0.214317 0.214317 0.214317
2290 12.675418 12.675418 12.675418 0.214317 0.214317 0.214317
2300 12.675418 12.675418 12.675418 0.214317 0.214317 0.214317
2310 12.675418 12.675418 12.675418 0.214317 0.214317 0.214317
2320 12.675418 12.675418 12.675418 0.214317 0.214317 0.214317
2330 12.675418 12.675418 12.675418 0.214317 0.214317 0.214317
2340 12.675418 12.675418 12.675418 0.214317 0.214317 0.214317
2350 12.675418 12.675418 12.675418 0.214317 0.214317 0.214317
2360 12.675418 12.675418 12.675418 0.214317 0.214317 0.214317
2370 12.675418 12.675418 12.675418 0.214317 0.214317 0.214317
2380 12.675418 12.675418 12.675418 0.214317 0.214317 0.214317
2390 12.675418 12.675418 12.675418 0.214317 0.214317 0.214317
2400 12.675418 12.675418 12.675418 0.214317 0.214317 0.214317
2410 12.675418 12.675418 12.675418 0.214317 0.214317 0.214317
2420 12.675418 12.675418 12.675418 0.214317 0.214317 0.214317
2430 12.675418 12.675418 12.675418 0.214317 0.214317 0.214317
2440 12.675418 12.675418 12.675418 0.214317 0.214317 0.214317
2450 12.675418 12.675418 12.675418 0.214317 0.214317 0.214317
2460 12.675418 12.675418 12.675418 0.214317 0.214317 0.214317
2470 12.675418 12.675418 12.675418 0.214317 0.214317 0.214317
2480 12.675418 12.675418 12.675418 0.214317 0.214317 0.214317
2490 12.675418 12.675418 12.675418 0.214317 0.214317 0.214317
2500 12.675418 12.675418 12.675418 0.214317 0.214317 0.214317
2510 12.675418 12.675418 12.675418 0.214317 0.214317 0.214317
2520 12.675418 12.675418 12.675418 0.214317 0.214317 0.214317
2530 12.675418 12.675418 12.675418 0.214317 0.214317 0.214317
2540 12.675418 12.675418 12.675418 0.214317 0.214317 0.214317
2550 12.675418 12.675418 12.675418 0.214317 0.214317 0.214317
2560 12.675418 12.675418 12.675418 0.214317 0.214317 0.214317
2570 12.675418 12.675418 12.675418 0.214317 0.214317 0.214317
2580 12.675418 12.675418 12.675418 0.214317 0.214317 0.214317
2590 12.675418 12.675418 12.675418 0.214317 0.214317 0.214317
2600 12.675418 12.675418 12.675418 0.214317 0.214317 0.214317
2610 12.675418 12.675418 12.675418 0.214317 0.214317 0.214317
2620 12.675418 12.675418 12.675418 0.214317 0.214317 0.214317
2630 12.675418 12.675418 12.675418 0.214317 0.214317 0.214317
2640 12.675418 12.675418 12.675418 0.214317 0.214317 0.214317
2650 12.675418 12.675418 12.675418 0.214317 0.214317 0.214317
2660 12.675418 12.675418 12.675418 0.214317 0.214317 0.214317
2670 12.675418 12.675418 12.675418 0.214317 0.214317 0.214317
2680 12.675418 12.675418 12.675418 0.214317 0.214317 0.214317
2690 12.675418 12.675418 12.675418 0.214317 0.214317 0.214317
2700 12.675418 12.675418 12.675418 0.214317 0.214317 0.214317
2710 12.675418 12.675418 12.675418 0.214317 0.214317 0.214317
2720 12.675418 12.675418 12.675418 0.214317 0.214317 0.214317
2730 12.675418 12.675418 12.675418 0.214317 0.214317 0.214317
2740 12.675418 12.675418 12.675418 0.214317 0.214317 0.214317
2750 12.675418 12.675418 12.675418 0.214317 0.214317 0.214317
2760 12.675418 12.675418 12.675418 0.214317 0.214317 0.214317
2770 12.675418 12.675418 12.675418 0.214317 0.214317 0.214317
2780 12.675418 12.675418 12.675418 0.214317 0.214317 0.214317
2790 12.675418 12.675418 12.675418 0.214317 0.214317 0.214317
2800 12.675418 12.675418 12.675418 0.214317 0.214317 0.214317
2810 12.675418 12.675418 12.675418 0.214317 0.214317 0.214317
2820 12.675418 12.675418 12.675418 0.214317 0.214317 0.214317
2830 12.675418 12.675418 12.675418 0.214317 0.214317 0.214317
2840 12.675418 12.675418 12.675418 0.214317 0.214317 0.214317
2850 12.675418 12.675418 12.675418 0.214317 0.214317 0.214317
2860 12.675418 12.675418 12.675418 0.214317 0.214317 0.214317
2870 12.675418 12.675418 12.675418 0.214317 0.214317 0.214317
2880 12.675418 12.675418 12.675418 0.214317 0.214317 0.214317
2890 12.675418 12.675418 12.675418 0.214317 0.214317 0.214317
2900 12.675418 12.675418 12.675418 0.214317 0.214317 0.214317
2910 12.675418 12.675418 12.675418 0.214317 0.214317 0.214317
2920 12.675418 12.675418 12.675418 0.214317 0.214317 0.214317
2930 12.675418 12.675418 12.675418 0.214317 0.214317 0.214317
2940 12.675418 12.675418 12.675418 0.214317 0.214317 0.214317
2950 12.675418 12.675418 12.675418 0.214317 0.214317 0.214317
2960 12.675418 12.675418 12.675418 0.214317 0.214317 0.214317
2970 12.675418 12.675418 12.675418 0.214317 0.214317 0.214317
2980 12.675418 12.675418 12.675418 0.214317 0.214317 0.214317
2990 12.675418 12.675418 12.675418 0.214317 0.214317 0.214317
3000 12.675418 12.675418 12.675418 0.214317 0.214317 0.214317
3010 12.675418 12.675418 12.675418 0.214317 0.214317 0.214317
3020 12.675418 12.675418 12.675418 0.214317 0.214317 0.214317
3030 12.675418 12.675418 12.675418 0.214317 0.214317 0.214317
3040 12.675418 12.675418 12.675418 0.214317 0.214317 0.214317
3050 12.675418 12.675418 12.675418 0.214317 0.214317 0.214317
3060 12.675418 12.675418 12.675418 0.214317 0.214317 0.214317
3070 12.675418 12.675418 12.675418 0.214317 0.214317 0.214317
3080 12.675418 12.675418 12.675418 0.214317 0.214317 0.214317
3090 12.675418 12.675418 12.675418 0.214317 0.214317 0.214317
3100 12.675418 12.675418 12.675418 0.214317 0.214317 0.214317
3110 12.675418 12.675418 12.675418 0.214317 0.214317 0.214317
3120 12.675418 12.675418 12.675418 0.214317 0.214317 0.214317
3130 12.675418 12.675418 12.675418 0.214317 0.214317 0.214317
3140 12.675418 12.675418 12.675418 0.214317 0.214317 0.214317
3150 12.675418 12.675418 12.675418 0.214317 0.214317 0.214317
3160 12.675418 12.675418 12.675418 0.214317 0.214317 0.214317
3170 12.675418 12.675418 12.675418 0.214317 0.214317 0.214317
3180 12.675418 12.675418 12.675418 0.214317 0.214317 0.214317
3190 12.675418 12.675418 12.675418 0.214317 0.214317 0.214317
3200 12.675418 12.675418 12.675418 0.214317 0.214317 0.214317
3210 12.675418 12.675418 12.675418 0.214317 0.214317 0.214317
3220 12.675418 12.675418 12.675418 0.214317 0.214317 0.214317
3230 12.675418 12.675418 12.675418 0.214317 0.214317 0.214317
3240 12.675418 12.675418 12.675418 0.214317 0.214317 0.214317
3250 12.675418 12.675418 12.675418 0.214317 0.214317 0.214317
3260 12.675418 12.675418 12.675418 0.214317 0.214317 0.214317
3270 12.675418 12.675418 12.675418 0.214317 0.214317 0.214317
3280 12.675418 12.675418 12.675418 0.214317 0.214317 0.214317
3290 12.675418 12.675418 12.675418 0.214317 0.214317 0.214317
3300 12.675418 12.675418 12.675418 0.214317 0.214317 0.214317
3310 12.675418 12.675418 12.675418 0.214317 0.214317 0.214317
3320 12.675418 12.675418 12.675418 0.214317 0.214317 0.214317
3330 12.675418 12.675418 12.675418 0.214317 0.214317 0.214317
3340 12.675418 12.675418 12.675418 0.214317 0.214317 0.214317
3350 12.675418 12.675418 12.675418 0.214317 0.214317 0.214317
3360 12.675418 12.675418 12.675418 0.214317 0.214317 0.214317
3370 12.675418 12.675418 12.675418 0.214317 0.214317 0.214317
3380 12.675418 12.675418 12.675418 0.214317 0.214317 0.214317
3390 12.675418 12.675418 12.675418 0.214317 0.214317 0.214317
3400 12.675418 12.675418 12.675418 0.214317 0.214317 0.214317
3410 12.675418 12.675418 12.675418 0.214317 0.214317 0.214317
3420 12.675418 12.675418 12.675418 0.214317 0.214317 0.214317
3430 12.675418 12.675418 12.675418 0.214317 0.214317 0.214317
3440 12.675418 12.675418 12.675418 0.214317 0.214317 0.214317
3450 12.675418 12.675418 12.675418 0.214317 0.214317 0.214317
3460 12.675418 12.675418 12.675418 0.214317 0.214317 0.214317
3470 12.675418 12.675418 12.675418 0.214317 0.214317 0.214317
3480 12.675418 12.675418 12.675418 0.214317 0.214317 0.214317
3490 12.675418 12.675418 12.675418 0.214317 0.214317 0.214317
3500 12.675418 12.675418 12.675418 0.214317 0.214317 0.214317
3510 12.675418 12.675418 12.675418 0.214317 0.214317 0.214317
3520 12.675418 12.675418 12.675418 0.214317 0.214317 0.214317
3530 12.675418 12.675418 12.675418 0.214317 0.214317 0.214317
3540 12.675418 12.675418 12.675418 0.214317 0.214317 0.214317
3550 12.675418 12.675418 12.675418 0.214317 0.214317 0.214317
3560 12.675418 12.675418 12.675418 0.214317 0.214317 0.214317
3570 12.675418 12.675418 12.675418 0.214317 0.214317 0.214317
3580 12.675418 12.675418 12.675418 0.214317 0.214317 0.214317
3590 12.675418 12.675418 12.675418 0.214317 0.214317 0.214317
3600 12.675418 12.675418 12.675418 0.214317 0.214317 0.214317
3610 12.675418 12.675418 12.675418 0.214317 0.214317 0.214317
3620 12.675418 12.675418 12.675418 0.214317 0.214317 0.214317
3630 12.675418 12.675418 12.675418 0.214317 0.214317 0.214317
3640 12.675418 12.675418 12.675418 0.214317 0.214317 0.214317
3650 12.675418 12.675418 12.675418 0.214317 0.214317 0.214317
3660 12.675418 12.675418 12.675418 0.214317 0.214317 0.214317
3670 12.675418 12.675418 12.675418 0.214317 0.214317 0.214317
3680 12.675418 12.675418 12.675418 0.214317 0.214317 0.214317
3690 12.675418 12.675418 12.675418 0.214317 0.214317 0.214317
3700 12.675418 12.675418 12.675418 0.214317 0.214317 0.214317
3710 12.675418 12.675418 12.675418 0.214317 0.214317 0.214317
3720 12.675418 12.675418 12.675418 0.214317 0.214317 0.214317
3730 12.675418 12.675418 12.675418 0.214317 0.214317 0.214317
3740 12.675418 12.675418 12.675418 0.214317 0.214317 0.214317
3750 12.675418 12.675418 12.675418 0.214317 0.214317 0.214317
3760 12.675418 12.675418 12.675418 0.214317 0.214317 0.214317
3770 12.675418 12.675418 12.675418 0.214317 0.214317 0.214317
3780 12.675418 12.675418 12.675418 0.214317 0.214317 0.214317
3790 12.675418 12.675418 12.675418 0.214317 0.214317 0.214317
3800 12.675418 12.675418 12.675418 0.214317 0.214317 0.214317
3810 12.675418 12.675418 12.675418 0.214317 0.214317 0.214317
3820 12.675418 12.675418 12.675418 0.214317 0.214317 0.214317
3830 12.675418 12.675418 12.675418 0.214317 0.214317 0.214317
3840 12.675418 12.675418 12.675418 0.214317 0.214317 0.214317
3850 12.675418 12.675418 12.675418 0.214317 0.214317 0.214317
3860 12.675418 12.675418 12.675418 0.214317 0.214317 0.214317
3870 12.675418 12.675418 12.675418 0.214317 0.214317 0.214317
3880 12.675418 12.675418 12.675418 0.214317 0.214317 0.214317
3890 12.675418 12.675418 12.675418 0.214317 0.214317 0.214317
3900 12.675418 12.675418 12.675418 0.214317 0.214317 0.214317
3910 12.675418 12.675418 12.675418 0.214317 0.214317 0.214317
3920 12.675418 12.675418 12.675418 0.214317 0.214317 0.214317
3930 12.675418 12.675418 12.675418 0.214317 0.214317 0.214317
3940 12.675418 12.675418 12.675418 0.214317 0.214317 0.214317
3950 12.675418 12.675418 12.675418 0.214317 0.214317 0.214317
3960 12.675418 12.675418 12.675418 0.214317 0.214317 0.214317
3970 12.675418 12.675418 12.675418 0.214317 0.214317 0.214317
3980 12.675418 12.675418 12.675418 0.214317 0.214317 0.214317
3990 12.675418 12.675418 12.675418 0.214317 0.214317 0.214317
4000 12.675418 12.675418 12.675418 0.214317 0.214317 0.214317
4010 12.675418 12.675418 12.675418 0.214317 0.214317 0.214317
4020 12.675418 12.675418 12.675418 0.214317 0.214317 0.214317
4030 12.675418 12.675418 12.675418 0.214317 0.214317 0.214317
4040 12.675418 12.675418 12.675418 0.214317 0.214317 0.214317
4050 12.675418 12.675418 12.675418 0.214317 0.214317 0.214317
4060 12.675418 12.675418 12.675418 0.214317 0.214317 0.214317
4070 12.675418 12.675418 12.675418 0.214317 0.214317 0.214317
4080 12.675418 12.675418 12.675418 0.214317 0.214317 0.214317
4090 12.675418 12.675418 12.675418 0.214317 0.214317 0.214317
4100 12.675418 12.675418 12.675418 0.214317 0.214317 0.214317
4110 12.675418 12.675418 12.675418 0.214317 0.214317 0.214317
4120 12.675418 12.675418 12.675418 0.214317 0.214317 0.214317
4130 12.675418 12.675418 12.675418 0.214317 0.214317 0.214317
4140 12.675418 12.675418 12.675418 0.214317 0.214317 0.214317
4150 12.675418 12.675418 12.675418 0.214317 0.214317 0.214317
4160 12.675418 12.675418 12.675418 0.214317 0.214317 0.214317
4170 12.675418 12.675418 12.675418 0.214317 0.214317 0.214317
4180 12.675418 12.675418 12.675418 0.214317 0.214317 0.214317
4190 12.675418 12.675418 12.675418 0.214317 0.214317 0.214317
4200 12.675418 12.675418 12.675418 0.214317 0.214317 0.214317
4210 12.675418 12.675418 12.675418 0.214317 0.214317 0.214317
4220 12.675418 12.675418 12.675418 0.214317 0.214317 0.214317
4230 12.675418 12.675418 12.675418 0.214317 0.214317 0.214317
4240 12.675418 12.675418 12.675418 0.214317 0.214317 0.214317
4250 12.675418 12.675418 12.675418 0.214317 0.214317 0.214317
4260 12.675418 12.675418 12.675418 0.214317 0.214317 0.214317
4270 12.675418 12.675418 12.675418 0.214317 0.214317 0.214317
4280 12.675418 12.675418 12.675418 0.214317 0.214317 0.214317
4290 12.675418 12.675418 12.675418 0.214317 0.214317 0.214317
4300 12.675418 12.675418 12.675418 0.214317 0.214317 0.214317
4310 12.675418 12.675418 12.675418 0.214317 0.214317 0.214317
4320 12.675418 12.675418 12.675418 0.214317 0.214317 0.214317
4330 12.675418 12.675418 12.675418 0.214317 0.214317 0.214317
4340 12.675418 12.675418 12.675418 0.214317 0.214317 0.214317
4350 12.675418 12.675418 12.675418 0.214317 0.214317 0.214317
4360 12.675418 12.675418 12.675418 0.214317 0.214317 0.214317
4370 12.675418 12.675418 12.675418 0.214317 0.214317 0.214317
4380 12.675418 12.675418 12.675418 0.214317 0.214317 0.214317
4390 12.675418 12.675418 12.675418 0.214317 0.214317 0.214317
4400 12.675418 12.675418 12.675418 0.214317 0.214317 0.214317
4410 12.675418 12.675418 12.675418 0.214317 0.214317 0.214317
4420 12.675418 12.675418 12.675418 0.214317 0.214317 0.214317
4430 12.675418 12.675418 12.675418 0.214317 0.214317 0.214317
4440 12.675418 12.675418 12.675418 0.214317 0.214317 0.214317
4450 12.675418 12.675418 12.675418 0.214317 0.214317 0.214317
4460 12.675418 12.675418 12.675418 0.214317 0.214317 0.214317
4470 12.675418 12.675418 12.675418 0.214317 0.214317 0.214317
4480 12.675418 12.675418 12.675418 0.214317 0.214317 0.214317
4490 12.675418 12.675418 12.675418 0.214317 0.214317 0.214317
4500 12.675418 12.675418 12.675418 0.214317 0.214317 0.214317
4510 12.675418 12.675418 12.675418 0.214317 0.214317 0.214317
4520 12.675418 12.675418 12.675418 0.214317 0.214317 0.214317
4530 12.675418 12.675418 12.675418 0.214317 0.214317 0.214317
4540 12.675418 12.675418 12.675418 0.214317 0.214317 0.214317
4550 12.675418 12.675418 12.675418 0.214317 0.214317 0.214317
4560 12.675418 12.675418 12.675418 0.214317 0.214317 0.214317
4570 12.675418 12.675418 12.675418 0.214317 0.214317 0.214317
4580 12.675418 12.675418 12.675418 0.214317 0.214317 0.214317
4590 12.675418 12.675418 12.675418 0.214317 0.214317 0.214317
4600 12.675418 12.675418 12.675418 0.214317 0.214317 0.214317
4610 12.675418 12.675418 12.675418 0.214317 0.214317 0.214317
4620 12.675418 12.675418 12.675418 0.214317 0.214317 0.214317
4630 12.675418 12.675418 12.675418 0.214317 0.214317 0.214317
4640 12.675418 12.675418 12.675418 0.214317 0.214317 0.214317
4650 12.675418 12.675418 12.675418 0.214317 0.214317 0.214317
4660 12.675418 12.675418 12.675418 0.214317 0.214317 0.214317
4670 12.675418 12.675418 12.675418 0.214317 0.214317 0.214317
4680 12.675418 12.675418 12.675418 0.214317 0.214317 0.214317
4690 12.675418 12.675418 12.675418 0.214317 0.214317 0.214317
4700 12.675418 12.675418 12.675418 0.214317 0.214317 0.214317
4710 12.675418 12.675418 12.675418 0.214317 0.214317 0.214317
4720 12.675418 12.675418 12.675418 0.214317 0.214317 0.214317
4730 12.675418 12.675418 12.675418 0.214317 0.214317 0.214317
4740 12.675418 12.675418 12.675418 0.214317 0.214317 0.214317
4750 12.675418 12.675418 12.675418 0.214317 0.214317 0.214317
4760 12.675418 12.675418 12.675418 0.214317 0.214317 0.214317
4770 12.675418 12.675418 12.675418 0.214317 0.214317 0.214317
4780 12.675418 12.675418 12.675418 0.214317 0.214317 0.214317
4790 12.675418 12.675418 12.675418 0.214317 0.214317 0.214317
4800 12.675418 12.675418 12.675418 0.214317 0.214317 0.214317
4810 12.675418 12.675418 12.675418 0.214317 0.214317 0.214317
4820 12.675418 12.675418 12.675418 0.214317 0.214317 0.214317
4830 12.675418 12.675418 12.675418 0.214317 0.214317 0.214317
4840 12.675418 12.675418 12.675418 0.214317 0.214317 0.214317
4850 12.675418 12.675418 12.675418 0.214317 0.214317 0.214317
4860 12.675418 12.675418 12.675418 0.214317 0.214317 0.214317
4870 12.675418 12.675418 12.675418 0.214317 0.214317 0.214317
4880 12.675418 12.675418 12.675418 0.214317 0.214317 0.214317
4890 12.675418 12.675418 12.675418 0.214317 0.214317 0.214317
4900 12.675418 12.675418 12.675418 0.214317 0.214317 0.214317
4910 12.675418 12.675418 12.675418 0.214317 0.214317 0.214317
4920 12.675418 12.675418 12.675418 0.214317 0.214317 0.214317
4930 12.675418 12.675418 12.675418 0.214317 0.214317 0.214317
4940 12.675418 12.675418 12.675418 0.214317 0.214317 0.214317
4950 12.675418 12.675418 12.675418 0.214317 0.214317 0.214317
4960 12.675418 12.675418 12.675418 0.214317 0.214317 0.214317
4970 12.675418 12.675418 12.675418 0.214317 0.214317 0.214317
4980 12.675418 12.675418 12.675418 0.214317 0.214317 0.214317
4990 12.675418 12.675418 12.675418 0.214317 0.214317 0.214317
5000 12.675418 12.675418 12.675418 0.214317 0.214317 0.214317
5010 12.675418 12.675418 12.675418 0.214317 0.214317 0.214317
5020 12.675418 12.675418 12.675418 0.214317 0.214317 0.214317
5030 12.675418 12.675418 12.675418 0.214317 0.214317 0.214317
5040 12.675418 12.675418 12.675418 0.214317 0.214317 0.214317
5050 12.675418 12.675418 12.675418 0.214317 0.214317 0.214317
5060 12.675418 12.675418 12.675418 0.214317 0.214317 0.214317
5070 12.675418 12.675418 12.675418 0.214317 0.214317 0.214317
5080 12.675418 12.675418 12.675418 0.214317 0.214317 0.214317
5090 12.675418 12.675418 12.675418 0.214317 0.214317 0.214317
5100 12.675418 12.675418 12.675418 0.214317 0.214317 0.214317
5110 12.675418 12.675418 12.675418 0.214317 0.214317 0.214317
5120 12.675418 12.675418 12.675418 0.214317 0.214317 0.214317
5130 12.675418 12.675418 12.675418 0.214317 0.214317 0.214317
5140 12.675418 12.675418 12.675418 0.214317 0.214317 0.214317
5150 12.675418 12.675418 12.675418 0.214317 0.214317 0.214317
5160 12.675418 12.675418 12.675418 0.214317 0.214317 0.214317
5170 12.675418 12.675418 12.675418 0.214317 0.214317 0.214317
5180 12.675418 12.675418 12.675418 0.214317 0.214317 0.214317
5190 12.675418 12.675418 12.675418 0.214317 0.214317 0.214317
5200 12.675418 12.675418 12.675418 0.214317 0.214317 0.214317
5210 12.675418 12.675418 12.675418 0.214317 0.214317 0.214317
5220 12.675418 12.675418 12.675418 0.214317 0.214317 0.214317
5230 12.675418 12.675418 12.675418 0.214317 0.214317 0.214317
5240 12.675418 12.675418 12.675418 0.214317 0.214317 0.214317
5250 12.675418 12.675418 12.675418 0.214317 0.214317 0.214317
5260 12.675418 12.675418 12.675418 0.214317 0.214317 0.214317
5270 12.675418 12.675418 12.675418 0.214317 0.214317 0.214317
5280 12.675418 12.675418 12.675418 0.214317 0.214317 0.214317
5290 12.675418 12.675418 12.675418 0.214317 0.214317 0.214317
5300 12.675418 12.675418 12.675418 0.214317 0.214317 0.214317
5310 12.675418 12.675418 12.675418 0.214317 0.214317 0.214317
5320 12.675418 12.675418 12.675418 0.214317 0.214317 0.214317
5330 12.675418 12.675418 12.675418 0.214317 0.214317 0.214317
5340 12.675418 12.675418 12.675418 0.214317 0.214317 0.214317
5350 12.675418 12.675418 12.675418 0.214317 0.214317 0.214317
5360 12.675418 12.675418 12.675418 0.214317 0.214317 0.214317
5370 12.675418 12.675418 12.675418 0.214317 0.214317 0.214317
5380 12.675418 12.675418 12.675418 0.214317 0.214317 0.214317
5390 12.675418 12.675418 12.675418 0.214317 0.214317 0.214317
5400 12.675418 12.675418 12.675418 0.214317 0.214317 0.214317
5410 12.675418 12.675418 12.675418 0.214317 0.214317 0.214317
5420 12.675418 12.675418 12.675418 0.214317 0.214317 0.214317
5430 12.675418 12.675418 12.675418 0.214317 0.214317 0.214317
5440 12.675418 12.675418 12.675418 0.214317 0.214317 0.214317
5450 12.675418 12.675418 12.675418 0.214317 0.214317 0.214317
5460 12.675418 12.675418 12.675418 0.214317 0.214317 0.214317
5470 12.675418 12.675418 12.675418 0.214317 0.214317 0.214317
5480 12.675418 12.675418 12.675418 0.214317 0.214317 0.214317
5490 12.675418 12.675418 12.675418 0.214317 0.214317 0.214317
5500 12.675418 12.675418 12.675418 0.214317 0.214317 0.214317
5510 12.675418 12.675418 12.675418 0.214317 0.214317 0.214317
5520 12.675418 12.675418 12.675418 0.214317 0.214317 0.214317
5530 12.675418 12.675418 12.675418 0.214317 0.214317 0.214317
5540 12.675418 12.675418 12.675418 0.214317 0.214317 0.214317
5550 12.675418 12.675418 12.675418 0.214317 0.214317 0.214317
5560 12.675418 12.675418 12.675418 0.214317 0.214317 0.214317
5570 12.675418 12.675418 12.675418 0.214317 0.214317 0.214317
5580 12.675418 12.675418 12.675418 0.214317 0.214317 0.214317
5590 12.675418 12.675418 12.675418 0.214317 0.214317 0.214317
5600 12.675418 12.675418 12.675418 0.214317 0.214317 0.214317
5610 12.675418 12.675418 12.675418 0.214317 0.214317 0.214317
5620 12.675418 12.675418 12.675418 0.214317 0.214317 0.214317
5630 12.675418 12.675418 12.675418 0.214317 0.214317 0.214317
5640 12.675418 12.675418 12.675418 0.214317 0.214317 0.214317
5650 12.675418 12.675418 12.675418 0.214317 0.214317 0.214317
5660 12.675418 12.675418 12.675418 0.214317 0.214317 0.214317
5670 12.675418 12.675418 12.675418 0.214317 0.214317 0.214317
5680 12.675418 12.675418 12.675418 0.214317 0.214317 0.214317
5690 12.675418 12.675418 12.675418 0.214317 0.214317 0.214317
5700 12.675418 12.675418 12.675418 0.214317 0.214317 0.214317
5710 12.675418 12.675418 12.675418 0.214317 0.214317 0.214317
5720 12.675418 12.675418 12.675418 0.214317 0.214317 0.214317
5730 12.675418 12.675418 12.675418 0.214317 0.214317 0.214317
5740 12.675418 12.675418 12.675418 0.214317 0.214317 0.214317
5750 12.675418 12.675418 12.675418 0.214317 0.214317 0.214317
5760 12.675418 12.675418 12.675418 0.214317 0.214317 0.214317
5770 12.675418 12.675418 12.675418 0.214317 0.214317 0.214317
5780 12.675418 12.675418 12.675418 0.214317 0.214317 0.214317
5790 12.675418 12.675418 12.675418 0.214317 0.214317 0.214317
5800 12.675418 12.675418 12.675418 0.214317 0.214317 0.214317
5810 12.675418 12.675418 12.675418 0.214317 0.214317 0.214317
5820 12.675418 12.675418 12.675418 0.214317 0.214317 0.214317
5830 12.675418 12.675418 12.675418 0.214317 0.214317 0.214317
5840 12.675418 12.675418 12.675418 0.214317 0.214317 0.214317
5850 12.675418 12.675418 12.675418 0.214317 0.214317 0.214317
5860 12.675418 12.675418 12.675418 0.214317 0.214317 0.214317
5870 12.675418 12.675418 12.675418 0.214317 0.214317 0.214317
5880 12.675418 12.675418 12.675418 0.214317 0.214317 0.214317
5890 12.675418 12.675418 12.675418 0.214317 0.214317 0.214317
5900 12.675418 12.675418 12.675418 0.214317 0.214317 0.214317
5910 12.675418 12.675418 12.675418 0.214317 0.214317 0.214317
5920 12.675418 12.675418 12.675418 0.214317 0.214317 0.214317
5930 12.675418 12.675418 12.675418 0.214317 0.214317 0.214317
5940 12.675418 12.675418 12.675418 0.214317 0.214317 0.214317
5950 12.675418 12.675418 12.675418 0.214317 0.214317 0.214317
5960 12.675418 12.675418 12.675418 0.214317 0.214317 0.214317
5970 12.675418 12.675418 12.675418 0.214317 0.214317 0.214317
5980 12.675418 12.675418 12.675418 0.214317 0.214317 0.214317
5990 12.675418 12.675418 12.675418 0.214317 0.214317 0.214317
6000 12.675418 12.675418 12.675418 0.214317 0.214317 0.214317
6010 12.675418 12.675418 12.675418 0.214317 0.214317 0.214317
6020 12.675418 12.675418 12.675418 0.214317 0.214317 0.214317
6030 12.675418 12.675418 12.675418 0.214317 0.214317 0.214317
6040 12.675418 12.675418 12.675418 0.214317 0.214317 0.214317
6050 12.675418 12.675418 12.675418 0.214317 0.214317 0.214317
6060 12.675418 12.675418 12.675418 0.214317 0.214317 0.214317
6070 12.675418 12.675418 12.675418 0.214317 0.214317 0.214317
6080 12.675418 12.675418 12.675418 0.214317 0.214317 0.214317
6090 12.675418 12.675418 12.675418 0.214317 0.214317 0.214317
6100 12.675418 12.675418 12.675418 0.214317 0.214317 0.214317
6110 12.675418 12.675418 12.675418 0.214317 0.214317 0.214317
6120 12.675418 12.675418 12.675418 0.214317 0.214317 0.214317
6130 12.675418 12.675418 12.675418 0.214317 0.214317 0.214317
6140 12.675418 12.675418 12.675418 0.214317 0.214317 0.214317
6150 12.675418 12.675418 12.675418 0.214317 0.214317 0.214317
6160 12.675418 12.675418 12.675418 0.214317 0.214317 0.214317
6170 12.675418 12.675418 12.675418 0.214317 0.214317 0.214317
6180 12.675418 12.675418 12.675418 0.214317 0.214317 0.214317
6190 12.675418 12.675418 12.675418 0.214317 0.214317 0.214317
6200 12.675418 12.675418 12.675418 0.214317 0.214317 0.214317
6210 12.675418 12.675418 12.675418 0.214317 0.214317 0.214317
6220 12.675418 12.675418 12.675418 0.214317 0.214317 0.214317
6230 12.675418 12.675418 12.675418 0.214317 0.214317 0.214317
6240 12.675418 12.675418 12.675418 0.214317 0.214317 0.214317
6250 12.675418 12.675418 12.675418 0.214317 0.214317 0.214317
6260 12.675418 12.675418 12.675418 0.214317 0.214317 0.214317
6270 12.675418 12.675418 12.675418 0.214317 0.214317 0.214317
6280 12.675418 12.675418 12.675418 0.214317 0.214317 0.214317
6290 12.675418 12.675418 12.675418 0.214317 0.214317 0.214317
6300 12.675418 12.675418 12.675418 0.214317 0.214317 0.214317
6310 12.675418 12.675418 12.675418 0.214317 0.214317 0.214317
6320 12.675418 12.675418 12.675418 0.214317 0.214317 0.214317
6330 12.675418 12.675418 12.675418 0.214317 0.214317 0.214317
6340 12.675418 12.675418 12.675418 0.214317 0.214317 0.214317
6350 12.675418 12.675418 12.675418 0.214317 0.214317 0.214317
6360 12.675418 12.675418 12.675418 0.214317 0.214317 0.214317
6370 12.675418 12.675418 12.675418 0.214317 0.214317 0.214317
6380 12.675418 12.675418 12.675418 0.214317 0.214317 0.214317
6390 12.675418 12.675418 12.675418 0.214317 0.214317 0.214317
6400 12.675418 12.675418 12.675418 0.214317 0.214317 0.214317
6410 12.675418 12.675418 12.675418 0.214317 0.214317 0.214317
6420 12.675418 12.675418 12.675418 0.214317 0.214317 0.214317
6430 12.675418 12.675418 12.675418 0.214317 0.214317 0.214317
6440 12.675418 12.675418 12.675418 0.214317 0.214317 0.214317
6450 12.675418 12.675418 12.675418 0.214317 0.214317 0.214317
6460 12.675418 12.675418 12.675418 0.214317 0.214317 0.214317
6470 12.675418 12.675418 12.675418 0.214317 0.214317 0.214317
6480 12.675418 12.675418 12.675418 0.214317 0.214317 0.214317
6490 12.675418 12.675418 12.675418 0.214317 0.214317 0.214317
6500 12.675418 12.675418 12.675418 0.214317 0.214317 0.214317
6510 12.675418 12.675418 12.675418 0.214317 0.214317 0.214317
6520 12.675418 12.675418 12.675418 0.214317 0.214317 0.214317
6530 12.675418 12.675418 12.675418 0.214317 0.214317 0.214317
6540 12.675418 12.675418 12.675418 0.214317 0.214317 0.214317
6550 12.675418 12.675418 12.675418 0.214317 0.214317 0.214317
6560 12.675418 12.675418 12.675418 0.214317 0.214317 0.214317
6570 12.675418 12.675418 12.675418 0.214317 0.214317 0.214317
6580 12.675418 12.675418 12.675418 0.214317 0.214317 0.214317
6590 12.675418 12.675418 12.675418 0.214317 0.214317 0.214317
6600 12.675418 12.675418 12.675418 0.214317 0.214317 0.214317
6610 12.675418 12.675418 12.675418 0.214317 0.214317 0.214317
6620 12.675418 12.675418 12.675418 0.214317 0.214317 0.214317
6630 12.675418 12.675418 12.675418 0.214317 0.214317 0.214317
6640 12.675418 12.675418 12.675418 0.214317 0.214317 0.214317
6650 12.675418 12.675418 12.675418 0.214317 0.214317 0.214317
6660 12.675418 12.675418 12.675418 0.214317 0.214317 0.214317
6670 12.675418 12.675418 12.675418 0.214317 0.214317 0.214317
6680 12.675418 12.675418 12.675418 0.214317 0.214317 0.214317
6690 12.675418 12.675418 12.675418 0.214317 0.214317 0.214317
6700 12.675418 12.675418 12.675418 0.214317 0.214317 0.214317
6710 12.675418 12.675418 12.675418 0.214317 0.214317 0.214317
6720 12.675418 12.675418 12.675418 0.214317 0.214317 0.214317
6730 12.675418 12.675418 12.675418 0.214317 0.214317 0.214317
6740 12.675418 12.675418 12.675418 0.214317 0.214317 0.214317
6750 12.675418 12.675418 12.675418 0.214317 0.214317 0.214317
6760 12.675418 12.675418 12.675418 0.214317 0.214317 0.214317
6770 12.675418 12.675418 12.675418 0.214317 0.214317 0.214317
6780 12.675418 12.675418 12.675418 0.214317 0.214317 0.214317
6790 12.675418 12.675418 12.675418 0.214317 0.214317 0.214317
6800 12.675418 12.675418 12.675418 0.214317 0.214317 0.214317
6810 12.675418 12.675418 12.675418 0.214317 0.214317 0.214317
6820 12.675418 12.675418 12.675418 0.214317 0.214317 0.214317
6830 12.675418 12.675418 12.675418 0.214317 0.214317 0.214317
6840 12.675418 12.675418 12.675418 0.214317 0.214317 0.214317
6850 12.675418 12.675418 12.675418 0.214317 0.214317 0.214317
6860 12.675418 12.675418 12.675418 0.214317 0.214317 0.214317
6870 12.675418 12.675418 12.675418 0.214317 0.214317 0.214317
6880 12.675418 12.675418 12.675418 0.214317 0.214317 0.214317
6890 12.675418 12.675418 12.675418 0.214317 0.214317 0.214317
6900 12.675418 12.675418 12.675418 0.214317 0.214317 0.214317
6910 12.675418 12.675418 12.675418 0.214317 0.214317 0.214317
6920 12.675418 12.675418 12.675418 0.214317 0.214317 0.214317
6930 12.675418 12.675418 12.675418 0.214317 0.214317 0.214317
6940 12.675418 12.675418 12.675418 0.214317 0.214317 0.214317
6950 12.675418 12.675418 12.675418 0.214317 0.214317 0.214317
6960 12.675418 12.675418 12.675418 0.214317 0.214317 0.214317
6970 12.675418 12.675418 12.675418 0.214317 0.214317 0.214317
6980 12.675418 12.675418 12.675418 0.214317 0.214317 0.214317
6990 12.675418 12.675418 12.675418 0.214317 0.214317 0.214317
7000 12.675418 12.675418 12.675418 0.214317 0.214317 0.214317
7010 12.675418 12.675418 12.675418 0.214317 0.214317 0.214317
7020 12.675418 12.675418 12.675418 0.214317 0.214317 0.214317
7030 12.675418 12.675418 12.675418 0.214317 0.214317 0.214317
7040 12.675418 12.675418 12.675418 0.214317 0.214317 0.214317
7050 12.675418 12.675418 12.675418 0.214317 0.214317 0.214317
7060 12.675418 12.675418 12.675418 0.214317 0.214317 0.214317
7070 12.675418 12.675418 12.675418 0.214317 0.214317 0.214317
7080 12.675418 12.675418 12.675418 0.214317 0.214317 0.214317
7090 12.675418 12.675418 12.675418 0.214317 0.214317 0.214317
7100 12.675418 12.675418 12.675418 0.214317 0.214317 0.214317
7110 12.675418 12.675418 12.675418 0.214317 0.214317 0.214317
7120 12.675418 12.675418 12.675418 0.214317 0.214317 0.214317
7130 12.675418 12.675418 12.675418 0.214317 0.214317 0.214317
7140 12.675418 12.675418 12.675418 0.214317 0.214317 0.214317
7150 12.675418 12.675418 12.675418 0.214317 0.214317 0.214317
7160 12.675418 12.675418 12.675418 0.214317 0.214317 0.214317
7170 12.675418 12.675418 12.675418 0.214317 0.214317 0.214317
7180 12.675418 12.675418 12.675418 0.214317 0.214317 0.214317
7190 12.675418 12.675418 12.675418 0.214317 0.214317 0.214317
7200 12.675418 12.675418 12.675418 0.214317 0.214317 0.214317
7210 12.675418 12.675418 12.675418 0.214317 0.214317 0.214317
7220 12.675418 12.675418 12.675418 0.214317 0.214317 0.214317
7230 12.675418 12.675418 12.675418 0.214317 0.214317 0.214317
7240 12.675418 12.675418 12.675418 0.214317 0.214317 0.214317
7250 12.675418 12.675418 12.675418 0.214317 0.214317 0.214317
7260 12.675418 12.675418 12.675418 0.214317 0.214317 0.214317
7270 12.675418 12.675418 12.675418 0.214317 0.214317 0.214317
7280 12.675418 12.675418 12.675418 0.214317 0.214317 0.214317
7290 12.675418 12.675418 12.675418 0.214317 0.214317 0.214317
7300 12.675418 12.675418 12.675418 0.214317 0.214317 0.214317
7310 12.675418 12.675418 12.675418 0.214317 0.214317 0.214317
7320 12.675418 12.675418 12.675418 0.214317 0.214317 0.214317
7330 12.675418 12.675418 12.675418 0.214317 0.214317 0.214317
7340 12.675418 12.675418 12.675418 0.214317 0.214317 0.214317
7350 12.675418 12.675418 12.675418 0.214317 0.214317 0.214317
7360 12.675418 12.675418 12.675418 0.214317 0.214317 0.214317
7370 12.675418 12.675418 12.675418 0.214317 0.214317 0.214317
7380 12.675418 12.675418 12.675418 0.214317 0.214317 0.214317
7390 12.675418 12.675418 12.675418 0.214317 0.214317 0.214317
7400 12.675418 12.675418 12.675418 0.214317 0.214317 0.214317
7410 12.675418 12.675418 12.675418 0.214317 0.214317 0.214317
7420 12.675418 12.675418 12.675418 0.214317 0.214317 0.214317
7430 12.675418 12.675418 12.675418 0.214317 0.214317 0.214317
7440 12.675418 12.675418 12.675418 0.214317 0.214317 0.214317
7450 12.675418 12.675418 12.675418 0.214317 0.214317 0.214317
7460 12.675418 12.675418 12.675418 0.214317 0.214317 0.214317
7470 12.675418 12.675418 12.675418 0.214317 0.214317 0.214317
7480 12.675418 12.675418 12.675418 0.214317 0.214317 0.214317
7490 12.675418 12.675418 12.675418 0.214317 0.214317 0.214317
7500 12.675418 12.675418 12.675418 0.214317 0.214317 0.214317
7510 12.675418 12.675418 12.675418 0.214317 0.214317 0.214317
7520 12.675418 12.675418 12.675418 0.214317 0.214317 0.214317
7530 12.675418 12.675418 12.675418 0.214317 0.214317 0.214317
7540 12.675418 12.675418 12.675418 0.214317 0.214317 0.214317
7550 12.675418 12.675418 12.675418 0.214317 0.214317 0.214317
7560 12.675418 12.675418 12.675418 0.214317 0.214317 0.214317
7570 12.675418 12.675418 12.675418 0.214317 0.214317 0.214317
7580 12.675418 12.675418 12.675418 0.214317 0.214317 0.214317
7590 12.675418 12.675418 12.675418 0.214317 0.214317 0.214317
7600 12.675418 12.675418 12.675418 0.214317 0.214317 0.214317
7610 12.675418 12.675418 12.675418 0.214317 0.214317 0.214317
7620 12.675418 12.675418 12.675418 0.214317 0.214317 0.214317
7630 12.675418 12.675418 12.675418 0.214317 0.214317 0.214317
7640 12.675418 12.675418 12.675418 0.214317 0.214317 0.214317
7650 12.675418 12.675418 12.675418 0.214317 0.214317 0.214317
7660 12.675418 12.675418 12.675418 0.214317 0.214317 0.214317
7670 12.675418 12.675418 12.675418 0.214317 0.214317 0.214317
7680 12.675418 12.675418 12.675418 0.214317 0.214317 0.214317
7690 12.675418 12.675418 12.675418 0.214317 0.214317 0.214317
7700 12.675418 12.675418 12.675418 0.214317 0.214317 0.214317
7710 12.675418 12.675418 12.675418 0.214317 0.214317 0.214317
7720 12.675418 12.675418 12.675418 0.214317 0.214317 0.214317
7730 12.675418 12.675418 12.675418 0.214317 0.214317 0.214317
7740 12.675418 12.675418 12.675418 0.214317 0.214317 0.214317
7750 12.675418 12.675418 12.675418 0.214317 0.214317 0.214317
7760 12.675418 12.675418 12.675418 0.214317 0.214317 0.214317
7770 12.675418 12.675418 12.675418 0.214317 0.214317 0.214317
7780 12.675418 12.675418 12.675418 0.214317 0.214317 0.214317
7790 12.675418 12.675418 12.675418 0.214317 0.214317 0.214317
7800 12.675418 12.675418 12.675418 0.214317 0.214317 0.214317
7810 12.675418 12.675418 12.675418 0.214317 0.214317 0.214317
7820 12.675418 12.675418 12.675418 0.214317 0.214317 0.214317
7830 12.675418 12.675418 12.675418 0.214317 0.214317 0.214317
7840 12.675418 12.675418 12.675418 0.214317 0.214317 0.214317
7850 12.675418 12.675418 12.675418 0.214317 0.214317 0.214317
7860 12.675418 12.675418 12.675418 0.214317 0.214317 0.214317
7870 12.675418 12.675418 12.675418 0.214317 0.214317 0.214317
7880 12.675418 12.675418 12.675418 0.214317 0.214317 0.214317
7890 12.675418 12.675418 12.675418 0.214317 0.214317 0.214317
7900 12.675418 12.675418 12.675418 0.214317 0.214317 0.214317
7910 12.675418 12.675418 12.675418 0.214317 0.214317 0.214317
7920 12.675418 12.675418 12.675418 0.214317 0.214317 0.214317
7930 12.675418 12.675418 12.675418 0.214317 0.214317 0.214317
7940 12.675418 12.675418 12.675418 0.214317 0.214317 0.214317
7950 12.675418 12.675418 12.675418 0.214317 0.214317 0.214317
7960 12.675418 12.675418 12.675418 0.214317 0.214317 0.214317
7970 12.675418 12.675418 12.675418 0.214317 0.214317 0.214317
7980 12.675418 12.675418 12.675418 0.214317 0.214317 0.214317
7990 12.675418 12.675418 12.675418 0.214317 0.214317 0.214317
8000 12.675418 12.675418 12.675418 0.214317 0.214317 0.214317
8010 12.675418 12.675418 12.675418 0.214317 0.214317 0.214317
8020 12.675418 12.675418 12.675418 0.214317 0.214317 0.214317
8030 12.675418 12.675418 12.675418 0.214317 0.214317 0.214317
8040 12.675418 12.675418 12.675418 0.214317 0.214317 0.214317
8050 12.675418 12.675418 12.675418 0.214317 0.214317 0.214317
8060 12.675418 12.675418 12.675418 0.214317 0.214317 0.214317
8070 12.675418 12.675418 12.675418 0.214317 0.214317 0.214317
8080 12.675418 12.675418 12.675418 0.214317 0.214317 0.214317
8090 12.675418 12.675418 12.675418 0.214317 0.214317 0.214317
8100 12.675418 12.675418 12.675418 0.214317 0.214317 0.214317
8110 12.675418 12.675418 12.675418 0.214317 0.214317 0.214317
8120 12.675418 12.675418 12.675418 0.214317 0.214317 0.214317
8130 12.675418 12.675418 12.675418 0.214317 0.214317 0.214317
8140 12.675418 12.675418 12.675418 0.214317 0.214317 0.214317
8150 12.675418 12.675418 12.675418 0.214317 0.214317 0.214317
8160 12.675418 12.675418 12.675418 0.214317 0.214317 0.214317
8170 12.675418 12.675418 12.675418 0.214317 0.214317 0.214317
8180 12.675418 12.675418 12.675418 0.214317 0.214317 0.214317
8190 12.675418 12.675418 12.675418 0.214317 0.214317 0.214317
8200 12.675418 12.675418 12.675418 0.214317 0.214317 0.214317
8210 12.675418 12.675418 12.675418 0.214317 0.214317 0.214317
8220 12.675418 12.675418 12.675418 0.214317 0.214317 0.214317
8230 12.675418 12.675418 12.675418 0.214317 0.214317 0.214317
8240 12.675418 12.675418 12.675418 0.214317 0.214317 0.214317
8250 12.675418 12.675418 12.675418 0.214317 0.214317 0.214317
8260 12.675418 12.675418 12.675418 0.214317 0.214317 0.214317
8270 12.675418 12.675418 12.675418 0.214317 0.214317 0.214317
8280 12.675418 12.675418 12.675418 0.214317 0.214317 0.214317
8290 12.675418 12.675418 12.675418 0.214317 0.214317 0.214317
8300 12.675418 12.675418 12.675418 0.214317 0.214317 0.214317
8310 12.675418 12.675418 12.675418 0.214317 0.214317 0.214317
8320 12.675418 12.675418 12.675418 0.214317 0.214317 0.214317
8330 12.675418 12.675418 12.675418 0.214317 0.214317 0.214317
8340 12.675418 12.675418 12.675418 0.214317 0.214317 0.214317
8350 12.675418 12.675418 12.675418 0.214317 0.214317 0.214317
8360 12.675418 12.675418 12.675418 0.214317 0.214317 0.214317
8370 12.675418 12.675418 12.675418 0.214317 0.214317 0.214317
8380 12.675418 12.675418 12.675418 0.214317 0.214317 0.214317
8390 12.675418 12.675418 12.675418 0.214317 0.214317 0.214317
8400 12.675418 12.675418 12.675418 0.214317 0.214317 0.214317
8410 12.675418 12.675418 12.675418 0.214317 0.214317 0.214317
8420 12.675418 12.675418 12.675418 0.214317 0.214317 0.214317
8430 12.675418 12.675418 12.675418 0.214317 0.214317 0.214317
8440 12.675418 12.675418 12.675418 0.214317 0.214317 0.214317
8450 12.675418 12.675418 12.675418 0.214317 0.214317 0.214317
8460 12.675418 12.675418 12.675418 0.214317 0.214317 0.214317
8470 12.675418 12.675418 12.675418 0.214317 0.214317 0.214317
8480 12.675418 12.675418 12.675418 0.214317 0.214317 0.214317
8490 12.675418 12.675418 12.675418 0.214317 0.214317 0.214317
8500 12.675418 12.675418 12.675418 0.214317 0.214317 0.214317
8510 12.675418 12.675418 12.675418 0.214317 0.214317 0.214317
8520 12.675418 12.675418 12.675418 0.214317 0.214317 0.214317
8530 12.675418 12.675418 12.675418 0.214317 0.214317 0.214317
8540 12.675418 12.675418 12.675418 0.214317 0.214317 0.214317
8550 12.675418 12.675418 12.675418 0.214317 0.214317 0.214317
8560 12.675418 12.675418 12.675418 0.214317 0.214317 0.214317
8570 12.675418 12.675418 12.675418 0.214317 0.214317 0.214317
8580 12.675418 12.675418 12.675418 0.214317 0.214317 0.214317
8590 12.675418 12.675418 12.675418 0.214317 0.214317 0.214317
8600 12.675418 12.675418 12.675418 0.214317 0.214317 0.214317
8610 12.675418 12.675418 12.675418 0.214317 0.214317 0.214317
8620 12.675418 12.675418 12.675418 0.214317 0.214317 0.214317
8630 12.675418 12.675418 12.675418 0.214317 0.214317 0.214317
8640 12.675418 12.675418 12.675418 0.214317 0.214317 0.214317
8650 12.675418 12.675418 12.675418 0.214317 0.214317 0.214317
8660 12.675418 12.675418 12.675418 0.214317 0.214317 0.214317
8670 12.675418 12.675418 12.675418 0.214317 0.214317 0.214317
8680 12.675418 12.675418 12.675418 0.214317 0.214317 0.214317
8690 12.675418 12.675418 12.675418 0.214317 0.214317 0.214317
8700 12.675418 12.675418 12.675418 0.214317 0.214317 0.214317
8710 12.675418 12.675418 12.675418 0.214317 0.214317 0.214317
8720 12.675418 12.675418 12.675418 0.214317 0.214317 0.214317
8730 12.675418 12.675418 12.675418 0.214317 0.214317 0.214317
8740 12.675418 12.675418 12.675418 0.214317 0.214317 0.214317
8750 12.675418 12.675418 12.675418 0.214317 0.214317 0.214317
8760 12.675418 12.675418 12.675418 0.214317 0.214317 0.214317
8770 12.675418 12.675418 12.675418 0.214317 0.214317 0.214317
8780 12.675418 12.675418 12.675418 0.214317 0.214317 0.214317
8790 12.675418 12.675418 12.675418 0.214317 0.214317 0.214317
8800 12.675418 12.675418 12.675418 0.214317 0.214317 0.214317
8810 12.675418 12.675418 12.675418 0.214317 0.214317 0.214317
8820 12.675418 12.675418 12.675418 0.214317 0.214317 0.214317
8830 12.675418 12.675418 12.675418 0.214317 0.214317 0.214317
8840 12.675418 12.675418 12.675418 0.214317 0.214317 0.214317
8850 12.675418 12.675418 12.675418 0.214317 0.214317 0.214317
8860 12.675418 12.675418 12.675418 0.214317 0.214317 0.214317
8870 12.675418 12.675418 12.675418 0.214317 0.214317 0.214317
8880 12.675418 12.675418 12.675418 0.214317 0.214317 0.214317
8890 12.675418 12.675418 12.675418 0.214317 0.214317 0.214317
8900 12.675418 12.675418 12.675418 0.214317 0.214317 0.214317
8910 12.675418 12.675418 12.675418 0.214317 0.214317 0.214317
8920 12.675418 12.675418 12.675418 0.214317 0.214317 0.214317
8930 12.675418 12.675418 12.675418 0.214317 0.214317 0.214317
8940 12.675418 12.675418 12.675418 0.214317 0.214317 0.214317
8950 12.675418 12.675418 12.675418 0.214317 0.214317 0.214317
8960 12.675418 12.675418 12.675418 0.214317 0.214317 0.214317
8970 12.675418 12.675418 12.675418 0.214317 0.214317 0.214317
8980 12.675418 12.675418 12.675418 0.214317 0.214317 0.214317
8990 12.675418 12.675418 12.675418 0.214317 0.214317 0.214317
9000 12.675418 12.675418 12.675418 0.214317 0.214317 0.214317
9010 12.675418 12.675418 12.675418 0.214317 0.214317 0.214317
9020 12.675418 12.675418 12.675418 0.214317 0.214317 0.214317
9030 12.675418 12.675418 12.675418 0.214317 0.214317 0.214317
9040 12.675418 12.675418 12.675418 0.214317 0.214317 0.214317
9050 12.675418 12.675418 12.675418 0.214317 0.214317 0.214317
9060 12.675418 12.675418 12.675418 0.214317 0.214317 0.214317
9070 12.675418 12.675418 12.675418 0.214317 0.214317 0.214317
9080 12.675418 12.675418 12.675418 0.214317 0.214317 0.214317
9090 12.675418 12.675418 12.675418 0.214317 0.214317 0.214317
9100 12.675418 12.675418 12.675418 0.214317 0.214317 0.214317
9110 12.675418 12.675418 12.675418 0.214317 0.214317 0.214317
9120 12.675418 12.675418 12.675418 0.214317 0.214317 0.214317
9130 12.675418 12.675418 12.675418 0.214317 0.214317 0.214317
9140 12.675418 12.675418 12.675418 0.214317 0.214317 0.214317
9150 12.675418 12.675418 12.675418 0.214317 0.214317 0.214317
9160 12.675418 12.675418 12.675418 0.214317 0.214317 0.214317
9170 12.675418 12.675418 12.675418 0.214317 0.214317 0.214317
9180 12.675418 12.675418 12.675418 0.214317 0.214317 0.214317
9190 12.675418 12.675418 12.675418 0.214317 0.214317 0.214317
9200 12.675418 12.675418 12.675418 0.214317 0.214317 0.214317
9210 12.675418 12.675418 12.675418 0.214317 0.214317 0.214317
9220 12.675418 12.675418 12.675418 0.214317 0.214317 0.214317
9230 12.675418 12.675418 12.675418 0.214317 0.214317 0.214317
9240 12.675418 12.675418 12.675418 0.214317 0.214317 0.214317
9250 12.675418 12.675418 12.675418 0.214317 0.214317 0.214317
9260 12.675418 12.675418 12.675418 0.214317 0.214317 0.214317
9270 12.675418 12.675418 12.675418 0.214317 0.214317 0.214317
9280 12.675418 12.675418 12.675418 0.214317 0.214317 0.214317
9290 12.675418 12.675418 12.675418 0.214317 0.214317 0.214317
9300 12.675418 12.675418 12.675418 0.214317 0.214317 0.214317
9310 12.675418 12.675418 12.675418 0.214317 0.214317 0.214317
9320 12.675418 12.675418 12.675418 0.214317 0.214317 0.214317
9330 12.675418 12.675418 12.675418 0.214317 0.214317 0.214317
9340 12.675418 12.675418 12.675418 0.214317 0.214317 0.214317
9350 12.675418 12.675418 12.675418 0.214317 0.214317 0.214317
9360 12.675418 12.675418 12.675418 0.214317 0.214317 0.214317
9370 12.675418 12.675418 12.675418 0.214317 0.214317 0.214317
9380 12.675418 12.675418 12.675418 0.214317 0.214317 0.214317
9390 12.675418 12.675418 12.675418 0.214317 0.214317 0.214317
9400 12.675418 12.675418 12.675418 0.214317 0.214317 0.214317
9410 12.675418 12.675418 12.675418 0.214317 0.214317 0.214317
9420 12.675418 12.675418 12.675418 0.214317 0.214317 0.214317
9430 12.675418 12.675418 12.675418 0.214317 0.214317 0.214317
9440 12.675418 12.675418 12.675418 0.214317 0.214317 0.214317
9450 12.675418 12.675418 12.675418 0.214317 0.214317 0.214317
9460 12.675418 12.675418 12.675418 0.214317 0.214317 0.214317
9470 12.675418 12.675418 12.675418 0.214317 0.214317 0.214317
9480 12.675418 12.675418 12.675418 0.214317 0.214317 0.214317
9490 12.675418 12.675418 12.675418 0.214317 0.214317 0.214317
9500 12.675418 12.675418 12.675418 0.214317 0.214317 0.214317
9510 12.675418 12.675418 12.675418 0.214317 0.214317 0.214317
9520 12.675418 12.675418 12.675418 0.214317 0.214317 0.214317
9530 12.675418 12.675418 12.675418 0.214317 0.214317 0.214317
9540 12.675418 12.675418 12.675418 0.214317 0.214317 0.214317
9550 12.675418 12.675418 12.675418 0.214317 0.214317 0.214317
9560 12.675418 12.675418 12.675418 0.214317 0.214317 0.214317
9570 12.675418 12.675418 12.675418 0.214317 0.214317 0.214317
9580 12.675418 12.675418 12.675418 0.214317 0.214317 0.214317
9590 12.675418 12.675418 12.675418 0.214317 0.214317 0.214317
9600 12.675418 12.675418 12.675418 0.214317 0.214317 0.214317
9610 12.675418 12.675418 12.675418 0.214317 0.214317 0.214317
9620 12.675418 12.675418 12.675418 0.214317 0.214317 0.214317
9630 12.675418 12.675418 12.675418 0.214317 0.214317 0.214317
9640 12.675418 12.675418 12.675418 0.214317 0.214317 0.214317
9650 12.675418 12.675418 12.675418 0.214317 0.214317 0.214317
9660 12.675418 12.675418 12.675418 0.214317 0.214317 0.214317
9670 12.675418 12.675418 12.675418 0.214317 0.214317 0.214317
9680 12.675418 12.675418 12.675418 0.214317 0.214317 0.214317
9690 12.675418 12.675418 12.675418 0.214317 0.214317 0.214317
9700 12.675418 12.675418 12.675418 0.214317 0.214317 0.214317
9710 12.675418 12.675418 12.675418 0.214317 0.214317 0.214317
9720 12.675418 12.675418 12.675418 0.214317 0.214317 0.214317
9730 12.675418 12.675418 12.675418 0.214317 0.214317 0.214317
9740 12.675418 12.675418 12.675418 0.214317 0.214317 0.214317
9750 12.675418 12.675418 12.675418 0.214317 0.214317 0.214317
9760 12.675418 12.675418 12.675418 0.214317 0.214317 0.214317
9770 12.675418 12.675418 12.675418 0.214317 0.214317 0.214317
9780 12.675418 12.675418 12.675418 0.214317 0.214317 0.214317
9790 12.675418 12.675418 12.675418 0.214317 0.214317 0.214317
9800 12.675418 12.675418 12.675418 0.214317 0.214317 0.214317
9810 12.675418 12.675418 12.675418 0.214317 0.214317 0.214317
9820 12.675418 12.675418 12.675418 0.214317 0.214317 0.214317
9830 12.675418 12.675418 12.675418 0.214317 0.214317 0.214317
9840 12.675418 12.675418 12.675418 0.214317 0.214317 0.214317
9850 12.675418 12.675418 12.675418 0.214317 0.214317 0.214317
9860 12.675418 12.675418 12.675418 0.214317 0.214317 0.214317
9870 12.675418 12.675418 12.675418 0.214317 0.214317 0.214317
9880 12.675418 12.675418 12.675418 0.214317 0.214317 0.214317
9890 12.675418 12.675418 12.675418 0.214317 0.214317 0.214317
9900 12.675418 12.675418 12.675418 0.214317 0.214317 0.214317
9910 12.675418 12.675418 12.675418 0.214317 0.214317 0.214317
9920 12.675418 12.675418 12.675418 0.214317 0.214317 0.214317
9930 12.675418 12.675418 12.675418 0.214317 0.214317 0.214317
9940 12.675418 12.675418 12.675418 0.214317 0.214317 0.214317
9950 12.675418 12.675418 12.675418 0.214317 0.214317 0.214317
9960 12.675418 12.675418 12.675418 0.214317 0.214317 0.214317
9970 12.675418 12.675418 12.675418 0.214317 0.214317 0.214317
9980 12.675418 12.675418 12.675418 0.214317 0.214317 0.214317
9990 12.675418 12.675418 12.675418 0.214317 0.214317 0.214317
10000 12.675418 12.675418 12.675418 0.214317 0.214317 0.214317
