# generation power_min power_avg power_max util_min util_avg util_max
1 53.428886 53.428886 53.428886 1.294167 1.487713 1.499559
10 53.962729 34.010323 53.962729 0.976735 1.469532 1.499559
20 53.962729 34.010323 53.962729 0.976735 1.453883 1.499559
30 53.962729 34.010323 53.962729 0.976735 1.439339 1.499386
40 53.962729 34.010323 53.962729 0.976735 1.417730 1.499386
50 53.962729 34.532362 53.962729 0.771198 1.384742 1.499386
60 53.962729 34.504567 53.962729 0.724425 1.350052 1.499386
70 53.962729 34.903111 53.962729 0.724425 1.315252 1.499386
80 53.962729 35.365044 53.962729 0.724425 1.278449 1.499386
90 53.962729 35.123338 53.962729 0.724425 1.233284 1.499386
100 53.871909 34.939592 53.871909 0.724425 1.197316 1.499386
110 48.627428 34.417467 48.627428 0.724425 1.152086 1.497535
120 48.830172 34.490406 48.830172 0.724425 1.119344 1.497535
130 48.830172 34.370894 48.830172 0.724425 1.080959 1.497535
140 48.830172 33.968067 48.830172 0.584530 1.048125 1.497535
150 46.902791 33.315663 46.902791 0.584530 1.022027 1.497535
160 43.562876 32.943075 43.562876 0.584530 0.981662 1.421202
170 39.787455 32.217025 39.787455 0.584530 0.956150 1.310929
180 37.401558 31.743527 37.401558 0.584530 0.934316 1.294167
190 35.297302 30.916427 35.297302 0.584530 0.921988 1.109792
200 26.714814 30.191930 34.010323 0.584530 0.930782 1.109792
210 26.714814 29.775044 33.167332 0.584530 0.926432 1.097303
220 26.302102 29.379599 32.106473 0.584530 0.928973 1.097303
230 25.950950 28.912504 31.498109 0.661462 0.936433 1.078914
240 22.475153 28.434820 30.924307 0.656902 0.932446 1.044882
250 22.475153 28.033087 30.470707 0.656902 0.931380 1.044882
260 22.475153 27.653285 30.038918 0.656902 0.928423 1.044882
270 22.475153 27.141924 29.446325 0.656902 0.923707 1.044882
280 22.475153 26.888357 29.095937 0.656902 0.918678 1.044882
290 22.223446 26.483920 28.694953 0.656902 0.913847 1.044882
300 22.223446 26.221118 28.223098 0.656902 0.908026 1.040122
310 22.223446 25.923171 27.891340 0.656902 0.909537 1.040122
320 22.223446 25.522641 27.593097 0.656902 0.904938 1.040122
330 22.223446 25.264994 27.037795 0.656902 0.897986 1.040122
340 22.223446 24.951361 26.757262 0.656902 0.894207 1.040122
350 22.061574 24.634911 26.485120 0.656902 0.886910 1.040122
360 21.916637 24.297935 26.123553 0.708469 0.888341 1.040122
370 21.916637 23.981738 25.711408 0.699023 0.883351 1.011265
380 21.708429 23.725779 25.394058 0.612945 0.876820 1.011265
390 21.708429 23.462759 25.033879 0.612945 0.874866 1.011265
400 21.170733 23.205524 24.579477 0.612945 0.870300 1.011265
410 21.170733 22.943049 24.248979 0.612945 0.871805 1.011265
420 20.993804 22.716653 24.010618 0.612945 0.872057 1.011265
430 20.993804 22.512332 23.763738 0.612945 0.870346 1.010666
440 20.882899 22.282142 23.675137 0.612945 0.874378 1.010666
450 20.371237 22.064284 23.350833 0.612945 0.879315 1.010666
460 20.371237 21.881353 23.053228 0.612945 0.881246 0.993114
470 20.371237 21.721668 22.714801 0.693582 0.890154 0.993114
480 20.310050 21.558089 22.339891 0.739845 0.891327 0.992890
490 20.026759 21.439529 22.171635 0.752596 0.885832 0.991263
500 20.026759 21.299601 22.047884 0.752596 0.879590 1.000369
510 19.902138 21.167524 21.916637 0.725228 0.877863 1.000369
520 19.902138 21.038724 21.723865 0.725228 0.880610 1.002384
530 19.902138 20.929845 21.636661 0.725228 0.874695 1.002384
540 19.676346 20.791944 21.524143 0.725228 0.869747 1.002384
550 19.499750 20.659372 21.358316 0.695786 0.867318 1.002384
560 19.444478 20.505604 21.222099 0.695786 0.865309 1.002384
570 19.371748 20.362459 21.095204 0.695786 0.861968 1.002384
580 19.116384 20.217216 20.985976 0.695786 0.864936 1.002384
590 19.102135 20.094472 20.843219 0.695786 0.868625 1.002384
600 18.795084 19.944630 20.699263 0.695786 0.872427 1.002384
610 18.795084 19.823383 20.489599 0.652577 0.867549 1.002384
620 18.587822 19.706470 20.343814 0.652577 0.872959 1.002384
630 18.587822 19.594079 20.221426 0.652577 0.870700 1.002384
640 18.587822 19.513984 20.162915 0.652577 0.868655 0.995381
650 18.587822 19.396026 20.026759 0.652577 0.874838 0.995381
660 18.587822 19.292856 19.876146 0.652577 0.880538 0.995381
670 18.576730 19.185562 19.737228 0.652577 0.880788 0.995381
680 18.183028 19.081466 19.617104 0.652577 0.881127 0.995381
690 18.183028 18.983616 19.511033 0.652577 0.886703 0.986516
700 18.183028 18.892396 19.446427 0.652577 0.882637 0.986516
710 18.146772 18.791110 19.339151 0.652577 0.882272 0.978236
720 18.146772 18.718395 19.231778 0.652577 0.886967 0.978236
730 18.146772 18.647292 19.084525 0.674091 0.893451 0.978236
740 18.059236 18.577480 18.967964 0.674091 0.892342 0.978236
750 18.015975 18.506173 18.797992 0.674091 0.891771 0.978236
760 18.015975 18.452024 18.743406 0.674091 0.883593 0.978236
770 18.015975 18.398754 18.675122 0.728189 0.883875 0.978236
780 18.015975 18.344912 18.655900 0.728189 0.884072 0.978236
790 18.015975 18.299056 18.615620 0.735672 0.885679 0.978236
800 18.004589 18.253896 18.578565 0.735672 0.884162 0.957533
810 17.910805 18.205811 18.505679 0.760656 0.886830 0.957533
820 17.906536 18.162562 18.366897 0.760656 0.884914 0.996545
830 17.906536 18.131509 18.324576 0.760656 0.882401 0.996545
840 17.731531 18.097122 18.281241 0.741877 0.880555 0.996545
850 17.731531 18.064013 18.247039 0.732054 0.878734 0.996545
860 17.731531 18.034046 18.188662 0.724545 0.875434 0.996545
870 17.731531 18.008991 18.168577 0.724545 0.872090 0.996545
880 17.731531 17.977607 18.142988 0.724545 0.867525 0.996545
890 17.569152 17.948740 18.092562 0.724545 0.856471 0.996545
900 17.499009 17.917249 18.076342 0.709171 0.854310 0.996545
910 17.499009 17.891713 18.029691 0.672956 0.850698 0.996545
920 17.499009 17.863245 18.014158 0.672956 0.853143 0.996545
930 17.499009 17.833411 17.991992 0.632161 0.851572 0.996545
940 17.499009 17.800571 17.957549 0.632161 0.850475 0.971643
950 17.499009 17.770514 17.920833 0.632161 0.847749 0.971643
960 17.457587 17.741942 17.906536 0.632161 0.842561 0.970026
970 17.457587 17.712411 17.899413 0.632161 0.839925 0.970026
980 17.381660 17.677165 17.834653 0.632161 0.840948 0.970026
990 17.358238 17.645363 17.824443 0.632161 0.830416 0.970026
1000 17.358238 17.617423 17.752090 0.632161 0.825820 0.952901
1010 17.358238 17.593529 17.731531 0.632161 0.822598 0.952901
1020 17.358238 17.570434 17.718416 0.632161 0.823703 0.952901
1030 17.358238 17.542552 17.695090 0.669622 0.818533 0.951919
1040 17.358238 17.516798 17.677402 0.669622 0.815090 0.951919
1050 17.339781 17.490645 17.625067 0.669622 0.816187 0.929876
1060 17.339781 17.469818 17.590153 0.669622 0.813256 0.929876
1070 17.339781 17.448195 17.568759 0.669622 0.813853 0.929876
1080 17.319678 17.429092 17.551262 0.669622 0.818631 0.929876
1090 17.319678 17.412551 17.501625 0.673112 0.825298 0.877000
1100 17.319678 17.399276 17.480205 0.673112 0.821283 0.877000
1110 17.307652 17.386501 17.469576 0.673112 0.816870 0.877000
1120 17.307652 17.375954 17.448855 0.673112 0.816790 0.877000
1130 17.307652 17.366087 17.428154 0.673112 0.821090 0.877000
1140 17.307652 17.359369 17.392409 0.711142 0.819204 0.877000
1150 17.307652 17.353240 17.383105 0.711142 0.806294 0.877000
1160 17.307652 17.347638 17.381073 0.711142 0.793192 0.877000
1170 17.307652 17.342242 17.381073 0.711142 0.780861 0.877000
1180 17.307652 17.335540 17.362293 0.711142 0.765258 0.799008
1190 17.307652 17.331018 17.357043 0.711142 0.757595 0.799008
1200 17.307652 17.327351 17.350957 0.711142 0.750629 0.799008
1210 17.307652 17.323360 17.348945 0.711142 0.742068 0.799008
1220 17.307652 17.319489 17.348945 0.711142 0.733464 0.799008
1230 17.307652 17.315648 17.342513 0.711142 0.725099 0.790845
1240 17.307652 17.312483 17.340471 0.711142 0.717289 0.790845
1250 17.304930 17.310132 17.318483 0.711803 0.712637 0.712853
1260 17.304930 17.309524 17.310385 0.712329 0.712687 0.712853
1270 17.304930 17.309333 17.310385 0.712329 0.712662 0.712853
1280 17.304930 17.309060 17.310385 0.712329 0.712626 0.712853
1290 17.304930 17.308848 17.310385 0.712329 0.712602 0.712853
1300 17.304930 17.308602 17.310385 0.712329 0.712569 0.712853
1310 17.304930 17.308329 17.310385 0.712329 0.712533 0.712853
1320 17.304930 17.308028 17.310385 0.712329 0.712498 0.712853
1330 17.304930 17.307728 17.310385 0.712329 0.712463 0.712853
1340 17.304930 17.307557 17.308342 0.712425 0.712437 0.712853
1350 17.304930 17.307543 17.307652 0.712425 0.712429 0.712523
1360 17.304930 17.307543 17.307652 0.712425 0.712429 0.712523
1370 17.304930 17.307462 17.307652 0.712425 0.712432 0.712523
1380 17.304930 17.307380 17.307652 0.712425 0.712434 0.712523
1390 17.304930 17.307326 17.307652 0.712425 0.712436 0.712523
1400 17.304930 17.307271 17.307652 0.712425 0.712438 0.712523
1410 17.304930 17.307135 17.307652 0.712425 0.712443 0.712523
1420 17.304930 17.307081 17.307652 0.712425 0.712445 0.712523
1430 17.304930 17.306863 17.307652 0.712425 0.712453 0.712523
1440 17.304930 17.306672 17.307652 0.712425 0.712460 0.712523
1450 17.304930 17.306427 17.307652 0.712425 0.712469 0.712523
1460 17.304930 17.306183 17.307652 0.712425 0.712478 0.712523
1470 17.304930 17.305938 17.307652 0.712425 0.712487 0.712523
1480 17.304930 17.305665 17.307652 0.712425 0.712496 0.712523
1490 17.304930 17.305393 17.307652 0.712425 0.712506 0.712523
1500 17.304930 17.305121 17.307652 0.712425 0.712516 0.712523
1510 17.304930 17.304930 17.304930 0.712523 0.712523 0.712523
1520 17.304930 17.304930 17.304930 0.712523 0.712523 0.712523
1530 17.304930 17.304930 17.304930 0.712523 0.712523 0.712523
1540 17.304930 17.304930 17.304930 0.712523 0.712523 0.712523
1550 17.304930 17.304930 17.304930 0.712523 0.712523 0.712523
1560 17.304930 17.304930 17.304930 0.712523 0.712523 0.712523
1570 17.304930 17.304930 17.304930 0.712523 0.712523 0.712523
1580 17.304930 17.304930 17.304930 0.712523 0.712523 0.712523
1590 17.304930 17.304930 17.304930 0.712523 0.712523 0.712523
1600 17.304930 17.304930 17.304930 0.712523 0.712523 0.712523
1610 17.304930 17.304930 17.304930 0.712523 0.712523 0.712523
1620 17.304930 17.304930 17.304930 0.712523 0.712523 0.712523
1630 17.304930 17.304930 17.304930 0.712523 0.712523 0.712523
1640 17.304930 17.304930 17.304930 0.712523 0.712523 0.712523
1650 17.304930 17.304930 17.304930 0.712523 0.712523 0.712523
1660 17.304930 17.304930 17.304930 0.712523 0.712523 0.712523
1670 17.304930 17.304930 17.304930 0.712523 0.712523 0.712523
1680 17.304930 17.304930 17.304930 0.712523 0.712523 0.712523
1690 17.304930 17.304930 17.304930 0.712523 0.712523 0.712523
1700 17.304930 17.304930 17.304930 0.712523 0.712523 0.712523
1710 17.304930 17.304930 17.304930 0.712523 0.712523 0.712523
1720 17.304930 17.304930 17.304930 0.712523 0.712523 0.712523
1730 17.304930 17.304930 17.304930 0.712523 0.712523 0.712523
1740 17.304930 17.304930 17.304930 0.712523 0.712523 0.712523
1750 17.304930 17.304930 17.304930 0.712523 0.712523 0.712523
1760 17.304930 17.304930 17.304930 0.712523 0.712523 0.712523
1770 17.304930 17.304930 17.304930 0.712523 0.712523 0.712523
1780 17.304930 17.304930 17.304930 0.712523 0.712523 0.712523
1790 17.304930 17.304930 17.304930 0.712523 0.712523 0.712523
1800 17.304930 17.304930 17.304930 0.712523 0.712523 0.712523
1810 17.304930 17.304930 17.304930 0.712523 0.712523 0.712523
1820 17.304930 17.304930 17.304930 0.712523 0.712523 0.712523
1830 17.304930 17.304930 17.304930 0.712523 0.712523 0.712523
1840 17.304930 17.304930 17.304930 0.712523 0.712523 0.712523
1850 17.304930 17.304930 17.304930 0.712523 0.712523 0.712523
1860 17.304930 17.304930 17.304930 0.712523 0.712523 0.712523
1870 17.304930 17.304930 17.304930 0.712523 0.712523 0.712523
1880 17.304930 17.304930 17.304930 0.712523 0.712523 0.712523
1890 17.304930 17.304930 17.304930 0.712523 0.712523 0.712523
1900 17.304930 17.304930 17.304930 0.712523 0.712523 0.712523
1910 17.304930 17.304930 17.304930 0.712523 0.712523 0.712523
1920 17.304930 17.304930 17.304930 0.712523 0.712523 0.712523
1930 17.304930 17.304930 17.304930 0.712523 0.712523 0.712523
1940 17.304930 17.304930 17.304930 0.712523 0.712523 0.712523
1950 17.304930 17.304930 17.304930 0.712523 0.712523 0.712523
1960 17.304930 17.304930 17.304930 0.712523 0.712523 0.712523
1970 17.304930 17.304930 17.304930 0.712523 0.712523 0.712523
1980 17.304930 17.304930 17.304930 0.712523 0.712523 0.712523
1990 17.304930 17.304930 17.304930 0.712523 0.712523 0.712523
2000 17.304930 17.304930 17.304930 0.712523 0.712523 0.712523
2010 17.304930 17.304930 17.304930 0.712523 0.712523 0.712523
2020 17.304930 17.304930 17.304930 0.712523 0.712523 0.712523
2030 17.304930 17.304930 17.304930 0.712523 0.712523 0.712523
2040 17.304930 17.304930 17.304930 0.712523 0.712523 0.712523
2050 17.304930 17.304930 17.304930 0.712523 0.712523 0.712523
2060 17.304930 17.304930 17.304930 0.712523 0.712523 0.712523
2070 17.304930 17.304930 17.304930 0.712523 0.712523 0.712523
2080 17.304930 17.304930 17.304930 0.712523 0.712523 0.712523
2090 17.304930 17.304930 17.304930 0.712523 0.712523 0.712523
2100 17.304930 17.304930 17.304930 0.712523 0.712523 0.712523
2110 17.304930 17.304930 17.304930 0.712523 0.712523 0.712523
2120 17.304930 17.304930 17.304930 0.712523 0.712523 0.712523
2130 17.304930 17.304930 17.304930 0.712523 0.712523 0.712523
2140 17.304930 17.304930 17.304930 0.712523 0.712523 0.712523
2150 17.304930 17.304930 17.304930 0.712523 0.712523 0.712523
2160 17.304930 17.304930 17.304930 0.712523 0.712523 0.712523
2170 17.304930 17.304930 17.304930 0.712523 0.712523 0.712523
2180 17.304930 17.304930 17.304930 0.712523 0.712523 0.712523
2190 17.304930 17.304930 17.304930 0.712523 0.712523 0.712523
2200 17.304930 17.304930 17.304930 0.712523 0.712523 0.712523
2210 17.304930 17.304930 17.304930 0.712523 0.712523 0.712523
2220 17.304930 17.304930 17.304930 0.712523 0.712523 0.712523
2230 17.304930 17.304930 17.304930 0.712523 0.712523 0.712523
2240 17.304930 17.304930 17.304930 0.712523 0.712523 0.712523
2250 17.304930 17.304930 17.304930 0.712523 0.712523 0.712523
2260 17.304930 17.304930 17.304930 0.712523 0.712523 0.712523
2270 17.304930 17.304930 17.304930 0.712523 0.712523 0.712523
2280 17.304930 17.304930 17.304930 0.712523 0.712523 0.712523
2290 17.304930 17.304930 17.304930 0.712523 0.712523 0.712523
2300 17.304930 17.304930 17.304930 0.712523 0.712523 0.712523
2310 17.304930 17.304930 17.304930 0.712523 0.712523 0.712523
2320 17.304930 17.304930 17.304930 0.712523 0.712523 0.712523
2330 17.304930 17.304930 17.304930 0.712523 0.712523 0.712523
2340 17.304930 17.304930 17.304930 0.712523 0.712523 0.712523
2350 17.304930 17.304930 17.304930 0.712523 0.712523 0.712523
2360 17.304930 17.304930 17.304930 0.712523 0.712523 0.712523
2370 17.304930 17.304930 17.304930 0.712523 0.712523 0.712523
2380 17.304930 17.304930 17.304930 0.712523 0.712523 0.712523
2390 17.304930 17.304930 17.304930 0.712523 0.712523 0.712523
2400 17.304930 17.304930 17.304930 0.712523 0.712523 0.712523
2410 17.304930 17.304930 17.304930 0.712523 0.712523 0.712523
2420 17.304930 17.304930 17.304930 0.712523 0.712523 0.712523
2430 17.304930 17.304930 17.304930 0.712523 0.712523 0.712523
2440 17.304930 17.304930 17.304930 0.712523 0.712523 0.712523
2450 17.304930 17.304930 17.304930 0.712523 0.712523 0.712523
2460 17.304930 17.304930 17.304930 0.712523 0.712523 0.712523
2470 17.304930 17.304930 17.304930 0.712523 0.712523 0.712523
2480 17.304930 17.304930 17.304930 0.712523 0.712523 0.712523
2490 17.304930 17.304930 17.304930 0.712523 0.712523 0.712523
2500 17.304930 17.304930 17.304930 0.712523 0.712523 0.712523
2510 17.304930 17.304930 17.304930 0.712523 0.712523 0.712523
2520 17.304930 17.304930 17.304930 0.712523 0.712523 0.712523
2530 17.304930 17.304930 17.304930 0.712523 0.712523 0.712523
2540 17.304930 17.304930 17.304930 0.712523 0.712523 0.712523
2550 17.304930 17.304930 17.304930 0.712523 0.712523 0.712523
2560 17.304930 17.304930 17.304930 0.712523 0.712523 0.712523
2570 17.304930 17.304930 17.304930 0.712523 0.712523 0.712523
2580 17.304930 17.304930 17.304930 0.712523 0.712523 0.712523
2590 17.304930 17.304930 17.304930 0.712523 0.712523 0.712523
2600 17.304930 17.304930 17.304930 0.712523 0.712523 0.712523
2610 17.304930 17.304930 17.304930 0.712523 0.712523 0.712523
2620 17.304930 17.304930 17.304930 0.712523 0.712523 0.712523
2630 17.304930 17.304930 17.304930 0.712523 0.712523 0.712523
2640 17.304930 17.304930 17.304930 0.712523 0.712523 0.712523
2650 17.304930 17.304930 17.304930 0.712523 0.712523 0.712523
2660 17.304930 17.304930 17.304930 0.712523 0.712523 0.712523
2670 17.304930 17.304930 17.304930 0.712523 0.712523 0.712523
2680 17.304930 17.304930 17.304930 0.712523 0.712523 0.712523
2690 17.304930 17.304930 17.304930 0.712523 0.712523 0.712523
2700 17.304930 17.304930 17.304930 0.712523 0.712523 0.712523
2710 17.304930 17.304930 17.304930 0.712523 0.712523 0.712523
2720 17.304930 17.304930 17.304930 0.712523 0.712523 0.712523
2730 17.304930 17.304930 17.304930 0.712523 0.712523 0.712523
2740 17.304930 17.304930 17.304930 0.712523 0.712523 0.712523
2750 17.304930 17.304930 17.304930 0.712523 0.712523 0.712523
2760 17.304930 17.304930 17.304930 0.712523 0.712523 0.712523
2770 17.304930 17.304930 17.304930 0.712523 0.712523 0.712523
2780 17.304930 17.304930 17.304930 0.712523 0.712523 0.712523
2790 17.304930 17.304930 17.304930 0.712523 0.712523 0.712523
2800 17.304930 17.304930 17.304930 0.712523 0.712523 0.712523
2810 17.304930 17.304930 17.304930 0.712523 0.712523 0.712523
2820 17.304930 17.304930 17.304930 0.712523 0.712523 0.712523
2830 17.304930 17.304930 17.304930 0.712523 0.712523 0.712523
2840 17.304930 17.304930 17.304930 0.712523 0.712523 0.712523
2850 17.304930 17.304930 17.304930 0.712523 0.712523 0.712523
2860 17.304930 17.304930 17.304930 0.712523 0.712523 0.712523
2870 17.304930 17.304930 17.304930 0.712523 0.712523 0.712523
2880 17.304930 17.304930 17.304930 0.712523 0.712523 0.712523
2890 17.304930 17.304930 17.304930 0.712523 0.712523 0.712523
2900 17.304930 17.304930 17.304930 0.712523 0.712523 0.712523
2910 17.304930 17.304930 17.304930 0.712523 0.712523 0.712523
2920 17.304930 17.304930 17.304930 0.712523 0.712523 0.712523
2930 17.304930 17.304930 17.304930 0.712523 0.712523 0.712523
2940 17.304930 17.304930 17.304930 0.712523 0.712523 0.712523
2950 17.304930 17.304930 17.304930 0.712523 0.712523 0.712523
2960 17.304930 17.304930 17.304930 0.712523 0.712523 0.712523
2970 17.304930 17.304930 17.304930 0.712523 0.712523 0.712523
2980 17.304930 17.304930 17.304930 0.712523 0.712523 0.712523
2990 17.304930 17.304930 17.304930 0.712523 0.712523 0.712523
3000 17.304930 17.304930 17.304930 0.712523 0.712523 0.712523
3010 17.304930 17.304930 17.304930 0.712523 0.712523 0.712523
3020 17.304930 17.304930 17.304930 0.712523 0.712523 0.712523
3030 17.304930 17.304930 17.304930 0.712523 0.712523 0.712523
3040 17.304930 17.304930 17.304930 0.712523 0.712523 0.712523
3050 17.304930 17.304930 17.304930 0.712523 0.712523 0.712523
3060 17.304930 17.304930 17.304930 0.712523 0.712523 0.712523
3070 17.304930 17.304930 17.304930 0.712523 0.712523 0.712523
3080 17.304930 17.304930 17.304930 0.712523 0.712523 0.712523
3090 17.304930 17.304930 17.304930 0.712523 0.712523 0.712523
3100 17.304930 17.304930 17.304930 0.712523 0.712523 0.712523
3110 17.304930 17.304930 17.304930 0.712523 0.712523 0.712523
3120 17.304930 17.304930 17.304930 0.712523 0.712523 0.712523
3130 17.304930 17.304930 17.304930 0.712523 0.712523 0.712523
3140 17.304930 17.304930 17.304930 0.712523 0.712523 0.712523
3150 17.304930 17.304930 17.304930 0.712523 0.712523 0.712523
3160 17.304930 17.304930 17.304930 0.712523 0.712523 0.712523
3170 17.304930 17.304930 17.304930 0.712523 0.712523 0.712523
3180 17.304930 17.304930 17.304930 0.712523 0.712523 0.712523
3190 17.304930 17.304930 17.304930 0.712523 0.712523 0.712523
3200 17.304930 17.304930 17.304930 0.712523 0.712523 0.712523
3210 17.304930 17.304930 17.304930 0.712523 0.712523 0.712523
3220 17.304930 17.304930 17.304930 0.712523 0.712523 0.712523
3230 17.304930 17.304930 17.304930 0.712523 0.712523 0.712523
3240 17.304930 17.304930 17.304930 0.712523 0.712523 0.712523
3250 17.304930 17.304930 17.304930 0.712523 0.712523 0.712523
3260 17.304930 17.304930 17.304930 0.712523 0.712523 0.712523
3270 17.304930 17.304930 17.304930 0.712523 0.712523 0.712523
3280 17.304930 17.304930 17.304930 0.712523 0.712523 0.712523
3290 17.304930 17.304930 17.304930 0.712523 0.712523 0.712523
3300 17.304930 17.304930 17.304930 0.712523 0.712523 0.712523
3310 17.304930 17.304930 17.304930 0.712523 0.712523 0.712523
3320 17.304930 17.304930 17.304930 0.712523 0.712523 0.712523
3330 17.304930 17.304930 17.304930 0.712523 0.712523 0.712523
3340 17.304930 17.304930 17.304930 0.712523 0.712523 0.712523
3350 17.304930 17.304930 17.304930 0.712523 0.712523 0.712523
3360 17.304930 17.304930 17.304930 0.712523 0.712523 0.712523
3370 17.304930 17.304930 17.304930 0.712523 0.712523 0.712523
3380 17.304930 17.304930 17.304930 0.712523 0.712523 0.712523
3390 17.304930 17.304930 17.304930 0.712523 0.712523 0.712523
3400 17.304930 17.304930 17.304930 0.712523 0.712523 0.712523
3410 17.304930 17.304930 17.304930 0.712523 0.712523 0.712523
3420 17.304930 17.304930 17.304930 0.712523 0.712523 0.712523
3430 17.304930 17.304930 17.304930 0.712523 0.712523 0.712523
3440 17.304930 17.304930 17.304930 0.712523 0.712523 0.712523
3450 17.304930 17.304930 17.304930 0.712523 0.712523 0.712523
3460 17.304930 17.304930 17.304930 0.712523 0.712523 0.712523
3470 17.304930 17.304930 17.304930 0.712523 0.712523 0.712523
3480 17.304930 17.304930 17.304930 0.712523 0.712523 0.712523
3490 17.304930 17.304930 17.304930 0.712523 0.712523 0.712523
3500 17.304930 17.304930 17.304930 0.712523 0.712523 0.712523
3510 17.304930 17.304930 17.304930 0.712523 0.712523 0.712523
3520 17.304930 17.304930 17.304930 0.712523 0.712523 0.712523
3530 17.304930 17.304930 17.304930 0.712523 0.712523 0.712523
3540 17.304930 17.304930 17.304930 0.712523 0.712523 0.712523
3550 17.304930 17.304930 17.304930 0.712523 0.712523 0.712523
3560 17.304930 17.304930 17.304930 0.712523 0.712523 0.712523
3570 17.304930 17.304930 17.304930 0.712523 0.712523 0.712523
3580 17.304930 17.304930 17.304930 0.712523 0.712523 0.712523
3590 17.304930 17.304930 17.304930 0.712523 0.712523 0.712523
3600 17.304930 17.304930 17.304930 0.712523 0.712523 0.712523
3610 17.304930 17.304930 17.304930 0.712523 0.712523 0.712523
3620 17.304930 17.304930 17.304930 0.712523 0.712523 0.712523
3630 17.304930 17.304930 17.304930 0.712523 0.712523 0.712523
3640 17.304930 17.304930 17.304930 0.712523 0.712523 0.712523
3650 17.304930 17.304930 17.304930 0.712523 0.712523 0.712523
3660 17.304930 17.304930 17.304930 0.712523 0.712523 0.712523
3670 17.304930 17.304930 17.304930 0.712523 0.712523 0.712523
3680 17.304930 17.304930 17.304930 0.712523 0.712523 0.712523
3690 17.304930 17.304930 17.304930 0.712523 0.712523 0.712523
3700 17.304930 17.304930 17.304930 0.712523 0.712523 0.712523
3710 17.304930 17.304930 17.304930 0.712523 0.712523 0.712523
3720 17.304930 17.304930 17.304930 0.712523 0.712523 0.712523
3730 17.304930 17.304930 17.304930 0.712523 0.712523 0.712523
3740 17.304930 17.304930 17.304930 0.712523 0.712523 0.712523
3750 17.304930 17.304930 17.304930 0.712523 0.712523 0.712523
3760 17.304930 17.304930 17.304930 0.712523 0.712523 0.712523
3770 17.304930 17.304930 17.304930 0.712523 0.712523 0.712523
3780 17.304930 17.304930 17.304930 0.712523 0.712523 0.712523
3790 17.304930 17.304930 17.304930 0.712523 0.712523 0.712523
3800 17.304930 17.304930 17.304930 0.712523 0.712523 0.712523
3810 17.304930 17.304930 17.304930 0.712523 0.712523 0.712523
3820 17.304930 17.304930 17.304930 0.712523 0.712523 0.712523
3830 17.304930 17.304930 17.304930 0.712523 0.712523 0.712523
3840 17.304930 17.304930 17.304930 0.712523 0.712523 0.712523
3850 17.304930 17.304930 17.304930 0.712523 0.712523 0.712523
3860 17.304930 17.304930 17.304930 0.712523 0.712523 0.712523
3870 17.304930 17.304930 17.304930 0.712523 0.712523 0.712523
3880 17.304930 17.304930 17.304930 0.712523 0.712523 0.712523
3890 17.304930 17.304930 17.304930 0.712523 0.712523 0.712523
3900 17.304930 17.304930 17.304930 0.712523 0.712523 0.712523
3910 17.304930 17.304930 17.304930 0.712523 0.712523 0.712523
3920 17.304930 17.304930 17.304930 0.712523 0.712523 0.712523
3930 17.304930 17.304930 17.304930 0.712523 0.712523 0.712523
3940 17.304930 17.304930 17.304930 0.712523 0.712523 0.712523
3950 17.304930 17.304930 17.304930 0.712523 0.712523 0.712523
3960 17.304930 17.304930 17.304930 0.712523 0.712523 0.712523
3970 17.304930 17.304930 17.304930 0.712523 0.712523 0.712523
3980 17.304930 17.304930 17.304930 0.712523 0.712523 0.712523
3990 17.304930 17.304930 17.304930 0.712523 0.712523 0.712523
4000 17.304930 17.304930 17.304930 0.712523 0.712523 0.712523
4010 17.304930 17.304930 17.304930 0.712523 0.712523 0.712523
4020 17.304930 17.304930 17.304930 0.712523 0.712523 0.712523
4030 17.304930 17.304930 17.304930 0.712523 0.712523 0.712523
4040 17.304930 17.304930 17.304930 0.712523 0.712523 0.712523
4050 17.304930 17.304930 17.304930 0.712523 0.712523 0.712523
4060 17.304930 17.304930 17.304930 0.712523 0.712523 0.712523
4070 17.304930 17.304930 17.304930 0.712523 0.712523 0.712523
4080 17.304930 17.304930 17.304930 0.712523 0.712523 0.712523
4090 17.304930 17.304930 17.304930 0.712523 0.712523 0.712523
4100 17.304930 17.304930 17.304930 0.712523 0.712523 0.712523
4110 17.304930 17.304930 17.304930 0.712523 0.712523 0.712523
4120 17.304930 17.304930 17.304930 0.712523 0.712523 0.712523
4130 17.304930 17.304930 17.304930 0.712523 0.712523 0.712523
4140 17.304930 17.304930 17.304930 0.712523 0.712523 0.712523
4150 17.304930 17.304930 17.304930 0.712523 0.712523 0.712523
4160 17.304930 17.304930 17.304930 0.712523 0.712523 0.712523
4170 17.304930 17.304930 17.304930 0.712523 0.712523 0.712523
4180 17.304930 17.304930 17.304930 0.712523 0.712523 0.712523
4190 17.304930 17.304930 17.304930 0.712523 0.712523 0.712523
4200 17.304930 17.304930 17.304930 0.712523 0.712523 0.712523
4210 17.304930 17.304930 17.304930 0.712523 0.712523 0.712523
4220 17.304930 17.304930 17.304930 0.712523 0.712523 0.712523
4230 17.304930 17.304930 17.304930 0.712523 0.712523 0.712523
4240 17.304930 17.304930 17.304930 0.712523 0.712523 0.712523
4250 17.304930 17.304930 17.304930 0.712523 0.712523 0.712523
4260 17.304930 17.304930 17.304930 0.712523 0.712523 0.712523
4270 17.304930 17.304930 17.304930 0.712523 0.712523 0.712523
4280 17.304930 17.304930 17.304930 0.712523 0.712523 0.712523
4290 17.304930 17.304930 17.304930 0.712523 0.712523 0.712523
4300 17.304930 17.304930 17.304930 0.712523 0.712523 0.712523
4310 17.304930 17.304930 17.304930 0.712523 0.712523 0.712523
4320 17.304930 17.304930 17.304930 0.712523 0.712523 0.712523
4330 17.304930 17.304930 17.304930 0.712523 0.712523 0.712523
4340 17.304930 17.304930 17.304930 0.712523 0.712523 0.712523
4350 17.304930 17.304930 17.304930 0.712523 0.712523 0.712523
4360 17.304930 17.304930 17.304930 0.712523 0.712523 0.712523
4370 17.304930 17.304930 17.304930 0.712523 0.712523 0.712523
4380 17.304930 17.304930 17.304930 0.712523 0.712523 0.712523
4390 17.304930 17.304930 17.304930 0.712523 0.712523 0.712523
4400 17.304930 17.304930 17.304930 0.712523 0.712523 0.712523
4410 17.304930 17.304930 17.304930 0.712523 0.712523 0.712523
4420 17.304930 17.304930 17.304930 0.712523 0.712523 0.712523
4430 17.304930 17.304930 17.304930 0.712523 0.712523 0.712523
4440 17.304930 17.304930 17.304930 0.712523 0.712523 0.712523
4450 17.304930 17.304930 17.304930 0.712523 0.712523 0.712523
4460 17.304930 17.304930 17.304930 0.712523 0.712523 0.712523
4470 17.304930 17.304930 17.304930 0.712523 0.712523 0.712523
4480 17.304930 17.304930 17.304930 0.712523 0.712523 0.712523
4490 17.304930 17.304930 17.304930 0.712523 0.712523 0.712523
4500 17.304930 17.304930 17.304930 0.712523 0.712523 0.712523
4510 17.304930 17.304930 17.304930 0.712523 0.712523 0.712523
4520 17.304930 17.304930 17.304930 0.712523 0.712523 0.712523
4530 17.304930 17.304930 17.304930 0.712523 0.712523 0.712523
4540 17.304930 17.304930 17.304930 0.712523 0.712523 0.712523
4550 17.304930 17.304930 17.304930 0.712523 0.712523 0.712523
4560 17.304930 17.304930 17.304930 0.712523 0.712523 0.712523
4570 17.304930 17.304930 17.304930 0.712523 0.712523 0.712523
4580 17.304930 17.304930 17.304930 0.712523 0.712523 0.712523
4590 17.304930 17.304930 17.304930 0.712523 0.712523 0.712523
4600 17.304930 17.304930 17.304930 0.712523 0.712523 0.712523
4610 17.304930 17.304930 17.304930 0.712523 0.712523 0.712523
4620 17.304930 17.304930 17.304930 0.712523 0.712523 0.712523
4630 17.304930 17.304930 17.304930 0.712523 0.712523 0.712523
4640 17.304930 17.304930 17.304930 0.712523 0.712523 0.712523
4650 17.304930 17.304930 17.304930 0.712523 0.712523 0.712523
4660 17.304930 17.304930 17.304930 0.712523 0.712523 0.712523
4670 17.304930 17.304930 17.304930 0.712523 0.712523 0.712523
4680 17.304930 17.304930 17.304930 0.712523 0.712523 0.712523
4690 17.304930 17.304930 17.304930 0.712523 0.712523 0.712523
4700 17.304930 17.304930 17.304930 0.712523 0.712523 0.712523
4710 17.304930 17.304930 17.304930 0.712523 0.712523 0.712523
4720 17.304930 17.304930 17.304930 0.712523 0.712523 0.712523
4730 17.304930 17.304930 17.304930 0.712523 0.712523 0.712523
4740 17.304930 17.304930 17.304930 0.712523 0.712523 0.712523
4750 17.304930 17.304930 17.304930 0.712523 0.712523 0.712523
4760 17.304930 17.304930 17.304930 0.712523 0.712523 0.712523
4770 17.304930 17.304930 17.304930 0.712523 0.712523 0.712523
4780 17.304930 17.304930 17.304930 0.712523 0.712523 0.712523
4790 17.304930 17.304930 17.304930 0.712523 0.712523 0.712523
4800 17.304930 17.304930 17.304930 0.712523 0.712523 0.712523
4810 17.304930 17.304930 17.304930 0.712523 0.712523 0.712523
4820 17.304930 17.304930 17.304930 0.712523 0.712523 0.712523
4830 17.304930 17.304930 17.304930 0.712523 0.712523 0.712523
4840 17.304930 17.304930 17.304930 0.712523 0.712523 0.712523
4850 17.304930 17.304930 17.304930 0.712523 0.712523 0.712523
4860 17.304930 17.304930 17.304930 0.712523 0.712523 0.712523
4870 17.304930 17.304930 17.304930 0.712523 0.712523 0.712523
4880 17.304930 17.304930 17.304930 0.712523 0.712523 0.712523
4890 17.304930 17.304930 17.304930 0.712523 0.712523 0.712523
4900 17.304930 17.304930 17.304930 0.712523 0.712523 0.712523
4910 17.304930 17.304930 17.304930 0.712523 0.712523 0.712523
4920 17.304930 17.304930 17.304930 0.712523 0.712523 0.712523
4930 17.304930 17.304930 17.304930 0.712523 0.712523 0.712523
4940 17.304930 17.304930 17.304930 0.712523 0.712523 0.712523
4950 17.304930 17.304930 17.304930 0.712523 0.712523 0.712523
4960 17.304930 17.304930 17.304930 0.712523 0.712523 0.712523
4970 17.304930 17.304930 17.304930 0.712523 0.712523 0.712523
4980 17.304930 17.304930 17.304930 0.712523 0.712523 0.712523
4990 17.304930 17.304930 17.304930 0.712523 0.712523 0.712523
5000 17.304930 17.304930 17.304930 0.712523 0.712523 0.712523
5010 17.304930 17.304930 17.304930 0.712523 0.712523 0.712523
5020 17.304930 17.304930 17.304930 0.712523 0.712523 0.712523
5030 17.304930 17.304930 17.304930 0.712523 0.712523 0.712523
5040 17.304930 17.304930 17.304930 0.712523 0.712523 0.712523
5050 17.304930 17.304930 17.304930 0.712523 0.712523 0.712523
5060 17.304930 17.304930 17.304930 0.712523 0.712523 0.712523
5070 17.304930 17.304930 17.304930 0.712523 0.712523 0.712523
5080 17.304930 17.304930 17.304930 0.712523 0.712523 0.712523
5090 17.304930 17.304930 17.304930 0.712523 0.712523 0.712523
5100 17.304930 17.304930 17.304930 0.712523 0.712523 0.712523
5110 17.304930 17.304930 17.304930 0.712523 0.712523 0.712523
5120 17.304930 17.304930 17.304930 0.712523 0.712523 0.712523
5130 17.304930 17.304930 17.304930 0.712523 0.712523 0.712523
5140 17.304930 17.304930 17.304930 0.712523 0.712523 0.712523
5150 17.304930 17.304930 17.304930 0.712523 0.712523 0.712523
5160 17.304930 17.304930 17.304930 0.712523 0.712523 0.712523
5170 17.304930 17.304930 17.304930 0.712523 0.712523 0.712523
5180 17.304930 17.304930 17.304930 0.712523 0.712523 0.712523
5190 17.304930 17.304930 17.304930 0.712523 0.712523 0.712523
5200 17.304930 17.304930 17.304930 0.712523 0.712523 0.712523
5210 17.304930 17.304930 17.304930 0.712523 0.712523 0.712523
5220 17.304930 17.304930 17.304930 0.712523 0.712523 0.712523
5230 17.304930 17.304930 17.304930 0.712523 0.712523 0.712523
5240 17.304930 17.304930 17.304930 0.712523 0.712523 0.712523
5250 17.304930 17.304930 17.304930 0.712523 0.712523 0.712523
5260 17.304930 17.304930 17.304930 0.712523 0.712523 0.712523
5270 17.304930 17.304930 17.304930 0.712523 0.712523 0.712523
5280 17.304930 17.304930 17.304930 0.712523 0.712523 0.712523
5290 17.304930 17.304930 17.304930 0.712523 0.712523 0.712523
5300 17.304930 17.304930 17.304930 0.712523 0.712523 0.712523
5310 17.304930 17.304930 17.304930 0.712523 0.712523 0.712523
5320 17.304930 17.304930 17.304930 0.712523 0.712523 0.712523
5330 17.304930 17.304930 17.304930 0.712523 0.712523 0.712523
5340 17.304930 17.304930 17.304930 0.712523 0.712523 0.712523
5350 17.304930 17.304930 17.304930 0.712523 0.712523 0.712523
5360 17.304930 17.304930 17.304930 0.712523 0.712523 0.712523
5370 17.304930 17.304930 17.304930 0.712523 0.712523 0.712523
5380 17.304930 17.304930 17.304930 0.712523 0.712523 0.712523
5390 17.304930 17.304930 17.304930 0.712523 0.712523 0.712523
5400 17.304930 17.304930 17.304930 0.712523 0.712523 0.712523
5410 17.304930 17.304930 17.304930 0.712523 0.712523 0.712523
5420 17.304930 17.304930 17.304930 0.712523 0.712523 0.712523
5430 17.304930 17.304930 17.304930 0.712523 0.712523 0.712523
5440 17.304930 17.304930 17.304930 0.712523 0.712523 0.712523
5450 17.304930 17.304930 17.304930 0.712523 0.712523 0.712523
5460 17.304930 17.304930 17.304930 0.712523 0.712523 0.712523
5470 17.304930 17.304930 17.304930 0.712523 0.712523 0.712523
5480 17.304930 17.304930 17.304930 0.712523 0.712523 0.712523
5490 17.304930 17.304930 17.304930 0.712523 0.712523 0.712523
5500 17.304930 17.304930 17.304930 0.712523 0.712523 0.712523
5510 17.304930 17.304930 17.304930 0.712523 0.712523 0.712523
5520 17.304930 17.304930 17.304930 0.712523 0.712523 0.712523
5530 17.304930 17.304930 17.304930 0.712523 0.712523 0.712523
5540 17.304930 17.304930 17.304930 0.712523 0.712523 0.712523
5550 17.304930 17.304930 17.304930 0.712523 0.712523 0.712523
5560 17.304930 17.304930 17.304930 0.712523 0.712523 0.712523
5570 17.304930 17.304930 17.304930 0.712523 0.712523 0.712523
5580 17.304930 17.304930 17.304930 0.712523 0.712523 0.712523
5590 17.304930 17.304930 17.304930 0.712523 0.712523 0.712523
5600 17.304930 17.304930 17.304930 0.712523 0.712523 0.712523
5610 17.304930 17.304930 17.304930 0.712523 0.712523 0.712523
5620 17.304930 17.304930 17.304930 0.712523 0.712523 0.712523
5630 17.304930 17.304930 17.304930 0.712523 0.712523 0.712523
5640 17.304930 17.304930 17.304930 0.712523 0.712523 0.712523
5650 17.304930 17.304930 17.304930 0.712523 0.712523 0.712523
5660 17.304930 17.304930 17.304930 0.712523 0.712523 0.712523
5670 17.304930 17.304930 17.304930 0.712523 0.712523 0.712523
5680 17.304930 17.304930 17.304930 0.712523 0.712523 0.712523
5690 17.304930 17.304930 17.304930 0.712523 0.712523 0.712523
5700 17.304930 17.304930 17.304930 0.712523 0.712523 0.712523
5710 17.304930 17.304930 17.304930 0.712523 0.712523 0.712523
5720 17.304930 17.304930 17.304930 0.712523 0.712523 0.712523
5730 17.304930 17.304930 17.304930 0.712523 0.712523 0.712523
5740 17.304930 17.304930 17.304930 0.712523 0.712523 0.712523
5750 17.304930 17.304930 17.304930 0.712523 0.712523 0.712523
5760 17.304930 17.304930 17.304930 0.712523 0.712523 0.712523
5770 17.304930 17.304930 17.304930 0.712523 0.712523 0.712523
5780 17.304930 17.304930 17.304930 0.712523 0.712523 0.712523
5790 17.304930 17.304930 17.304930 0.712523 0.712523 0.712523
5800 17.304930 17.304930 17.304930 0.712523 0.712523 0.712523
5810 17.304930 17.304930 17.304930 0.712523 0.712523 0.712523
5820 17.304930 17.304930 17.304930 0.712523 0.712523 0.712523
5830 17.304930 17.304930 17.304930 0.712523 0.712523 0.712523
5840 17.304930 17.304930 17.304930 0.712523 0.712523 0.712523
5850 17.304930 17.304930 17.304930 0.712523 0.712523 0.712523
5860 17.304930 17.304930 17.304930 0.712523 0.712523 0.712523
5870 17.304930 17.304930 17.304930 0.712523 0.712523 0.712523
5880 17.304930 17.304930 17.304930 0.712523 0.712523 0.712523
5890 17.304930 17.304930 17.304930 0.712523 0.712523 0.712523
5900 17.304930 17.304930 17.304930 0.712523 0.712523 0.712523
5910 17.304930 17.304930 17.304930 0.712523 0.712523 0.712523
5920 17.304930 17.304930 17.304930 0.712523 0.712523 0.712523
5930 17.304930 17.304930 17.304930 0.712523 0.712523 0.712523
5940 17.304930 17.304930 17.304930 0.712523 0.712523 0.712523
5950 17.304930 17.304930 17.304930 0.712523 0.712523 0.712523
5960 17.304930 17.304930 17.304930 0.712523 0.712523 0.712523
5970 17.304930 17.304930 17.304930 0.712523 0.712523 0.712523
5980 17.304930 17.304930 17.304930 0.712523 0.712523 0.712523
5990 17.304930 17.304930 17.304930 0.712523 0.712523 0.712523
6000 17.304930 17.304930 17.304930 0.712523 0.712523 0.712523
6010 17.304930 17.304930 17.304930 0.712523 0.712523 0.712523
6020 17.304930 17.304930 17.304930 0.712523 0.712523 0.712523
6030 17.304930 17.304930 17.304930 0.712523 0.712523 0.712523
6040 17.304930 17.304930 17.304930 0.712523 0.712523 0.712523
6050 17.304930 17.304930 17.304930 0.712523 0.712523 0.712523
6060 17.304930 17.304930 17.304930 0.712523 0.712523 0.712523
6070 17.304930 17.304930 17.304930 0.712523 0.712523 0.712523
6080 17.304930 17.304930 17.304930 0.712523 0.712523 0.712523
6090 17.304930 17.304930 17.304930 0.712523 0.712523 0.712523
6100 17.304930 17.304930 17.304930 0.712523 0.712523 0.712523
6110 17.304930 17.304930 17.304930 0.712523 0.712523 0.712523
6120 17.304930 17.304930 17.304930 0.712523 0.712523 0.712523
6130 17.304930 17.304930 17.304930 0.712523 0.712523 0.712523
6140 17.304930 17.304930 17.304930 0.712523 0.712523 0.712523
6150 17.304930 17.304930 17.304930 0.712523 0.712523 0.712523
6160 17.304930 17.304930 17.304930 0.712523 0.712523 0.712523
6170 17.304930 17.304930 17.304930 0.712523 0.712523 0.712523
6180 17.304930 17.304930 17.304930 0.712523 0.712523 0.712523
6190 17.304930 17.304930 17.304930 0.712523 0.712523 0.712523
6200 17.304930 17.304930 17.304930 0.712523 0.712523 0.712523
6210 17.304930 17.304930 17.304930 0.712523 0.712523 0.712523
6220 17.304930 17.304930 17.304930 0.712523 0.712523 0.712523
6230 17.304930 17.304930 17.304930 0.712523 0.712523 0.712523
6240 17.304930 17.304930 17.304930 0.712523 0.712523 0.712523
6250 17.304930 17.304930 17.304930 0.712523 0.712523 0.712523
6260 17.304930 17.304930 17.304930 0.712523 0.712523 0.712523
6270 17.304930 17.304930 17.304930 0.712523 0.712523 0.712523
6280 17.304930 17.304930 17.304930 0.712523 0.712523 0.712523
6290 17.304930 17.304930 17.304930 0.712523 0.712523 0.712523
6300 17.304930 17.304930 17.304930 0.712523 0.712523 0.712523
6310 17.304930 17.304930 17.304930 0.712523 0.712523 0.712523
6320 17.304930 17.304930 17.304930 0.712523 0.712523 0.712523
6330 17.304930 17.304930 17.304930 0.712523 0.712523 0.712523
6340 17.304930 17.304930 17.304930 0.712523 0.712523 0.712523
6350 17.304930 17.304930 17.304930 0.712523 0.712523 0.712523
6360 17.304930 17.304930 17.304930 0.712523 0.712523 0.712523
6370 17.304930 17.304930 17.304930 0.712523 0.712523 0.712523
6380 17.304930 17.304930 17.304930 0.712523 0.712523 0.712523
6390 17.304930 17.304930 17.304930 0.712523 0.712523 0.712523
6400 17.304930 17.304930 17.304930 0.712523 0.712523 0.712523
6410 17.304930 17.304930 17.304930 0.712523 0.712523 0.712523
6420 17.304930 17.304930 17.304930 0.712523 0.712523 0.712523
6430 17.304930 17.304930 17.304930 0.712523 0.712523 0.712523
6440 17.304930 17.304930 17.304930 0.712523 0.712523 0.712523
6450 17.304930 17.304930 17.304930 0.712523 0.712523 0.712523
6460 17.304930 17.304930 17.304930 0.712523 0.712523 0.712523
6470 17.304930 17.304930 17.304930 0.712523 0.712523 0.712523
6480 17.304930 17.304930 17.304930 0.712523 0.712523 0.712523
6490 17.304930 17.304930 17.304930 0.712523 0.712523 0.712523
6500 17.304930 17.304930 17.304930 0.712523 0.712523 0.712523
6510 17.304930 17.304930 17.304930 0.712523 0.712523 0.712523
6520 17.304930 17.304930 17.304930 0.712523 0.712523 0.712523
6530 17.304930 17.304930 17.304930 0.712523 0.712523 0.712523
6540 17.304930 17.304930 17.304930 0.712523 0.712523 0.712523
6550 17.304930 17.304930 17.304930 0.712523 0.712523 0.712523
6560 17.304930 17.304930 17.304930 0.712523 0.712523 0.712523
6570 17.304930 17.304930 17.304930 0.712523 0.712523 0.712523
6580 17.304930 17.304930 17.304930 0.712523 0.712523 0.712523
6590 17.304930 17.304930 17.304930 0.712523 0.712523 0.712523
6600 17.304930 17.304930 17.304930 0.712523 0.712523 0.712523
6610 17.304930 17.304930 17.304930 0.712523 0.712523 0.712523
6620 17.304930 17.304930 17.304930 0.712523 0.712523 0.712523
6630 17.304930 17.304930 17.304930 0.712523 0.712523 0.712523
6640 17.304930 17.304930 17.304930 0.712523 0.712523 0.712523
6650 17.304930 17.304930 17.304930 0.712523 0.712523 0.712523
6660 17.304930 17.304930 17.304930 0.712523 0.712523 0.712523
6670 17.304930 17.304930 17.304930 0.712523 0.712523 0.712523
6680 17.304930 17.304930 17.304930 0.712523 0.712523 0.712523
6690 17.304930 17.304930 17.304930 0.712523 0.712523 0.712523
6700 17.304930 17.304930 17.304930 0.712523 0.712523 0.712523
6710 17.304930 17.304930 17.304930 0.712523 0.712523 0.712523
6720 17.304930 17.304930 17.304930 0.712523 0.712523 0.712523
6730 17.304930 17.304930 17.304930 0.712523 0.712523 0.712523
6740 17.304930 17.304930 17.304930 0.712523 0.712523 0.712523
6750 17.304930 17.304930 17.304930 0.712523 0.712523 0.712523
6760 17.304930 17.304930 17.304930 0.712523 0.712523 0.712523
6770 17.304930 17.304930 17.304930 0.712523 0.712523 0.712523
6780 17.304930 17.304930 17.304930 0.712523 0.712523 0.712523
6790 17.304930 17.304930 17.304930 0.712523 0.712523 0.712523
6800 17.304930 17.304930 17.304930 0.712523 0.712523 0.712523
6810 17.304930 17.304930 17.304930 0.712523 0.712523 0.712523
6820 17.304930 17.304930 17.304930 0.712523 0.712523 0.712523
6830 17.304930 17.304930 17.304930 0.712523 0.712523 0.712523
6840 17.304930 17.304930 17.304930 0.712523 0.712523 0.712523
6850 17.304930 17.304930 17.304930 0.712523 0.712523 0.712523
6860 17.304930 17.304930 17.304930 0.712523 0.712523 0.712523
6870 17.304930 17.304930 17.304930 0.712523 0.712523 0.712523
6880 17.304930 17.304930 17.304930 0.712523 0.712523 0.712523
6890 17.304930 17.304930 17.304930 0.712523 0.712523 0.712523
6900 17.304930 17.304930 17.304930 0.712523 0.712523 0.712523
6910 17.304930 17.304930 17.304930 0.712523 0.712523 0.712523
6920 17.304930 17.304930 17.304930 0.712523 0.712523 0.712523
6930 17.304930 17.304930 17.304930 0.712523 0.712523 0.712523
6940 17.304930 17.304930 17.304930 0.712523 0.712523 0.712523
6950 17.304930 17.304930 17.304930 0.712523 0.712523 0.712523
6960 17.304930 17.304930 17.304930 0.712523 0.712523 0.712523
6970 17.304930 17.304930 17.304930 0.712523 0.712523 0.712523
6980 17.304930 17.304930 17.304930 0.712523 0.712523 0.712523
6990 17.304930 17.304930 17.304930 0.712523 0.712523 0.712523
7000 17.304930 17.304930 17.304930 0.712523 0.712523 0.712523
7010 17.304930 17.304930 17.304930 0.712523 0.712523 0.712523
7020 17.304930 17.304930 17.304930 0.712523 0.712523 0.712523
7030 17.304930 17.304930 17.304930 0.712523 0.712523 0.712523
7040 17.304930 17.304930 17.304930 0.712523 0.712523 0.712523
7050 17.304930 17.304930 17.304930 0.712523 0.712523 0.712523
7060 17.304930 17.304930 17.304930 0.712523 0.712523 0.712523
7070 17.304930 17.304930 17.304930 0.712523 0.712523 0.712523
7080 17.304930 17.304930 17.304930 0.712523 0.712523 0.712523
7090 17.304930 17.304930 17.304930 0.712523 0.712523 0.712523
7100 17.304930 17.304930 17.304930 0.712523 0.712523 0.712523
7110 17.304930 17.304930 17.304930 0.712523 0.712523 0.712523
7120 17.304930 17.304930 17.304930 0.712523 0.712523 0.712523
7130 17.304930 17.304930 17.304930 0.712523 0.712523 0.712523
7140 17.304930 17.304930 17.304930 0.712523 0.712523 0.712523
7150 17.304930 17.304930 17.304930 0.712523 0.712523 0.712523
7160 17.304930 17.304930 17.304930 0.712523 0.712523 0.712523
7170 17.304930 17.304930 17.304930 0.712523 0.712523 0.712523
7180 17.304930 17.304930 17.304930 0.712523 0.712523 0.712523
7190 17.304930 17.304930 17.304930 0.712523 0.712523 0.712523
7200 17.304930 17.304930 17.304930 0.712523 0.712523 0.712523
7210 17.304930 17.304930 17.304930 0.712523 0.712523 0.712523
7220 17.304930 17.304930 17.304930 0.712523 0.712523 0.712523
7230 17.304930 17.304930 17.304930 0.712523 0.712523 0.712523
7240 17.304930 17.304930 17.304930 0.712523 0.712523 0.712523
7250 17.304930 17.304930 17.304930 0.712523 0.712523 0.712523
7260 17.304930 17.304930 17.304930 0.712523 0.712523 0.712523
7270 17.304930 17.304930 17.304930 0.712523 0.712523 0.712523
7280 17.304930 17.304930 17.304930 0.712523 0.712523 0.712523
7290 17.304930 17.304930 17.304930 0.712523 0.712523 0.712523
7300 17.304930 17.304930 17.304930 0.712523 0.712523 0.712523
7310 17.304930 17.304930 17.304930 0.712523 0.712523 0.712523
7320 17.304930 17.304930 17.304930 0.712523 0.712523 0.712523
7330 17.304930 17.304930 17.304930 0.712523 0.712523 0.712523
7340 17.304930 17.304930 17.304930 0.712523 0.712523 0.712523
7350 17.304930 17.304930 17.304930 0.712523 0.712523 0.712523
7360 17.304930 17.304930 17.304930 0.712523 0.712523 0.712523
7370 17.304930 17.304930 17.304930 0.712523 0.712523 0.712523
7380 17.304930 17.304930 17.304930 0.712523 0.712523 0.712523
7390 17.304930 17.304930 17.304930 0.712523 0.712523 0.712523
7400 17.304930 17.304930 17.304930 0.712523 0.712523 0.712523
7410 17.304930 17.304930 17.304930 0.712523 0.712523 0.712523
7420 17.304930 17.304930 17.304930 0.712523 0.712523 0.712523
7430 17.304930 17.304930 17.304930 0.712523 0.712523 0.712523
7440 17.304930 17.304930 17.304930 0.712523 0.712523 0.712523
7450 17.304930 17.304930 17.304930 0.712523 0.712523 0.712523
7460 17.304930 17.304930 17.304930 0.712523 0.712523 0.712523
7470 17.304930 17.304930 17.304930 0.712523 0.712523 0.712523
7480 17.304930 17.304930 17.304930 0.712523 0.712523 0.712523
7490 17.304930 17.304930 17.304930 0.712523 0.712523 0.712523
7500 17.304930 17.304930 17.304930 0.712523 0.712523 0.712523
7510 17.304930 17.304930 17.304930 0.712523 0.712523 0.712523
7520 17.304930 17.304930 17.304930 0.712523 0.712523 0.712523
7530 17.304930 17.304930 17.304930 0.712523 0.712523 0.712523
7540 17.304930 17.304930 17.304930 0.712523 0.712523 0.712523
7550 17.304930 17.304930 17.304930 0.712523 0.712523 0.712523
7560 17.304930 17.304930 17.304930 0.712523 0.712523 0.712523
7570 17.304930 17.304930 17.304930 0.712523 0.712523 0.712523
7580 17.304930 17.304930 17.304930 0.712523 0.712523 0.712523
7590 17.304930 17.304930 17.304930 0.712523 0.712523 0.712523
7600 17.304930 17.304930 17.304930 0.712523 0.712523 0.712523
7610 17.304930 17.304930 17.304930 0.712523 0.712523 0.712523
7620 17.304930 17.304930 17.304930 0.712523 0.712523 0.712523
7630 17.304930 17.304930 17.304930 0.712523 0.712523 0.712523
7640 17.304930 17.304930 17.304930 0.712523 0.712523 0.712523
7650 17.304930 17.304930 17.304930 0.712523 0.712523 0.712523
7660 17.304930 17.304930 17.304930 0.712523 0.712523 0.712523
7670 17.304930 17.304930 17.304930 0.712523 0.712523 0.712523
7680 17.304930 17.304930 17.304930 0.712523 0.712523 0.712523
7690 17.304930 17.304930 17.304930 0.712523 0.712523 0.712523
7700 17.304930 17.304930 17.304930 0.712523 0.712523 0.712523
7710 17.304930 17.304930 17.304930 0.712523 0.712523 0.712523
7720 17.304930 17.304930 17.304930 0.712523 0.712523 0.712523
7730 17.304930 17.304930 17.304930 0.712523 0.712523 0.712523
7740 17.304930 17.304930 17.304930 0.712523 0.712523 0.712523
7750 17.304930 17.304930 17.304930 0.712523 0.712523 0.712523
7760 17.304930 17.304930 17.304930 0.712523 0.712523 0.712523
7770 17.304930 17.304930 17.304930 0.712523 0.712523 0.712523
7780 17.304930 17.304930 17.304930 0.712523 0.712523 0.712523
7790 17.304930 17.304930 17.304930 0.712523 0.712523 0.712523
7800 17.304930 17.304930 17.304930 0.712523 0.712523 0.712523
7810 17.304930 17.304930 17.304930 0.712523 0.712523 0.712523
7820 17.304930 17.304930 17.304930 0.712523 0.712523 0.712523
7830 17.304930 17.304930 17.304930 0.712523 0.712523 0.712523
7840 17.304930 17.304930 17.304930 0.712523 0.712523 0.712523
7850 17.304930 17.304930 17.304930 0.712523 0.712523 0.712523
7860 17.304930 17.304930 17.304930 0.712523 0.712523 0.712523
7870 17.304930 17.304930 17.304930 0.712523 0.712523 0.712523
7880 17.304930 17.304930 17.304930 0.712523 0.712523 0.712523
7890 17.304930 17.304930 17.304930 0.712523 0.712523 0.712523
7900 17.304930 17.304930 17.304930 0.712523 0.712523 0.712523
7910 17.304930 17.304930 17.304930 0.712523 0.712523 0.712523
7920 17.304930 17.304930 17.304930 0.712523 0.712523 0.712523
7930 17.304930 17.304930 17.304930 0.712523 0.712523 0.712523
7940 17.304930 17.304930 17.304930 0.712523 0.712523 0.712523
7950 17.304930 17.304930 17.304930 0.712523 0.712523 0.712523
7960 17.304930 17.304930 17.304930 0.712523 0.712523 0.712523
7970 17.304930 17.304930 17.304930 0.712523 0.712523 0.712523
7980 17.304930 17.304930 17.304930 0.712523 0.712523 0.712523
7990 17.304930 17.304930 17.304930 0.712523 0.712523 0.712523
8000 17.304930 17.304930 17.304930 0.712523 0.712523 0.712523
8010 17.304930 17.304930 17.304930 0.712523 0.712523 0.712523
8020 17.304930 17.304930 17.304930 0.712523 0.712523 0.712523
8030 17.304930 17.304930 17.304930 0.712523 0.712523 0.712523
8040 17.304930 17.304930 17.304930 0.712523 0.712523 0.712523
8050 17.304930 17.304930 17.304930 0.712523 0.712523 0.712523
8060 17.304930 17.304930 17.304930 0.712523 0.712523 0.712523
8070 17.304930 17.304930 17.304930 0.712523 0.712523 0.712523
8080 17.304930 17.304930 17.304930 0.712523 0.712523 0.712523
8090 17.304930 17.304930 17.304930 0.712523 0.712523 0.712523
8100 17.304930 17.304930 17.304930 0.712523 0.712523 0.712523
8110 17.304930 17.304930 17.304930 0.712523 0.712523 0.712523
8120 17.304930 17.304930 17.304930 0.712523 0.712523 0.712523
8130 17.304930 17.304930 17.304930 0.712523 0.712523 0.712523
8140 17.304930 17.304930 17.304930 0.712523 0.712523 0.712523
8150 17.304930 17.304930 17.304930 0.712523 0.712523 0.712523
8160 17.304930 17.304930 17.304930 0.712523 0.712523 0.712523
8170 17.304930 17.304930 17.304930 0.712523 0.712523 0.712523
8180 17.304930 17.304930 17.304930 0.712523 0.712523 0.712523
8190 17.304930 17.304930 17.304930 0.712523 0.712523 0.712523
8200 17.304930 17.304930 17.304930 0.712523 0.712523 0.712523
8210 17.304930 17.304930 17.304930 0.712523 0.712523 0.712523
8220 17.304930 17.304930 17.304930 0.712523 0.712523 0.712523
8230 17.304930 17.304930 17.304930 0.712523 0.712523 0.712523
8240 17.304930 17.304930 17.304930 0.712523 0.712523 0.712523
8250 17.304930 17.304930 17.304930 0.712523 0.712523 0.712523
8260 17.304930 17.304930 17.304930 0.712523 0.712523 0.712523
8270 17.304930 17.304930 17.304930 0.712523 0.712523 0.712523
8280 17.304930 17.304930 17.304930 0.712523 0.712523 0.712523
8290 17.304930 17.304930 17.304930 0.712523 0.712523 0.712523
8300 17.304930 17.304930 17.304930 0.712523 0.712523 0.712523
8310 17.304930 17.304930 17.304930 0.712523 0.712523 0.712523
8320 17.304930 17.304930 17.304930 0.712523 0.712523 0.712523
8330 17.304930 17.304930 17.304930 0.712523 0.712523 0.712523
8340 17.304930 17.304930 17.304930 0.712523 0.712523 0.712523
8350 17.304930 17.304930 17.304930 0.712523 0.712523 0.712523
8360 17.304930 17.304930 17.304930 0.712523 0.712523 0.712523
8370 17.304930 17.304930 17.304930 0.712523 0.712523 0.712523
8380 17.304930 17.304930 17.304930 0.712523 0.712523 0.712523
8390 17.304930 17.304930 17.304930 0.712523 0.712523 0.712523
8400 17.304930 17.304930 17.304930 0.712523 0.712523 0.712523
8410 17.304930 17.304930 17.304930 0.712523 0.712523 0.712523
8420 17.304930 17.304930 17.304930 0.712523 0.712523 0.712523
8430 17.304930 17.304930 17.304930 0.712523 0.712523 0.712523
8440 17.304930 17.304930 17.304930 0.712523 0.712523 0.712523
8450 17.304930 17.304930 17.304930 0.712523 0.712523 0.712523
8460 17.304930 17.304930 17.304930 0.712523 0.712523 0.712523
8470 17.304930 17.304930 17.304930 0.712523 0.712523 0.712523
8480 17.304930 17.304930 17.304930 0.712523 0.712523 0.712523
8490 17.304930 17.304930 17.304930 0.712523 0.712523 0.712523
8500 17.304930 17.304930 17.304930 0.712523 0.712523 0.712523
8510 17.304930 17.304930 17.304930 0.712523 0.712523 0.712523
8520 17.304930 17.304930 17.304930 0.712523 0.712523 0.712523
8530 17.304930 17.304930 17.304930 0.712523 0.712523 0.712523
8540 17.304930 17.304930 17.304930 0.712523 0.712523 0.712523
8550 17.304930 17.304930 17.304930 0.712523 0.712523 0.712523
8560 17.304930 17.304930 17.304930 0.712523 0.712523 0.712523
8570 17.304930 17.304930 17.304930 0.712523 0.712523 0.712523
8580 17.304930 17.304930 17.304930 0.712523 0.712523 0.712523
8590 17.304930 17.304930 17.304930 0.712523 0.712523 0.712523
8600 17.304930 17.304930 17.304930 0.712523 0.712523 0.712523
8610 17.304930 17.304930 17.304930 0.712523 0.712523 0.712523
8620 17.304930 17.304930 17.304930 0.712523 0.712523 0.712523
8630 17.304930 17.304930 17.304930 0.712523 0.712523 0.712523
8640 17.304930 17.304930 17.304930 0.712523 0.712523 0.712523
8650 17.304930 17.304930 17.304930 0.712523 0.712523 0.712523
8660 17.304930 17.304930 17.304930 0.712523 0.712523 0.712523
8670 17.304930 17.304930 17.304930 0.712523 0.712523 0.712523
8680 17.304930 17.304930 17.304930 0.712523 0.712523 0.712523
8690 17.304930 17.304930 17.304930 0.712523 0.712523 0.712523
8700 17.304930 17.304930 17.304930 0.712523 0.712523 0.712523
8710 17.304930 17.304930 17.304930 0.712523 0.712523 0.712523
8720 17.304930 17.304930 17.304930 0.712523 0.712523 0.712523
8730 17.304930 17.304930 17.304930 0.712523 0.712523 0.712523
8740 17.304930 17.304930 17.304930 0.712523 0.712523 0.712523
8750 17.304930 17.304930 17.304930 0.712523 0.712523 0.712523
8760 17.304930 17.304930 17.304930 0.712523 0.712523 0.712523
8770 17.304930 17.304930 17.304930 0.712523 0.712523 0.712523
8780 17.304930 17.304930 17.304930 0.712523 0.712523 0.712523
8790 17.304930 17.304930 17.304930 0.712523 0.712523 0.712523
8800 17.304930 17.304930 17.304930 0.712523 0.712523 0.712523
8810 17.304930 17.304930 17.304930 0.712523 0.712523 0.712523
8820 17.304930 17.304930 17.304930 0.712523 0.712523 0.712523
8830 17.304930 17.304930 17.304930 0.712523 0.712523 0.712523
8840 17.304930 17.304930 17.304930 0.712523 0.712523 0.712523
8850 17.304930 17.304930 17.304930 0.712523 0.712523 0.712523
8860 17.304930 17.304930 17.304930 0.712523 0.712523 0.712523
8870 17.304930 17.304930 17.304930 0.712523 0.712523 0.712523
8880 17.304930 17.304930 17.304930 0.712523 0.712523 0.712523
8890 17.304930 17.304930 17.304930 0.712523 0.712523 0.712523
8900 17.304930 17.304930 17.304930 0.712523 0.712523 0.712523
8910 17.304930 17.304930 17.304930 0.712523 0.712523 0.712523
8920 17.304930 17.304930 17.304930 0.712523 0.712523 0.712523
8930 17.304930 17.304930 17.304930 0.712523 0.712523 0.712523
8940 17.304930 17.304930 17.304930 0.712523 0.712523 0.712523
8950 17.304930 17.304930 17.304930 0.712523 0.712523 0.712523
8960 17.304930 17.304930 17.304930 0.712523 0.712523 0.712523
8970 17.304930 17.304930 17.304930 0.712523 0.712523 0.712523
8980 17.304930 17.304930 17.304930 0.712523 0.712523 0.712523
8990 17.304930 17.304930 17.304930 0.712523 0.712523 0.712523
9000 17.304930 17.304930 17.304930 0.712523 0.712523 0.712523
9010 17.304930 17.304930 17.304930 0.712523 0.712523 0.712523
9020 17.304930 17.304930 17.304930 0.712523 0.712523 0.712523
9030 17.304930 17.304930 17.304930 0.712523 0.712523 0.712523
9040 17.304930 17.304930 17.304930 0.712523 0.712523 0.712523
9050 17.304930 17.304930 17.304930 0.712523 0.712523 0.712523
9060 17.304930 17.304930 17.304930 0.712523 0.712523 0.712523
9070 17.304930 17.304930 17.304930 0.712523 0.712523 0.712523
9080 17.304930 17.304930 17.304930 0.712523 0.712523 0.712523
9090 17.304930 17.304930 17.304930 0.712523 0.712523 0.712523
9100 17.304930 17.304930 17.304930 0.712523 0.712523 0.712523
9110 17.304930 17.304930 17.304930 0.712523 0.712523 0.712523
9120 17.304930 17.304930 17.304930 0.712523 0.712523 0.712523
9130 17.304930 17.304930 17.304930 0.712523 0.712523 0.712523
9140 17.304930 17.304930 17.304930 0.712523 0.712523 0.712523
9150 17.304930 17.304930 17.304930 0.712523 0.712523 0.712523
9160 17.304930 17.304930 17.304930 0.712523 0.712523 0.712523
9170 17.304930 17.304930 17.304930 0.712523 0.712523 0.712523
9180 17.304930 17.304930 17.304930 0.712523 0.712523 0.712523
9190 17.304930 17.304930 17.304930 0.712523 0.712523 0.712523
9200 17.304930 17.304930 17.304930 0.712523 0.712523 0.712523
9210 17.304930 17.304930 17.304930 0.712523 0.712523 0.712523
9220 17.304930 17.304930 17.304930 0.712523 0.712523 0.712523
9230 17.304930 17.304930 17.304930 0.712523 0.712523 0.712523
9240 17.304930 17.304930 17.304930 0.712523 0.712523 0.712523
9250 17.304930 17.304930 17.304930 0.712523 0.712523 0.712523
9260 17.304930 17.304930 17.304930 0.712523 0.712523 0.712523
9270 17.304930 17.304930 17.304930 0.712523 0.712523 0.712523
9280 17.304930 17.304930 17.304930 0.712523 0.712523 0.712523
9290 17.304930 17.304930 17.304930 0.712523 0.712523 0.712523
9300 17.304930 17.304930 17.304930 0.712523 0.712523 0.712523
9310 17.304930 17.304930 17.304930 0.712523 0.712523 0.712523
9320 17.304930 17.304930 17.304930 0.712523 0.712523 0.712523
9330 17.304930 17.304930 17.304930 0.712523 0.712523 0.712523
9340 17.304930 17.304930 17.304930 0.712523 0.712523 0.712523
9350 17.304930 17.304930 17.304930 0.712523 0.712523 0.712523
9360 17.304930 17.304930 17.304930 0.712523 0.712523 0.712523
9370 17.304930 17.304930 17.304930 0.712523 0.712523 0.712523
9380 17.304930 17.304930 17.304930 0.712523 0.712523 0.712523
9390 17.304930 17.304930 17.304930 0.712523 0.712523 0.712523
9400 17.304930 17.304930 17.304930 0.712523 0.712523 0.712523
9410 17.304930 17.304930 17.304930 0.712523 0.712523 0.712523
9420 17.304930 17.304930 17.304930 0.712523 0.712523 0.712523
9430 17.304930 17.304930 17.304930 0.712523 0.712523 0.712523
9440 17.304930 17.304930 17.304930 0.712523 0.712523 0.712523
9450 17.304930 17.304930 17.304930 0.712523 0.712523 0.712523
9460 17.304930 17.304930 17.304930 0.712523 0.712523 0.712523
9470 17.304930 17.304930 17.304930 0.712523 0.712523 0.712523
9480 17.304930 17.304930 17.304930 0.712523 0.712523 0.712523
9490 17.304930 17.304930 17.304930 0.712523 0.712523 0.712523
9500 17.304930 17.304930 17.304930 0.712523 0.712523 0.712523
9510 17.304930 17.304930 17.304930 0.712523 0.712523 0.712523
9520 17.304930 17.304930 17.304930 0.712523 0.712523 0.712523
9530 17.304930 17.304930 17.304930 0.712523 0.712523 0.712523
9540 17.304930 17.304930 17.304930 0.712523 0.712523 0.712523
9550 17.304930 17.304930 17.304930 0.712523 0.712523 0.712523
9560 17.304930 17.304930 17.304930 0.712523 0.712523 0.712523
9570 17.304930 17.304930 17.304930 0.712523 0.712523 0.712523
9580 17.304930 17.304930 17.304930 0.712523 0.712523 0.712523
9590 17.304930 17.304930 17.304930 0.712523 0.712523 0.712523
9600 17.304930 17.304930 17.304930 0.712523 0.712523 0.712523
9610 17.304930 17.304930 17.304930 0.712523 0.712523 0.712523
9620 17.304930 17.304930 17.304930 0.712523 0.712523 0.712523
9630 17.304930 17.304930 17.304930 0.712523 0.712523 0.712523
9640 17.304930 17.304930 17.304930 0.712523 0.712523 0.712523
9650 17.304930 17.304930 17.304930 0.712523 0.712523 0.712523
9660 17.304930 17.304930 17.304930 0.712523 0.712523 0.712523
9670 17.304930 17.304930 17.304930 0.712523 0.712523 0.712523
9680 17.304930 17.304930 17.304930 0.712523 0.712523 0.712523
9690 17.304930 17.304930 17.304930 0.712523 0.712523 0.712523
9700 17.304930 17.304930 17.304930 0.712523 0.712523 0.712523
9710 17.304930 17.304930 17.304930 0.712523 0.712523 0.712523
9720 17.304930 17.304930 17.304930 0.712523 0.712523 0.712523
9730 17.304930 17.304930 17.304930 0.712523 0.712523 0.712523
9740 17.304930 17.304930 17.304930 0.712523 0.712523 0.712523
9750 17.304930 17.304930 17.304930 0.712523 0.712523 0.712523
9760 17.304930 17.304930 17.304930 0.712523 0.712523 0.712523
9770 17.304930 17.304930 17.304930 0.712523 0.712523 0.712523
9780 17.304930 17.304930 17.304930 0.712523 0.712523 0.712523
9790 17.304930 17.304930 17.304930 0.712523 0.712523 0.712523
9800 17.304930 17.304930 17.304930 0.712523 0.712523 0.712523
9810 17.304930 17.304930 17.304930 0.712523 0.712523 0.712523
9820 17.304930 17.304930 17.304930 0.712523 0.712523 0.712523
9830 17.304930 17.304930 17.304930 0.712523 0.712523 0.712523
9840 17.304930 17.304930 17.304930 0.712523 0.712523 0.712523
9850 17.304930 17.304930 17.304930 0.712523 0.712523 0.712523
9860 17.304930 17.304930 17.304930 0.712523 0.712523 0.712523
9870 17.304930 17.304930 17.304930 0.712523 0.712523 0.712523
9880 17.304930 17.304930 17.304930 0.712523 0.712523 0.712523
9890 17.304930 17.304930 17.304930 0.712523 0.712523 0.712523
9900 17.304930 17.304930 17.304930 0.712523 0.712523 0.712523
9910 17.304930 17.304930 17.304930 0.712523 0.712523 0.712523
9920 17.304930 17.304930 17.304930 0.712523 0.712523 0.712523
9930 17.304930 17.304930 17.304930 0.712523 0.712523 0.712523
9940 17.304930 17.304930 17.304930 0.712523 0.712523 0.712523
9950 17.304930 17.304930 17.304930 0.712523 0.712523 0.712523
9960 17.304930 17.304930 17.304930 0.712523 0.712523 0.712523
9970 17.304930 17.304930 17.304930 0.712523 0.712523 0.712523
9980 17.304930 17.304930 17.304930 0.712523 0.712523 0.712523
9990 17.304930 17.304930 17.304930 0.712523 0.712523 0.712523
10000 17.304930 17.304930 17.304930 0.712523 0.712523 0.712523
