# generation power_min power_avg power_max util_min util_avg util_max
1 99.950736 86.891946 99.950736 0.775527 1.124410 1.499929
100 74.385076 80.942446 86.097878 0.640800 0.869029 1.005272
200 70.447045 74.513727 77.575387 0.568691 0.796930 0.957927
300 67.606222 70.426354 72.729977 0.481744 0.786899 1.002986
400 63.818174 66.297866 68.236813 0.532398 0.803977 0.973355
500 62.228995 64.232973 65.054469 0.594227 0.831649 0.992948
600 62.021856 62.807737 63.613486 0.594227 0.671979 0.819061
700 61.887670 62.205713 62.668216 0.626926 0.725575 0.856565
800 61.844402 61.891902 61.945147 0.644954 0.711053 0.788516
900 61.844402 61.863114 61.883388 0.627768 0.666076 0.788516
1000 61.836392 61.845838 61.852262 0.627768 0.689361 0.719085
1100 61.836392 61.838642 61.844402 0.701447 0.706268 0.718633
1200 61.836392 61.836392 61.836392 0.701447 0.701447 0.701447
1300 61.836392 61.836392 61.836392 0.701447 0.701447 0.701447
1400 61.836392 61.836392 61.836392 0.701447 0.701447 0.701447
1500 61.836392 61.836392 61.836392 0.701447 0.701447 0.701447
1600 61.836392 61.836392 61.836392 0.701447 0.701447 0.701447
1700 61.836392 61.836392 61.836392 0.701447 0.701447 0.701447
1800 61.836392 61.836392 61.836392 0.701447 0.701447 0.701447
1900 61.836392 61.836392 61.836392 0.701447 0.701447 0.701447
2000 61.836392 61.836392 61.836392 0.701447 0.701447 0.701447
2100 61.836392 61.836392 61.836392 0.701447 0.701447 0.701447
2200 61.836392 61.836392 61.836392 0.701447 0.701447 0.701447
2300 61.836392 61.836392 61.836392 0.701447 0.701447 0.701447
2400 61.836392 61.836392 61.836392 0.701447 0.701447 0.701447
2500 61.836392 61.836392 61.836392 0.701447 0.701447 0.701447
2600 61.836392 61.836392 61.836392 0.701447 0.701447 0.701447
2700 61.836392 61.836392 61.836392 0.701447 0.701447 0.701447
2800 61.836392 61.836392 61.836392 0.701447 0.701447 0.701447
2900 61.836392 61.836392 61.836392 0.701447 0.701447 0.701447
3000 61.836392 61.836392 61.836392 0.701447 0.701447 0.701447
3100 61.836392 61.836392 61.836392 0.701447 0.701447 0.701447
3200 61.836392 61.836392 61.836392 0.701447 0.701447 0.701447
3300 61.836392 61.836392 61.836392 0.701447 0.701447 0.701447
3400 61.836392 61.836392 61.836392 0.701447 0.701447 0.701447
3500 61.836392 61.836392 61.836392 0.701447 0.701447 0.701447
3600 61.836392 61.836392 61.836392 0.701447 0.701447 0.701447
3700 61.836392 61.836392 61.836392 0.701447 0.701447 0.701447
3800 61.836392 61.836392 61.836392 0.701447 0.701447 0.701447
3900 61.836392 61.836392 61.836392 0.701447 0.701447 0.701447
4000 61.836392 61.836392 61.836392 0.701447 0.701447 0.701447
4100 61.836392 61.836392 61.836392 0.701447 0.701447 0.701447
4200 61.836392 61.836392 61.836392 0.701447 0.701447 0.701447
4300 61.836392 61.836392 61.836392 0.701447 0.701447 0.701447
4400 61.836392 61.836392 61.836392 0.701447 0.701447 0.701447
4500 61.836392 61.836392 61.836392 0.701447 0.701447 0.701447
4600 61.836392 61.836392 61.836392 0.701447 0.701447 0.701447
4700 61.836392 61.836392 61.836392 0.701447 0.701447 0.701447
4800 61.836392 61.836392 61.836392 0.701447 0.701447 0.701447
4900 61.836392 61.836392 61.836392 0.701447 0.701447 0.701447
5000 61.836392 61.836392 61.836392 0.701447 0.701447 0.701447
5100 61.836392 61.836392 61.836392 0.701447 0.701447 0.701447
5200 61.836392 61.836392 61.836392 0.701447 0.701447 0.701447
5300 61.836392 61.836392 61.836392 0.701447 0.701447 0.701447
5400 61.836392 61.836392 61.836392 0.701447 0.701447 0.701447
5500 61.836392 61.836392 61.836392 0.701447 0.701447 0.701447
5600 61.836392 61.836392 61.836392 0.701447 0.701447 0.701447
5700 61.836392 61.836392 61.836392 0.701447 0.701447 0.701447
5800 61.836392 61.836392 61.836392 0.701447 0.701447 0.701447
5900 61.836392 61.836392 61.836392 0.701447 0.701447 0.701447
6000 61.836392 61.836392 61.836392 0.701447 0.701447 0.701447
6100 61.836392 61.836392 61.836392 0.701447 0.701447 0.701447
6200 61.836392 61.836392 61.836392 0.701447 0.701447 0.701447
6300 61.836392 61.836392 61.836392 0.701447 0.701447 0.701447
6400 61.836392 61.836392 61.836392 0.701447 0.701447 0.701447
6500 61.836392 61.836392 61.836392 0.701447 0.701447 0.701447
6600 61.836392 61.836392 61.836392 0.701447 0.701447 0.701447
6700 61.836392 61.836392 61.836392 0.701447 0.701447 0.701447
6800 61.836392 61.836392 61.836392 0.701447 0.701447 0.701447
6900 61.836392 61.836392 61.836392 0.701447 0.701447 0.701447
7000 61.836392 61.836392 61.836392 0.701447 0.701447 0.701447
7100 61.836392 61.836392 61.836392 0.701447 0.701447 0.701447
7200 61.836392 61.836392 61.836392 0.701447 0.701447 0.701447
7300 61.836392 61.836392 61.836392 0.701447 0.701447 0.701447
7400 61.836392 61.836392 61.836392 0.701447 0.701447 0.701447
7500 61.836392 61.836392 61.836392 0.701447 0.701447 0.701447
7600 61.836392 61.836392 61.836392 0.701447 0.701447 0.701447
7700 61.836392 61.836392 61.836392 0.701447 0.701447 0.701447
7800 61.836392 61.836392 61.836392 0.701447 0.701447 0.701447
7900 61.836392 61.836392 61.836392 0.701447 0.701447 0.701447
8000 61.836392 61.836392 61.836392 0.701447 0.701447 0.701447
8100 61.836392 61.836392 61.836392 0.701447 0.701447 0.701447
8200 61.836392 61.836392 61.836392 0.701447 0.701447 0.701447
8300 61.836392 61.836392 61.836392 0.701447 0.701447 0.701447
8400 61.836392 61.836392 61.836392 0.701447 0.701447 0.701447
8500 61.836392 61.836392 61.836392 0.701447 0.701447 0.701447
8600 61.836392 61.836392 61.836392 0.701447 0.701447 0.701447
8700 61.836392 61.836392 61.836392 0.701447 0.701447 0.701447
8800 61.836392 61.836392 61.836392 0.701447 0.701447 0.701447
8900 61.836392 61.836392 61.836392 0.701447 0.701447 0.701447
9000 61.836392 61.836392 61.836392 0.701447 0.701447 0.701447
9100 61.836392 61.836392 61.836392 0.701447 0.701447 0.701447
9200 61.836392 61.836392 61.836392 0.701447 0.701447 0.701447
9300 61.836392 61.836392 61.836392 0.701447 0.701447 0.701447
9400 61.836392 61.836392 61.836392 0.701447 0.701447 0.701447
9500 61.836392 61.836392 61.836392 0.701447 0.701447 0.701447
9600 61.836392 61.836392 61.836392 0.701447 0.701447 0.701447
9700 61.836392 61.836392 61.836392 0.701447 0.701447 0.701447
9800 61.836392 61.836392 61.836392 0.701447 0.701447 0.701447
9900 61.836392 61.836392 61.836392 0.701447 0.701447 0.701447
10000 61.836392 61.836392 61.836392 0.701447 0.701447 0.701447
10100 61.836392 61.836392 61.836392 0.701447 0.701447 0.701447
10200 61.836392 61.836392 61.836392 0.701447 0.701447 0.701447
10300 61.836392 61.836392 61.836392 0.701447 0.701447 0.701447
10400 61.836392 61.836392 61.836392 0.701447 0.701447 0.701447
10500 61.836392 61.836392 61.836392 0.701447 0.701447 0.701447
10600 61.836392 61.836392 61.836392 0.701447 0.701447 0.701447
10700 61.836392 61.836392 61.836392 0.701447 0.701447 0.701447
10800 61.836392 61.836392 61.836392 0.701447 0.701447 0.701447
10900 61.836392 61.836392 61.836392 0.701447 0.701447 0.701447
11000 61.836392 61.836392 61.836392 0.701447 0.701447 0.701447
11100 61.836392 61.836392 61.836392 0.701447 0.701447 0.701447
11200 61.836392 61.836392 61.836392 0.701447 0.701447 0.701447
11300 61.836392 61.836392 61.836392 0.701447 0.701447 0.701447
11400 61.836392 61.836392 61.836392 0.701447 0.701447 0.701447
11500 61.836392 61.836392 61.836392 0.701447 0.701447 0.701447
11600 61.836392 61.836392 61.836392 0.701447 0.701447 0.701447
11700 61.836392 61.836392 61.836392 0.701447 0.701447 0.701447
11800 61.836392 61.836392 61.836392 0.701447 0.701447 0.701447
11900 61.836392 61.836392 61.836392 0.701447 0.701447 0.701447
12000 61.836392 61.836392 61.836392 0.701447 0.701447 0.701447
12100 61.836392 61.836392 61.836392 0.701447 0.701447 0.701447
12200 61.836392 61.836392 61.836392 0.701447 0.701447 0.701447
12300 61.836392 61.836392 61.836392 0.701447 0.701447 0.701447
12400 61.836392 61.836392 61.836392 0.701447 0.701447 0.701447
12500 61.836392 61.836392 61.836392 0.701447 0.701447 0.701447
12600 61.836392 61.836392 61.836392 0.701447 0.701447 0.701447
12700 61.836392 61.836392 61.836392 0.701447 0.701447 0.701447
12800 61.836392 61.836392 61.836392 0.701447 0.701447 0.701447
12900 61.836392 61.836392 61.836392 0.701447 0.701447 0.701447
13000 61.836392 61.836392 61.836392 0.701447 0.701447 0.701447
13100 61.836392 61.836392 61.836392 0.701447 0.701447 0.701447
13200 61.836392 61.836392 61.836392 0.701447 0.701447 0.701447
13300 61.836392 61.836392 61.836392 0.701447 0.701447 0.701447
13400 61.836392 61.836392 61.836392 0.701447 0.701447 0.701447
13500 61.836392 61.836392 61.836392 0.701447 0.701447 0.701447
13600 61.836392 61.836392 61.836392 0.701447 0.701447 0.701447
13700 61.836392 61.836392 61.836392 0.701447 0.701447 0.701447
13800 61.836392 61.836392 61.836392 0.701447 0.701447 0.701447
13900 61.836392 61.836392 61.836392 0.701447 0.701447 0.701447
14000 61.836392 61.836392 61.836392 0.701447 0.701447 0.701447
14100 61.836392 61.836392 61.836392 0.701447 0.701447 0.701447
14200 61.836392 61.836392 61.836392 0.701447 0.701447 0.701447
14300 61.836392 61.836392 61.836392 0.701447 0.701447 0.701447
14400 61.836392 61.836392 61.836392 0.701447 0.701447 0.701447
14500 61.836392 61.836392 61.836392 0.701447 0.701447 0.701447
14600 61.836392 61.836392 61.836392 0.701447 0.701447 0.701447
14700 61.836392 61.836392 61.836392 0.701447 0.701447 0.701447
14800 61.836392 61.836392 61.836392 0.701447 0.701447 0.701447
14900 61.836392 61.836392 61.836392 0.701447 0.701447 0.701447
15000 61.836392 61.836392 61.836392 0.701447 0.701447 0.701447
15100 61.836392 61.836392 61.836392 0.701447 0.701447 0.701447
15200 61.836392 61.836392 61.836392 0.701447 0.701447 0.701447
15300 61.836392 61.836392 61.836392 0.701447 0.701447 0.701447
15400 61.836392 61.836392 61.836392 0.701447 0.701447 0.701447
15500 61.836392 61.836392 61.836392 0.701447 0.701447 0.701447
15600 61.836392 61.836392 61.836392 0.701447 0.701447 0.701447
15700 61.836392 61.836392 61.836392 0.701447 0.701447 0.701447
15800 61.836392 61.836392 61.836392 0.701447 0.701447 0.701447
15900 61.836392 61.836392 61.836392 0.701447 0.701447 0.701447
16000 61.836392 61.836392 61.836392 0.701447 0.701447 0.701447
16100 61.836392 61.836392 61.836392 0.701447 0.701447 0.701447
16200 61.836392 61.836392 61.836392 0.701447 0.701447 0.701447
16300 61.836392 61.836392 61.836392 0.701447 0.701447 0.701447
16400 61.836392 61.836392 61.836392 0.701447 0.701447 0.701447
16500 61.836392 61.836392 61.836392 0.701447 0.701447 0.701447
16600 61.836392 61.836392 61.836392 0.701447 0.701447 0.701447
16700 61.836392 61.836392 61.836392 0.701447 0.701447 0.701447
16800 61.836392 61.836392 61.836392 0.701447 0.701447 0.701447
16900 61.836392 61.836392 61.836392 0.701447 0.701447 0.701447
17000 61.836392 61.836392 61.836392 0.701447 0.701447 0.701447
17100 61.836392 61.836392 61.836392 0.701447 0.701447 0.701447
17200 61.836392 61.836392 61.836392 0.701447 0.701447 0.701447
17300 61.836392 61.836392 61.836392 0.701447 0.701447 0.701447
17400 61.836392 61.836392 61.836392 0.701447 0.701447 0.701447
17500 61.836392 61.836392 61.836392 0.701447 0.701447 0.701447
17600 61.836392 61.836392 61.836392 0.701447 0.701447 0.701447
17700 61.836392 61.836392 61.836392 0.701447 0.701447 0.701447
17800 61.836392 61.836392 61.836392 0.701447 0.701447 0.701447
17900 61.836392 61.836392 61.836392 0.701447 0.701447 0.701447
18000 61.836392 61.836392 61.836392 0.701447 0.701447 0.701447
18100 61.836392 61.836392 61.836392 0.701447 0.701447 0.701447
18200 61.836392 61.836392 61.836392 0.701447 0.701447 0.701447
18300 61.836392 61.836392 61.836392 0.701447 0.701447 0.701447
18400 61.836392 61.836392 61.836392 0.701447 0.701447 0.701447
18500 61.836392 61.836392 61.836392 0.701447 0.701447 0.701447
18600 61.836392 61.836392 61.836392 0.701447 0.701447 0.701447
18700 61.836392 61.836392 61.836392 0.701447 0.701447 0.701447
18800 61.836392 61.836392 61.836392 0.701447 0.701447 0.701447
18900 61.836392 61.836392 61.836392 0.701447 0.701447 0.701447
19000 61.836392 61.836392 61.836392 0.701447 0.701447 0.701447
19100 61.836392 61.836392 61.836392 0.701447 0.701447 0.701447
19200 61.836392 61.836392 61.836392 0.701447 0.701447 0.701447
19300 61.836392 61.836392 61.836392 0.701447 0.701447 0.701447
19400 61.836392 61.836392 61.836392 0.701447 0.701447 0.701447
19500 61.836392 61.836392 61.836392 0.701447 0.701447 0.701447
19600 61.836392 61.836392 61.836392 0.701447 0.701447 0.701447
19700 61.836392 61.836392 61.836392 0.701447 0.701447 0.701447
19800 61.836392 61.836392 61.836392 0.701447 0.701447 0.701447
19900 61.836392 61.836392 61.836392 0.701447 0.701447 0.701447
20000 61.836392 61.836392 61.836392 0.701447 0.701447 0.701447
20100 61.836392 61.836392 61.836392 0.701447 0.701447 0.701447
20200 61.836392 61.836392 61.836392 0.701447 0.701447 0.701447
20300 61.836392 61.836392 61.836392 0.701447 0.701447 0.701447
20400 61.836392 61.836392 61.836392 0.701447 0.701447 0.701447
20500 61.836392 61.836392 61.836392 0.701447 0.701447 0.701447
20600 61.836392 61.836392 61.836392 0.701447 0.701447 0.701447
20700 61.836392 61.836392 61.836392 0.701447 0.701447 0.701447
20800 61.836392 61.836392 61.836392 0.701447 0.701447 0.701447
20900 61.836392 61.836392 61.836392 0.701447 0.701447 0.701447
21000 61.836392 61.836392 61.836392 0.701447 0.701447 0.701447
21100 61.836392 61.836392 61.836392 0.701447 0.701447 0.701447
21200 61.836392 61.836392 61.836392 0.701447 0.701447 0.701447
21300 61.836392 61.836392 61.836392 0.701447 0.701447 0.701447
21400 61.836392 61.836392 61.836392 0.701447 0.701447 0.701447
21500 61.836392 61.836392 61.836392 0.701447 0.701447 0.701447
21600 61.836392 61.836392 61.836392 0.701447 0.701447 0.701447
21700 61.836392 61.836392 61.836392 0.701447 0.701447 0.701447
21800 61.836392 61.836392 61.836392 0.701447 0.701447 0.701447
21900 61.836392 61.836392 61.836392 0.701447 0.701447 0.701447
22000 61.836392 61.836392 61.836392 0.701447 0.701447 0.701447
22100 61.836392 61.836392 61.836392 0.701447 0.701447 0.701447
22200 61.836392 61.836392 61.836392 0.701447 0.701447 0.701447
22300 61.836392 61.836392 61.836392 0.701447 0.701447 0.701447
22400 61.836392 61.836392 61.836392 0.701447 0.701447 0.701447
22500 61.836392 61.836392 61.836392 0.701447 0.701447 0.701447
22600 61.836392 61.836392 61.836392 0.701447 0.701447 0.701447
22700 61.836392 61.836392 61.836392 0.701447 0.701447 0.701447
22800 61.836392 61.836392 61.836392 0.701447 0.701447 0.701447
22900 61.836392 61.836392 61.836392 0.701447 0.701447 0.701447
23000 61.836392 61.836392 61.836392 0.701447 0.701447 0.701447
23100 61.836392 61.836392 61.836392 0.701447 0.701447 0.701447
23200 61.836392 61.836392 61.836392 0.701447 0.701447 0.701447
23300 61.836392 61.836392 61.836392 0.701447 0.701447 0.701447
23400 61.836392 61.836392 61.836392 0.701447 0.701447 0.701447
23500 61.836392 61.836392 61.836392 0.701447 0.701447 0.701447
23600 61.836392 61.836392 61.836392 0.701447 0.701447 0.701447
23700 61.836392 61.836392 61.836392 0.701447 0.701447 0.701447
23800 61.836392 61.836392 61.836392 0.701447 0.701447 0.701447
23900 61.836392 61.836392 61.836392 0.701447 0.701447 0.701447
24000 61.836392 61.836392 61.836392 0.701447 0.701447 0.701447
24100 61.836392 61.836392 61.836392 0.701447 0.701447 0.701447
24200 61.836392 61.836392 61.836392 0.701447 0.701447 0.701447
24300 61.836392 61.836392 61.836392 0.701447 0.701447 0.701447
24400 61.836392 61.836392 61.836392 0.701447 0.701447 0.701447
24500 61.836392 61.836392 61.836392 0.701447 0.701447 0.701447
24600 61.836392 61.836392 61.836392 0.701447 0.701447 0.701447
24700 61.836392 61.836392 61.836392 0.701447 0.701447 0.701447
24800 61.836392 61.836392 61.836392 0.701447 0.701447 0.701447
24900 61.836392 61.836392 61.836392 0.701447 0.701447 0.701447
25000 61.836392 61.836392 61.836392 0.701447 0.701447 0.701447
25100 61.836392 61.836392 61.836392 0.701447 0.701447 0.701447
25200 61.836392 61.836392 61.836392 0.701447 0.701447 0.701447
25300 61.836392 61.836392 61.836392 0.701447 0.701447 0.701447
25400 61.836392 61.836392 61.836392 0.701447 0.701447 0.701447
25500 61.836392 61.836392 61.836392 0.701447 0.701447 0.701447
25600 61.836392 61.836392 61.836392 0.701447 0.701447 0.701447
25700 61.836392 61.836392 61.836392 0.701447 0.701447 0.701447
25800 61.836392 61.836392 61.836392 0.701447 0.701447 0.701447
25900 61.836392 61.836392 61.836392 0.701447 0.701447 0.701447
26000 61.836392 61.836392 61.836392 0.701447 0.701447 0.701447
26100 61.836392 61.836392 61.836392 0.701447 0.701447 0.701447
26200 61.836392 61.836392 61.836392 0.701447 0.701447 0.701447
26300 61.836392 61.836392 61.836392 0.701447 0.701447 0.701447
26400 61.836392 61.836392 61.836392 0.701447 0.701447 0.701447
26500 61.836392 61.836392 61.836392 0.701447 0.701447 0.701447
26600 61.836392 61.836392 61.836392 0.701447 0.701447 0.701447
26700 61.836392 61.836392 61.836392 0.701447 0.701447 0.701447
26800 61.836392 61.836392 61.836392 0.701447 0.701447 0.701447
26900 61.836392 61.836392 61.836392 0.701447 0.701447 0.701447
27000 61.836392 61.836392 61.836392 0.701447 0.701447 0.701447
27100 61.836392 61.836392 61.836392 0.701447 0.701447 0.701447
27200 61.836392 61.836392 61.836392 0.701447 0.701447 0.701447
27300 61.836392 61.836392 61.836392 0.701447 0.701447 0.701447
27400 61.836392 61.836392 61.836392 0.701447 0.701447 0.701447
27500 61.836392 61.836392 61.836392 0.701447 0.701447 0.701447
27600 61.836392 61.836392 61.836392 0.701447 0.701447 0.701447
27700 61.836392 61.836392 61.836392 0.701447 0.701447 0.701447
27800 61.836392 61.836392 61.836392 0.701447 0.701447 0.701447
27900 61.836392 61.836392 61.836392 0.701447 0.701447 0.701447
28000 61.836392 61.836392 61.836392 0.701447 0.701447 0.701447
28100 61.836392 61.836392 61.836392 0.701447 0.701447 0.701447
28200 61.836392 61.836392 61.836392 0.701447 0.701447 0.701447
28300 61.836392 61.836392 61.836392 0.701447 0.701447 0.701447
28400 61.836392 61.836392 61.836392 0.701447 0.701447 0.701447
28500 61.836392 61.836392 61.836392 0.701447 0.701447 0.701447
28600 61.836392 61.836392 61.836392 0.701447 0.701447 0.701447
28700 61.836392 61.836392 61.836392 0.701447 0.701447 0.701447
28800 61.836392 61.836392 61.836392 0.701447 0.701447 0.701447
28900 61.836392 61.836392 61.836392 0.701447 0.701447 0.701447
29000 61.836392 61.836392 61.836392 0.701447 0.701447 0.701447
29100 61.836392 61.836392 61.836392 0.701447 0.701447 0.701447
29200 61.836392 61.836392 61.836392 0.701447 0.701447 0.701447
29300 61.836392 61.836392 61.836392 0.701447 0.701447 0.701447
29400 61.836392 61.836392 61.836392 0.701447 0.701447 0.701447
29500 61.836392 61.836392 61.836392 0.701447 0.701447 0.701447
29600 61.836392 61.836392 61.836392 0.701447 0.701447 0.701447
29700 61.836392 61.836392 61.836392 0.701447 0.701447 0.701447
29800 61.836392 61.836392 61.836392 0.701447 0.701447 0.701447
29900 61.836392 61.836392 61.836392 0.701447 0.701447 0.701447
30000 61.836392 61.836392 61.836392 0.701447 0.701447 0.701447
30100 61.836392 61.836392 61.836392 0.701447 0.701447 0.701447
30200 61.836392 61.836392 61.836392 0.701447 0.701447 0.701447
30300 61.836392 61.836392 61.836392 0.701447 0.701447 0.701447
30400 61.836392 61.836392 61.836392 0.701447 0.701447 0.701447
30500 61.836392 61.836392 61.836392 0.701447 0.701447 0.701447
30600 61.836392 61.836392 61.836392 0.701447 0.701447 0.701447
30700 61.836392 61.836392 61.836392 0.701447 0.701447 0.701447
30800 61.836392 61.836392 61.836392 0.701447 0.701447 0.701447
30900 61.836392 61.836392 61.836392 0.701447 0.701447 0.701447
31000 61.836392 61.836392 61.836392 0.701447 0.701447 0.701447
31100 61.836392 61.836392 61.836392 0.701447 0.701447 0.701447
31200 61.836392 61.836392 61.836392 0.701447 0.701447 0.701447
31300 61.836392 61.836392 61.836392 0.701447 0.701447 0.701447
31400 61.836392 61.836392 61.836392 0.701447 0.701447 0.701447
31500 61.836392 61.836392 61.836392 0.701447 0.701447 0.701447
31600 61.836392 61.836392 61.836392 0.701447 0.701447 0.701447
31700 61.836392 61.836392 61.836392 0.701447 0.701447 0.701447
31800 61.836392 61.836392 61.836392 0.701447 0.701447 0.701447
31900 61.836392 61.836392 61.836392 0.701447 0.701447 0.701447
32000 61.836392 61.836392 61.836392 0.701447 0.701447 0.701447
32100 61.836392 61.836392 61.836392 0.701447 0.701447 0.701447
32200 61.836392 61.836392 61.836392 0.701447 0.701447 0.701447
32300 61.836392 61.836392 61.836392 0.701447 0.701447 0.701447
32400 61.836392 61.836392 61.836392 0.701447 0.701447 0.701447
32500 61.836392 61.836392 61.836392 0.701447 0.701447 0.701447
32600 61.836392 61.836392 61.836392 0.701447 0.701447 0.701447
32700 61.836392 61.836392 61.836392 0.701447 0.701447 0.701447
32800 61.836392 61.836392 61.836392 0.701447 0.701447 0.701447
32900 61.836392 61.836392 61.836392 0.701447 0.701447 0.701447
33000 61.836392 61.836392 61.836392 0.701447 0.701447 0.701447
33100 61.836392 61.836392 61.836392 0.701447 0.701447 0.701447
33200 61.836392 61.836392 61.836392 0.701447 0.701447 0.701447
33300 61.836392 61.836392 61.836392 0.701447 0.701447 0.701447
33400 61.836392 61.836392 61.836392 0.701447 0.701447 0.701447
33500 61.836392 61.836392 61.836392 0.701447 0.701447 0.701447
33600 61.836392 61.836392 61.836392 0.701447 0.701447 0.701447
33700 61.836392 61.836392 61.836392 0.701447 0.701447 0.701447
33800 61.836392 61.836392 61.836392 0.701447 0.701447 0.701447
33900 61.836392 61.836392 61.836392 0.701447 0.701447 0.701447
34000 61.836392 61.836392 61.836392 0.701447 0.701447 0.701447
34100 61.836392 61.836392 61.836392 0.701447 0.701447 0.701447
34200 61.836392 61.836392 61.836392 0.701447 0.701447 0.701447
34300 61.836392 61.836392 61.836392 0.701447 0.701447 0.701447
34400 61.836392 61.836392 61.836392 0.701447 0.701447 0.701447
34500 61.836392 61.836392 61.836392 0.701447 0.701447 0.701447
34600 61.836392 61.836392 61.836392 0.701447 0.701447 0.701447
34700 61.836392 61.836392 61.836392 0.701447 0.701447 0.701447
34800 61.836392 61.836392 61.836392 0.701447 0.701447 0.701447
34900 61.836392 61.836392 61.836392 0.701447 0.701447 0.701447
35000 61.836392 61.836392 61.836392 0.701447 0.701447 0.701447
35100 61.836392 61.836392 61.836392 0.701447 0.701447 0.701447
35200 61.836392 61.836392 61.836392 0.701447 0.701447 0.701447
35300 61.836392 61.836392 61.836392 0.701447 0.701447 0.701447
35400 61.836392 61.836392 61.836392 0.701447 0.701447 0.701447
35500 61.836392 61.836392 61.836392 0.701447 0.701447 0.701447
35600 61.836392 61.836392 61.836392 0.701447 0.701447 0.701447
35700 61.836392 61.836392 61.836392 0.701447 0.701447 0.701447
35800 61.836392 61.836392 61.836392 0.701447 0.701447 0.701447
35900 61.836392 61.836392 61.836392 0.701447 0.701447 0.701447
36000 61.836392 61.836392 61.836392 0.701447 0.701447 0.701447
36100 61.836392 61.836392 61.836392 0.701447 0.701447 0.701447
36200 61.836392 61.836392 61.836392 0.701447 0.701447 0.701447
36300 61.836392 61.836392 61.836392 0.701447 0.701447 0.701447
36400 61.836392 61.836392 61.836392 0.701447 0.701447 0.701447
36500 61.836392 61.836392 61.836392 0.701447 0.701447 0.701447
36600 61.836392 61.836392 61.836392 0.701447 0.701447 0.701447
36700 61.836392 61.836392 61.836392 0.701447 0.701447 0.701447
36800 61.836392 61.836392 61.836392 0.701447 0.701447 0.701447
36900 61.836392 61.836392 61.836392 0.701447 0.701447 0.701447
37000 61.836392 61.836392 61.836392 0.701447 0.701447 0.701447
37100 61.836392 61.836392 61.836392 0.701447 0.701447 0.701447
37200 61.836392 61.836392 61.836392 0.701447 0.701447 0.701447
37300 61.836392 61.836392 61.836392 0.701447 0.701447 0.701447
37400 61.836392 61.836392 61.836392 0.701447 0.701447 0.701447
37500 61.836392 61.836392 61.836392 0.701447 0.701447 0.701447
37600 61.836392 61.836392 61.836392 0.701447 0.701447 0.701447
37700 61.836392 61.836392 61.836392 0.701447 0.701447 0.701447
37800 61.836392 61.836392 61.836392 0.701447 0.701447 0.701447
37900 61.836392 61.836392 61.836392 0.701447 0.701447 0.701447
38000 61.836392 61.836392 61.836392 0.701447 0.701447 0.701447
38100 61.836392 61.836392 61.836392 0.701447 0.701447 0.701447
38200 61.836392 61.836392 61.836392 0.701447 0.701447 0.701447
38300 61.836392 61.836392 61.836392 0.701447 0.701447 0.701447
38400 61.836392 61.836392 61.836392 0.701447 0.701447 0.701447
38500 61.836392 61.836392 61.836392 0.701447 0.701447 0.701447
38600 61.836392 61.836392 61.836392 0.701447 0.701447 0.701447
38700 61.836392 61.836392 61.836392 0.701447 0.701447 0.701447
38800 61.836392 61.836392 61.836392 0.701447 0.701447 0.701447
38900 61.836392 61.836392 61.836392 0.701447 0.701447 0.701447
39000 61.836392 61.836392 61.836392 0.701447 0.701447 0.701447
39100 61.836392 61.836392 61.836392 0.701447 0.701447 0.701447
39200 61.836392 61.836392 61.836392 0.701447 0.701447 0.701447
39300 61.836392 61.836392 61.836392 0.701447 0.701447 0.701447
39400 61.836392 61.836392 61.836392 0.701447 0.701447 0.701447
39500 61.836392 61.836392 61.836392 0.701447 0.701447 0.701447
39600 61.836392 61.836392 61.836392 0.701447 0.701447 0.701447
39700 61.836392 61.836392 61.836392 0.701447 0.701447 0.701447
39800 61.836392 61.836392 61.836392 0.701447 0.701447 0.701447
39900 61.836392 61.836392 61.836392 0.701447 0.701447 0.701447
40000 61.836392 61.836392 61.836392 0.701447 0.701447 0.701447
40100 61.836392 61.836392 61.836392 0.701447 0.701447 0.701447
40200 61.836392 61.836392 61.836392 0.701447 0.701447 0.701447
40300 61.836392 61.836392 61.836392 0.701447 0.701447 0.701447
40400 61.836392 61.836392 61.836392 0.701447 0.701447 0.701447
40500 61.836392 61.836392 61.836392 0.701447 0.701447 0.701447
40600 61.836392 61.836392 61.836392 0.701447 0.701447 0.701447
40700 61.836392 61.836392 61.836392 0.701447 0.701447 0.701447
40800 61.836392 61.836392 61.836392 0.701447 0.701447 0.701447
40900 61.836392 61.836392 61.836392 0.701447 0.701447 0.701447
41000 61.836392 61.836392 61.836392 0.701447 0.701447 0.701447
41100 61.836392 61.836392 61.836392 0.701447 0.701447 0.701447
41200 61.836392 61.836392 61.836392 0.701447 0.701447 0.701447
41300 61.836392 61.836392 61.836392 0.701447 0.701447 0.701447
41400 61.836392 61.836392 61.836392 0.701447 0.701447 0.701447
41500 61.836392 61.836392 61.836392 0.701447 0.701447 0.701447
41600 61.836392 61.836392 61.836392 0.701447 0.701447 0.701447
41700 61.836392 61.836392 61.836392 0.701447 0.701447 0.701447
41800 61.836392 61.836392 61.836392 0.701447 0.701447 0.701447
41900 61.836392 61.836392 61.836392 0.701447 0.701447 0.701447
42000 61.836392 61.836392 61.836392 0.701447 0.701447 0.701447
42100 61.836392 61.836392 61.836392 0.701447 0.701447 0.701447
42200 61.836392 61.836392 61.836392 0.701447 0.701447 0.701447
42300 61.836392 61.836392 61.836392 0.701447 0.701447 0.701447
42400 61.836392 61.836392 61.836392 0.701447 0.701447 0.701447
42500 61.836392 61.836392 61.836392 0.701447 0.701447 0.701447
42600 61.836392 61.836392 61.836392 0.701447 0.701447 0.701447
42700 61.836392 61.836392 61.836392 0.701447 0.701447 0.701447
42800 61.836392 61.836392 61.836392 0.701447 0.701447 0.701447
42900 61.836392 61.836392 61.836392 0.701447 0.701447 0.701447
43000 61.836392 61.836392 61.836392 0.701447 0.701447 0.701447
43100 61.836392 61.836392 61.836392 0.701447 0.701447 0.701447
43200 61.836392 61.836392 61.836392 0.701447 0.701447 0.701447
43300 61.836392 61.836392 61.836392 0.701447 0.701447 0.701447
43400 61.836392 61.836392 61.836392 0.701447 0.701447 0.701447
43500 61.836392 61.836392 61.836392 0.701447 0.701447 0.701447
43600 61.836392 61.836392 61.836392 0.701447 0.701447 0.701447
43700 61.836392 61.836392 61.836392 0.701447 0.701447 0.701447
43800 61.836392 61.836392 61.836392 0.701447 0.701447 0.701447
43900 61.836392 61.836392 61.836392 0.701447 0.701447 0.701447
44000 61.836392 61.836392 61.836392 0.701447 0.701447 0.701447
44100 61.836392 61.836392 61.836392 0.701447 0.701447 0.701447
44200 61.836392 61.836392 61.836392 0.701447 0.701447 0.701447
44300 61.836392 61.836392 61.836392 0.701447 0.701447 0.701447
44400 61.836392 61.836392 61.836392 0.701447 0.701447 0.701447
44500 61.836392 61.836392 61.836392 0.701447 0.701447 0.701447
44600 61.836392 61.836392 61.836392 0.701447 0.701447 0.701447
44700 61.836392 61.836392 61.836392 0.701447 0.701447 0.701447
44800 61.836392 61.836392 61.836392 0.701447 0.701447 0.701447
44900 61.836392 61.836392 61.836392 0.701447 0.701447 0.701447
45000 61.836392 61.836392 61.836392 0.701447 0.701447 0.701447
45100 61.836392 61.836392 61.836392 0.701447 0.701447 0.701447
45200 61.836392 61.836392 61.836392 0.701447 0.701447 0.701447
45300 61.836392 61.836392 61.836392 0.701447 0.701447 0.701447
45400 61.836392 61.836392 61.836392 0.701447 0.701447 0.701447
45500 61.836392 61.836392 61.836392 0.701447 0.701447 0.701447
45600 61.836392 61.836392 61.836392 0.701447 0.701447 0.701447
45700 61.836392 61.836392 61.836392 0.701447 0.701447 0.701447
45800 61.836392 61.836392 61.836392 0.701447 0.701447 0.701447
45900 61.836392 61.836392 61.836392 0.701447 0.701447 0.701447
46000 61.836392 61.836392 61.836392 0.701447 0.701447 0.701447
46100 61.836392 61.836392 61.836392 0.701447 0.701447 0.701447
46200 61.836392 61.836392 61.836392 0.701447 0.701447 0.701447
46300 61.836392 61.836392 61.836392 0.701447 0.701447 0.701447
46400 61.836392 61.836392 61.836392 0.701447 0.701447 0.701447
46500 61.836392 61.836392 61.836392 0.701447 0.701447 0.701447
46600 61.836392 61.836392 61.836392 0.701447 0.701447 0.701447
46700 61.836392 61.836392 61.836392 0.701447 0.701447 0.701447
46800 61.836392 61.836392 61.836392 0.701447 0.701447 0.701447
46900 61.836392 61.836392 61.836392 0.701447 0.701447 0.701447
47000 61.836392 61.836392 61.836392 0.701447 0.701447 0.701447
47100 61.836392 61.836392 61.836392 0.701447 0.701447 0.701447
47200 61.836392 61.836392 61.836392 0.701447 0.701447 0.701447
47300 61.836392 61.836392 61.836392 0.701447 0.701447 0.701447
47400 61.836392 61.836392 61.836392 0.701447 0.701447 0.701447
47500 61.836392 61.836392 61.836392 0.701447 0.701447 0.701447
47600 61.836392 61.836392 61.836392 0.701447 0.701447 0.701447
47700 61.836392 61.836392 61.836392 0.701447 0.701447 0.701447
47800 61.836392 61.836392 61.836392 0.701447 0.701447 0.701447
47900 61.836392 61.836392 61.836392 0.701447 0.701447 0.701447
48000 61.836392 61.836392 61.836392 0.701447 0.701447 0.701447
48100 61.836392 61.836392 61.836392 0.701447 0.701447 0.701447
48200 61.836392 61.836392 61.836392 0.701447 0.701447 0.701447
48300 61.836392 61.836392 61.836392 0.701447 0.701447 0.701447
48400 61.836392 61.836392 61.836392 0.701447 0.701447 0.701447
48500 61.836392 61.836392 61.836392 0.701447 0.701447 0.701447
48600 61.836392 61.836392 61.836392 0.701447 0.701447 0.701447
48700 61.836392 61.836392 61.836392 0.701447 0.701447 0.701447
48800 61.836392 61.836392 61.836392 0.701447 0.701447 0.701447
48900 61.836392 61.836392 61.836392 0.701447 0.701447 0.701447
49000 61.836392 61.836392 61.836392 0.701447 0.701447 0.701447
49100 61.836392 61.836392 61.836392 0.701447 0.701447 0.701447
49200 61.836392 61.836392 61.836392 0.701447 0.701447 0.701447
49300 61.836392 61.836392 61.836392 0.701447 0.701447 0.701447
49400 61.836392 61.836392 61.836392 0.701447 0.701447 0.701447
49500 61.836392 61.836392 61.836392 0.701447 0.701447 0.701447
49600 61.836392 61.836392 61.836392 0.701447 0.701447 0.701447
49700 61.836392 61.836392 61.836392 0.701447 0.701447 0.701447
49800 61.836392 61.836392 61.836392 0.701447 0.701447 0.701447
49900 61.836392 61.836392 61.836392 0.701447 0.701447 0.701447
50000 61.836392 61.836392 61.836392 0.701447 0.701447 0.701447
50100 61.836392 61.836392 61.836392 0.701447 0.701447 0.701447
50200 61.836392 61.836392 61.836392 0.701447 0.701447 0.701447
50300 61.836392 61.836392 61.836392 0.701447 0.701447 0.701447
50400 61.836392 61.836392 61.836392 0.701447 0.701447 0.701447
50500 61.836392 61.836392 61.836392 0.701447 0.701447 0.701447
50600 61.836392 61.836392 61.836392 0.701447 0.701447 0.701447
50700 61.836392 61.836392 61.836392 0.701447 0.701447 0.701447
50800 61.836392 61.836392 61.836392 0.701447 0.701447 0.701447
50900 61.836392 61.836392 61.836392 0.701447 0.701447 0.701447
51000 61.836392 61.836392 61.836392 0.701447 0.701447 0.701447
51100 61.836392 61.836392 61.836392 0.701447 0.701447 0.701447
51200 61.836392 61.836392 61.836392 0.701447 0.701447 0.701447
51300 61.836392 61.836392 61.836392 0.701447 0.701447 0.701447
51400 61.836392 61.836392 61.836392 0.701447 0.701447 0.701447
51500 61.836392 61.836392 61.836392 0.701447 0.701447 0.701447
51600 61.836392 61.836392 61.836392 0.701447 0.701447 0.701447
51700 61.836392 61.836392 61.836392 0.701447 0.701447 0.701447
51800 61.836392 61.836392 61.836392 0.701447 0.701447 0.701447
51900 61.836392 61.836392 61.836392 0.701447 0.701447 0.701447
52000 61.836392 61.836392 61.836392 0.701447 0.701447 0.701447
52100 61.836392 61.836392 61.836392 0.701447 0.701447 0.701447
52200 61.836392 61.836392 61.836392 0.701447 0.701447 0.701447
52300 61.836392 61.836392 61.836392 0.701447 0.701447 0.701447
52400 61.836392 61.836392 61.836392 0.701447 0.701447 0.701447
52500 61.836392 61.836392 61.836392 0.701447 0.701447 0.701447
52600 61.836392 61.836392 61.836392 0.701447 0.701447 0.701447
52700 61.836392 61.836392 61.836392 0.701447 0.701447 0.701447
52800 61.836392 61.836392 61.836392 0.701447 0.701447 0.701447
52900 61.836392 61.836392 61.836392 0.701447 0.701447 0.701447
53000 61.836392 61.836392 61.836392 0.701447 0.701447 0.701447
53100 61.836392 61.836392 61.836392 0.701447 0.701447 0.701447
53200 61.836392 61.836392 61.836392 0.701447 0.701447 0.701447
53300 61.836392 61.836392 61.836392 0.701447 0.701447 0.701447
53400 61.836392 61.836392 61.836392 0.701447 0.701447 0.701447
53500 61.836392 61.836392 61.836392 0.701447 0.701447 0.701447
53600 61.836392 61.836392 61.836392 0.701447 0.701447 0.701447
53700 61.836392 61.836392 61.836392 0.701447 0.701447 0.701447
53800 61.836392 61.836392 61.836392 0.701447 0.701447 0.701447
53900 61.836392 61.836392 61.836392 0.701447 0.701447 0.701447
54000 61.836392 61.836392 61.836392 0.701447 0.701447 0.701447
54100 61.836392 61.836392 61.836392 0.701447 0.701447 0.701447
54200 61.836392 61.836392 61.836392 0.701447 0.701447 0.701447
54300 61.836392 61.836392 61.836392 0.701447 0.701447 0.701447
54400 61.836392 61.836392 61.836392 0.701447 0.701447 0.701447
54500 61.836392 61.836392 61.836392 0.701447 0.701447 0.701447
54600 61.836392 61.836392 61.836392 0.701447 0.701447 0.701447
54700 61.836392 61.836392 61.836392 0.701447 0.701447 0.701447
54800 61.836392 61.836392 61.836392 0.701447 0.701447 0.701447
54900 61.836392 61.836392 61.836392 0.701447 0.701447 0.701447
55000 61.836392 61.836392 61.836392 0.701447 0.701447 0.701447
55100 61.836392 61.836392 61.836392 0.701447 0.701447 0.701447
55200 61.836392 61.836392 61.836392 0.701447 0.701447 0.701447
55300 61.836392 61.836392 61.836392 0.701447 0.701447 0.701447
55400 61.836392 61.836392 61.836392 0.701447 0.701447 0.701447
55500 61.836392 61.836392 61.836392 0.701447 0.701447 0.701447
55600 61.836392 61.836392 61.836392 0.701447 0.701447 0.701447
55700 61.836392 61.836392 61.836392 0.701447 0.701447 0.701447
55800 61.836392 61.836392 61.836392 0.701447 0.701447 0.701447
55900 61.836392 61.836392 61.836392 0.701447 0.701447 0.701447
56000 61.836392 61.836392 61.836392 0.701447 0.701447 0.701447
56100 61.836392 61.836392 61.836392 0.701447 0.701447 0.701447
56200 61.836392 61.836392 61.836392 0.701447 0.701447 0.701447
56300 61.836392 61.836392 61.836392 0.701447 0.701447 0.701447
56400 61.836392 61.836392 61.836392 0.701447 0.701447 0.701447
56500 61.836392 61.836392 61.836392 0.701447 0.701447 0.701447
56600 61.836392 61.836392 61.836392 0.701447 0.701447 0.701447
56700 61.836392 61.836392 61.836392 0.701447 0.701447 0.701447
56800 61.836392 61.836392 61.836392 0.701447 0.701447 0.701447
56900 61.836392 61.836392 61.836392 0.701447 0.701447 0.701447
57000 61.836392 61.836392 61.836392 0.701447 0.701447 0.701447
57100 61.836392 61.836392 61.836392 0.701447 0.701447 0.701447
57200 61.836392 61.836392 61.836392 0.701447 0.701447 0.701447
57300 61.836392 61.836392 61.836392 0.701447 0.701447 0.701447
57400 61.836392 61.836392 61.836392 0.701447 0.701447 0.701447
57500 61.836392 61.836392 61.836392 0.701447 0.701447 0.701447
57600 61.836392 61.836392 61.836392 0.701447 0.701447 0.701447
57700 61.836392 61.836392 61.836392 0.701447 0.701447 0.701447
57800 61.836392 61.836392 61.836392 0.701447 0.701447 0.701447
57900 61.836392 61.836392 61.836392 0.701447 0.701447 0.701447
58000 61.836392 61.836392 61.836392 0.701447 0.701447 0.701447
58100 61.836392 61.836392 61.836392 0.701447 0.701447 0.701447
58200 61.836392 61.836392 61.836392 0.701447 0.701447 0.701447
58300 61.836392 61.836392 61.836392 0.701447 0.701447 0.701447
58400 61.836392 61.836392 61.836392 0.701447 0.701447 0.701447
58500 61.836392 61.836392 61.836392 0.701447 0.701447 0.701447
58600 61.836392 61.836392 61.836392 0.701447 0.701447 0.701447
58700 61.836392 61.836392 61.836392 0.701447 0.701447 0.701447
58800 61.836392 61.836392 61.836392 0.701447 0.701447 0.701447
58900 61.836392 61.836392 61.836392 0.701447 0.701447 0.701447
59000 61.836392 61.836392 61.836392 0.701447 0.701447 0.701447
59100 61.836392 61.836392 61.836392 0.701447 0.701447 0.701447
59200 61.836392 61.836392 61.836392 0.701447 0.701447 0.701447
59300 61.836392 61.836392 61.836392 0.701447 0.701447 0.701447
59400 61.836392 61.836392 61.836392 0.701447 0.701447 0.701447
59500 61.836392 61.836392 61.836392 0.701447 0.701447 0.701447
59600 61.836392 61.836392 61.836392 0.701447 0.701447 0.701447
59700 61.836392 61.836392 61.836392 0.701447 0.701447 0.701447
59800 61.836392 61.836392 61.836392 0.701447 0.701447 0.701447
59900 61.836392 61.836392 61.836392 0.701447 0.701447 0.701447
60000 61.836392 61.836392 61.836392 0.701447 0.701447 0.701447
60100 61.836392 61.836392 61.836392 0.701447 0.701447 0.701447
60200 61.836392 61.836392 61.836392 0.701447 0.701447 0.701447
60300 61.836392 61.836392 61.836392 0.701447 0.701447 0.701447
60400 61.836392 61.836392 61.836392 0.701447 0.701447 0.701447
60500 61.836392 61.836392 61.836392 0.701447 0.701447 0.701447
60600 61.836392 61.836392 61.836392 0.701447 0.701447 0.701447
60700 61.836392 61.836392 61.836392 0.701447 0.701447 0.701447
60800 61.836392 61.836392 61.836392 0.701447 0.701447 0.701447
60900 61.836392 61.836392 61.836392 0.701447 0.701447 0.701447
61000 61.836392 61.836392 61.836392 0.701447 0.701447 0.701447
61100 61.836392 61.836392 61.836392 0.701447 0.701447 0.701447
61200 61.836392 61.836392 61.836392 0.701447 0.701447 0.701447
61300 61.836392 61.836392 61.836392 0.701447 0.701447 0.701447
61400 61.836392 61.836392 61.836392 0.701447 0.701447 0.701447
61500 61.836392 61.836392 61.836392 0.701447 0.701447 0.701447
61600 61.836392 61.836392 61.836392 0.701447 0.701447 0.701447
61700 61.836392 61.836392 61.836392 0.701447 0.701447 0.701447
61800 61.836392 61.836392 61.836392 0.701447 0.701447 0.701447
61900 61.836392 61.836392 61.836392 0.701447 0.701447 0.701447
62000 61.836392 61.836392 61.836392 0.701447 0.701447 0.701447
62100 61.836392 61.836392 61.836392 0.701447 0.701447 0.701447
62200 61.836392 61.836392 61.836392 0.701447 0.701447 0.701447
62300 61.836392 61.836392 61.836392 0.701447 0.701447 0.701447
62400 61.836392 61.836392 61.836392 0.701447 0.701447 0.701447
62500 61.836392 61.836392 61.836392 0.701447 0.701447 0.701447
62600 61.836392 61.836392 61.836392 0.701447 0.701447 0.701447
62700 61.836392 61.836392 61.836392 0.701447 0.701447 0.701447
62800 61.836392 61.836392 61.836392 0.701447 0.701447 0.701447
62900 61.836392 61.836392 61.836392 0.701447 0.701447 0.701447
63000 61.836392 61.836392 61.836392 0.701447 0.701447 0.701447
63100 61.836392 61.836392 61.836392 0.701447 0.701447 0.701447
63200 61.836392 61.836392 61.836392 0.701447 0.701447 0.701447
63300 61.836392 61.836392 61.836392 0.701447 0.701447 0.701447
63400 61.836392 61.836392 61.836392 0.701447 0.701447 0.701447
63500 61.836392 61.836392 61.836392 0.701447 0.701447 0.701447
63600 61.836392 61.836392 61.836392 0.701447 0.701447 0.701447
63700 61.836392 61.836392 61.836392 0.701447 0.701447 0.701447
63800 61.836392 61.836392 61.836392 0.701447 0.701447 0.701447
63900 61.836392 61.836392 61.836392 0.701447 0.701447 0.701447
64000 61.836392 61.836392 61.836392 0.701447 0.701447 0.701447
64100 61.836392 61.836392 61.836392 0.701447 0.701447 0.701447
64200 61.836392 61.836392 61.836392 0.701447 0.701447 0.701447
64300 61.836392 61.836392 61.836392 0.701447 0.701447 0.701447
64400 61.836392 61.836392 61.836392 0.701447 0.701447 0.701447
64500 61.836392 61.836392 61.836392 0.701447 0.701447 0.701447
64600 61.836392 61.836392 61.836392 0.701447 0.701447 0.701447
64700 61.836392 61.836392 61.836392 0.701447 0.701447 0.701447
64800 61.836392 61.836392 61.836392 0.701447 0.701447 0.701447
64900 61.836392 61.836392 61.836392 0.701447 0.701447 0.701447
65000 61.836392 61.836392 61.836392 0.701447 0.701447 0.701447
65100 61.836392 61.836392 61.836392 0.701447 0.701447 0.701447
65200 61.836392 61.836392 61.836392 0.701447 0.701447 0.701447
65300 61.836392 61.836392 61.836392 0.701447 0.701447 0.701447
65400 61.836392 61.836392 61.836392 0.701447 0.701447 0.701447
65500 61.836392 61.836392 61.836392 0.701447 0.701447 0.701447
65600 61.836392 61.836392 61.836392 0.701447 0.701447 0.701447
65700 61.836392 61.836392 61.836392 0.701447 0.701447 0.701447
65800 61.836392 61.836392 61.836392 0.701447 0.701447 0.701447
65900 61.836392 61.836392 61.836392 0.701447 0.701447 0.701447
66000 61.836392 61.836392 61.836392 0.701447 0.701447 0.701447
66100 61.836392 61.836392 61.836392 0.701447 0.701447 0.701447
66200 61.836392 61.836392 61.836392 0.701447 0.701447 0.701447
66300 61.836392 61.836392 61.836392 0.701447 0.701447 0.701447
66400 61.836392 61.836392 61.836392 0.701447 0.701447 0.701447
66500 61.836392 61.836392 61.836392 0.701447 0.701447 0.701447
66600 61.836392 61.836392 61.836392 0.701447 0.701447 0.701447
66700 61.836392 61.836392 61.836392 0.701447 0.701447 0.701447
66800 61.836392 61.836392 61.836392 0.701447 0.701447 0.701447
66900 61.836392 61.836392 61.836392 0.701447 0.701447 0.701447
67000 61.836392 61.836392 61.836392 0.701447 0.701447 0.701447
67100 61.836392 61.836392 61.836392 0.701447 0.701447 0.701447
67200 61.836392 61.836392 61.836392 0.701447 0.701447 0.701447
67300 61.836392 61.836392 61.836392 0.701447 0.701447 0.701447
67400 61.836392 61.836392 61.836392 0.701447 0.701447 0.701447
67500 61.836392 61.836392 61.836392 0.701447 0.701447 0.701447
67600 61.836392 61.836392 61.836392 0.701447 0.701447 0.701447
67700 61.836392 61.836392 61.836392 0.701447 0.701447 0.701447
67800 61.836392 61.836392 61.836392 0.701447 0.701447 0.701447
67900 61.836392 61.836392 61.836392 0.701447 0.701447 0.701447
68000 61.836392 61.836392 61.836392 0.701447 0.701447 0.701447
68100 61.836392 61.836392 61.836392 0.701447 0.701447 0.701447
68200 61.836392 61.836392 61.836392 0.701447 0.701447 0.701447
68300 61.836392 61.836392 61.836392 0.701447 0.701447 0.701447
68400 61.836392 61.836392 61.836392 0.701447 0.701447 0.701447
68500 61.836392 61.836392 61.836392 0.701447 0.701447 0.701447
68600 61.836392 61.836392 61.836392 0.701447 0.701447 0.701447
68700 61.836392 61.836392 61.836392 0.701447 0.701447 0.701447
68800 61.836392 61.836392 61.836392 0.701447 0.701447 0.701447
68900 61.836392 61.836392 61.836392 0.701447 0.701447 0.701447
69000 61.836392 61.836392 61.836392 0.701447 0.701447 0.701447
69100 61.836392 61.836392 61.836392 0.701447 0.701447 0.701447
69200 61.836392 61.836392 61.836392 0.701447 0.701447 0.701447
69300 61.836392 61.836392 61.836392 0.701447 0.701447 0.701447
69400 61.836392 61.836392 61.836392 0.701447 0.701447 0.701447
69500 61.836392 61.836392 61.836392 0.701447 0.701447 0.701447
69600 61.836392 61.836392 61.836392 0.701447 0.701447 0.701447
69700 61.836392 61.836392 61.836392 0.701447 0.701447 0.701447
69800 61.836392 61.836392 61.836392 0.701447 0.701447 0.701447
69900 61.836392 61.836392 61.836392 0.701447 0.701447 0.701447
70000 61.836392 61.836392 61.836392 0.701447 0.701447 0.701447
70100 61.836392 61.836392 61.836392 0.701447 0.701447 0.701447
70200 61.836392 61.836392 61.836392 0.701447 0.701447 0.701447
70300 61.836392 61.836392 61.836392 0.701447 0.701447 0.701447
70400 61.836392 61.836392 61.836392 0.701447 0.701447 0.701447
70500 61.836392 61.836392 61.836392 0.701447 0.701447 0.701447
70600 61.836392 61.836392 61.836392 0.701447 0.701447 0.701447
70700 61.836392 61.836392 61.836392 0.701447 0.701447 0.701447
70800 61.836392 61.836392 61.836392 0.701447 0.701447 0.701447
70900 61.836392 61.836392 61.836392 0.701447 0.701447 0.701447
71000 61.836392 61.836392 61.836392 0.701447 0.701447 0.701447
71100 61.836392 61.836392 61.836392 0.701447 0.701447 0.701447
71200 61.836392 61.836392 61.836392 0.701447 0.701447 0.701447
71300 61.836392 61.836392 61.836392 0.701447 0.701447 0.701447
71400 61.836392 61.836392 61.836392 0.701447 0.701447 0.701447
71500 61.836392 61.836392 61.836392 0.701447 0.701447 0.701447
71600 61.836392 61.836392 61.836392 0.701447 0.701447 0.701447
71700 61.836392 61.836392 61.836392 0.701447 0.701447 0.701447
71800 61.836392 61.836392 61.836392 0.701447 0.701447 0.701447
71900 61.836392 61.836392 61.836392 0.701447 0.701447 0.701447
72000 61.836392 61.836392 61.836392 0.701447 0.701447 0.701447
72100 61.836392 61.836392 61.836392 0.701447 0.701447 0.701447
72200 61.836392 61.836392 61.836392 0.701447 0.701447 0.701447
72300 61.836392 61.836392 61.836392 0.701447 0.701447 0.701447
72400 61.836392 61.836392 61.836392 0.701447 0.701447 0.701447
72500 61.836392 61.836392 61.836392 0.701447 0.701447 0.701447
72600 61.836392 61.836392 61.836392 0.701447 0.701447 0.701447
72700 61.836392 61.836392 61.836392 0.701447 0.701447 0.701447
72800 61.836392 61.836392 61.836392 0.701447 0.701447 0.701447
72900 61.836392 61.836392 61.836392 0.701447 0.701447 0.701447
73000 61.836392 61.836392 61.836392 0.701447 0.701447 0.701447
73100 61.836392 61.836392 61.836392 0.701447 0.701447 0.701447
73200 61.836392 61.836392 61.836392 0.701447 0.701447 0.701447
73300 61.836392 61.836392 61.836392 0.701447 0.701447 0.701447
73400 61.836392 61.836392 61.836392 0.701447 0.701447 0.701447
73500 61.836392 61.836392 61.836392 0.701447 0.701447 0.701447
73600 61.836392 61.836392 61.836392 0.701447 0.701447 0.701447
73700 61.836392 61.836392 61.836392 0.701447 0.701447 0.701447
73800 61.836392 61.836392 61.836392 0.701447 0.701447 0.701447
73900 61.836392 61.836392 61.836392 0.701447 0.701447 0.701447
74000 61.836392 61.836392 61.836392 0.701447 0.701447 0.701447
74100 61.836392 61.836392 61.836392 0.701447 0.701447 0.701447
74200 61.836392 61.836392 61.836392 0.701447 0.701447 0.701447
74300 61.836392 61.836392 61.836392 0.701447 0.701447 0.701447
74400 61.836392 61.836392 61.836392 0.701447 0.701447 0.701447
74500 61.836392 61.836392 61.836392 0.701447 0.701447 0.701447
74600 61.836392 61.836392 61.836392 0.701447 0.701447 0.701447
74700 61.836392 61.836392 61.836392 0.701447 0.701447 0.701447
74800 61.836392 61.836392 61.836392 0.701447 0.701447 0.701447
74900 61.836392 61.836392 61.836392 0.701447 0.701447 0.701447
75000 61.836392 61.836392 61.836392 0.701447 0.701447 0.701447
75100 61.836392 61.836392 61.836392 0.701447 0.701447 0.701447
75200 61.836392 61.836392 61.836392 0.701447 0.701447 0.701447
75300 61.836392 61.836392 61.836392 0.701447 0.701447 0.701447
75400 61.836392 61.836392 61.836392 0.701447 0.701447 0.701447
75500 61.836392 61.836392 61.836392 0.701447 0.701447 0.701447
75600 61.836392 61.836392 61.836392 0.701447 0.701447 0.701447
75700 61.836392 61.836392 61.836392 0.701447 0.701447 0.701447
75800 61.836392 61.836392 61.836392 0.701447 0.701447 0.701447
75900 61.836392 61.836392 61.836392 0.701447 0.701447 0.701447
76000 61.836392 61.836392 61.836392 0.701447 0.701447 0.701447
76100 61.836392 61.836392 61.836392 0.701447 0.701447 0.701447
76200 61.836392 61.836392 61.836392 0.701447 0.701447 0.701447
76300 61.836392 61.836392 61.836392 0.701447 0.701447 0.701447
76400 61.836392 61.836392 61.836392 0.701447 0.701447 0.701447
76500 61.836392 61.836392 61.836392 0.701447 0.701447 0.701447
76600 61.836392 61.836392 61.836392 0.701447 0.701447 0.701447
76700 61.836392 61.836392 61.836392 0.701447 0.701447 0.701447
76800 61.836392 61.836392 61.836392 0.701447 0.701447 0.701447
76900 61.836392 61.836392 61.836392 0.701447 0.701447 0.701447
77000 61.836392 61.836392 61.836392 0.701447 0.701447 0.701447
77100 61.836392 61.836392 61.836392 0.701447 0.701447 0.701447
77200 61.836392 61.836392 61.836392 0.701447 0.701447 0.701447
77300 61.836392 61.836392 61.836392 0.701447 0.701447 0.701447
77400 61.836392 61.836392 61.836392 0.701447 0.701447 0.701447
77500 61.836392 61.836392 61.836392 0.701447 0.701447 0.701447
77600 61.836392 61.836392 61.836392 0.701447 0.701447 0.701447
77700 61.836392 61.836392 61.836392 0.701447 0.701447 0.701447
77800 61.836392 61.836392 61.836392 0.701447 0.701447 0.701447
77900 61.836392 61.836392 61.836392 0.701447 0.701447 0.701447
78000 61.836392 61.836392 61.836392 0.701447 0.701447 0.701447
78100 61.836392 61.836392 61.836392 0.701447 0.701447 0.701447
78200 61.836392 61.836392 61.836392 0.701447 0.701447 0.701447
78300 61.836392 61.836392 61.836392 0.701447 0.701447 0.701447
78400 61.836392 61.836392 61.836392 0.701447 0.701447 0.701447
78500 61.836392 61.836392 61.836392 0.701447 0.701447 0.701447
78600 61.836392 61.836392 61.836392 0.701447 0.701447 0.701447
78700 61.836392 61.836392 61.836392 0.701447 0.701447 0.701447
78800 61.836392 61.836392 61.836392 0.701447 0.701447 0.701447
78900 61.836392 61.836392 61.836392 0.701447 0.701447 0.701447
79000 61.836392 61.836392 61.836392 0.701447 0.701447 0.701447
79100 61.836392 61.836392 61.836392 0.701447 0.701447 0.701447
79200 61.836392 61.836392 61.836392 0.701447 0.701447 0.701447
79300 61.836392 61.836392 61.836392 0.701447 0.701447 0.701447
79400 61.836392 61.836392 61.836392 0.701447 0.701447 0.701447
79500 61.836392 61.836392 61.836392 0.701447 0.701447 0.701447
79600 61.836392 61.836392 61.836392 0.701447 0.701447 0.701447
79700 61.836392 61.836392 61.836392 0.701447 0.701447 0.701447
79800 61.836392 61.836392 61.836392 0.701447 0.701447 0.701447
79900 61.836392 61.836392 61.836392 0.701447 0.701447 0.701447
80000 61.836392 61.836392 61.836392 0.701447 0.701447 0.701447
80100 61.836392 61.836392 61.836392 0.701447 0.701447 0.701447
80200 61.836392 61.836392 61.836392 0.701447 0.701447 0.701447
80300 61.836392 61.836392 61.836392 0.701447 0.701447 0.701447
80400 61.836392 61.836392 61.836392 0.701447 0.701447 0.701447
80500 61.836392 61.836392 61.836392 0.701447 0.701447 0.701447
80600 61.836392 61.836392 61.836392 0.701447 0.701447 0.701447
80700 61.836392 61.836392 61.836392 0.701447 0.701447 0.701447
80800 61.836392 61.836392 61.836392 0.701447 0.701447 0.701447
80900 61.836392 61.836392 61.836392 0.701447 0.701447 0.701447
81000 61.836392 61.836392 61.836392 0.701447 0.701447 0.701447
81100 61.836392 61.836392 61.836392 0.701447 0.701447 0.701447
81200 61.836392 61.836392 61.836392 0.701447 0.701447 0.701447
81300 61.836392 61.836392 61.836392 0.701447 0.701447 0.701447
81400 61.836392 61.836392 61.836392 0.701447 0.701447 0.701447
81500 61.836392 61.836392 61.836392 0.701447 0.701447 0.701447
81600 61.836392 61.836392 61.836392 0.701447 0.701447 0.701447
81700 61.836392 61.836392 61.836392 0.701447 0.701447 0.701447
81800 61.836392 61.836392 61.836392 0.701447 0.701447 0.701447
81900 61.836392 61.836392 61.836392 0.701447 0.701447 0.701447
82000 61.836392 61.836392 61.836392 0.701447 0.701447 0.701447
82100 61.836392 61.836392 61.836392 0.701447 0.701447 0.701447
82200 61.836392 61.836392 61.836392 0.701447 0.701447 0.701447
82300 61.836392 61.836392 61.836392 0.701447 0.701447 0.701447
82400 61.836392 61.836392 61.836392 0.701447 0.701447 0.701447
82500 61.836392 61.836392 61.836392 0.701447 0.701447 0.701447
82600 61.836392 61.836392 61.836392 0.701447 0.701447 0.701447
82700 61.836392 61.836392 61.836392 0.701447 0.701447 0.701447
82800 61.836392 61.836392 61.836392 0.701447 0.701447 0.701447
82900 61.836392 61.836392 61.836392 0.701447 0.701447 0.701447
83000 61.836392 61.836392 61.836392 0.701447 0.701447 0.701447
83100 61.836392 61.836392 61.836392 0.701447 0.701447 0.701447
83200 61.836392 61.836392 61.836392 0.701447 0.701447 0.701447
83300 61.836392 61.836392 61.836392 0.701447 0.701447 0.701447
83400 61.836392 61.836392 61.836392 0.701447 0.701447 0.701447
83500 61.836392 61.836392 61.836392 0.701447 0.701447 0.701447
83600 61.836392 61.836392 61.836392 0.701447 0.701447 0.701447
83700 61.836392 61.836392 61.836392 0.701447 0.701447 0.701447
83800 61.836392 61.836392 61.836392 0.701447 0.701447 0.701447
83900 61.836392 61.836392 61.836392 0.701447 0.701447 0.701447
84000 61.836392 61.836392 61.836392 0.701447 0.701447 0.701447
84100 61.836392 61.836392 61.836392 0.701447 0.701447 0.701447
84200 61.836392 61.836392 61.836392 0.701447 0.701447 0.701447
84300 61.836392 61.836392 61.836392 0.701447 0.701447 0.701447
84400 61.836392 61.836392 61.836392 0.701447 0.701447 0.701447
84500 61.836392 61.836392 61.836392 0.701447 0.701447 0.701447
84600 61.836392 61.836392 61.836392 0.701447 0.701447 0.701447
84700 61.836392 61.836392 61.836392 0.701447 0.701447 0.701447
84800 61.836392 61.836392 61.836392 0.701447 0.701447 0.701447
84900 61.836392 61.836392 61.836392 0.701447 0.701447 0.701447
85000 61.836392 61.836392 61.836392 0.701447 0.701447 0.701447
85100 61.836392 61.836392 61.836392 0.701447 0.701447 0.701447
85200 61.836392 61.836392 61.836392 0.701447 0.701447 0.701447
85300 61.836392 61.836392 61.836392 0.701447 0.701447 0.701447
85400 61.836392 61.836392 61.836392 0.701447 0.701447 0.701447
85500 61.836392 61.836392 61.836392 0.701447 0.701447 0.701447
85600 61.836392 61.836392 61.836392 0.701447 0.701447 0.701447
85700 61.836392 61.836392 61.836392 0.701447 0.701447 0.701447
85800 61.836392 61.836392 61.836392 0.701447 0.701447 0.701447
85900 61.836392 61.836392 61.836392 0.701447 0.701447 0.701447
86000 61.836392 61.836392 61.836392 0.701447 0.701447 0.701447
86100 61.836392 61.836392 61.836392 0.701447 0.701447 0.701447
86200 61.836392 61.836392 61.836392 0.701447 0.701447 0.701447
86300 61.836392 61.836392 61.836392 0.701447 0.701447 0.701447
86400 61.836392 61.836392 61.836392 0.701447 0.701447 0.701447
86500 61.836392 61.836392 61.836392 0.701447 0.701447 0.701447
86600 61.836392 61.836392 61.836392 0.701447 0.701447 0.701447
86700 61.836392 61.836392 61.836392 0.701447 0.701447 0.701447
86800 61.836392 61.836392 61.836392 0.701447 0.701447 0.701447
86900 61.836392 61.836392 61.836392 0.701447 0.701447 0.701447
87000 61.836392 61.836392 61.836392 0.701447 0.701447 0.701447
87100 61.836392 61.836392 61.836392 0.701447 0.701447 0.701447
87200 61.836392 61.836392 61.836392 0.701447 0.701447 0.701447
87300 61.836392 61.836392 61.836392 0.701447 0.701447 0.701447
87400 61.836392 61.836392 61.836392 0.701447 0.701447 0.701447
87500 61.836392 61.836392 61.836392 0.701447 0.701447 0.701447
87600 61.836392 61.836392 61.836392 0.701447 0.701447 0.701447
87700 61.836392 61.836392 61.836392 0.701447 0.701447 0.701447
87800 61.836392 61.836392 61.836392 0.701447 0.701447 0.701447
87900 61.836392 61.836392 61.836392 0.701447 0.701447 0.701447
88000 61.836392 61.836392 61.836392 0.701447 0.701447 0.701447
88100 61.836392 61.836392 61.836392 0.701447 0.701447 0.701447
88200 61.836392 61.836392 61.836392 0.701447 0.701447 0.701447
88300 61.836392 61.836392 61.836392 0.701447 0.701447 0.701447
88400 61.836392 61.836392 61.836392 0.701447 0.701447 0.701447
88500 61.836392 61.836392 61.836392 0.701447 0.701447 0.701447
88600 61.836392 61.836392 61.836392 0.701447 0.701447 0.701447
88700 61.836392 61.836392 61.836392 0.701447 0.701447 0.701447
88800 61.836392 61.836392 61.836392 0.701447 0.701447 0.701447
88900 61.836392 61.836392 61.836392 0.701447 0.701447 0.701447
89000 61.836392 61.836392 61.836392 0.701447 0.701447 0.701447
89100 61.836392 61.836392 61.836392 0.701447 0.701447 0.701447
89200 61.836392 61.836392 61.836392 0.701447 0.701447 0.701447
89300 61.836392 61.836392 61.836392 0.701447 0.701447 0.701447
89400 61.836392 61.836392 61.836392 0.701447 0.701447 0.701447
89500 61.836392 61.836392 61.836392 0.701447 0.701447 0.701447
89600 61.836392 61.836392 61.836392 0.701447 0.701447 0.701447
89700 61.836392 61.836392 61.836392 0.701447 0.701447 0.701447
89800 61.836392 61.836392 61.836392 0.701447 0.701447 0.701447
89900 61.836392 61.836392 61.836392 0.701447 0.701447 0.701447
90000 61.836392 61.836392 61.836392 0.701447 0.701447 0.701447
90100 61.836392 61.836392 61.836392 0.701447 0.701447 0.701447
90200 61.836392 61.836392 61.836392 0.701447 0.701447 0.701447
90300 61.836392 61.836392 61.836392 0.701447 0.701447 0.701447
90400 61.836392 61.836392 61.836392 0.701447 0.701447 0.701447
90500 61.836392 61.836392 61.836392 0.701447 0.701447 0.701447
90600 61.836392 61.836392 61.836392 0.701447 0.701447 0.701447
90700 61.836392 61.836392 61.836392 0.701447 0.701447 0.701447
90800 61.836392 61.836392 61.836392 0.701447 0.701447 0.701447
90900 61.836392 61.836392 61.836392 0.701447 0.701447 0.701447
91000 61.836392 61.836392 61.836392 0.701447 0.701447 0.701447
91100 61.836392 61.836392 61.836392 0.701447 0.701447 0.701447
91200 61.836392 61.836392 61.836392 0.701447 0.701447 0.701447
91300 61.836392 61.836392 61.836392 0.701447 0.701447 0.701447
91400 61.836392 61.836392 61.836392 0.701447 0.701447 0.701447
91500 61.836392 61.836392 61.836392 0.701447 0.701447 0.701447
91600 61.836392 61.836392 61.836392 0.701447 0.701447 0.701447
91700 61.836392 61.836392 61.836392 0.701447 0.701447 0.701447
91800 61.836392 61.836392 61.836392 0.701447 0.701447 0.701447
91900 61.836392 61.836392 61.836392 0.701447 0.701447 0.701447
92000 61.836392 61.836392 61.836392 0.701447 0.701447 0.701447
92100 61.836392 61.836392 61.836392 0.701447 0.701447 0.701447
92200 61.836392 61.836392 61.836392 0.701447 0.701447 0.701447
92300 61.836392 61.836392 61.836392 0.701447 0.701447 0.701447
92400 61.836392 61.836392 61.836392 0.701447 0.701447 0.701447
92500 61.836392 61.836392 61.836392 0.701447 0.701447 0.701447
92600 61.836392 61.836392 61.836392 0.701447 0.701447 0.701447
92700 61.836392 61.836392 61.836392 0.701447 0.701447 0.701447
92800 61.836392 61.836392 61.836392 0.701447 0.701447 0.701447
92900 61.836392 61.836392 61.836392 0.701447 0.701447 0.701447
93000 61.836392 61.836392 61.836392 0.701447 0.701447 0.701447
93100 61.836392 61.836392 61.836392 0.701447 0.701447 0.701447
93200 61.836392 61.836392 61.836392 0.701447 0.701447 0.701447
93300 61.836392 61.836392 61.836392 0.701447 0.701447 0.701447
93400 61.836392 61.836392 61.836392 0.701447 0.701447 0.701447
93500 61.836392 61.836392 61.836392 0.701447 0.701447 0.701447
93600 61.836392 61.836392 61.836392 0.701447 0.701447 0.701447
93700 61.836392 61.836392 61.836392 0.701447 0.701447 0.701447
93800 61.836392 61.836392 61.836392 0.701447 0.701447 0.701447
93900 61.836392 61.836392 61.836392 0.701447 0.701447 0.701447
94000 61.836392 61.836392 61.836392 0.701447 0.701447 0.701447
94100 61.836392 61.836392 61.836392 0.701447 0.701447 0.701447
94200 61.836392 61.836392 61.836392 0.701447 0.701447 0.701447
94300 61.836392 61.836392 61.836392 0.701447 0.701447 0.701447
94400 61.836392 61.836392 61.836392 0.701447 0.701447 0.701447
94500 61.836392 61.836392 61.836392 0.701447 0.701447 0.701447
94600 61.836392 61.836392 61.836392 0.701447 0.701447 0.701447
94700 61.836392 61.836392 61.836392 0.701447 0.701447 0.701447
94800 61.836392 61.836392 61.836392 0.701447 0.701447 0.701447
94900 61.836392 61.836392 61.836392 0.701447 0.701447 0.701447
95000 61.836392 61.836392 61.836392 0.701447 0.701447 0.701447
95100 61.836392 61.836392 61.836392 0.701447 0.701447 0.701447
95200 61.836392 61.836392 61.836392 0.701447 0.701447 0.701447
95300 61.836392 61.836392 61.836392 0.701447 0.701447 0.701447
95400 61.836392 61.836392 61.836392 0.701447 0.701447 0.701447
95500 61.836392 61.836392 61.836392 0.701447 0.701447 0.701447
95600 61.836392 61.836392 61.836392 0.701447 0.701447 0.701447
95700 61.836392 61.836392 61.836392 0.701447 0.701447 0.701447
95800 61.836392 61.836392 61.836392 0.701447 0.701447 0.701447
95900 61.836392 61.836392 61.836392 0.701447 0.701447 0.701447
96000 61.836392 61.836392 61.836392 0.701447 0.701447 0.701447
96100 61.836392 61.836392 61.836392 0.701447 0.701447 0.701447
96200 61.836392 61.836392 61.836392 0.701447 0.701447 0.701447
96300 61.836392 61.836392 61.836392 0.701447 0.701447 0.701447
96400 61.836392 61.836392 61.836392 0.701447 0.701447 0.701447
96500 61.836392 61.836392 61.836392 0.701447 0.701447 0.701447
96600 61.836392 61.836392 61.836392 0.701447 0.701447 0.701447
96700 61.836392 61.836392 61.836392 0.701447 0.701447 0.701447
96800 61.836392 61.836392 61.836392 0.701447 0.701447 0.701447
96900 61.836392 61.836392 61.836392 0.701447 0.701447 0.701447
97000 61.836392 61.836392 61.836392 0.701447 0.701447 0.701447
97100 61.836392 61.836392 61.836392 0.701447 0.701447 0.701447
97200 61.836392 61.836392 61.836392 0.701447 0.701447 0.701447
97300 61.836392 61.836392 61.836392 0.701447 0.701447 0.701447
97400 61.836392 61.836392 61.836392 0.701447 0.701447 0.701447
97500 61.836392 61.836392 61.836392 0.701447 0.701447 0.701447
97600 61.836392 61.836392 61.836392 0.701447 0.701447 0.701447
97700 61.836392 61.836392 61.836392 0.701447 0.701447 0.701447
97800 61.836392 61.836392 61.836392 0.701447 0.701447 0.701447
97900 61.836392 61.836392 61.836392 0.701447 0.701447 0.701447
98000 61.836392 61.836392 61.836392 0.701447 0.701447 0.701447
98100 61.836392 61.836392 61.836392 0.701447 0.701447 0.701447
98200 61.836392 61.836392 61.836392 0.701447 0.701447 0.701447
98300 61.836392 61.836392 61.836392 0.701447 0.701447 0.701447
98400 61.836392 61.836392 61.836392 0.701447 0.701447 0.701447
98500 61.836392 61.836392 61.836392 0.701447 0.701447 0.701447
98600 61.836392 61.836392 61.836392 0.701447 0.701447 0.701447
98700 61.836392 61.836392 61.836392 0.701447 0.701447 0.701447
98800 61.836392 61.836392 61.836392 0.701447 0.701447 0.701447
98900 61.836392 61.836392 61.836392 0.701447 0.701447 0.701447
99000 61.836392 61.836392 61.836392 0.701447 0.701447 0.701447
99100 61.836392 61.836392 61.836392 0.701447 0.701447 0.701447
99200 61.836392 61.836392 61.836392 0.701447 0.701447 0.701447
99300 61.836392 61.836392 61.836392 0.701447 0.701447 0.701447
99400 61.836392 61.836392 61.836392 0.701447 0.701447 0.701447
99500 61.836392 61.836392 61.836392 0.701447 0.701447 0.701447
99600 61.836392 61.836392 61.836392 0.701447 0.701447 0.701447
99700 61.836392 61.836392 61.836392 0.701447 0.701447 0.701447
99800 61.836392 61.836392 61.836392 0.701447 0.701447 0.701447
99900 61.836392 61.836392 61.836392 0.701447 0.701447 0.701447
100000 61.910673 61.910673 61.910673 0.718158 0.718158 0.718158
