# generation power_min power_avg power_max util_min util_avg util_max
1 30.778343 17.253250 30.778343 0.861652 1.283127 1.498029
10 20.738993 17.253250 20.738993 0.861652 1.248270 1.496305
20 20.738993 17.620375 20.738993 0.821110 1.202996 1.491555
30 20.738993 17.961882 20.738993 0.821110 1.167621 1.451301
40 20.738993 17.980807 20.738993 0.821110 1.132110 1.388216
50 14.862977 17.647471 20.738993 0.821110 1.099553 1.349440
60 14.862977 17.680404 20.414174 0.821110 1.075709 1.287945
70 14.862977 17.687983 20.414174 0.771045 1.046946 1.249914
80 14.862977 17.627131 20.414174 0.771045 1.021219 1.215572
90 14.611043 17.462781 20.414174 0.771045 1.002814 1.179238
100 14.611043 17.274127 20.414174 0.771045 0.988346 1.179238
110 14.611043 17.019389 19.614874 0.771045 0.973156 1.179238
120 14.192256 16.866474 19.460726 0.771045 0.959471 1.179238
130 14.175090 16.599308 18.974937 0.771045 0.953487 1.095038
140 14.150629 16.343233 18.478350 0.771045 0.944822 1.095038
150 13.320436 16.047796 18.075676 0.784864 0.937441 1.066162
160 13.320436 15.811136 17.660582 0.784864 0.935038 1.061877
170 13.320436 15.542041 17.281197 0.768371 0.925597 1.053703
180 13.320436 15.275823 16.929406 0.768371 0.919610 1.044051
190 13.103804 15.023811 16.691835 0.768371 0.913482 1.039916
200 12.868681 14.761936 16.299280 0.768371 0.910792 1.005203
210 12.858085 14.485758 15.969239 0.768513 0.908981 1.003444
220 12.350254 14.224964 15.637554 0.768513 0.907716 1.003444
230 12.350254 13.965151 15.315719 0.688851 0.898782 1.003444
240 12.350254 13.768501 15.072358 0.688851 0.890433 1.000699
250 12.350254 13.561782 14.862977 0.688851 0.881597 1.000699
260 12.350254 13.353158 14.518810 0.688851 0.875442 1.000699
270 12.350254 13.177302 14.175090 0.688851 0.867013 1.000699
280 12.323960 13.036802 13.931646 0.688851 0.860620 1.000699
290 12.304166 12.912125 13.741857 0.688851 0.857662 1.000699
300 12.286020 12.796518 13.502876 0.688851 0.852735 0.994997
310 12.181532 12.705375 13.251268 0.688851 0.854732 0.984097
320 12.115795 12.618619 13.092249 0.688851 0.852164 0.984097
330 12.115231 12.544531 12.919416 0.748741 0.857145 0.984097
340 11.939667 12.481764 12.781509 0.748741 0.863212 0.984097
350 11.939103 12.420251 12.743562 0.748741 0.861307 0.984097
360 11.855238 12.357678 12.712442 0.748741 0.858222 0.984097
370 11.773723 12.297097 12.636847 0.748741 0.858727 0.984097
380 11.773723 12.250401 12.579508 0.748741 0.855419 0.984097
390 11.603214 12.195708 12.466576 0.748741 0.854641 0.976885
400 11.579961 12.150605 12.405334 0.748741 0.857102 0.976885
410 11.579961 12.101200 12.350254 0.748741 0.861558 0.976885
420 11.526651 12.049808 12.329991 0.756074 0.869740 0.978226
430 11.378200 11.987404 12.242949 0.756074 0.871729 0.978226
440 11.378200 11.936565 12.222475 0.756074 0.873358 0.978226
450 11.288900 11.867828 12.191941 0.784052 0.876462 0.978226
460 11.288900 11.808328 12.132996 0.784052 0.878901 0.978226
470 11.288900 11.744776 12.113618 0.793503 0.880933 1.001245
480 11.179959 11.681251 12.024889 0.793503 0.876524 1.001245
490 11.113562 11.616753 11.958664 0.793503 0.878215 1.001245
500 10.869300 11.540398 11.924414 0.793503 0.877278 1.001245
510 10.836350 11.470127 11.844142 0.793503 0.873773 1.001245
520 10.828171 11.405901 11.764648 0.793503 0.875353 1.001245
530 10.664220 11.337277 11.691841 0.793503 0.875873 1.001245
540 10.664220 11.272316 11.603214 0.793503 0.872248 1.001245
550 10.664220 11.212999 11.556414 0.793503 0.874674 1.001245
560 10.664048 11.148014 11.487563 0.793503 0.875985 1.001245
570 10.616031 11.091845 11.391279 0.789558 0.875170 0.950813
580 10.616031 11.037059 11.373581 0.789558 0.873127 0.950813
590 10.580976 10.980608 11.321585 0.789558 0.870990 0.950813
600 10.449118 10.914952 11.286823 0.789558 0.869610 0.950813
610 10.447852 10.854375 11.178211 0.789558 0.867204 0.950813
620 10.447852 10.796109 11.119690 0.789558 0.866342 0.950813
630 10.440492 10.739885 11.073453 0.789558 0.862413 0.950813
640 10.426986 10.687682 10.958165 0.789558 0.857890 0.950813
650 10.297581 10.636143 10.889726 0.789558 0.857217 0.950813
660 10.297581 10.598644 10.836350 0.789558 0.856663 0.950813
670 10.297581 10.561976 10.798999 0.789558 0.857292 0.915187
680 10.297581 10.526285 10.740261 0.789558 0.857744 0.915187
690 10.297581 10.496456 10.664048 0.789558 0.856308 0.914065
700 10.297581 10.472108 10.664048 0.789558 0.856593 0.914065
710 10.297581 10.449881 10.598504 0.822976 0.857198 0.914065
720 10.295127 10.430435 10.544104 0.822976 0.854867 0.914065
730 10.293862 10.415483 10.482068 0.842392 0.852781 0.914065
740 10.260912 10.402377 10.451572 0.811000 0.847550 0.913817
750 10.260912 10.391451 10.449118 0.811000 0.848434 0.913817
760 10.260912 10.379976 10.449118 0.810752 0.847817 0.913817
770 10.260912 10.365794 10.449118 0.810666 0.847674 0.913817
780 10.260912 10.351649 10.447852 0.810666 0.848620 0.913817
790 10.260912 10.335868 10.447852 0.810666 0.848925 0.913817
800 10.260445 10.319387 10.440492 0.810666 0.847089 0.913817
810 10.260445 10.307838 10.341104 0.810666 0.843924 0.882425
820 10.257990 10.300177 10.341104 0.810666 0.841481 0.882425
830 10.257990 10.292136 10.341104 0.810666 0.838331 0.882425
840 10.257990 10.284439 10.339839 0.810666 0.835887 0.882425
850 10.257990 10.276471 10.339839 0.810666 0.832713 0.882425
860 10.257990 10.269419 10.297581 0.810666 0.828754 0.882425
870 10.257990 10.265762 10.295127 0.810666 0.821655 0.882425
880 10.257990 10.262203 10.293862 0.810666 0.814546 0.882425
890 10.257990 10.260356 10.262177 0.810752 0.810997 0.811101
900 10.257990 10.260045 10.262177 0.810752 0.811028 0.811101
910 10.257990 10.259740 10.260912 0.811000 0.811040 0.811101
920 10.257990 10.259477 10.260912 0.811000 0.811049 0.811101
930 10.257990 10.259185 10.260912 0.811000 0.811059 0.811101
940 10.257990 10.258893 10.260912 0.811000 0.811069 0.811101
950 10.257990 10.258600 10.260912 0.811000 0.811080 0.811101
960 10.257990 10.258308 10.260912 0.811000 0.811090 0.811101
970 10.257990 10.258040 10.260445 0.811015 0.811099 0.811101
980 10.257990 10.257990 10.257990 0.811101 0.811101 0.811101
990 10.257990 10.257990 10.257990 0.811101 0.811101 0.811101
1000 10.257990 10.257990 10.257990 0.811101 0.811101 0.811101
1010 10.257990 10.257990 10.257990 0.811101 0.811101 0.811101
1020 10.257990 10.257990 10.257990 0.811101 0.811101 0.811101
1030 10.257990 10.257990 10.257990 0.811101 0.811101 0.811101
1040 10.257990 10.257990 10.257990 0.811101 0.811101 0.811101
1050 10.257990 10.257990 10.257990 0.811101 0.811101 0.811101
1060 10.257990 10.257990 10.257990 0.811101 0.811101 0.811101
1070 10.257990 10.257990 10.257990 0.811101 0.811101 0.811101
1080 10.257990 10.257990 10.257990 0.811101 0.811101 0.811101
1090 10.257990 10.257990 10.257990 0.811101 0.811101 0.811101
1100 10.257990 10.257990 10.257990 0.811101 0.811101 0.811101
1110 10.257990 10.257990 10.257990 0.811101 0.811101 0.811101
1120 10.257990 10.257990 10.257990 0.811101 0.811101 0.811101
1130 10.257990 10.257990 10.257990 0.811101 0.811101 0.811101
1140 10.257990 10.257990 10.257990 0.811101 0.811101 0.811101
1150 10.257990 10.257990 10.257990 0.811101 0.811101 0.811101
1160 10.257990 10.257990 10.257990 0.811101 0.811101 0.811101
1170 10.257990 10.257990 10.257990 0.811101 0.811101 0.811101
1180 10.257990 10.257990 10.257990 0.811101 0.811101 0.811101
1190 10.257990 10.257990 10.257990 0.811101 0.811101 0.811101
1200 10.257990 10.257990 10.257990 0.811101 0.811101 0.811101
1210 10.257990 10.257990 10.257990 0.811101 0.811101 0.811101
1220 10.257990 10.257990 10.257990 0.811101 0.811101 0.811101
1230 10.257990 10.257990 10.257990 0.811101 0.811101 0.811101
1240 10.257990 10.257990 10.257990 0.811101 0.811101 0.811101
1250 10.257990 10.257990 10.257990 0.811101 0.811101 0.811101
1260 10.257990 10.257990 10.257990 0.811101 0.811101 0.811101
1270 10.257990 10.257990 10.257990 0.811101 0.811101 0.811101
1280 10.257990 10.257990 10.257990 0.811101 0.811101 0.811101
1290 10.257990 10.257990 10.257990 0.811101 0.811101 0.811101
1300 10.257990 10.257990 10.257990 0.811101 0.811101 0.811101
1310 10.257990 10.257990 10.257990 0.811101 0.811101 0.811101
1320 10.257990 10.257990 10.257990 0.811101 0.811101 0.811101
1330 10.257990 10.257990 10.257990 0.811101 0.811101 0.811101
1340 10.257990 10.257990 10.257990 0.811101 0.811101 0.811101
1350 10.257990 10.257990 10.257990 0.811101 0.811101 0.811101
1360 10.257990 10.257990 10.257990 0.811101 0.811101 0.811101
1370 10.257990 10.257990 10.257990 0.811101 0.811101 0.811101
1380 10.257990 10.257990 10.257990 0.811101 0.811101 0.811101
1390 10.257990 10.257990 10.257990 0.811101 0.811101 0.811101
1400 10.257990 10.257990 10.257990 0.811101 0.811101 0.811101
1410 10.257990 10.257990 10.257990 0.811101 0.811101 0.811101
1420 10.257990 10.257990 10.257990 0.811101 0.811101 0.811101
1430 10.257990 10.257990 10.257990 0.811101 0.811101 0.811101
1440 10.257990 10.257990 10.257990 0.811101 0.811101 0.811101
1450 10.257990 10.257990 10.257990 0.811101 0.811101 0.811101
1460 10.257990 10.257990 10.257990 0.811101 0.811101 0.811101
1470 10.257990 10.257990 10.257990 0.811101 0.811101 0.811101
1480 10.257990 10.257990 10.257990 0.811101 0.811101 0.811101
1490 10.257990 10.257990 10.257990 0.811101 0.811101 0.811101
1500 10.257990 10.257990 10.257990 0.811101 0.811101 0.811101
1510 10.257990 10.257990 10.257990 0.811101 0.811101 0.811101
1520 10.257990 10.257990 10.257990 0.811101 0.811101 0.811101
1530 10.257990 10.257990 10.257990 0.811101 0.811101 0.811101
1540 10.257990 10.257990 10.257990 0.811101 0.811101 0.811101
1550 10.257990 10.257990 10.257990 0.811101 0.811101 0.811101
1560 10.257990 10.257990 10.257990 0.811101 0.811101 0.811101
1570 10.257990 10.257990 10.257990 0.811101 0.811101 0.811101
1580 10.257990 10.257990 10.257990 0.811101 0.811101 0.811101
1590 10.257990 10.257990 10.257990 0.811101 0.811101 0.811101
1600 10.257990 10.257990 10.257990 0.811101 0.811101 0.811101
1610 10.257990 10.257990 10.257990 0.811101 0.811101 0.811101
1620 10.257990 10.257990 10.257990 0.811101 0.811101 0.811101
1630 10.257990 10.257990 10.257990 0.811101 0.811101 0.811101
1640 10.257990 10.257990 10.257990 0.811101 0.811101 0.811101
1650 10.257990 10.257990 10.257990 0.811101 0.811101 0.811101
1660 10.257990 10.257990 10.257990 0.811101 0.811101 0.811101
1670 10.257990 10.257990 10.257990 0.811101 0.811101 0.811101
1680 10.257990 10.257990 10.257990 0.811101 0.811101 0.811101
1690 10.257990 10.257990 10.257990 0.811101 0.811101 0.811101
1700 10.257990 10.257990 10.257990 0.811101 0.811101 0.811101
1710 10.257990 10.257990 10.257990 0.811101 0.811101 0.811101
1720 10.257990 10.257990 10.257990 0.811101 0.811101 0.811101
1730 10.257990 10.257990 10.257990 0.811101 0.811101 0.811101
1740 10.257990 10.257990 10.257990 0.811101 0.811101 0.811101
1750 10.257990 10.257990 10.257990 0.811101 0.811101 0.811101
1760 10.257990 10.257990 10.257990 0.811101 0.811101 0.811101
1770 10.257990 10.257990 10.257990 0.811101 0.811101 0.811101
1780 10.257990 10.257990 10.257990 0.811101 0.811101 0.811101
1790 10.257990 10.257990 10.257990 0.811101 0.811101 0.811101
1800 10.257990 10.257990 10.257990 0.811101 0.811101 0.811101
1810 10.257990 10.257990 10.257990 0.811101 0.811101 0.811101
1820 10.257990 10.257990 10.257990 0.811101 0.811101 0.811101
1830 10.257990 10.257990 10.257990 0.811101 0.811101 0.811101
1840 10.257990 10.257990 10.257990 0.811101 0.811101 0.811101
1850 10.257990 10.257990 10.257990 0.811101 0.811101 0.811101
1860 10.257990 10.257990 10.257990 0.811101 0.811101 0.811101
1870 10.257990 10.257990 10.257990 0.811101 0.811101 0.811101
1880 10.257990 10.257990 10.257990 0.811101 0.811101 0.811101
1890 10.257990 10.257990 10.257990 0.811101 0.811101 0.811101
1900 10.257990 10.257990 10.257990 0.811101 0.811101 0.811101
1910 10.257990 10.257990 10.257990 0.811101 0.811101 0.811101
1920 10.257990 10.257990 10.257990 0.811101 0.811101 0.811101
1930 10.257990 10.257990 10.257990 0.811101 0.811101 0.811101
1940 10.257990 10.257990 10.257990 0.811101 0.811101 0.811101
1950 10.257990 10.257990 10.257990 0.811101 0.811101 0.811101
1960 10.257990 10.257990 10.257990 0.811101 0.811101 0.811101
1970 10.257990 10.257990 10.257990 0.811101 0.811101 0.811101
1980 10.257990 10.257990 10.257990 0.811101 0.811101 0.811101
1990 10.257990 10.257990 10.257990 0.811101 0.811101 0.811101
2000 10.257990 10.257990 10.257990 0.811101 0.811101 0.811101
2010 10.257990 10.257990 10.257990 0.811101 0.811101 0.811101
2020 10.257990 10.257990 10.257990 0.811101 0.811101 0.811101
2030 10.257990 10.257990 10.257990 0.811101 0.811101 0.811101
2040 10.257990 10.257990 10.257990 0.811101 0.811101 0.811101
2050 10.257990 10.257990 10.257990 0.811101 0.811101 0.811101
2060 10.257990 10.257990 10.257990 0.811101 0.811101 0.811101
2070 10.257990 10.257990 10.257990 0.811101 0.811101 0.811101
2080 10.257990 10.257990 10.257990 0.811101 0.811101 0.811101
2090 10.257990 10.257990 10.257990 0.811101 0.811101 0.811101
2100 10.257990 10.257990 10.257990 0.811101 0.811101 0.811101
2110 10.257990 10.257990 10.257990 0.811101 0.811101 0.811101
2120 10.257990 10.257990 10.257990 0.811101 0.811101 0.811101
2130 10.257990 10.257990 10.257990 0.811101 0.811101 0.811101
2140 10.257990 10.257990 10.257990 0.811101 0.811101 0.811101
2150 10.257990 10.257990 10.257990 0.811101 0.811101 0.811101
2160 10.257990 10.257990 10.257990 0.811101 0.811101 0.811101
2170 10.257990 10.257990 10.257990 0.811101 0.811101 0.811101
2180 10.257990 10.257990 10.257990 0.811101 0.811101 0.811101
2190 10.257990 10.257990 10.257990 0.811101 0.811101 0.811101
2200 10.257990 10.257990 10.257990 0.811101 0.811101 0.811101
2210 10.257990 10.257990 10.257990 0.811101 0.811101 0.811101
2220 10.257990 10.257990 10.257990 0.811101 0.811101 0.811101
2230 10.257990 10.257990 10.257990 0.811101 0.811101 0.811101
2240 10.257990 10.257990 10.257990 0.811101 0.811101 0.811101
2250 10.257990 10.257990 10.257990 0.811101 0.811101 0.811101
2260 10.257990 10.257990 10.257990 0.811101 0.811101 0.811101
2270 10.257990 10.257990 10.257990 0.811101 0.811101 0.811101
2280 10.257990 10.257990 10.257990 0.811101 0.811101 0.811101
2290 10.257990 10.257990 10.257990 0.811101 0.811101 0.811101
2300 10.257990 10.257990 10.257990 0.811101 0.811101 0.811101
2310 10.257990 10.257990 10.257990 0.811101 0.811101 0.811101
2320 10.257990 10.257990 10.257990 0.811101 0.811101 0.811101
2330 10.257990 10.257990 10.257990 0.811101 0.811101 0.811101
2340 10.257990 10.257990 10.257990 0.811101 0.811101 0.811101
2350 10.257990 10.257990 10.257990 0.811101 0.811101 0.811101
2360 10.257990 10.257990 10.257990 0.811101 0.811101 0.811101
2370 10.257990 10.257990 10.257990 0.811101 0.811101 0.811101
2380 10.257990 10.257990 10.257990 0.811101 0.811101 0.811101
2390 10.257990 10.257990 10.257990 0.811101 0.811101 0.811101
2400 10.257990 10.257990 10.257990 0.811101 0.811101 0.811101
2410 10.257990 10.257990 10.257990 0.811101 0.811101 0.811101
2420 10.257990 10.257990 10.257990 0.811101 0.811101 0.811101
2430 10.257990 10.257990 10.257990 0.811101 0.811101 0.811101
2440 10.257990 10.257990 10.257990 0.811101 0.811101 0.811101
2450 10.257990 10.257990 10.257990 0.811101 0.811101 0.811101
2460 10.257990 10.257990 10.257990 0.811101 0.811101 0.811101
2470 10.257990 10.257990 10.257990 0.811101 0.811101 0.811101
2480 10.257990 10.257990 10.257990 0.811101 0.811101 0.811101
2490 10.257990 10.257990 10.257990 0.811101 0.811101 0.811101
2500 10.257990 10.257990 10.257990 0.811101 0.811101 0.811101
2510 10.257990 10.257990 10.257990 0.811101 0.811101 0.811101
2520 10.257990 10.257990 10.257990 0.811101 0.811101 0.811101
2530 10.257990 10.257990 10.257990 0.811101 0.811101 0.811101
2540 10.257990 10.257990 10.257990 0.811101 0.811101 0.811101
2550 10.257990 10.257990 10.257990 0.811101 0.811101 0.811101
2560 10.257990 10.257990 10.257990 0.811101 0.811101 0.811101
2570 10.257990 10.257990 10.257990 0.811101 0.811101 0.811101
2580 10.257990 10.257990 10.257990 0.811101 0.811101 0.811101
2590 10.257990 10.257990 10.257990 0.811101 0.811101 0.811101
2600 10.257990 10.257990 10.257990 0.811101 0.811101 0.811101
2610 10.257990 10.257990 10.257990 0.811101 0.811101 0.811101
2620 10.257990 10.257990 10.257990 0.811101 0.811101 0.811101
2630 10.257990 10.257990 10.257990 0.811101 0.811101 0.811101
2640 10.257990 10.257990 10.257990 0.811101 0.811101 0.811101
2650 10.257990 10.257990 10.257990 0.811101 0.811101 0.811101
2660 10.257990 10.257990 10.257990 0.811101 0.811101 0.811101
2670 10.257990 10.257990 10.257990 0.811101 0.811101 0.811101
2680 10.257990 10.257990 10.257990 0.811101 0.811101 0.811101
2690 10.257990 10.257990 10.257990 0.811101 0.811101 0.811101
2700 10.257990 10.257990 10.257990 0.811101 0.811101 0.811101
2710 10.257990 10.257990 10.257990 0.811101 0.811101 0.811101
2720 10.257990 10.257990 10.257990 0.811101 0.811101 0.811101
2730 10.257990 10.257990 10.257990 0.811101 0.811101 0.811101
2740 10.257990 10.257990 10.257990 0.811101 0.811101 0.811101
2750 10.257990 10.257990 10.257990 0.811101 0.811101 0.811101
2760 10.257990 10.257990 10.257990 0.811101 0.811101 0.811101
2770 10.257990 10.257990 10.257990 0.811101 0.811101 0.811101
2780 10.257990 10.257990 10.257990 0.811101 0.811101 0.811101
2790 10.257990 10.257990 10.257990 0.811101 0.811101 0.811101
2800 10.257990 10.257990 10.257990 0.811101 0.811101 0.811101
2810 10.257990 10.257990 10.257990 0.811101 0.811101 0.811101
2820 10.257990 10.257990 10.257990 0.811101 0.811101 0.811101
2830 10.257990 10.257990 10.257990 0.811101 0.811101 0.811101
2840 10.257990 10.257990 10.257990 0.811101 0.811101 0.811101
2850 10.257990 10.257990 10.257990 0.811101 0.811101 0.811101
2860 10.257990 10.257990 10.257990 0.811101 0.811101 0.811101
2870 10.257990 10.257990 10.257990 0.811101 0.811101 0.811101
2880 10.257990 10.257990 10.257990 0.811101 0.811101 0.811101
2890 10.257990 10.257990 10.257990 0.811101 0.811101 0.811101
2900 10.257990 10.257990 10.257990 0.811101 0.811101 0.811101
2910 10.257990 10.257990 10.257990 0.811101 0.811101 0.811101
2920 10.257990 10.257990 10.257990 0.811101 0.811101 0.811101
2930 10.257990 10.257990 10.257990 0.811101 0.811101 0.811101
2940 10.257990 10.257990 10.257990 0.811101 0.811101 0.811101
2950 10.257990 10.257990 10.257990 0.811101 0.811101 0.811101
2960 10.257990 10.257990 10.257990 0.811101 0.811101 0.811101
2970 10.257990 10.257990 10.257990 0.811101 0.811101 0.811101
2980 10.257990 10.257990 10.257990 0.811101 0.811101 0.811101
2990 10.257990 10.257990 10.257990 0.811101 0.811101 0.811101
3000 10.257990 10.257990 10.257990 0.811101 0.811101 0.811101
3010 10.257990 10.257990 10.257990 0.811101 0.811101 0.811101
3020 10.257990 10.257990 10.257990 0.811101 0.811101 0.811101
3030 10.257990 10.257990 10.257990 0.811101 0.811101 0.811101
3040 10.257990 10.257990 10.257990 0.811101 0.811101 0.811101
3050 10.257990 10.257990 10.257990 0.811101 0.811101 0.811101
3060 10.257990 10.257990 10.257990 0.811101 0.811101 0.811101
3070 10.257990 10.257990 10.257990 0.811101 0.811101 0.811101
3080 10.257990 10.257990 10.257990 0.811101 0.811101 0.811101
3090 10.257990 10.257990 10.257990 0.811101 0.811101 0.811101
3100 10.257990 10.257990 10.257990 0.811101 0.811101 0.811101
3110 10.257990 10.257990 10.257990 0.811101 0.811101 0.811101
3120 10.257990 10.257990 10.257990 0.811101 0.811101 0.811101
3130 10.257990 10.257990 10.257990 0.811101 0.811101 0.811101
3140 10.257990 10.257990 10.257990 0.811101 0.811101 0.811101
3150 10.257990 10.257990 10.257990 0.811101 0.811101 0.811101
3160 10.257990 10.257990 10.257990 0.811101 0.811101 0.811101
3170 10.257990 10.257990 10.257990 0.811101 0.811101 0.811101
3180 10.257990 10.257990 10.257990 0.811101 0.811101 0.811101
3190 10.257990 10.257990 10.257990 0.811101 0.811101 0.811101
3200 10.257990 10.257990 10.257990 0.811101 0.811101 0.811101
3210 10.257990 10.257990 10.257990 0.811101 0.811101 0.811101
3220 10.257990 10.257990 10.257990 0.811101 0.811101 0.811101
3230 10.257990 10.257990 10.257990 0.811101 0.811101 0.811101
3240 10.257990 10.257990 10.257990 0.811101 0.811101 0.811101
3250 10.257990 10.257990 10.257990 0.811101 0.811101 0.811101
3260 10.257990 10.257990 10.257990 0.811101 0.811101 0.811101
3270 10.257990 10.257990 10.257990 0.811101 0.811101 0.811101
3280 10.257990 10.257990 10.257990 0.811101 0.811101 0.811101
3290 10.257990 10.257990 10.257990 0.811101 0.811101 0.811101
3300 10.257990 10.257990 10.257990 0.811101 0.811101 0.811101
3310 10.257990 10.257990 10.257990 0.811101 0.811101 0.811101
3320 10.257990 10.257990 10.257990 0.811101 0.811101 0.811101
3330 10.257990 10.257990 10.257990 0.811101 0.811101 0.811101
3340 10.257990 10.257990 10.257990 0.811101 0.811101 0.811101
3350 10.257990 10.257990 10.257990 0.811101 0.811101 0.811101
3360 10.257990 10.257990 10.257990 0.811101 0.811101 0.811101
3370 10.257990 10.257990 10.257990 0.811101 0.811101 0.811101
3380 10.257990 10.257990 10.257990 0.811101 0.811101 0.811101
3390 10.257990 10.257990 10.257990 0.811101 0.811101 0.811101
3400 10.257990 10.257990 10.257990 0.811101 0.811101 0.811101
3410 10.257990 10.257990 10.257990 0.811101 0.811101 0.811101
3420 10.257990 10.257990 10.257990 0.811101 0.811101 0.811101
3430 10.257990 10.257990 10.257990 0.811101 0.811101 0.811101
3440 10.257990 10.257990 10.257990 0.811101 0.811101 0.811101
3450 10.257990 10.257990 10.257990 0.811101 0.811101 0.811101
3460 10.257990 10.257990 10.257990 0.811101 0.811101 0.811101
3470 10.257990 10.257990 10.257990 0.811101 0.811101 0.811101
3480 10.257990 10.257990 10.257990 0.811101 0.811101 0.811101
3490 10.257990 10.257990 10.257990 0.811101 0.811101 0.811101
3500 10.257990 10.257990 10.257990 0.811101 0.811101 0.811101
3510 10.257990 10.257990 10.257990 0.811101 0.811101 0.811101
3520 10.257990 10.257990 10.257990 0.811101 0.811101 0.811101
3530 10.257990 10.257990 10.257990 0.811101 0.811101 0.811101
3540 10.257990 10.257990 10.257990 0.811101 0.811101 0.811101
3550 10.257990 10.257990 10.257990 0.811101 0.811101 0.811101
3560 10.257990 10.257990 10.257990 0.811101 0.811101 0.811101
3570 10.257990 10.257990 10.257990 0.811101 0.811101 0.811101
3580 10.257990 10.257990 10.257990 0.811101 0.811101 0.811101
3590 10.257990 10.257990 10.257990 0.811101 0.811101 0.811101
3600 10.257990 10.257990 10.257990 0.811101 0.811101 0.811101
3610 10.257990 10.257990 10.257990 0.811101 0.811101 0.811101
3620 10.257990 10.257990 10.257990 0.811101 0.811101 0.811101
3630 10.257990 10.257990 10.257990 0.811101 0.811101 0.811101
3640 10.257990 10.257990 10.257990 0.811101 0.811101 0.811101
3650 10.257990 10.257990 10.257990 0.811101 0.811101 0.811101
3660 10.257990 10.257990 10.257990 0.811101 0.811101 0.811101
3670 10.257990 10.257990 10.257990 0.811101 0.811101 0.811101
3680 10.257990 10.257990 10.257990 0.811101 0.811101 0.811101
3690 10.257990 10.257990 10.257990 0.811101 0.811101 0.811101
3700 10.257990 10.257990 10.257990 0.811101 0.811101 0.811101
3710 10.257990 10.257990 10.257990 0.811101 0.811101 0.811101
3720 10.257990 10.257990 10.257990 0.811101 0.811101 0.811101
3730 10.257990 10.257990 10.257990 0.811101 0.811101 0.811101
3740 10.257990 10.257990 10.257990 0.811101 0.811101 0.811101
3750 10.257990 10.257990 10.257990 0.811101 0.811101 0.811101
3760 10.257990 10.257990 10.257990 0.811101 0.811101 0.811101
3770 10.257990 10.257990 10.257990 0.811101 0.811101 0.811101
3780 10.257990 10.257990 10.257990 0.811101 0.811101 0.811101
3790 10.257990 10.257990 10.257990 0.811101 0.811101 0.811101
3800 10.257990 10.257990 10.257990 0.811101 0.811101 0.811101
3810 10.257990 10.257990 10.257990 0.811101 0.811101 0.811101
3820 10.257990 10.257990 10.257990 0.811101 0.811101 0.811101
3830 10.257990 10.257990 10.257990 0.811101 0.811101 0.811101
3840 10.257990 10.257990 10.257990 0.811101 0.811101 0.811101
3850 10.257990 10.257990 10.257990 0.811101 0.811101 0.811101
3860 10.257990 10.257990 10.257990 0.811101 0.811101 0.811101
3870 10.257990 10.257990 10.257990 0.811101 0.811101 0.811101
3880 10.257990 10.257990 10.257990 0.811101 0.811101 0.811101
3890 10.257990 10.257990 10.257990 0.811101 0.811101 0.811101
3900 10.257990 10.257990 10.257990 0.811101 0.811101 0.811101
3910 10.257990 10.257990 10.257990 0.811101 0.811101 0.811101
3920 10.257990 10.257990 10.257990 0.811101 0.811101 0.811101
3930 10.257990 10.257990 10.257990 0.811101 0.811101 0.811101
3940 10.257990 10.257990 10.257990 0.811101 0.811101 0.811101
3950 10.257990 10.257990 10.257990 0.811101 0.811101 0.811101
3960 10.257990 10.257990 10.257990 0.811101 0.811101 0.811101
3970 10.257990 10.257990 10.257990 0.811101 0.811101 0.811101
3980 10.257990 10.257990 10.257990 0.811101 0.811101 0.811101
3990 10.257990 10.257990 10.257990 0.811101 0.811101 0.811101
4000 10.257990 10.257990 10.257990 0.811101 0.811101 0.811101
4010 10.257990 10.257990 10.257990 0.811101 0.811101 0.811101
4020 10.257990 10.257990 10.257990 0.811101 0.811101 0.811101
4030 10.257990 10.257990 10.257990 0.811101 0.811101 0.811101
4040 10.257990 10.257990 10.257990 0.811101 0.811101 0.811101
4050 10.257990 10.257990 10.257990 0.811101 0.811101 0.811101
4060 10.257990 10.257990 10.257990 0.811101 0.811101 0.811101
4070 10.257990 10.257990 10.257990 0.811101 0.811101 0.811101
4080 10.257990 10.257990 10.257990 0.811101 0.811101 0.811101
4090 10.257990 10.257990 10.257990 0.811101 0.811101 0.811101
4100 10.257990 10.257990 10.257990 0.811101 0.811101 0.811101
4110 10.257990 10.257990 10.257990 0.811101 0.811101 0.811101
4120 10.257990 10.257990 10.257990 0.811101 0.811101 0.811101
4130 10.257990 10.257990 10.257990 0.811101 0.811101 0.811101
4140 10.257990 10.257990 10.257990 0.811101 0.811101 0.811101
4150 10.257990 10.257990 10.257990 0.811101 0.811101 0.811101
4160 10.257990 10.257990 10.257990 0.811101 0.811101 0.811101
4170 10.257990 10.257990 10.257990 0.811101 0.811101 0.811101
4180 10.257990 10.257990 10.257990 0.811101 0.811101 0.811101
4190 10.257990 10.257990 10.257990 0.811101 0.811101 0.811101
4200 10.257990 10.257990 10.257990 0.811101 0.811101 0.811101
4210 10.257990 10.257990 10.257990 0.811101 0.811101 0.811101
4220 10.257990 10.257990 10.257990 0.811101 0.811101 0.811101
4230 10.257990 10.257990 10.257990 0.811101 0.811101 0.811101
4240 10.257990 10.257990 10.257990 0.811101 0.811101 0.811101
4250 10.257990 10.257990 10.257990 0.811101 0.811101 0.811101
4260 10.257990 10.257990 10.257990 0.811101 0.811101 0.811101
4270 10.257990 10.257990 10.257990 0.811101 0.811101 0.811101
4280 10.257990 10.257990 10.257990 0.811101 0.811101 0.811101
4290 10.257990 10.257990 10.257990 0.811101 0.811101 0.811101
4300 10.257990 10.257990 10.257990 0.811101 0.811101 0.811101
4310 10.257990 10.257990 10.257990 0.811101 0.811101 0.811101
4320 10.257990 10.257990 10.257990 0.811101 0.811101 0.811101
4330 10.257990 10.257990 10.257990 0.811101 0.811101 0.811101
4340 10.257990 10.257990 10.257990 0.811101 0.811101 0.811101
4350 10.257990 10.257990 10.257990 0.811101 0.811101 0.811101
4360 10.257990 10.257990 10.257990 0.811101 0.811101 0.811101
4370 10.257990 10.257990 10.257990 0.811101 0.811101 0.811101
4380 10.257990 10.257990 10.257990 0.811101 0.811101 0.811101
4390 10.257990 10.257990 10.257990 0.811101 0.811101 0.811101
4400 10.257990 10.257990 10.257990 0.811101 0.811101 0.811101
4410 10.257990 10.257990 10.257990 0.811101 0.811101 0.811101
4420 10.257990 10.257990 10.257990 0.811101 0.811101 0.811101
4430 10.257990 10.257990 10.257990 0.811101 0.811101 0.811101
4440 10.257990 10.257990 10.257990 0.811101 0.811101 0.811101
4450 10.257990 10.257990 10.257990 0.811101 0.811101 0.811101
4460 10.257990 10.257990 10.257990 0.811101 0.811101 0.811101
4470 10.257990 10.257990 10.257990 0.811101 0.811101 0.811101
4480 10.257990 10.257990 10.257990 0.811101 0.811101 0.811101
4490 10.257990 10.257990 10.257990 0.811101 0.811101 0.811101
4500 10.257990 10.257990 10.257990 0.811101 0.811101 0.811101
4510 10.257990 10.257990 10.257990 0.811101 0.811101 0.811101
4520 10.257990 10.257990 10.257990 0.811101 0.811101 0.811101
4530 10.257990 10.257990 10.257990 0.811101 0.811101 0.811101
4540 10.257990 10.257990 10.257990 0.811101 0.811101 0.811101
4550 10.257990 10.257990 10.257990 0.811101 0.811101 0.811101
4560 10.257990 10.257990 10.257990 0.811101 0.811101 0.811101
4570 10.257990 10.257990 10.257990 0.811101 0.811101 0.811101
4580 10.257990 10.257990 10.257990 0.811101 0.811101 0.811101
4590 10.257990 10.257990 10.257990 0.811101 0.811101 0.811101
4600 10.257990 10.257990 10.257990 0.811101 0.811101 0.811101
4610 10.257990 10.257990 10.257990 0.811101 0.811101 0.811101
4620 10.257990 10.257990 10.257990 0.811101 0.811101 0.811101
4630 10.257990 10.257990 10.257990 0.811101 0.811101 0.811101
4640 10.257990 10.257990 10.257990 0.811101 0.811101 0.811101
4650 10.257990 10.257990 10.257990 0.811101 0.811101 0.811101
4660 10.257990 10.257990 10.257990 0.811101 0.811101 0.811101
4670 10.257990 10.257990 10.257990 0.811101 0.811101 0.811101
4680 10.257990 10.257990 10.257990 0.811101 0.811101 0.811101
4690 10.257990 10.257990 10.257990 0.811101 0.811101 0.811101
4700 10.257990 10.257990 10.257990 0.811101 0.811101 0.811101
4710 10.257990 10.257990 10.257990 0.811101 0.811101 0.811101
4720 10.257990 10.257990 10.257990 0.811101 0.811101 0.811101
4730 10.257990 10.257990 10.257990 0.811101 0.811101 0.811101
4740 10.257990 10.257990 10.257990 0.811101 0.811101 0.811101
4750 10.257990 10.257990 10.257990 0.811101 0.811101 0.811101
4760 10.257990 10.257990 10.257990 0.811101 0.811101 0.811101
4770 10.257990 10.257990 10.257990 0.811101 0.811101 0.811101
4780 10.257990 10.257990 10.257990 0.811101 0.811101 0.811101
4790 10.257990 10.257990 10.257990 0.811101 0.811101 0.811101
4800 10.257990 10.257990 10.257990 0.811101 0.811101 0.811101
4810 10.257990 10.257990 10.257990 0.811101 0.811101 0.811101
4820 10.257990 10.257990 10.257990 0.811101 0.811101 0.811101
4830 10.257990 10.257990 10.257990 0.811101 0.811101 0.811101
4840 10.257990 10.257990 10.257990 0.811101 0.811101 0.811101
4850 10.257990 10.257990 10.257990 0.811101 0.811101 0.811101
4860 10.257990 10.257990 10.257990 0.811101 0.811101 0.811101
4870 10.257990 10.257990 10.257990 0.811101 0.811101 0.811101
4880 10.257990 10.257990 10.257990 0.811101 0.811101 0.811101
4890 10.257990 10.257990 10.257990 0.811101 0.811101 0.811101
4900 10.257990 10.257990 10.257990 0.811101 0.811101 0.811101
4910 10.257990 10.257990 10.257990 0.811101 0.811101 0.811101
4920 10.257990 10.257990 10.257990 0.811101 0.811101 0.811101
4930 10.257990 10.257990 10.257990 0.811101 0.811101 0.811101
4940 10.257990 10.257990 10.257990 0.811101 0.811101 0.811101
4950 10.257990 10.257990 10.257990 0.811101 0.811101 0.811101
4960 10.257990 10.257990 10.257990 0.811101 0.811101 0.811101
4970 10.257990 10.257990 10.257990 0.811101 0.811101 0.811101
4980 10.257990 10.257990 10.257990 0.811101 0.811101 0.811101
4990 10.257990 10.257990 10.257990 0.811101 0.811101 0.811101
5000 10.257990 10.257990 10.257990 0.811101 0.811101 0.811101
5010 10.257990 10.257990 10.257990 0.811101 0.811101 0.811101
5020 10.257990 10.257990 10.257990 0.811101 0.811101 0.811101
5030 10.257990 10.257990 10.257990 0.811101 0.811101 0.811101
5040 10.257990 10.257990 10.257990 0.811101 0.811101 0.811101
5050 10.257990 10.257990 10.257990 0.811101 0.811101 0.811101
5060 10.257990 10.257990 10.257990 0.811101 0.811101 0.811101
5070 10.257990 10.257990 10.257990 0.811101 0.811101 0.811101
5080 10.257990 10.257990 10.257990 0.811101 0.811101 0.811101
5090 10.257990 10.257990 10.257990 0.811101 0.811101 0.811101
5100 10.257990 10.257990 10.257990 0.811101 0.811101 0.811101
5110 10.257990 10.257990 10.257990 0.811101 0.811101 0.811101
5120 10.257990 10.257990 10.257990 0.811101 0.811101 0.811101
5130 10.257990 10.257990 10.257990 0.811101 0.811101 0.811101
5140 10.257990 10.257990 10.257990 0.811101 0.811101 0.811101
5150 10.257990 10.257990 10.257990 0.811101 0.811101 0.811101
5160 10.257990 10.257990 10.257990 0.811101 0.811101 0.811101
5170 10.257990 10.257990 10.257990 0.811101 0.811101 0.811101
5180 10.257990 10.257990 10.257990 0.811101 0.811101 0.811101
5190 10.257990 10.257990 10.257990 0.811101 0.811101 0.811101
5200 10.257990 10.257990 10.257990 0.811101 0.811101 0.811101
5210 10.257990 10.257990 10.257990 0.811101 0.811101 0.811101
5220 10.257990 10.257990 10.257990 0.811101 0.811101 0.811101
5230 10.257990 10.257990 10.257990 0.811101 0.811101 0.811101
5240 10.257990 10.257990 10.257990 0.811101 0.811101 0.811101
5250 10.257990 10.257990 10.257990 0.811101 0.811101 0.811101
5260 10.257990 10.257990 10.257990 0.811101 0.811101 0.811101
5270 10.257990 10.257990 10.257990 0.811101 0.811101 0.811101
5280 10.257990 10.257990 10.257990 0.811101 0.811101 0.811101
5290 10.257990 10.257990 10.257990 0.811101 0.811101 0.811101
5300 10.257990 10.257990 10.257990 0.811101 0.811101 0.811101
5310 10.257990 10.257990 10.257990 0.811101 0.811101 0.811101
5320 10.257990 10.257990 10.257990 0.811101 0.811101 0.811101
5330 10.257990 10.257990 10.257990 0.811101 0.811101 0.811101
5340 10.257990 10.257990 10.257990 0.811101 0.811101 0.811101
5350 10.257990 10.257990 10.257990 0.811101 0.811101 0.811101
5360 10.257990 10.257990 10.257990 0.811101 0.811101 0.811101
5370 10.257990 10.257990 10.257990 0.811101 0.811101 0.811101
5380 10.257990 10.257990 10.257990 0.811101 0.811101 0.811101
5390 10.257990 10.257990 10.257990 0.811101 0.811101 0.811101
5400 10.257990 10.257990 10.257990 0.811101 0.811101 0.811101
5410 10.257990 10.257990 10.257990 0.811101 0.811101 0.811101
5420 10.257990 10.257990 10.257990 0.811101 0.811101 0.811101
5430 10.257990 10.257990 10.257990 0.811101 0.811101 0.811101
5440 10.257990 10.257990 10.257990 0.811101 0.811101 0.811101
5450 10.257990 10.257990 10.257990 0.811101 0.811101 0.811101
5460 10.257990 10.257990 10.257990 0.811101 0.811101 0.811101
5470 10.257990 10.257990 10.257990 0.811101 0.811101 0.811101
5480 10.257990 10.257990 10.257990 0.811101 0.811101 0.811101
5490 10.257990 10.257990 10.257990 0.811101 0.811101 0.811101
5500 10.257990 10.257990 10.257990 0.811101 0.811101 0.811101
5510 10.257990 10.257990 10.257990 0.811101 0.811101 0.811101
5520 10.257990 10.257990 10.257990 0.811101 0.811101 0.811101
5530 10.257990 10.257990 10.257990 0.811101 0.811101 0.811101
5540 10.257990 10.257990 10.257990 0.811101 0.811101 0.811101
5550 10.257990 10.257990 10.257990 0.811101 0.811101 0.811101
5560 10.257990 10.257990 10.257990 0.811101 0.811101 0.811101
5570 10.257990 10.257990 10.257990 0.811101 0.811101 0.811101
5580 10.257990 10.257990 10.257990 0.811101 0.811101 0.811101
5590 10.257990 10.257990 10.257990 0.811101 0.811101 0.811101
5600 10.257990 10.257990 10.257990 0.811101 0.811101 0.811101
5610 10.257990 10.257990 10.257990 0.811101 0.811101 0.811101
5620 10.257990 10.257990 10.257990 0.811101 0.811101 0.811101
5630 10.257990 10.257990 10.257990 0.811101 0.811101 0.811101
5640 10.257990 10.257990 10.257990 0.811101 0.811101 0.811101
5650 10.257990 10.257990 10.257990 0.811101 0.811101 0.811101
5660 10.257990 10.257990 10.257990 0.811101 0.811101 0.811101
5670 10.257990 10.257990 10.257990 0.811101 0.811101 0.811101
5680 10.257990 10.257990 10.257990 0.811101 0.811101 0.811101
5690 10.257990 10.257990 10.257990 0.811101 0.811101 0.811101
5700 10.257990 10.257990 10.257990 0.811101 0.811101 0.811101
5710 10.257990 10.257990 10.257990 0.811101 0.811101 0.811101
5720 10.257990 10.257990 10.257990 0.811101 0.811101 0.811101
5730 10.257990 10.257990 10.257990 0.811101 0.811101 0.811101
5740 10.257990 10.257990 10.257990 0.811101 0.811101 0.811101
5750 10.257990 10.257990 10.257990 0.811101 0.811101 0.811101
5760 10.257990 10.257990 10.257990 0.811101 0.811101 0.811101
5770 10.257990 10.257990 10.257990 0.811101 0.811101 0.811101
5780 10.257990 10.257990 10.257990 0.811101 0.811101 0.811101
5790 10.257990 10.257990 10.257990 0.811101 0.811101 0.811101
5800 10.257990 10.257990 10.257990 0.811101 0.811101 0.811101
5810 10.257990 10.257990 10.257990 0.811101 0.811101 0.811101
5820 10.257990 10.257990 10.257990 0.811101 0.811101 0.811101
5830 10.257990 10.257990 10.257990 0.811101 0.811101 0.811101
5840 10.257990 10.257990 10.257990 0.811101 0.811101 0.811101
5850 10.257990 10.257990 10.257990 0.811101 0.811101 0.811101
5860 10.257990 10.257990 10.257990 0.811101 0.811101 0.811101
5870 10.257990 10.257990 10.257990 0.811101 0.811101 0.811101
5880 10.257990 10.257990 10.257990 0.811101 0.811101 0.811101
5890 10.257990 10.257990 10.257990 0.811101 0.811101 0.811101
5900 10.257990 10.257990 10.257990 0.811101 0.811101 0.811101
5910 10.257990 10.257990 10.257990 0.811101 0.811101 0.811101
5920 10.257990 10.257990 10.257990 0.811101 0.811101 0.811101
5930 10.257990 10.257990 10.257990 0.811101 0.811101 0.811101
5940 10.257990 10.257990 10.257990 0.811101 0.811101 0.811101
5950 10.257990 10.257990 10.257990 0.811101 0.811101 0.811101
5960 10.257990 10.257990 10.257990 0.811101 0.811101 0.811101
5970 10.257990 10.257990 10.257990 0.811101 0.811101 0.811101
5980 10.257990 10.257990 10.257990 0.811101 0.811101 0.811101
5990 10.257990 10.257990 10.257990 0.811101 0.811101 0.811101
6000 10.257990 10.257990 10.257990 0.811101 0.811101 0.811101
6010 10.257990 10.257990 10.257990 0.811101 0.811101 0.811101
6020 10.257990 10.257990 10.257990 0.811101 0.811101 0.811101
6030 10.257990 10.257990 10.257990 0.811101 0.811101 0.811101
6040 10.257990 10.257990 10.257990 0.811101 0.811101 0.811101
6050 10.257990 10.257990 10.257990 0.811101 0.811101 0.811101
6060 10.257990 10.257990 10.257990 0.811101 0.811101 0.811101
6070 10.257990 10.257990 10.257990 0.811101 0.811101 0.811101
6080 10.257990 10.257990 10.257990 0.811101 0.811101 0.811101
6090 10.257990 10.257990 10.257990 0.811101 0.811101 0.811101
6100 10.257990 10.257990 10.257990 0.811101 0.811101 0.811101
6110 10.257990 10.257990 10.257990 0.811101 0.811101 0.811101
6120 10.257990 10.257990 10.257990 0.811101 0.811101 0.811101
6130 10.257990 10.257990 10.257990 0.811101 0.811101 0.811101
6140 10.257990 10.257990 10.257990 0.811101 0.811101 0.811101
6150 10.257990 10.257990 10.257990 0.811101 0.811101 0.811101
6160 10.257990 10.257990 10.257990 0.811101 0.811101 0.811101
6170 10.257990 10.257990 10.257990 0.811101 0.811101 0.811101
6180 10.257990 10.257990 10.257990 0.811101 0.811101 0.811101
6190 10.257990 10.257990 10.257990 0.811101 0.811101 0.811101
6200 10.257990 10.257990 10.257990 0.811101 0.811101 0.811101
6210 10.257990 10.257990 10.257990 0.811101 0.811101 0.811101
6220 10.257990 10.257990 10.257990 0.811101 0.811101 0.811101
6230 10.257990 10.257990 10.257990 0.811101 0.811101 0.811101
6240 10.257990 10.257990 10.257990 0.811101 0.811101 0.811101
6250 10.257990 10.257990 10.257990 0.811101 0.811101 0.811101
6260 10.257990 10.257990 10.257990 0.811101 0.811101 0.811101
6270 10.257990 10.257990 10.257990 0.811101 0.811101 0.811101
6280 10.257990 10.257990 10.257990 0.811101 0.811101 0.811101
6290 10.257990 10.257990 10.257990 0.811101 0.811101 0.811101
6300 10.257990 10.257990 10.257990 0.811101 0.811101 0.811101
6310 10.257990 10.257990 10.257990 0.811101 0.811101 0.811101
6320 10.257990 10.257990 10.257990 0.811101 0.811101 0.811101
6330 10.257990 10.257990 10.257990 0.811101 0.811101 0.811101
6340 10.257990 10.257990 10.257990 0.811101 0.811101 0.811101
6350 10.257990 10.257990 10.257990 0.811101 0.811101 0.811101
6360 10.257990 10.257990 10.257990 0.811101 0.811101 0.811101
6370 10.257990 10.257990 10.257990 0.811101 0.811101 0.811101
6380 10.257990 10.257990 10.257990 0.811101 0.811101 0.811101
6390 10.257990 10.257990 10.257990 0.811101 0.811101 0.811101
6400 10.257990 10.257990 10.257990 0.811101 0.811101 0.811101
6410 10.257990 10.257990 10.257990 0.811101 0.811101 0.811101
6420 10.257990 10.257990 10.257990 0.811101 0.811101 0.811101
6430 10.257990 10.257990 10.257990 0.811101 0.811101 0.811101
6440 10.257990 10.257990 10.257990 0.811101 0.811101 0.811101
6450 10.257990 10.257990 10.257990 0.811101 0.811101 0.811101
6460 10.257990 10.257990 10.257990 0.811101 0.811101 0.811101
6470 10.257990 10.257990 10.257990 0.811101 0.811101 0.811101
6480 10.257990 10.257990 10.257990 0.811101 0.811101 0.811101
6490 10.257990 10.257990 10.257990 0.811101 0.811101 0.811101
6500 10.257990 10.257990 10.257990 0.811101 0.811101 0.811101
6510 10.257990 10.257990 10.257990 0.811101 0.811101 0.811101
6520 10.257990 10.257990 10.257990 0.811101 0.811101 0.811101
6530 10.257990 10.257990 10.257990 0.811101 0.811101 0.811101
6540 10.257990 10.257990 10.257990 0.811101 0.811101 0.811101
6550 10.257990 10.257990 10.257990 0.811101 0.811101 0.811101
6560 10.257990 10.257990 10.257990 0.811101 0.811101 0.811101
6570 10.257990 10.257990 10.257990 0.811101 0.811101 0.811101
6580 10.257990 10.257990 10.257990 0.811101 0.811101 0.811101
6590 10.257990 10.257990 10.257990 0.811101 0.811101 0.811101
6600 10.257990 10.257990 10.257990 0.811101 0.811101 0.811101
6610 10.257990 10.257990 10.257990 0.811101 0.811101 0.811101
6620 10.257990 10.257990 10.257990 0.811101 0.811101 0.811101
6630 10.257990 10.257990 10.257990 0.811101 0.811101 0.811101
6640 10.257990 10.257990 10.257990 0.811101 0.811101 0.811101
6650 10.257990 10.257990 10.257990 0.811101 0.811101 0.811101
6660 10.257990 10.257990 10.257990 0.811101 0.811101 0.811101
6670 10.257990 10.257990 10.257990 0.811101 0.811101 0.811101
6680 10.257990 10.257990 10.257990 0.811101 0.811101 0.811101
6690 10.257990 10.257990 10.257990 0.811101 0.811101 0.811101
6700 10.257990 10.257990 10.257990 0.811101 0.811101 0.811101
6710 10.257990 10.257990 10.257990 0.811101 0.811101 0.811101
6720 10.257990 10.257990 10.257990 0.811101 0.811101 0.811101
6730 10.257990 10.257990 10.257990 0.811101 0.811101 0.811101
6740 10.257990 10.257990 10.257990 0.811101 0.811101 0.811101
6750 10.257990 10.257990 10.257990 0.811101 0.811101 0.811101
6760 10.257990 10.257990 10.257990 0.811101 0.811101 0.811101
6770 10.257990 10.257990 10.257990 0.811101 0.811101 0.811101
6780 10.257990 10.257990 10.257990 0.811101 0.811101 0.811101
6790 10.257990 10.257990 10.257990 0.811101 0.811101 0.811101
6800 10.257990 10.257990 10.257990 0.811101 0.811101 0.811101
6810 10.257990 10.257990 10.257990 0.811101 0.811101 0.811101
6820 10.257990 10.257990 10.257990 0.811101 0.811101 0.811101
6830 10.257990 10.257990 10.257990 0.811101 0.811101 0.811101
6840 10.257990 10.257990 10.257990 0.811101 0.811101 0.811101
6850 10.257990 10.257990 10.257990 0.811101 0.811101 0.811101
6860 10.257990 10.257990 10.257990 0.811101 0.811101 0.811101
6870 10.257990 10.257990 10.257990 0.811101 0.811101 0.811101
6880 10.257990 10.257990 10.257990 0.811101 0.811101 0.811101
6890 10.257990 10.257990 10.257990 0.811101 0.811101 0.811101
6900 10.257990 10.257990 10.257990 0.811101 0.811101 0.811101
6910 10.257990 10.257990 10.257990 0.811101 0.811101 0.811101
6920 10.257990 10.257990 10.257990 0.811101 0.811101 0.811101
6930 10.257990 10.257990 10.257990 0.811101 0.811101 0.811101
6940 10.257990 10.257990 10.257990 0.811101 0.811101 0.811101
6950 10.257990 10.257990 10.257990 0.811101 0.811101 0.811101
6960 10.257990 10.257990 10.257990 0.811101 0.811101 0.811101
6970 10.257990 10.257990 10.257990 0.811101 0.811101 0.811101
6980 10.257990 10.257990 10.257990 0.811101 0.811101 0.811101
6990 10.257990 10.257990 10.257990 0.811101 0.811101 0.811101
7000 10.257990 10.257990 10.257990 0.811101 0.811101 0.811101
7010 10.257990 10.257990 10.257990 0.811101 0.811101 0.811101
7020 10.257990 10.257990 10.257990 0.811101 0.811101 0.811101
7030 10.257990 10.257990 10.257990 0.811101 0.811101 0.811101
7040 10.257990 10.257990 10.257990 0.811101 0.811101 0.811101
7050 10.257990 10.257990 10.257990 0.811101 0.811101 0.811101
7060 10.257990 10.257990 10.257990 0.811101 0.811101 0.811101
7070 10.257990 10.257990 10.257990 0.811101 0.811101 0.811101
7080 10.257990 10.257990 10.257990 0.811101 0.811101 0.811101
7090 10.257990 10.257990 10.257990 0.811101 0.811101 0.811101
7100 10.257990 10.257990 10.257990 0.811101 0.811101 0.811101
7110 10.257990 10.257990 10.257990 0.811101 0.811101 0.811101
7120 10.257990 10.257990 10.257990 0.811101 0.811101 0.811101
7130 10.257990 10.257990 10.257990 0.811101 0.811101 0.811101
7140 10.257990 10.257990 10.257990 0.811101 0.811101 0.811101
7150 10.257990 10.257990 10.257990 0.811101 0.811101 0.811101
7160 10.257990 10.257990 10.257990 0.811101 0.811101 0.811101
7170 10.257990 10.257990 10.257990 0.811101 0.811101 0.811101
7180 10.257990 10.257990 10.257990 0.811101 0.811101 0.811101
7190 10.257990 10.257990 10.257990 0.811101 0.811101 0.811101
7200 10.257990 10.257990 10.257990 0.811101 0.811101 0.811101
7210 10.257990 10.257990 10.257990 0.811101 0.811101 0.811101
7220 10.257990 10.257990 10.257990 0.811101 0.811101 0.811101
7230 10.257990 10.257990 10.257990 0.811101 0.811101 0.811101
7240 10.257990 10.257990 10.257990 0.811101 0.811101 0.811101
7250 10.257990 10.257990 10.257990 0.811101 0.811101 0.811101
7260 10.257990 10.257990 10.257990 0.811101 0.811101 0.811101
7270 10.257990 10.257990 10.257990 0.811101 0.811101 0.811101
7280 10.257990 10.257990 10.257990 0.811101 0.811101 0.811101
7290 10.257990 10.257990 10.257990 0.811101 0.811101 0.811101
7300 10.257990 10.257990 10.257990 0.811101 0.811101 0.811101
7310 10.257990 10.257990 10.257990 0.811101 0.811101 0.811101
7320 10.257990 10.257990 10.257990 0.811101 0.811101 0.811101
7330 10.257990 10.257990 10.257990 0.811101 0.811101 0.811101
7340 10.257990 10.257990 10.257990 0.811101 0.811101 0.811101
7350 10.257990 10.257990 10.257990 0.811101 0.811101 0.811101
7360 10.257990 10.257990 10.257990 0.811101 0.811101 0.811101
7370 10.257990 10.257990 10.257990 0.811101 0.811101 0.811101
7380 10.257990 10.257990 10.257990 0.811101 0.811101 0.811101
7390 10.257990 10.257990 10.257990 0.811101 0.811101 0.811101
7400 10.257990 10.257990 10.257990 0.811101 0.811101 0.811101
7410 10.257990 10.257990 10.257990 0.811101 0.811101 0.811101
7420 10.257990 10.257990 10.257990 0.811101 0.811101 0.811101
7430 10.257990 10.257990 10.257990 0.811101 0.811101 0.811101
7440 10.257990 10.257990 10.257990 0.811101 0.811101 0.811101
7450 10.257990 10.257990 10.257990 0.811101 0.811101 0.811101
7460 10.257990 10.257990 10.257990 0.811101 0.811101 0.811101
7470 10.257990 10.257990 10.257990 0.811101 0.811101 0.811101
7480 10.257990 10.257990 10.257990 0.811101 0.811101 0.811101
7490 10.257990 10.257990 10.257990 0.811101 0.811101 0.811101
7500 10.257990 10.257990 10.257990 0.811101 0.811101 0.811101
7510 10.257990 10.257990 10.257990 0.811101 0.811101 0.811101
7520 10.257990 10.257990 10.257990 0.811101 0.811101 0.811101
7530 10.257990 10.257990 10.257990 0.811101 0.811101 0.811101
7540 10.257990 10.257990 10.257990 0.811101 0.811101 0.811101
7550 10.257990 10.257990 10.257990 0.811101 0.811101 0.811101
7560 10.257990 10.257990 10.257990 0.811101 0.811101 0.811101
7570 10.257990 10.257990 10.257990 0.811101 0.811101 0.811101
7580 10.257990 10.257990 10.257990 0.811101 0.811101 0.811101
7590 10.257990 10.257990 10.257990 0.811101 0.811101 0.811101
7600 10.257990 10.257990 10.257990 0.811101 0.811101 0.811101
7610 10.257990 10.257990 10.257990 0.811101 0.811101 0.811101
7620 10.257990 10.257990 10.257990 0.811101 0.811101 0.811101
7630 10.257990 10.257990 10.257990 0.811101 0.811101 0.811101
7640 10.257990 10.257990 10.257990 0.811101 0.811101 0.811101
7650 10.257990 10.257990 10.257990 0.811101 0.811101 0.811101
7660 10.257990 10.257990 10.257990 0.811101 0.811101 0.811101
7670 10.257990 10.257990 10.257990 0.811101 0.811101 0.811101
7680 10.257990 10.257990 10.257990 0.811101 0.811101 0.811101
7690 10.257990 10.257990 10.257990 0.811101 0.811101 0.811101
7700 10.257990 10.257990 10.257990 0.811101 0.811101 0.811101
7710 10.257990 10.257990 10.257990 0.811101 0.811101 0.811101
7720 10.257990 10.257990 10.257990 0.811101 0.811101 0.811101
7730 10.257990 10.257990 10.257990 0.811101 0.811101 0.811101
7740 10.257990 10.257990 10.257990 0.811101 0.811101 0.811101
7750 10.257990 10.257990 10.257990 0.811101 0.811101 0.811101
7760 10.257990 10.257990 10.257990 0.811101 0.811101 0.811101
7770 10.257990 10.257990 10.257990 0.811101 0.811101 0.811101
7780 10.257990 10.257990 10.257990 0.811101 0.811101 0.811101
7790 10.257990 10.257990 10.257990 0.811101 0.811101 0.811101
7800 10.257990 10.257990 10.257990 0.811101 0.811101 0.811101
7810 10.257990 10.257990 10.257990 0.811101 0.811101 0.811101
7820 10.257990 10.257990 10.257990 0.811101 0.811101 0.811101
7830 10.257990 10.257990 10.257990 0.811101 0.811101 0.811101
7840 10.257990 10.257990 10.257990 0.811101 0.811101 0.811101
7850 10.257990 10.257990 10.257990 0.811101 0.811101 0.811101
7860 10.257990 10.257990 10.257990 0.811101 0.811101 0.811101
7870 10.257990 10.257990 10.257990 0.811101 0.811101 0.811101
7880 10.257990 10.257990 10.257990 0.811101 0.811101 0.811101
7890 10.257990 10.257990 10.257990 0.811101 0.811101 0.811101
7900 10.257990 10.257990 10.257990 0.811101 0.811101 0.811101
7910 10.257990 10.257990 10.257990 0.811101 0.811101 0.811101
7920 10.257990 10.257990 10.257990 0.811101 0.811101 0.811101
7930 10.257990 10.257990 10.257990 0.811101 0.811101 0.811101
7940 10.257990 10.257990 10.257990 0.811101 0.811101 0.811101
7950 10.257990 10.257990 10.257990 0.811101 0.811101 0.811101
7960 10.257990 10.257990 10.257990 0.811101 0.811101 0.811101
7970 10.257990 10.257990 10.257990 0.811101 0.811101 0.811101
7980 10.257990 10.257990 10.257990 0.811101 0.811101 0.811101
7990 10.257990 10.257990 10.257990 0.811101 0.811101 0.811101
8000 10.257990 10.257990 10.257990 0.811101 0.811101 0.811101
8010 10.257990 10.257990 10.257990 0.811101 0.811101 0.811101
8020 10.257990 10.257990 10.257990 0.811101 0.811101 0.811101
8030 10.257990 10.257990 10.257990 0.811101 0.811101 0.811101
8040 10.257990 10.257990 10.257990 0.811101 0.811101 0.811101
8050 10.257990 10.257990 10.257990 0.811101 0.811101 0.811101
8060 10.257990 10.257990 10.257990 0.811101 0.811101 0.811101
8070 10.257990 10.257990 10.257990 0.811101 0.811101 0.811101
8080 10.257990 10.257990 10.257990 0.811101 0.811101 0.811101
8090 10.257990 10.257990 10.257990 0.811101 0.811101 0.811101
8100 10.257990 10.257990 10.257990 0.811101 0.811101 0.811101
8110 10.257990 10.257990 10.257990 0.811101 0.811101 0.811101
8120 10.257990 10.257990 10.257990 0.811101 0.811101 0.811101
8130 10.257990 10.257990 10.257990 0.811101 0.811101 0.811101
8140 10.257990 10.257990 10.257990 0.811101 0.811101 0.811101
8150 10.257990 10.257990 10.257990 0.811101 0.811101 0.811101
8160 10.257990 10.257990 10.257990 0.811101 0.811101 0.811101
8170 10.257990 10.257990 10.257990 0.811101 0.811101 0.811101
8180 10.257990 10.257990 10.257990 0.811101 0.811101 0.811101
8190 10.257990 10.257990 10.257990 0.811101 0.811101 0.811101
8200 10.257990 10.257990 10.257990 0.811101 0.811101 0.811101
8210 10.257990 10.257990 10.257990 0.811101 0.811101 0.811101
8220 10.257990 10.257990 10.257990 0.811101 0.811101 0.811101
8230 10.257990 10.257990 10.257990 0.811101 0.811101 0.811101
8240 10.257990 10.257990 10.257990 0.811101 0.811101 0.811101
8250 10.257990 10.257990 10.257990 0.811101 0.811101 0.811101
8260 10.257990 10.257990 10.257990 0.811101 0.811101 0.811101
8270 10.257990 10.257990 10.257990 0.811101 0.811101 0.811101
8280 10.257990 10.257990 10.257990 0.811101 0.811101 0.811101
8290 10.257990 10.257990 10.257990 0.811101 0.811101 0.811101
8300 10.257990 10.257990 10.257990 0.811101 0.811101 0.811101
8310 10.257990 10.257990 10.257990 0.811101 0.811101 0.811101
8320 10.257990 10.257990 10.257990 0.811101 0.811101 0.811101
8330 10.257990 10.257990 10.257990 0.811101 0.811101 0.811101
8340 10.257990 10.257990 10.257990 0.811101 0.811101 0.811101
8350 10.257990 10.257990 10.257990 0.811101 0.811101 0.811101
8360 10.257990 10.257990 10.257990 0.811101 0.811101 0.811101
8370 10.257990 10.257990 10.257990 0.811101 0.811101 0.811101
8380 10.257990 10.257990 10.257990 0.811101 0.811101 0.811101
8390 10.257990 10.257990 10.257990 0.811101 0.811101 0.811101
8400 10.257990 10.257990 10.257990 0.811101 0.811101 0.811101
8410 10.257990 10.257990 10.257990 0.811101 0.811101 0.811101
8420 10.257990 10.257990 10.257990 0.811101 0.811101 0.811101
8430 10.257990 10.257990 10.257990 0.811101 0.811101 0.811101
8440 10.257990 10.257990 10.257990 0.811101 0.811101 0.811101
8450 10.257990 10.257990 10.257990 0.811101 0.811101 0.811101
8460 10.257990 10.257990 10.257990 0.811101 0.811101 0.811101
8470 10.257990 10.257990 10.257990 0.811101 0.811101 0.811101
8480 10.257990 10.257990 10.257990 0.811101 0.811101 0.811101
8490 10.257990 10.257990 10.257990 0.811101 0.811101 0.811101
8500 10.257990 10.257990 10.257990 0.811101 0.811101 0.811101
8510 10.257990 10.257990 10.257990 0.811101 0.811101 0.811101
8520 10.257990 10.257990 10.257990 0.811101 0.811101 0.811101
8530 10.257990 10.257990 10.257990 0.811101 0.811101 0.811101
8540 10.257990 10.257990 10.257990 0.811101 0.811101 0.811101
8550 10.257990 10.257990 10.257990 0.811101 0.811101 0.811101
8560 10.257990 10.257990 10.257990 0.811101 0.811101 0.811101
8570 10.257990 10.257990 10.257990 0.811101 0.811101 0.811101
8580 10.257990 10.257990 10.257990 0.811101 0.811101 0.811101
8590 10.257990 10.257990 10.257990 0.811101 0.811101 0.811101
8600 10.257990 10.257990 10.257990 0.811101 0.811101 0.811101
8610 10.257990 10.257990 10.257990 0.811101 0.811101 0.811101
8620 10.257990 10.257990 10.257990 0.811101 0.811101 0.811101
8630 10.257990 10.257990 10.257990 0.811101 0.811101 0.811101
8640 10.257990 10.257990 10.257990 0.811101 0.811101 0.811101
8650 10.257990 10.257990 10.257990 0.811101 0.811101 0.811101
8660 10.257990 10.257990 10.257990 0.811101 0.811101 0.811101
8670 10.257990 10.257990 10.257990 0.811101 0.811101 0.811101
8680 10.257990 10.257990 10.257990 0.811101 0.811101 0.811101
8690 10.257990 10.257990 10.257990 0.811101 0.811101 0.811101
8700 10.257990 10.257990 10.257990 0.811101 0.811101 0.811101
8710 10.257990 10.257990 10.257990 0.811101 0.811101 0.811101
8720 10.257990 10.257990 10.257990 0.811101 0.811101 0.811101
8730 10.257990 10.257990 10.257990 0.811101 0.811101 0.811101
8740 10.257990 10.257990 10.257990 0.811101 0.811101 0.811101
8750 10.257990 10.257990 10.257990 0.811101 0.811101 0.811101
8760 10.257990 10.257990 10.257990 0.811101 0.811101 0.811101
8770 10.257990 10.257990 10.257990 0.811101 0.811101 0.811101
8780 10.257990 10.257990 10.257990 0.811101 0.811101 0.811101
8790 10.257990 10.257990 10.257990 0.811101 0.811101 0.811101
8800 10.257990 10.257990 10.257990 0.811101 0.811101 0.811101
8810 10.257990 10.257990 10.257990 0.811101 0.811101 0.811101
8820 10.257990 10.257990 10.257990 0.811101 0.811101 0.811101
8830 10.257990 10.257990 10.257990 0.811101 0.811101 0.811101
8840 10.257990 10.257990 10.257990 0.811101 0.811101 0.811101
8850 10.257990 10.257990 10.257990 0.811101 0.811101 0.811101
8860 10.257990 10.257990 10.257990 0.811101 0.811101 0.811101
8870 10.257990 10.257990 10.257990 0.811101 0.811101 0.811101
8880 10.257990 10.257990 10.257990 0.811101 0.811101 0.811101
8890 10.257990 10.257990 10.257990 0.811101 0.811101 0.811101
8900 10.257990 10.257990 10.257990 0.811101 0.811101 0.811101
8910 10.257990 10.257990 10.257990 0.811101 0.811101 0.811101
8920 10.257990 10.257990 10.257990 0.811101 0.811101 0.811101
8930 10.257990 10.257990 10.257990 0.811101 0.811101 0.811101
8940 10.257990 10.257990 10.257990 0.811101 0.811101 0.811101
8950 10.257990 10.257990 10.257990 0.811101 0.811101 0.811101
8960 10.257990 10.257990 10.257990 0.811101 0.811101 0.811101
8970 10.257990 10.257990 10.257990 0.811101 0.811101 0.811101
8980 10.257990 10.257990 10.257990 0.811101 0.811101 0.811101
8990 10.257990 10.257990 10.257990 0.811101 0.811101 0.811101
9000 10.257990 10.257990 10.257990 0.811101 0.811101 0.811101
9010 10.257990 10.257990 10.257990 0.811101 0.811101 0.811101
9020 10.257990 10.257990 10.257990 0.811101 0.811101 0.811101
9030 10.257990 10.257990 10.257990 0.811101 0.811101 0.811101
9040 10.257990 10.257990 10.257990 0.811101 0.811101 0.811101
9050 10.257990 10.257990 10.257990 0.811101 0.811101 0.811101
9060 10.257990 10.257990 10.257990 0.811101 0.811101 0.811101
9070 10.257990 10.257990 10.257990 0.811101 0.811101 0.811101
9080 10.257990 10.257990 10.257990 0.811101 0.811101 0.811101
9090 10.257990 10.257990 10.257990 0.811101 0.811101 0.811101
9100 10.257990 10.257990 10.257990 0.811101 0.811101 0.811101
9110 10.257990 10.257990 10.257990 0.811101 0.811101 0.811101
9120 10.257990 10.257990 10.257990 0.811101 0.811101 0.811101
9130 10.257990 10.257990 10.257990 0.811101 0.811101 0.811101
9140 10.257990 10.257990 10.257990 0.811101 0.811101 0.811101
9150 10.257990 10.257990 10.257990 0.811101 0.811101 0.811101
9160 10.257990 10.257990 10.257990 0.811101 0.811101 0.811101
9170 10.257990 10.257990 10.257990 0.811101 0.811101 0.811101
9180 10.257990 10.257990 10.257990 0.811101 0.811101 0.811101
9190 10.257990 10.257990 10.257990 0.811101 0.811101 0.811101
9200 10.257990 10.257990 10.257990 0.811101 0.811101 0.811101
9210 10.257990 10.257990 10.257990 0.811101 0.811101 0.811101
9220 10.257990 10.257990 10.257990 0.811101 0.811101 0.811101
9230 10.257990 10.257990 10.257990 0.811101 0.811101 0.811101
9240 10.257990 10.257990 10.257990 0.811101 0.811101 0.811101
9250 10.257990 10.257990 10.257990 0.811101 0.811101 0.811101
9260 10.257990 10.257990 10.257990 0.811101 0.811101 0.811101
9270 10.257990 10.257990 10.257990 0.811101 0.811101 0.811101
9280 10.257990 10.257990 10.257990 0.811101 0.811101 0.811101
9290 10.257990 10.257990 10.257990 0.811101 0.811101 0.811101
9300 10.257990 10.257990 10.257990 0.811101 0.811101 0.811101
9310 10.257990 10.257990 10.257990 0.811101 0.811101 0.811101
9320 10.257990 10.257990 10.257990 0.811101 0.811101 0.811101
9330 10.257990 10.257990 10.257990 0.811101 0.811101 0.811101
9340 10.257990 10.257990 10.257990 0.811101 0.811101 0.811101
9350 10.257990 10.257990 10.257990 0.811101 0.811101 0.811101
9360 10.257990 10.257990 10.257990 0.811101 0.811101 0.811101
9370 10.257990 10.257990 10.257990 0.811101 0.811101 0.811101
9380 10.257990 10.257990 10.257990 0.811101 0.811101 0.811101
9390 10.257990 10.257990 10.257990 0.811101 0.811101 0.811101
9400 10.257990 10.257990 10.257990 0.811101 0.811101 0.811101
9410 10.257990 10.257990 10.257990 0.811101 0.811101 0.811101
9420 10.257990 10.257990 10.257990 0.811101 0.811101 0.811101
9430 10.257990 10.257990 10.257990 0.811101 0.811101 0.811101
9440 10.257990 10.257990 10.257990 0.811101 0.811101 0.811101
9450 10.257990 10.257990 10.257990 0.811101 0.811101 0.811101
9460 10.257990 10.257990 10.257990 0.811101 0.811101 0.811101
9470 10.257990 10.257990 10.257990 0.811101 0.811101 0.811101
9480 10.257990 10.257990 10.257990 0.811101 0.811101 0.811101
9490 10.257990 10.257990 10.257990 0.811101 0.811101 0.811101
9500 10.257990 10.257990 10.257990 0.811101 0.811101 0.811101
9510 10.257990 10.257990 10.257990 0.811101 0.811101 0.811101
9520 10.257990 10.257990 10.257990 0.811101 0.811101 0.811101
9530 10.257990 10.257990 10.257990 0.811101 0.811101 0.811101
9540 10.257990 10.257990 10.257990 0.811101 0.811101 0.811101
9550 10.257990 10.257990 10.257990 0.811101 0.811101 0.811101
9560 10.257990 10.257990 10.257990 0.811101 0.811101 0.811101
9570 10.257990 10.257990 10.257990 0.811101 0.811101 0.811101
9580 10.257990 10.257990 10.257990 0.811101 0.811101 0.811101
9590 10.257990 10.257990 10.257990 0.811101 0.811101 0.811101
9600 10.257990 10.257990 10.257990 0.811101 0.811101 0.811101
9610 10.257990 10.257990 10.257990 0.811101 0.811101 0.811101
9620 10.257990 10.257990 10.257990 0.811101 0.811101 0.811101
9630 10.257990 10.257990 10.257990 0.811101 0.811101 0.811101
9640 10.257990 10.257990 10.257990 0.811101 0.811101 0.811101
9650 10.257990 10.257990 10.257990 0.811101 0.811101 0.811101
9660 10.257990 10.257990 10.257990 0.811101 0.811101 0.811101
9670 10.257990 10.257990 10.257990 0.811101 0.811101 0.811101
9680 10.257990 10.257990 10.257990 0.811101 0.811101 0.811101
9690 10.257990 10.257990 10.257990 0.811101 0.811101 0.811101
9700 10.257990 10.257990 10.257990 0.811101 0.811101 0.811101
9710 10.257990 10.257990 10.257990 0.811101 0.811101 0.811101
9720 10.257990 10.257990 10.257990 0.811101 0.811101 0.811101
9730 10.257990 10.257990 10.257990 0.811101 0.811101 0.811101
9740 10.257990 10.257990 10.257990 0.811101 0.811101 0.811101
9750 10.257990 10.257990 10.257990 0.811101 0.811101 0.811101
9760 10.257990 10.257990 10.257990 0.811101 0.811101 0.811101
9770 10.257990 10.257990 10.257990 0.811101 0.811101 0.811101
9780 10.257990 10.257990 10.257990 0.811101 0.811101 0.811101
9790 10.257990 10.257990 10.257990 0.811101 0.811101 0.811101
9800 10.257990 10.257990 10.257990 0.811101 0.811101 0.811101
9810 10.257990 10.257990 10.257990 0.811101 0.811101 0.811101
9820 10.257990 10.257990 10.257990 0.811101 0.811101 0.811101
9830 10.257990 10.257990 10.257990 0.811101 0.811101 0.811101
9840 10.257990 10.257990 10.257990 0.811101 0.811101 0.811101
9850 10.257990 10.257990 10.257990 0.811101 0.811101 0.811101
9860 10.257990 10.257990 10.257990 0.811101 0.811101 0.811101
9870 10.257990 10.257990 10.257990 0.811101 0.811101 0.811101
9880 10.257990 10.257990 10.257990 0.811101 0.811101 0.811101
9890 10.257990 10.257990 10.257990 0.811101 0.811101 0.811101
9900 10.257990 10.257990 10.257990 0.811101 0.811101 0.811101
9910 10.257990 10.257990 10.257990 0.811101 0.811101 0.811101
9920 10.257990 10.257990 10.257990 0.811101 0.811101 0.811101
9930 10.257990 10.257990 10.257990 0.811101 0.811101 0.811101
9940 10.257990 10.257990 10.257990 0.811101 0.811101 0.811101
9950 10.257990 10.257990 10.257990 0.811101 0.811101 0.811101
9960 10.257990 10.257990 10.257990 0.811101 0.811101 0.811101
9970 10.257990 10.257990 10.257990 0.811101 0.811101 0.811101
9980 10.257990 10.257990 10.257990 0.811101 0.811101 0.811101
9990 10.257990 10.257990 10.257990 0.811101 0.811101 0.811101
10000 10.257990 10.257990 10.257990 0.811101 0.811101 0.811101
