# generation power_min power_avg power_max util_min util_avg util_max
1 6.058945 7.471785 9.080233 0.313923 0.455187 0.681578
100 5.092485 6.005012 6.751616 0.290856 0.448814 0.589489
200 4.284454 5.053103 5.469459 0.299754 0.420843 0.532304
300 3.465912 4.316907 4.746450 0.270476 0.372539 0.528731
400 3.007486 3.411790 3.929529 0.210764 0.289300 0.398475
500 2.831123 2.994723 3.115877 0.194894 0.246804 0.283531
600 2.737482 2.844506 2.907151 0.203473 0.235038 0.266487
700 2.737482 2.752752 2.794432 0.203473 0.214098 0.246099
800 2.737482 2.737482 2.737482 0.203473 0.203473 0.203473
900 2.737482 2.737482 2.737482 0.203473 0.203473 0.203473
1000 2.737482 2.737482 2.737482 0.203473 0.203473 0.203473
1100 2.737482 2.737482 2.737482 0.203473 0.203473 0.203473
1200 2.737482 2.737482 2.737482 0.203473 0.203473 0.203473
1300 2.737482 2.737482 2.737482 0.203473 0.203473 0.203473
1400 2.737482 2.737482 2.737482 0.203473 0.203473 0.203473
1500 2.737482 2.737482 2.737482 0.203473 0.203473 0.203473
1600 2.737482 2.737482 2.737482 0.203473 0.203473 0.203473
1700 2.737482 2.737482 2.737482 0.203473 0.203473 0.203473
1800 2.737482 2.737482 2.737482 0.203473 0.203473 0.203473
1900 2.737482 2.737482 2.737482 0.203473 0.203473 0.203473
2000 2.737482 2.737482 2.737482 0.203473 0.203473 0.203473
2100 2.737482 2.737482 2.737482 0.203473 0.203473 0.203473
2200 2.737482 2.737482 2.737482 0.203473 0.203473 0.203473
2300 2.737482 2.737482 2.737482 0.203473 0.203473 0.203473
2400 2.737482 2.737482 2.737482 0.203473 0.203473 0.203473
2500 2.737482 2.737482 2.737482 0.203473 0.203473 0.203473
2600 2.737482 2.737482 2.737482 0.203473 0.203473 0.203473
2700 2.737482 2.737482 2.737482 0.203473 0.203473 0.203473
2800 2.737482 2.737482 2.737482 0.203473 0.203473 0.203473
2900 2.737482 2.737482 2.737482 0.203473 0.203473 0.203473
3000 2.737482 2.737482 2.737482 0.203473 0.203473 0.203473
3100 2.737482 2.737482 2.737482 0.203473 0.203473 0.203473
3200 2.737482 2.737482 2.737482 0.203473 0.203473 0.203473
3300 2.737482 2.737482 2.737482 0.203473 0.203473 0.203473
3400 2.737482 2.737482 2.737482 0.203473 0.203473 0.203473
3500 2.737482 2.737482 2.737482 0.203473 0.203473 0.203473
3600 2.737482 2.737482 2.737482 0.203473 0.203473 0.203473
3700 2.737482 2.737482 2.737482 0.203473 0.203473 0.203473
3800 2.737482 2.737482 2.737482 0.203473 0.203473 0.203473
3900 2.737482 2.737482 2.737482 0.203473 0.203473 0.203473
4000 2.737482 2.737482 2.737482 0.203473 0.203473 0.203473
4100 2.737482 2.737482 2.737482 0.203473 0.203473 0.203473
4200 2.737482 2.737482 2.737482 0.203473 0.203473 0.203473
4300 2.737482 2.737482 2.737482 0.203473 0.203473 0.203473
4400 2.737482 2.737482 2.737482 0.203473 0.203473 0.203473
4500 2.737482 2.737482 2.737482 0.203473 0.203473 0.203473
4600 2.737482 2.737482 2.737482 0.203473 0.203473 0.203473
4700 2.737482 2.737482 2.737482 0.203473 0.203473 0.203473
4800 2.737482 2.737482 2.737482 0.203473 0.203473 0.203473
4900 2.737482 2.737482 2.737482 0.203473 0.203473 0.203473
5000 2.737482 2.737482 2.737482 0.203473 0.203473 0.203473
5100 2.737482 2.737482 2.737482 0.203473 0.203473 0.203473
5200 2.737482 2.737482 2.737482 0.203473 0.203473 0.203473
5300 2.737482 2.737482 2.737482 0.203473 0.203473 0.203473
5400 2.737482 2.737482 2.737482 0.203473 0.203473 0.203473
5500 2.737482 2.737482 2.737482 0.203473 0.203473 0.203473
5600 2.737482 2.737482 2.737482 0.203473 0.203473 0.203473
5700 2.737482 2.737482 2.737482 0.203473 0.203473 0.203473
5800 2.737482 2.737482 2.737482 0.203473 0.203473 0.203473
5900 2.737482 2.737482 2.737482 0.203473 0.203473 0.203473
6000 2.737482 2.737482 2.737482 0.203473 0.203473 0.203473
6100 2.737482 2.737482 2.737482 0.203473 0.203473 0.203473
6200 2.737482 2.737482 2.737482 0.203473 0.203473 0.203473
6300 2.737482 2.737482 2.737482 0.203473 0.203473 0.203473
6400 2.737482 2.737482 2.737482 0.203473 0.203473 0.203473
6500 2.737482 2.737482 2.737482 0.203473 0.203473 0.203473
6600 2.737482 2.737482 2.737482 0.203473 0.203473 0.203473
6700 2.737482 2.737482 2.737482 0.203473 0.203473 0.203473
6800 2.737482 2.737482 2.737482 0.203473 0.203473 0.203473
6900 2.737482 2.737482 2.737482 0.203473 0.203473 0.203473
7000 2.737482 2.737482 2.737482 0.203473 0.203473 0.203473
7100 2.737482 2.737482 2.737482 0.203473 0.203473 0.203473
7200 2.737482 2.737482 2.737482 0.203473 0.203473 0.203473
7300 2.737482 2.737482 2.737482 0.203473 0.203473 0.203473
7400 2.737482 2.737482 2.737482 0.203473 0.203473 0.203473
7500 2.737482 2.737482 2.737482 0.203473 0.203473 0.203473
7600 2.737482 2.737482 2.737482 0.203473 0.203473 0.203473
7700 2.737482 2.737482 2.737482 0.203473 0.203473 0.203473
7800 2.737482 2.737482 2.737482 0.203473 0.203473 0.203473
7900 2.737482 2.737482 2.737482 0.203473 0.203473 0.203473
8000 2.737482 2.737482 2.737482 0.203473 0.203473 0.203473
8100 2.737482 2.737482 2.737482 0.203473 0.203473 0.203473
8200 2.737482 2.737482 2.737482 0.203473 0.203473 0.203473
8300 2.737482 2.737482 2.737482 0.203473 0.203473 0.203473
8400 2.737482 2.737482 2.737482 0.203473 0.203473 0.203473
8500 2.737482 2.737482 2.737482 0.203473 0.203473 0.203473
8600 2.737482 2.737482 2.737482 0.203473 0.203473 0.203473
8700 2.737482 2.737482 2.737482 0.203473 0.203473 0.203473
8800 2.737482 2.737482 2.737482 0.203473 0.203473 0.203473
8900 2.737482 2.737482 2.737482 0.203473 0.203473 0.203473
9000 2.737482 2.737482 2.737482 0.203473 0.203473 0.203473
9100 2.737482 2.737482 2.737482 0.203473 0.203473 0.203473
9200 2.737482 2.737482 2.737482 0.203473 0.203473 0.203473
9300 2.737482 2.737482 2.737482 0.203473 0.203473 0.203473
9400 2.737482 2.737482 2.737482 0.203473 0.203473 0.203473
9500 2.737482 2.737482 2.737482 0.203473 0.203473 0.203473
9600 2.737482 2.737482 2.737482 0.203473 0.203473 0.203473
9700 2.737482 2.737482 2.737482 0.203473 0.203473 0.203473
9800 2.737482 2.737482 2.737482 0.203473 0.203473 0.203473
9900 2.737482 2.737482 2.737482 0.203473 0.203473 0.203473
10000 2.737482 2.737482 2.737482 0.203473 0.203473 0.203473
10100 2.737482 2.737482 2.737482 0.203473 0.203473 0.203473
10200 2.737482 2.737482 2.737482 0.203473 0.203473 0.203473
10300 2.737482 2.737482 2.737482 0.203473 0.203473 0.203473
10400 2.737482 2.737482 2.737482 0.203473 0.203473 0.203473
10500 2.737482 2.737482 2.737482 0.203473 0.203473 0.203473
10600 2.737482 2.737482 2.737482 0.203473 0.203473 0.203473
10700 2.737482 2.737482 2.737482 0.203473 0.203473 0.203473
10800 2.737482 2.737482 2.737482 0.203473 0.203473 0.203473
10900 2.737482 2.737482 2.737482 0.203473 0.203473 0.203473
11000 2.737482 2.737482 2.737482 0.203473 0.203473 0.203473
11100 2.737482 2.737482 2.737482 0.203473 0.203473 0.203473
11200 2.737482 2.737482 2.737482 0.203473 0.203473 0.203473
11300 2.737482 2.737482 2.737482 0.203473 0.203473 0.203473
11400 2.737482 2.737482 2.737482 0.203473 0.203473 0.203473
11500 2.737482 2.737482 2.737482 0.203473 0.203473 0.203473
11600 2.737482 2.737482 2.737482 0.203473 0.203473 0.203473
11700 2.737482 2.737482 2.737482 0.203473 0.203473 0.203473
11800 2.737482 2.737482 2.737482 0.203473 0.203473 0.203473
11900 2.737482 2.737482 2.737482 0.203473 0.203473 0.203473
12000 2.737482 2.737482 2.737482 0.203473 0.203473 0.203473
12100 2.737482 2.737482 2.737482 0.203473 0.203473 0.203473
12200 2.737482 2.737482 2.737482 0.203473 0.203473 0.203473
12300 2.737482 2.737482 2.737482 0.203473 0.203473 0.203473
12400 2.737482 2.737482 2.737482 0.203473 0.203473 0.203473
12500 2.737482 2.737482 2.737482 0.203473 0.203473 0.203473
12600 2.737482 2.737482 2.737482 0.203473 0.203473 0.203473
12700 2.737482 2.737482 2.737482 0.203473 0.203473 0.203473
12800 2.737482 2.737482 2.737482 0.203473 0.203473 0.203473
12900 2.737482 2.737482 2.737482 0.203473 0.203473 0.203473
13000 2.737482 2.737482 2.737482 0.203473 0.203473 0.203473
13100 2.737482 2.737482 2.737482 0.203473 0.203473 0.203473
13200 2.737482 2.737482 2.737482 0.203473 0.203473 0.203473
13300 2.737482 2.737482 2.737482 0.203473 0.203473 0.203473
13400 2.737482 2.737482 2.737482 0.203473 0.203473 0.203473
13500 2.737482 2.737482 2.737482 0.203473 0.203473 0.203473
13600 2.737482 2.737482 2.737482 0.203473 0.203473 0.203473
13700 2.737482 2.737482 2.737482 0.203473 0.203473 0.203473
13800 2.737482 2.737482 2.737482 0.203473 0.203473 0.203473
13900 2.737482 2.737482 2.737482 0.203473 0.203473 0.203473
14000 2.737482 2.737482 2.737482 0.203473 0.203473 0.203473
14100 2.737482 2.737482 2.737482 0.203473 0.203473 0.203473
14200 2.737482 2.737482 2.737482 0.203473 0.203473 0.203473
14300 2.737482 2.737482 2.737482 0.203473 0.203473 0.203473
14400 2.737482 2.737482 2.737482 0.203473 0.203473 0.203473
14500 2.737482 2.737482 2.737482 0.203473 0.203473 0.203473
14600 2.737482 2.737482 2.737482 0.203473 0.203473 0.203473
14700 2.737482 2.737482 2.737482 0.203473 0.203473 0.203473
14800 2.737482 2.737482 2.737482 0.203473 0.203473 0.203473
14900 2.737482 2.737482 2.737482 0.203473 0.203473 0.203473
15000 2.737482 2.737482 2.737482 0.203473 0.203473 0.203473
15100 2.737482 2.737482 2.737482 0.203473 0.203473 0.203473
15200 2.737482 2.737482 2.737482 0.203473 0.203473 0.203473
15300 2.737482 2.737482 2.737482 0.203473 0.203473 0.203473
15400 2.737482 2.737482 2.737482 0.203473 0.203473 0.203473
15500 2.737482 2.737482 2.737482 0.203473 0.203473 0.203473
15600 2.737482 2.737482 2.737482 0.203473 0.203473 0.203473
15700 2.737482 2.737482 2.737482 0.203473 0.203473 0.203473
15800 2.737482 2.737482 2.737482 0.203473 0.203473 0.203473
15900 2.737482 2.737482 2.737482 0.203473 0.203473 0.203473
16000 2.737482 2.737482 2.737482 0.203473 0.203473 0.203473
16100 2.737482 2.737482 2.737482 0.203473 0.203473 0.203473
16200 2.737482 2.737482 2.737482 0.203473 0.203473 0.203473
16300 2.737482 2.737482 2.737482 0.203473 0.203473 0.203473
16400 2.737482 2.737482 2.737482 0.203473 0.203473 0.203473
16500 2.737482 2.737482 2.737482 0.203473 0.203473 0.203473
16600 2.737482 2.737482 2.737482 0.203473 0.203473 0.203473
16700 2.737482 2.737482 2.737482 0.203473 0.203473 0.203473
16800 2.737482 2.737482 2.737482 0.203473 0.203473 0.203473
16900 2.737482 2.737482 2.737482 0.203473 0.203473 0.203473
17000 2.737482 2.737482 2.737482 0.203473 0.203473 0.203473
17100 2.737482 2.737482 2.737482 0.203473 0.203473 0.203473
17200 2.737482 2.737482 2.737482 0.203473 0.203473 0.203473
17300 2.737482 2.737482 2.737482 0.203473 0.203473 0.203473
17400 2.737482 2.737482 2.737482 0.203473 0.203473 0.203473
17500 2.737482 2.737482 2.737482 0.203473 0.203473 0.203473
17600 2.737482 2.737482 2.737482 0.203473 0.203473 0.203473
17700 2.737482 2.737482 2.737482 0.203473 0.203473 0.203473
17800 2.737482 2.737482 2.737482 0.203473 0.203473 0.203473
17900 2.737482 2.737482 2.737482 0.203473 0.203473 0.203473
18000 2.737482 2.737482 2.737482 0.203473 0.203473 0.203473
18100 2.737482 2.737482 2.737482 0.203473 0.203473 0.203473
18200 2.737482 2.737482 2.737482 0.203473 0.203473 0.203473
18300 2.737482 2.737482 2.737482 0.203473 0.203473 0.203473
18400 2.737482 2.737482 2.737482 0.203473 0.203473 0.203473
18500 2.737482 2.737482 2.737482 0.203473 0.203473 0.203473
18600 2.737482 2.737482 2.737482 0.203473 0.203473 0.203473
18700 2.737482 2.737482 2.737482 0.203473 0.203473 0.203473
18800 2.737482 2.737482 2.737482 0.203473 0.203473 0.203473
18900 2.737482 2.737482 2.737482 0.203473 0.203473 0.203473
19000 2.737482 2.737482 2.737482 0.203473 0.203473 0.203473
19100 2.737482 2.737482 2.737482 0.203473 0.203473 0.203473
19200 2.737482 2.737482 2.737482 0.203473 0.203473 0.203473
19300 2.737482 2.737482 2.737482 0.203473 0.203473 0.203473
19400 2.737482 2.737482 2.737482 0.203473 0.203473 0.203473
19500 2.737482 2.737482 2.737482 0.203473 0.203473 0.203473
19600 2.737482 2.737482 2.737482 0.203473 0.203473 0.203473
19700 2.737482 2.737482 2.737482 0.203473 0.203473 0.203473
19800 2.737482 2.737482 2.737482 0.203473 0.203473 0.203473
19900 2.737482 2.737482 2.737482 0.203473 0.203473 0.203473
20000 2.737482 2.737482 2.737482 0.203473 0.203473 0.203473
20100 2.737482 2.737482 2.737482 0.203473 0.203473 0.203473
20200 2.737482 2.737482 2.737482 0.203473 0.203473 0.203473
20300 2.737482 2.737482 2.737482 0.203473 0.203473 0.203473
20400 2.737482 2.737482 2.737482 0.203473 0.203473 0.203473
20500 2.737482 2.737482 2.737482 0.203473 0.203473 0.203473
20600 2.737482 2.737482 2.737482 0.203473 0.203473 0.203473
20700 2.737482 2.737482 2.737482 0.203473 0.203473 0.203473
20800 2.737482 2.737482 2.737482 0.203473 0.203473 0.203473
20900 2.737482 2.737482 2.737482 0.203473 0.203473 0.203473
21000 2.737482 2.737482 2.737482 0.203473 0.203473 0.203473
21100 2.737482 2.737482 2.737482 0.203473 0.203473 0.203473
21200 2.737482 2.737482 2.737482 0.203473 0.203473 0.203473
21300 2.737482 2.737482 2.737482 0.203473 0.203473 0.203473
21400 2.737482 2.737482 2.737482 0.203473 0.203473 0.203473
21500 2.737482 2.737482 2.737482 0.203473 0.203473 0.203473
21600 2.737482 2.737482 2.737482 0.203473 0.203473 0.203473
21700 2.737482 2.737482 2.737482 0.203473 0.203473 0.203473
21800 2.737482 2.737482 2.737482 0.203473 0.203473 0.203473
21900 2.737482 2.737482 2.737482 0.203473 0.203473 0.203473
22000 2.737482 2.737482 2.737482 0.203473 0.203473 0.203473
22100 2.737482 2.737482 2.737482 0.203473 0.203473 0.203473
22200 2.737482 2.737482 2.737482 0.203473 0.203473 0.203473
22300 2.737482 2.737482 2.737482 0.203473 0.203473 0.203473
22400 2.737482 2.737482 2.737482 0.203473 0.203473 0.203473
22500 2.737482 2.737482 2.737482 0.203473 0.203473 0.203473
22600 2.737482 2.737482 2.737482 0.203473 0.203473 0.203473
22700 2.737482 2.737482 2.737482 0.203473 0.203473 0.203473
22800 2.737482 2.737482 2.737482 0.203473 0.203473 0.203473
22900 2.737482 2.737482 2.737482 0.203473 0.203473 0.203473
23000 2.737482 2.737482 2.737482 0.203473 0.203473 0.203473
23100 2.737482 2.737482 2.737482 0.203473 0.203473 0.203473
23200 2.737482 2.737482 2.737482 0.203473 0.203473 0.203473
23300 2.737482 2.737482 2.737482 0.203473 0.203473 0.203473
23400 2.737482 2.737482 2.737482 0.203473 0.203473 0.203473
23500 2.737482 2.737482 2.737482 0.203473 0.203473 0.203473
23600 2.737482 2.737482 2.737482 0.203473 0.203473 0.203473
23700 2.737482 2.737482 2.737482 0.203473 0.203473 0.203473
23800 2.737482 2.737482 2.737482 0.203473 0.203473 0.203473
23900 2.737482 2.737482 2.737482 0.203473 0.203473 0.203473
24000 2.737482 2.737482 2.737482 0.203473 0.203473 0.203473
24100 2.737482 2.737482 2.737482 0.203473 0.203473 0.203473
24200 2.737482 2.737482 2.737482 0.203473 0.203473 0.203473
24300 2.737482 2.737482 2.737482 0.203473 0.203473 0.203473
24400 2.737482 2.737482 2.737482 0.203473 0.203473 0.203473
24500 2.737482 2.737482 2.737482 0.203473 0.203473 0.203473
24600 2.737482 2.737482 2.737482 0.203473 0.203473 0.203473
24700 2.737482 2.737482 2.737482 0.203473 0.203473 0.203473
24800 2.737482 2.737482 2.737482 0.203473 0.203473 0.203473
24900 2.737482 2.737482 2.737482 0.203473 0.203473 0.203473
25000 2.737482 2.737482 2.737482 0.203473 0.203473 0.203473
25100 2.737482 2.737482 2.737482 0.203473 0.203473 0.203473
25200 2.737482 2.737482 2.737482 0.203473 0.203473 0.203473
25300 2.737482 2.737482 2.737482 0.203473 0.203473 0.203473
25400 2.737482 2.737482 2.737482 0.203473 0.203473 0.203473
25500 2.737482 2.737482 2.737482 0.203473 0.203473 0.203473
25600 2.737482 2.737482 2.737482 0.203473 0.203473 0.203473
25700 2.737482 2.737482 2.737482 0.203473 0.203473 0.203473
25800 2.737482 2.737482 2.737482 0.203473 0.203473 0.203473
25900 2.737482 2.737482 2.737482 0.203473 0.203473 0.203473
26000 2.737482 2.737482 2.737482 0.203473 0.203473 0.203473
26100 2.737482 2.737482 2.737482 0.203473 0.203473 0.203473
26200 2.737482 2.737482 2.737482 0.203473 0.203473 0.203473
26300 2.737482 2.737482 2.737482 0.203473 0.203473 0.203473
26400 2.737482 2.737482 2.737482 0.203473 0.203473 0.203473
26500 2.737482 2.737482 2.737482 0.203473 0.203473 0.203473
26600 2.737482 2.737482 2.737482 0.203473 0.203473 0.203473
26700 2.737482 2.737482 2.737482 0.203473 0.203473 0.203473
26800 2.737482 2.737482 2.737482 0.203473 0.203473 0.203473
26900 2.737482 2.737482 2.737482 0.203473 0.203473 0.203473
27000 2.737482 2.737482 2.737482 0.203473 0.203473 0.203473
27100 2.737482 2.737482 2.737482 0.203473 0.203473 0.203473
27200 2.737482 2.737482 2.737482 0.203473 0.203473 0.203473
27300 2.737482 2.737482 2.737482 0.203473 0.203473 0.203473
27400 2.737482 2.737482 2.737482 0.203473 0.203473 0.203473
27500 2.737482 2.737482 2.737482 0.203473 0.203473 0.203473
27600 2.737482 2.737482 2.737482 0.203473 0.203473 0.203473
27700 2.737482 2.737482 2.737482 0.203473 0.203473 0.203473
27800 2.737482 2.737482 2.737482 0.203473 0.203473 0.203473
27900 2.737482 2.737482 2.737482 0.203473 0.203473 0.203473
28000 2.737482 2.737482 2.737482 0.203473 0.203473 0.203473
28100 2.737482 2.737482 2.737482 0.203473 0.203473 0.203473
28200 2.737482 2.737482 2.737482 0.203473 0.203473 0.203473
28300 2.737482 2.737482 2.737482 0.203473 0.203473 0.203473
28400 2.737482 2.737482 2.737482 0.203473 0.203473 0.203473
28500 2.737482 2.737482 2.737482 0.203473 0.203473 0.203473
28600 2.737482 2.737482 2.737482 0.203473 0.203473 0.203473
28700 2.737482 2.737482 2.737482 0.203473 0.203473 0.203473
28800 2.737482 2.737482 2.737482 0.203473 0.203473 0.203473
28900 2.737482 2.737482 2.737482 0.203473 0.203473 0.203473
29000 2.737482 2.737482 2.737482 0.203473 0.203473 0.203473
29100 2.737482 2.737482 2.737482 0.203473 0.203473 0.203473
29200 2.737482 2.737482 2.737482 0.203473 0.203473 0.203473
29300 2.737482 2.737482 2.737482 0.203473 0.203473 0.203473
29400 2.737482 2.737482 2.737482 0.203473 0.203473 0.203473
29500 2.737482 2.737482 2.737482 0.203473 0.203473 0.203473
29600 2.737482 2.737482 2.737482 0.203473 0.203473 0.203473
29700 2.737482 2.737482 2.737482 0.203473 0.203473 0.203473
29800 2.737482 2.737482 2.737482 0.203473 0.203473 0.203473
29900 2.737482 2.737482 2.737482 0.203473 0.203473 0.203473
30000 2.737482 2.737482 2.737482 0.203473 0.203473 0.203473
30100 2.737482 2.737482 2.737482 0.203473 0.203473 0.203473
30200 2.737482 2.737482 2.737482 0.203473 0.203473 0.203473
30300 2.737482 2.737482 2.737482 0.203473 0.203473 0.203473
30400 2.737482 2.737482 2.737482 0.203473 0.203473 0.203473
30500 2.737482 2.737482 2.737482 0.203473 0.203473 0.203473
30600 2.737482 2.737482 2.737482 0.203473 0.203473 0.203473
30700 2.737482 2.737482 2.737482 0.203473 0.203473 0.203473
30800 2.737482 2.737482 2.737482 0.203473 0.203473 0.203473
30900 2.737482 2.737482 2.737482 0.203473 0.203473 0.203473
31000 2.737482 2.737482 2.737482 0.203473 0.203473 0.203473
31100 2.737482 2.737482 2.737482 0.203473 0.203473 0.203473
31200 2.737482 2.737482 2.737482 0.203473 0.203473 0.203473
31300 2.737482 2.737482 2.737482 0.203473 0.203473 0.203473
31400 2.737482 2.737482 2.737482 0.203473 0.203473 0.203473
31500 2.737482 2.737482 2.737482 0.203473 0.203473 0.203473
31600 2.737482 2.737482 2.737482 0.203473 0.203473 0.203473
31700 2.737482 2.737482 2.737482 0.203473 0.203473 0.203473
31800 2.737482 2.737482 2.737482 0.203473 0.203473 0.203473
31900 2.737482 2.737482 2.737482 0.203473 0.203473 0.203473
32000 2.737482 2.737482 2.737482 0.203473 0.203473 0.203473
32100 2.737482 2.737482 2.737482 0.203473 0.203473 0.203473
32200 2.737482 2.737482 2.737482 0.203473 0.203473 0.203473
32300 2.737482 2.737482 2.737482 0.203473 0.203473 0.203473
32400 2.737482 2.737482 2.737482 0.203473 0.203473 0.203473
32500 2.737482 2.737482 2.737482 0.203473 0.203473 0.203473
32600 2.737482 2.737482 2.737482 0.203473 0.203473 0.203473
32700 2.737482 2.737482 2.737482 0.203473 0.203473 0.203473
32800 2.737482 2.737482 2.737482 0.203473 0.203473 0.203473
32900 2.737482 2.737482 2.737482 0.203473 0.203473 0.203473
33000 2.737482 2.737482 2.737482 0.203473 0.203473 0.203473
33100 2.737482 2.737482 2.737482 0.203473 0.203473 0.203473
33200 2.737482 2.737482 2.737482 0.203473 0.203473 0.203473
33300 2.737482 2.737482 2.737482 0.203473 0.203473 0.203473
33400 2.737482 2.737482 2.737482 0.203473 0.203473 0.203473
33500 2.737482 2.737482 2.737482 0.203473 0.203473 0.203473
33600 2.737482 2.737482 2.737482 0.203473 0.203473 0.203473
33700 2.737482 2.737482 2.737482 0.203473 0.203473 0.203473
33800 2.737482 2.737482 2.737482 0.203473 0.203473 0.203473
33900 2.737482 2.737482 2.737482 0.203473 0.203473 0.203473
34000 2.737482 2.737482 2.737482 0.203473 0.203473 0.203473
34100 2.737482 2.737482 2.737482 0.203473 0.203473 0.203473
34200 2.737482 2.737482 2.737482 0.203473 0.203473 0.203473
34300 2.737482 2.737482 2.737482 0.203473 0.203473 0.203473
34400 2.737482 2.737482 2.737482 0.203473 0.203473 0.203473
34500 2.737482 2.737482 2.737482 0.203473 0.203473 0.203473
34600 2.737482 2.737482 2.737482 0.203473 0.203473 0.203473
34700 2.737482 2.737482 2.737482 0.203473 0.203473 0.203473
34800 2.737482 2.737482 2.737482 0.203473 0.203473 0.203473
34900 2.737482 2.737482 2.737482 0.203473 0.203473 0.203473
35000 2.737482 2.737482 2.737482 0.203473 0.203473 0.203473
35100 2.737482 2.737482 2.737482 0.203473 0.203473 0.203473
35200 2.737482 2.737482 2.737482 0.203473 0.203473 0.203473
35300 2.737482 2.737482 2.737482 0.203473 0.203473 0.203473
35400 2.737482 2.737482 2.737482 0.203473 0.203473 0.203473
35500 2.737482 2.737482 2.737482 0.203473 0.203473 0.203473
35600 2.737482 2.737482 2.737482 0.203473 0.203473 0.203473
35700 2.737482 2.737482 2.737482 0.203473 0.203473 0.203473
35800 2.737482 2.737482 2.737482 0.203473 0.203473 0.203473
35900 2.737482 2.737482 2.737482 0.203473 0.203473 0.203473
36000 2.737482 2.737482 2.737482 0.203473 0.203473 0.203473
36100 2.737482 2.737482 2.737482 0.203473 0.203473 0.203473
36200 2.737482 2.737482 2.737482 0.203473 0.203473 0.203473
36300 2.737482 2.737482 2.737482 0.203473 0.203473 0.203473
36400 2.737482 2.737482 2.737482 0.203473 0.203473 0.203473
36500 2.737482 2.737482 2.737482 0.203473 0.203473 0.203473
36600 2.737482 2.737482 2.737482 0.203473 0.203473 0.203473
36700 2.737482 2.737482 2.737482 0.203473 0.203473 0.203473
36800 2.737482 2.737482 2.737482 0.203473 0.203473 0.203473
36900 2.737482 2.737482 2.737482 0.203473 0.203473 0.203473
37000 2.737482 2.737482 2.737482 0.203473 0.203473 0.203473
37100 2.737482 2.737482 2.737482 0.203473 0.203473 0.203473
37200 2.737482 2.737482 2.737482 0.203473 0.203473 0.203473
37300 2.737482 2.737482 2.737482 0.203473 0.203473 0.203473
37400 2.737482 2.737482 2.737482 0.203473 0.203473 0.203473
37500 2.737482 2.737482 2.737482 0.203473 0.203473 0.203473
37600 2.737482 2.737482 2.737482 0.203473 0.203473 0.203473
37700 2.737482 2.737482 2.737482 0.203473 0.203473 0.203473
37800 2.737482 2.737482 2.737482 0.203473 0.203473 0.203473
37900 2.737482 2.737482 2.737482 0.203473 0.203473 0.203473
38000 2.737482 2.737482 2.737482 0.203473 0.203473 0.203473
38100 2.737482 2.737482 2.737482 0.203473 0.203473 0.203473
38200 2.737482 2.737482 2.737482 0.203473 0.203473 0.203473
38300 2.737482 2.737482 2.737482 0.203473 0.203473 0.203473
38400 2.737482 2.737482 2.737482 0.203473 0.203473 0.203473
38500 2.737482 2.737482 2.737482 0.203473 0.203473 0.203473
38600 2.737482 2.737482 2.737482 0.203473 0.203473 0.203473
38700 2.737482 2.737482 2.737482 0.203473 0.203473 0.203473
38800 2.737482 2.737482 2.737482 0.203473 0.203473 0.203473
38900 2.737482 2.737482 2.737482 0.203473 0.203473 0.203473
39000 2.737482 2.737482 2.737482 0.203473 0.203473 0.203473
39100 2.737482 2.737482 2.737482 0.203473 0.203473 0.203473
39200 2.737482 2.737482 2.737482 0.203473 0.203473 0.203473
39300 2.737482 2.737482 2.737482 0.203473 0.203473 0.203473
39400 2.737482 2.737482 2.737482 0.203473 0.203473 0.203473
39500 2.737482 2.737482 2.737482 0.203473 0.203473 0.203473
39600 2.737482 2.737482 2.737482 0.203473 0.203473 0.203473
39700 2.737482 2.737482 2.737482 0.203473 0.203473 0.203473
39800 2.737482 2.737482 2.737482 0.203473 0.203473 0.203473
39900 2.737482 2.737482 2.737482 0.203473 0.203473 0.203473
40000 2.737482 2.737482 2.737482 0.203473 0.203473 0.203473
40100 2.737482 2.737482 2.737482 0.203473 0.203473 0.203473
40200 2.737482 2.737482 2.737482 0.203473 0.203473 0.203473
40300 2.737482 2.737482 2.737482 0.203473 0.203473 0.203473
40400 2.737482 2.737482 2.737482 0.203473 0.203473 0.203473
40500 2.737482 2.737482 2.737482 0.203473 0.203473 0.203473
40600 2.737482 2.737482 2.737482 0.203473 0.203473 0.203473
40700 2.737482 2.737482 2.737482 0.203473 0.203473 0.203473
40800 2.737482 2.737482 2.737482 0.203473 0.203473 0.203473
40900 2.737482 2.737482 2.737482 0.203473 0.203473 0.203473
41000 2.737482 2.737482 2.737482 0.203473 0.203473 0.203473
41100 2.737482 2.737482 2.737482 0.203473 0.203473 0.203473
41200 2.737482 2.737482 2.737482 0.203473 0.203473 0.203473
41300 2.737482 2.737482 2.737482 0.203473 0.203473 0.203473
41400 2.737482 2.737482 2.737482 0.203473 0.203473 0.203473
41500 2.737482 2.737482 2.737482 0.203473 0.203473 0.203473
41600 2.737482 2.737482 2.737482 0.203473 0.203473 0.203473
41700 2.737482 2.737482 2.737482 0.203473 0.203473 0.203473
41800 2.737482 2.737482 2.737482 0.203473 0.203473 0.203473
41900 2.737482 2.737482 2.737482 0.203473 0.203473 0.203473
42000 2.737482 2.737482 2.737482 0.203473 0.203473 0.203473
42100 2.737482 2.737482 2.737482 0.203473 0.203473 0.203473
42200 2.737482 2.737482 2.737482 0.203473 0.203473 0.203473
42300 2.737482 2.737482 2.737482 0.203473 0.203473 0.203473
42400 2.737482 2.737482 2.737482 0.203473 0.203473 0.203473
42500 2.737482 2.737482 2.737482 0.203473 0.203473 0.203473
42600 2.737482 2.737482 2.737482 0.203473 0.203473 0.203473
42700 2.737482 2.737482 2.737482 0.203473 0.203473 0.203473
42800 2.737482 2.737482 2.737482 0.203473 0.203473 0.203473
42900 2.737482 2.737482 2.737482 0.203473 0.203473 0.203473
43000 2.737482 2.737482 2.737482 0.203473 0.203473 0.203473
43100 2.737482 2.737482 2.737482 0.203473 0.203473 0.203473
43200 2.737482 2.737482 2.737482 0.203473 0.203473 0.203473
43300 2.737482 2.737482 2.737482 0.203473 0.203473 0.203473
43400 2.737482 2.737482 2.737482 0.203473 0.203473 0.203473
43500 2.737482 2.737482 2.737482 0.203473 0.203473 0.203473
43600 2.737482 2.737482 2.737482 0.203473 0.203473 0.203473
43700 2.737482 2.737482 2.737482 0.203473 0.203473 0.203473
43800 2.737482 2.737482 2.737482 0.203473 0.203473 0.203473
43900 2.737482 2.737482 2.737482 0.203473 0.203473 0.203473
44000 2.737482 2.737482 2.737482 0.203473 0.203473 0.203473
44100 2.737482 2.737482 2.737482 0.203473 0.203473 0.203473
44200 2.737482 2.737482 2.737482 0.203473 0.203473 0.203473
44300 2.737482 2.737482 2.737482 0.203473 0.203473 0.203473
44400 2.737482 2.737482 2.737482 0.203473 0.203473 0.203473
44500 2.737482 2.737482 2.737482 0.203473 0.203473 0.203473
44600 2.737482 2.737482 2.737482 0.203473 0.203473 0.203473
44700 2.737482 2.737482 2.737482 0.203473 0.203473 0.203473
44800 2.737482 2.737482 2.737482 0.203473 0.203473 0.203473
44900 2.737482 2.737482 2.737482 0.203473 0.203473 0.203473
45000 2.737482 2.737482 2.737482 0.203473 0.203473 0.203473
45100 2.737482 2.737482 2.737482 0.203473 0.203473 0.203473
45200 2.737482 2.737482 2.737482 0.203473 0.203473 0.203473
45300 2.737482 2.737482 2.737482 0.203473 0.203473 0.203473
45400 2.737482 2.737482 2.737482 0.203473 0.203473 0.203473
45500 2.737482 2.737482 2.737482 0.203473 0.203473 0.203473
45600 2.737482 2.737482 2.737482 0.203473 0.203473 0.203473
45700 2.737482 2.737482 2.737482 0.203473 0.203473 0.203473
45800 2.737482 2.737482 2.737482 0.203473 0.203473 0.203473
45900 2.737482 2.737482 2.737482 0.203473 0.203473 0.203473
46000 2.737482 2.737482 2.737482 0.203473 0.203473 0.203473
46100 2.737482 2.737482 2.737482 0.203473 0.203473 0.203473
46200 2.737482 2.737482 2.737482 0.203473 0.203473 0.203473
46300 2.737482 2.737482 2.737482 0.203473 0.203473 0.203473
46400 2.737482 2.737482 2.737482 0.203473 0.203473 0.203473
46500 2.737482 2.737482 2.737482 0.203473 0.203473 0.203473
46600 2.737482 2.737482 2.737482 0.203473 0.203473 0.203473
46700 2.737482 2.737482 2.737482 0.203473 0.203473 0.203473
46800 2.737482 2.737482 2.737482 0.203473 0.203473 0.203473
46900 2.737482 2.737482 2.737482 0.203473 0.203473 0.203473
47000 2.737482 2.737482 2.737482 0.203473 0.203473 0.203473
47100 2.737482 2.737482 2.737482 0.203473 0.203473 0.203473
47200 2.737482 2.737482 2.737482 0.203473 0.203473 0.203473
47300 2.737482 2.737482 2.737482 0.203473 0.203473 0.203473
47400 2.737482 2.737482 2.737482 0.203473 0.203473 0.203473
47500 2.737482 2.737482 2.737482 0.203473 0.203473 0.203473
47600 2.737482 2.737482 2.737482 0.203473 0.203473 0.203473
47700 2.737482 2.737482 2.737482 0.203473 0.203473 0.203473
47800 2.737482 2.737482 2.737482 0.203473 0.203473 0.203473
47900 2.737482 2.737482 2.737482 0.203473 0.203473 0.203473
48000 2.737482 2.737482 2.737482 0.203473 0.203473 0.203473
48100 2.737482 2.737482 2.737482 0.203473 0.203473 0.203473
48200 2.737482 2.737482 2.737482 0.203473 0.203473 0.203473
48300 2.737482 2.737482 2.737482 0.203473 0.203473 0.203473
48400 2.737482 2.737482 2.737482 0.203473 0.203473 0.203473
48500 2.737482 2.737482 2.737482 0.203473 0.203473 0.203473
48600 2.737482 2.737482 2.737482 0.203473 0.203473 0.203473
48700 2.737482 2.737482 2.737482 0.203473 0.203473 0.203473
48800 2.737482 2.737482 2.737482 0.203473 0.203473 0.203473
48900 2.737482 2.737482 2.737482 0.203473 0.203473 0.203473
49000 2.737482 2.737482 2.737482 0.203473 0.203473 0.203473
49100 2.737482 2.737482 2.737482 0.203473 0.203473 0.203473
49200 2.737482 2.737482 2.737482 0.203473 0.203473 0.203473
49300 2.737482 2.737482 2.737482 0.203473 0.203473 0.203473
49400 2.737482 2.737482 2.737482 0.203473 0.203473 0.203473
49500 2.737482 2.737482 2.737482 0.203473 0.203473 0.203473
49600 2.737482 2.737482 2.737482 0.203473 0.203473 0.203473
49700 2.737482 2.737482 2.737482 0.203473 0.203473 0.203473
49800 2.737482 2.737482 2.737482 0.203473 0.203473 0.203473
49900 2.737482 2.737482 2.737482 0.203473 0.203473 0.203473
50000 2.737482 2.737482 2.737482 0.203473 0.203473 0.203473
50100 2.737482 2.737482 2.737482 0.203473 0.203473 0.203473
50200 2.737482 2.737482 2.737482 0.203473 0.203473 0.203473
50300 2.737482 2.737482 2.737482 0.203473 0.203473 0.203473
50400 2.737482 2.737482 2.737482 0.203473 0.203473 0.203473
50500 2.737482 2.737482 2.737482 0.203473 0.203473 0.203473
50600 2.737482 2.737482 2.737482 0.203473 0.203473 0.203473
50700 2.737482 2.737482 2.737482 0.203473 0.203473 0.203473
50800 2.737482 2.737482 2.737482 0.203473 0.203473 0.203473
50900 2.737482 2.737482 2.737482 0.203473 0.203473 0.203473
51000 2.737482 2.737482 2.737482 0.203473 0.203473 0.203473
51100 2.737482 2.737482 2.737482 0.203473 0.203473 0.203473
51200 2.737482 2.737482 2.737482 0.203473 0.203473 0.203473
51300 2.737482 2.737482 2.737482 0.203473 0.203473 0.203473
51400 2.737482 2.737482 2.737482 0.203473 0.203473 0.203473
51500 2.737482 2.737482 2.737482 0.203473 0.203473 0.203473
51600 2.737482 2.737482 2.737482 0.203473 0.203473 0.203473
51700 2.737482 2.737482 2.737482 0.203473 0.203473 0.203473
51800 2.737482 2.737482 2.737482 0.203473 0.203473 0.203473
51900 2.737482 2.737482 2.737482 0.203473 0.203473 0.203473
52000 2.737482 2.737482 2.737482 0.203473 0.203473 0.203473
52100 2.737482 2.737482 2.737482 0.203473 0.203473 0.203473
52200 2.737482 2.737482 2.737482 0.203473 0.203473 0.203473
52300 2.737482 2.737482 2.737482 0.203473 0.203473 0.203473
52400 2.737482 2.737482 2.737482 0.203473 0.203473 0.203473
52500 2.737482 2.737482 2.737482 0.203473 0.203473 0.203473
52600 2.737482 2.737482 2.737482 0.203473 0.203473 0.203473
52700 2.737482 2.737482 2.737482 0.203473 0.203473 0.203473
52800 2.737482 2.737482 2.737482 0.203473 0.203473 0.203473
52900 2.737482 2.737482 2.737482 0.203473 0.203473 0.203473
53000 2.737482 2.737482 2.737482 0.203473 0.203473 0.203473
53100 2.737482 2.737482 2.737482 0.203473 0.203473 0.203473
53200 2.737482 2.737482 2.737482 0.203473 0.203473 0.203473
53300 2.737482 2.737482 2.737482 0.203473 0.203473 0.203473
53400 2.737482 2.737482 2.737482 0.203473 0.203473 0.203473
53500 2.737482 2.737482 2.737482 0.203473 0.203473 0.203473
53600 2.737482 2.737482 2.737482 0.203473 0.203473 0.203473
53700 2.737482 2.737482 2.737482 0.203473 0.203473 0.203473
53800 2.737482 2.737482 2.737482 0.203473 0.203473 0.203473
53900 2.737482 2.737482 2.737482 0.203473 0.203473 0.203473
54000 2.737482 2.737482 2.737482 0.203473 0.203473 0.203473
54100 2.737482 2.737482 2.737482 0.203473 0.203473 0.203473
54200 2.737482 2.737482 2.737482 0.203473 0.203473 0.203473
54300 2.737482 2.737482 2.737482 0.203473 0.203473 0.203473
54400 2.737482 2.737482 2.737482 0.203473 0.203473 0.203473
54500 2.737482 2.737482 2.737482 0.203473 0.203473 0.203473
54600 2.737482 2.737482 2.737482 0.203473 0.203473 0.203473
54700 2.737482 2.737482 2.737482 0.203473 0.203473 0.203473
54800 2.737482 2.737482 2.737482 0.203473 0.203473 0.203473
54900 2.737482 2.737482 2.737482 0.203473 0.203473 0.203473
55000 2.737482 2.737482 2.737482 0.203473 0.203473 0.203473
55100 2.737482 2.737482 2.737482 0.203473 0.203473 0.203473
55200 2.737482 2.737482 2.737482 0.203473 0.203473 0.203473
55300 2.737482 2.737482 2.737482 0.203473 0.203473 0.203473
55400 2.737482 2.737482 2.737482 0.203473 0.203473 0.203473
55500 2.737482 2.737482 2.737482 0.203473 0.203473 0.203473
55600 2.737482 2.737482 2.737482 0.203473 0.203473 0.203473
55700 2.737482 2.737482 2.737482 0.203473 0.203473 0.203473
55800 2.737482 2.737482 2.737482 0.203473 0.203473 0.203473
55900 2.737482 2.737482 2.737482 0.203473 0.203473 0.203473
56000 2.737482 2.737482 2.737482 0.203473 0.203473 0.203473
56100 2.737482 2.737482 2.737482 0.203473 0.203473 0.203473
56200 2.737482 2.737482 2.737482 0.203473 0.203473 0.203473
56300 2.737482 2.737482 2.737482 0.203473 0.203473 0.203473
56400 2.737482 2.737482 2.737482 0.203473 0.203473 0.203473
56500 2.737482 2.737482 2.737482 0.203473 0.203473 0.203473
56600 2.737482 2.737482 2.737482 0.203473 0.203473 0.203473
56700 2.737482 2.737482 2.737482 0.203473 0.203473 0.203473
56800 2.737482 2.737482 2.737482 0.203473 0.203473 0.203473
56900 2.737482 2.737482 2.737482 0.203473 0.203473 0.203473
57000 2.737482 2.737482 2.737482 0.203473 0.203473 0.203473
57100 2.737482 2.737482 2.737482 0.203473 0.203473 0.203473
57200 2.737482 2.737482 2.737482 0.203473 0.203473 0.203473
57300 2.737482 2.737482 2.737482 0.203473 0.203473 0.203473
57400 2.737482 2.737482 2.737482 0.203473 0.203473 0.203473
57500 2.737482 2.737482 2.737482 0.203473 0.203473 0.203473
57600 2.737482 2.737482 2.737482 0.203473 0.203473 0.203473
57700 2.737482 2.737482 2.737482 0.203473 0.203473 0.203473
57800 2.737482 2.737482 2.737482 0.203473 0.203473 0.203473
57900 2.737482 2.737482 2.737482 0.203473 0.203473 0.203473
58000 2.737482 2.737482 2.737482 0.203473 0.203473 0.203473
58100 2.737482 2.737482 2.737482 0.203473 0.203473 0.203473
58200 2.737482 2.737482 2.737482 0.203473 0.203473 0.203473
58300 2.737482 2.737482 2.737482 0.203473 0.203473 0.203473
58400 2.737482 2.737482 2.737482 0.203473 0.203473 0.203473
58500 2.737482 2.737482 2.737482 0.203473 0.203473 0.203473
58600 2.737482 2.737482 2.737482 0.203473 0.203473 0.203473
58700 2.737482 2.737482 2.737482 0.203473 0.203473 0.203473
58800 2.737482 2.737482 2.737482 0.203473 0.203473 0.203473
58900 2.737482 2.737482 2.737482 0.203473 0.203473 0.203473
59000 2.737482 2.737482 2.737482 0.203473 0.203473 0.203473
59100 2.737482 2.737482 2.737482 0.203473 0.203473 0.203473
59200 2.737482 2.737482 2.737482 0.203473 0.203473 0.203473
59300 2.737482 2.737482 2.737482 0.203473 0.203473 0.203473
59400 2.737482 2.737482 2.737482 0.203473 0.203473 0.203473
59500 2.737482 2.737482 2.737482 0.203473 0.203473 0.203473
59600 2.737482 2.737482 2.737482 0.203473 0.203473 0.203473
59700 2.737482 2.737482 2.737482 0.203473 0.203473 0.203473
59800 2.737482 2.737482 2.737482 0.203473 0.203473 0.203473
59900 2.737482 2.737482 2.737482 0.203473 0.203473 0.203473
60000 2.737482 2.737482 2.737482 0.203473 0.203473 0.203473
60100 2.737482 2.737482 2.737482 0.203473 0.203473 0.203473
60200 2.737482 2.737482 2.737482 0.203473 0.203473 0.203473
60300 2.737482 2.737482 2.737482 0.203473 0.203473 0.203473
60400 2.737482 2.737482 2.737482 0.203473 0.203473 0.203473
60500 2.737482 2.737482 2.737482 0.203473 0.203473 0.203473
60600 2.737482 2.737482 2.737482 0.203473 0.203473 0.203473
60700 2.737482 2.737482 2.737482 0.203473 0.203473 0.203473
60800 2.737482 2.737482 2.737482 0.203473 0.203473 0.203473
60900 2.737482 2.737482 2.737482 0.203473 0.203473 0.203473
61000 2.737482 2.737482 2.737482 0.203473 0.203473 0.203473
61100 2.737482 2.737482 2.737482 0.203473 0.203473 0.203473
61200 2.737482 2.737482 2.737482 0.203473 0.203473 0.203473
61300 2.737482 2.737482 2.737482 0.203473 0.203473 0.203473
61400 2.737482 2.737482 2.737482 0.203473 0.203473 0.203473
61500 2.737482 2.737482 2.737482 0.203473 0.203473 0.203473
61600 2.737482 2.737482 2.737482 0.203473 0.203473 0.203473
61700 2.737482 2.737482 2.737482 0.203473 0.203473 0.203473
61800 2.737482 2.737482 2.737482 0.203473 0.203473 0.203473
61900 2.737482 2.737482 2.737482 0.203473 0.203473 0.203473
62000 2.737482 2.737482 2.737482 0.203473 0.203473 0.203473
62100 2.737482 2.737482 2.737482 0.203473 0.203473 0.203473
62200 2.737482 2.737482 2.737482 0.203473 0.203473 0.203473
62300 2.737482 2.737482 2.737482 0.203473 0.203473 0.203473
62400 2.737482 2.737482 2.737482 0.203473 0.203473 0.203473
62500 2.737482 2.737482 2.737482 0.203473 0.203473 0.203473
62600 2.737482 2.737482 2.737482 0.203473 0.203473 0.203473
62700 2.737482 2.737482 2.737482 0.203473 0.203473 0.203473
62800 2.737482 2.737482 2.737482 0.203473 0.203473 0.203473
62900 2.737482 2.737482 2.737482 0.203473 0.203473 0.203473
63000 2.737482 2.737482 2.737482 0.203473 0.203473 0.203473
63100 2.737482 2.737482 2.737482 0.203473 0.203473 0.203473
63200 2.737482 2.737482 2.737482 0.203473 0.203473 0.203473
63300 2.737482 2.737482 2.737482 0.203473 0.203473 0.203473
63400 2.737482 2.737482 2.737482 0.203473 0.203473 0.203473
63500 2.737482 2.737482 2.737482 0.203473 0.203473 0.203473
63600 2.737482 2.737482 2.737482 0.203473 0.203473 0.203473
63700 2.737482 2.737482 2.737482 0.203473 0.203473 0.203473
63800 2.737482 2.737482 2.737482 0.203473 0.203473 0.203473
63900 2.737482 2.737482 2.737482 0.203473 0.203473 0.203473
64000 2.737482 2.737482 2.737482 0.203473 0.203473 0.203473
64100 2.737482 2.737482 2.737482 0.203473 0.203473 0.203473
64200 2.737482 2.737482 2.737482 0.203473 0.203473 0.203473
64300 2.737482 2.737482 2.737482 0.203473 0.203473 0.203473
64400 2.737482 2.737482 2.737482 0.203473 0.203473 0.203473
64500 2.737482 2.737482 2.737482 0.203473 0.203473 0.203473
64600 2.737482 2.737482 2.737482 0.203473 0.203473 0.203473
64700 2.737482 2.737482 2.737482 0.203473 0.203473 0.203473
64800 2.737482 2.737482 2.737482 0.203473 0.203473 0.203473
64900 2.737482 2.737482 2.737482 0.203473 0.203473 0.203473
65000 2.737482 2.737482 2.737482 0.203473 0.203473 0.203473
65100 2.737482 2.737482 2.737482 0.203473 0.203473 0.203473
65200 2.737482 2.737482 2.737482 0.203473 0.203473 0.203473
65300 2.737482 2.737482 2.737482 0.203473 0.203473 0.203473
65400 2.737482 2.737482 2.737482 0.203473 0.203473 0.203473
65500 2.737482 2.737482 2.737482 0.203473 0.203473 0.203473
65600 2.737482 2.737482 2.737482 0.203473 0.203473 0.203473
65700 2.737482 2.737482 2.737482 0.203473 0.203473 0.203473
65800 2.737482 2.737482 2.737482 0.203473 0.203473 0.203473
65900 2.737482 2.737482 2.737482 0.203473 0.203473 0.203473
66000 2.737482 2.737482 2.737482 0.203473 0.203473 0.203473
66100 2.737482 2.737482 2.737482 0.203473 0.203473 0.203473
66200 2.737482 2.737482 2.737482 0.203473 0.203473 0.203473
66300 2.737482 2.737482 2.737482 0.203473 0.203473 0.203473
66400 2.737482 2.737482 2.737482 0.203473 0.203473 0.203473
66500 2.737482 2.737482 2.737482 0.203473 0.203473 0.203473
66600 2.737482 2.737482 2.737482 0.203473 0.203473 0.203473
66700 2.737482 2.737482 2.737482 0.203473 0.203473 0.203473
66800 2.737482 2.737482 2.737482 0.203473 0.203473 0.203473
66900 2.737482 2.737482 2.737482 0.203473 0.203473 0.203473
67000 2.737482 2.737482 2.737482 0.203473 0.203473 0.203473
67100 2.737482 2.737482 2.737482 0.203473 0.203473 0.203473
67200 2.737482 2.737482 2.737482 0.203473 0.203473 0.203473
67300 2.737482 2.737482 2.737482 0.203473 0.203473 0.203473
67400 2.737482 2.737482 2.737482 0.203473 0.203473 0.203473
67500 2.737482 2.737482 2.737482 0.203473 0.203473 0.203473
67600 2.737482 2.737482 2.737482 0.203473 0.203473 0.203473
67700 2.737482 2.737482 2.737482 0.203473 0.203473 0.203473
67800 2.737482 2.737482 2.737482 0.203473 0.203473 0.203473
67900 2.737482 2.737482 2.737482 0.203473 0.203473 0.203473
68000 2.737482 2.737482 2.737482 0.203473 0.203473 0.203473
68100 2.737482 2.737482 2.737482 0.203473 0.203473 0.203473
68200 2.737482 2.737482 2.737482 0.203473 0.203473 0.203473
68300 2.737482 2.737482 2.737482 0.203473 0.203473 0.203473
68400 2.737482 2.737482 2.737482 0.203473 0.203473 0.203473
68500 2.737482 2.737482 2.737482 0.203473 0.203473 0.203473
68600 2.737482 2.737482 2.737482 0.203473 0.203473 0.203473
68700 2.737482 2.737482 2.737482 0.203473 0.203473 0.203473
68800 2.737482 2.737482 2.737482 0.203473 0.203473 0.203473
68900 2.737482 2.737482 2.737482 0.203473 0.203473 0.203473
69000 2.737482 2.737482 2.737482 0.203473 0.203473 0.203473
69100 2.737482 2.737482 2.737482 0.203473 0.203473 0.203473
69200 2.737482 2.737482 2.737482 0.203473 0.203473 0.203473
69300 2.737482 2.737482 2.737482 0.203473 0.203473 0.203473
69400 2.737482 2.737482 2.737482 0.203473 0.203473 0.203473
69500 2.737482 2.737482 2.737482 0.203473 0.203473 0.203473
69600 2.737482 2.737482 2.737482 0.203473 0.203473 0.203473
69700 2.737482 2.737482 2.737482 0.203473 0.203473 0.203473
69800 2.737482 2.737482 2.737482 0.203473 0.203473 0.203473
69900 2.737482 2.737482 2.737482 0.203473 0.203473 0.203473
70000 2.737482 2.737482 2.737482 0.203473 0.203473 0.203473
70100 2.737482 2.737482 2.737482 0.203473 0.203473 0.203473
70200 2.737482 2.737482 2.737482 0.203473 0.203473 0.203473
70300 2.737482 2.737482 2.737482 0.203473 0.203473 0.203473
70400 2.737482 2.737482 2.737482 0.203473 0.203473 0.203473
70500 2.737482 2.737482 2.737482 0.203473 0.203473 0.203473
70600 2.737482 2.737482 2.737482 0.203473 0.203473 0.203473
70700 2.737482 2.737482 2.737482 0.203473 0.203473 0.203473
70800 2.737482 2.737482 2.737482 0.203473 0.203473 0.203473
70900 2.737482 2.737482 2.737482 0.203473 0.203473 0.203473
71000 2.737482 2.737482 2.737482 0.203473 0.203473 0.203473
71100 2.737482 2.737482 2.737482 0.203473 0.203473 0.203473
71200 2.737482 2.737482 2.737482 0.203473 0.203473 0.203473
71300 2.737482 2.737482 2.737482 0.203473 0.203473 0.203473
71400 2.737482 2.737482 2.737482 0.203473 0.203473 0.203473
71500 2.737482 2.737482 2.737482 0.203473 0.203473 0.203473
71600 2.737482 2.737482 2.737482 0.203473 0.203473 0.203473
71700 2.737482 2.737482 2.737482 0.203473 0.203473 0.203473
71800 2.737482 2.737482 2.737482 0.203473 0.203473 0.203473
71900 2.737482 2.737482 2.737482 0.203473 0.203473 0.203473
72000 2.737482 2.737482 2.737482 0.203473 0.203473 0.203473
72100 2.737482 2.737482 2.737482 0.203473 0.203473 0.203473
72200 2.737482 2.737482 2.737482 0.203473 0.203473 0.203473
72300 2.737482 2.737482 2.737482 0.203473 0.203473 0.203473
72400 2.737482 2.737482 2.737482 0.203473 0.203473 0.203473
72500 2.737482 2.737482 2.737482 0.203473 0.203473 0.203473
72600 2.737482 2.737482 2.737482 0.203473 0.203473 0.203473
72700 2.737482 2.737482 2.737482 0.203473 0.203473 0.203473
72800 2.737482 2.737482 2.737482 0.203473 0.203473 0.203473
72900 2.737482 2.737482 2.737482 0.203473 0.203473 0.203473
73000 2.737482 2.737482 2.737482 0.203473 0.203473 0.203473
73100 2.737482 2.737482 2.737482 0.203473 0.203473 0.203473
73200 2.737482 2.737482 2.737482 0.203473 0.203473 0.203473
73300 2.737482 2.737482 2.737482 0.203473 0.203473 0.203473
73400 2.737482 2.737482 2.737482 0.203473 0.203473 0.203473
73500 2.737482 2.737482 2.737482 0.203473 0.203473 0.203473
73600 2.737482 2.737482 2.737482 0.203473 0.203473 0.203473
73700 2.737482 2.737482 2.737482 0.203473 0.203473 0.203473
73800 2.737482 2.737482 2.737482 0.203473 0.203473 0.203473
73900 2.737482 2.737482 2.737482 0.203473 0.203473 0.203473
74000 2.737482 2.737482 2.737482 0.203473 0.203473 0.203473
74100 2.737482 2.737482 2.737482 0.203473 0.203473 0.203473
74200 2.737482 2.737482 2.737482 0.203473 0.203473 0.203473
74300 2.737482 2.737482 2.737482 0.203473 0.203473 0.203473
74400 2.737482 2.737482 2.737482 0.203473 0.203473 0.203473
74500 2.737482 2.737482 2.737482 0.203473 0.203473 0.203473
74600 2.737482 2.737482 2.737482 0.203473 0.203473 0.203473
74700 2.737482 2.737482 2.737482 0.203473 0.203473 0.203473
74800 2.737482 2.737482 2.737482 0.203473 0.203473 0.203473
74900 2.737482 2.737482 2.737482 0.203473 0.203473 0.203473
75000 2.737482 2.737482 2.737482 0.203473 0.203473 0.203473
75100 2.737482 2.737482 2.737482 0.203473 0.203473 0.203473
75200 2.737482 2.737482 2.737482 0.203473 0.203473 0.203473
75300 2.737482 2.737482 2.737482 0.203473 0.203473 0.203473
75400 2.737482 2.737482 2.737482 0.203473 0.203473 0.203473
75500 2.737482 2.737482 2.737482 0.203473 0.203473 0.203473
75600 2.737482 2.737482 2.737482 0.203473 0.203473 0.203473
75700 2.737482 2.737482 2.737482 0.203473 0.203473 0.203473
75800 2.737482 2.737482 2.737482 0.203473 0.203473 0.203473
75900 2.737482 2.737482 2.737482 0.203473 0.203473 0.203473
76000 2.737482 2.737482 2.737482 0.203473 0.203473 0.203473
76100 2.737482 2.737482 2.737482 0.203473 0.203473 0.203473
76200 2.737482 2.737482 2.737482 0.203473 0.203473 0.203473
76300 2.737482 2.737482 2.737482 0.203473 0.203473 0.203473
76400 2.737482 2.737482 2.737482 0.203473 0.203473 0.203473
76500 2.737482 2.737482 2.737482 0.203473 0.203473 0.203473
76600 2.737482 2.737482 2.737482 0.203473 0.203473 0.203473
76700 2.737482 2.737482 2.737482 0.203473 0.203473 0.203473
76800 2.737482 2.737482 2.737482 0.203473 0.203473 0.203473
76900 2.737482 2.737482 2.737482 0.203473 0.203473 0.203473
77000 2.737482 2.737482 2.737482 0.203473 0.203473 0.203473
77100 2.737482 2.737482 2.737482 0.203473 0.203473 0.203473
77200 2.737482 2.737482 2.737482 0.203473 0.203473 0.203473
77300 2.737482 2.737482 2.737482 0.203473 0.203473 0.203473
77400 2.737482 2.737482 2.737482 0.203473 0.203473 0.203473
77500 2.737482 2.737482 2.737482 0.203473 0.203473 0.203473
77600 2.737482 2.737482 2.737482 0.203473 0.203473 0.203473
77700 2.737482 2.737482 2.737482 0.203473 0.203473 0.203473
77800 2.737482 2.737482 2.737482 0.203473 0.203473 0.203473
77900 2.737482 2.737482 2.737482 0.203473 0.203473 0.203473
78000 2.737482 2.737482 2.737482 0.203473 0.203473 0.203473
78100 2.737482 2.737482 2.737482 0.203473 0.203473 0.203473
78200 2.737482 2.737482 2.737482 0.203473 0.203473 0.203473
78300 2.737482 2.737482 2.737482 0.203473 0.203473 0.203473
78400 2.737482 2.737482 2.737482 0.203473 0.203473 0.203473
78500 2.737482 2.737482 2.737482 0.203473 0.203473 0.203473
78600 2.737482 2.737482 2.737482 0.203473 0.203473 0.203473
78700 2.737482 2.737482 2.737482 0.203473 0.203473 0.203473
78800 2.737482 2.737482 2.737482 0.203473 0.203473 0.203473
78900 2.737482 2.737482 2.737482 0.203473 0.203473 0.203473
79000 2.737482 2.737482 2.737482 0.203473 0.203473 0.203473
79100 2.737482 2.737482 2.737482 0.203473 0.203473 0.203473
79200 2.737482 2.737482 2.737482 0.203473 0.203473 0.203473
79300 2.737482 2.737482 2.737482 0.203473 0.203473 0.203473
79400 2.737482 2.737482 2.737482 0.203473 0.203473 0.203473
79500 2.737482 2.737482 2.737482 0.203473 0.203473 0.203473
79600 2.737482 2.737482 2.737482 0.203473 0.203473 0.203473
79700 2.737482 2.737482 2.737482 0.203473 0.203473 0.203473
79800 2.737482 2.737482 2.737482 0.203473 0.203473 0.203473
79900 2.737482 2.737482 2.737482 0.203473 0.203473 0.203473
80000 2.737482 2.737482 2.737482 0.203473 0.203473 0.203473
80100 2.737482 2.737482 2.737482 0.203473 0.203473 0.203473
80200 2.737482 2.737482 2.737482 0.203473 0.203473 0.203473
80300 2.737482 2.737482 2.737482 0.203473 0.203473 0.203473
80400 2.737482 2.737482 2.737482 0.203473 0.203473 0.203473
80500 2.737482 2.737482 2.737482 0.203473 0.203473 0.203473
80600 2.737482 2.737482 2.737482 0.203473 0.203473 0.203473
80700 2.737482 2.737482 2.737482 0.203473 0.203473 0.203473
80800 2.737482 2.737482 2.737482 0.203473 0.203473 0.203473
80900 2.737482 2.737482 2.737482 0.203473 0.203473 0.203473
81000 2.737482 2.737482 2.737482 0.203473 0.203473 0.203473
81100 2.737482 2.737482 2.737482 0.203473 0.203473 0.203473
81200 2.737482 2.737482 2.737482 0.203473 0.203473 0.203473
81300 2.737482 2.737482 2.737482 0.203473 0.203473 0.203473
81400 2.737482 2.737482 2.737482 0.203473 0.203473 0.203473
81500 2.737482 2.737482 2.737482 0.203473 0.203473 0.203473
81600 2.737482 2.737482 2.737482 0.203473 0.203473 0.203473
81700 2.737482 2.737482 2.737482 0.203473 0.203473 0.203473
81800 2.737482 2.737482 2.737482 0.203473 0.203473 0.203473
81900 2.737482 2.737482 2.737482 0.203473 0.203473 0.203473
82000 2.737482 2.737482 2.737482 0.203473 0.203473 0.203473
82100 2.737482 2.737482 2.737482 0.203473 0.203473 0.203473
82200 2.737482 2.737482 2.737482 0.203473 0.203473 0.203473
82300 2.737482 2.737482 2.737482 0.203473 0.203473 0.203473
82400 2.737482 2.737482 2.737482 0.203473 0.203473 0.203473
82500 2.737482 2.737482 2.737482 0.203473 0.203473 0.203473
82600 2.737482 2.737482 2.737482 0.203473 0.203473 0.203473
82700 2.737482 2.737482 2.737482 0.203473 0.203473 0.203473
82800 2.737482 2.737482 2.737482 0.203473 0.203473 0.203473
82900 2.737482 2.737482 2.737482 0.203473 0.203473 0.203473
83000 2.737482 2.737482 2.737482 0.203473 0.203473 0.203473
83100 2.737482 2.737482 2.737482 0.203473 0.203473 0.203473
83200 2.737482 2.737482 2.737482 0.203473 0.203473 0.203473
83300 2.737482 2.737482 2.737482 0.203473 0.203473 0.203473
83400 2.737482 2.737482 2.737482 0.203473 0.203473 0.203473
83500 2.737482 2.737482 2.737482 0.203473 0.203473 0.203473
83600 2.737482 2.737482 2.737482 0.203473 0.203473 0.203473
83700 2.737482 2.737482 2.737482 0.203473 0.203473 0.203473
83800 2.737482 2.737482 2.737482 0.203473 0.203473 0.203473
83900 2.737482 2.737482 2.737482 0.203473 0.203473 0.203473
84000 2.737482 2.737482 2.737482 0.203473 0.203473 0.203473
84100 2.737482 2.737482 2.737482 0.203473 0.203473 0.203473
84200 2.737482 2.737482 2.737482 0.203473 0.203473 0.203473
84300 2.737482 2.737482 2.737482 0.203473 0.203473 0.203473
84400 2.737482 2.737482 2.737482 0.203473 0.203473 0.203473
84500 2.737482 2.737482 2.737482 0.203473 0.203473 0.203473
84600 2.737482 2.737482 2.737482 0.203473 0.203473 0.203473
84700 2.737482 2.737482 2.737482 0.203473 0.203473 0.203473
84800 2.737482 2.737482 2.737482 0.203473 0.203473 0.203473
84900 2.737482 2.737482 2.737482 0.203473 0.203473 0.203473
85000 2.737482 2.737482 2.737482 0.203473 0.203473 0.203473
85100 2.737482 2.737482 2.737482 0.203473 0.203473 0.203473
85200 2.737482 2.737482 2.737482 0.203473 0.203473 0.203473
85300 2.737482 2.737482 2.737482 0.203473 0.203473 0.203473
85400 2.737482 2.737482 2.737482 0.203473 0.203473 0.203473
85500 2.737482 2.737482 2.737482 0.203473 0.203473 0.203473
85600 2.737482 2.737482 2.737482 0.203473 0.203473 0.203473
85700 2.737482 2.737482 2.737482 0.203473 0.203473 0.203473
85800 2.737482 2.737482 2.737482 0.203473 0.203473 0.203473
85900 2.737482 2.737482 2.737482 0.203473 0.203473 0.203473
86000 2.737482 2.737482 2.737482 0.203473 0.203473 0.203473
86100 2.737482 2.737482 2.737482 0.203473 0.203473 0.203473
86200 2.737482 2.737482 2.737482 0.203473 0.203473 0.203473
86300 2.737482 2.737482 2.737482 0.203473 0.203473 0.203473
86400 2.737482 2.737482 2.737482 0.203473 0.203473 0.203473
86500 2.737482 2.737482 2.737482 0.203473 0.203473 0.203473
86600 2.737482 2.737482 2.737482 0.203473 0.203473 0.203473
86700 2.737482 2.737482 2.737482 0.203473 0.203473 0.203473
86800 2.737482 2.737482 2.737482 0.203473 0.203473 0.203473
86900 2.737482 2.737482 2.737482 0.203473 0.203473 0.203473
87000 2.737482 2.737482 2.737482 0.203473 0.203473 0.203473
87100 2.737482 2.737482 2.737482 0.203473 0.203473 0.203473
87200 2.737482 2.737482 2.737482 0.203473 0.203473 0.203473
87300 2.737482 2.737482 2.737482 0.203473 0.203473 0.203473
87400 2.737482 2.737482 2.737482 0.203473 0.203473 0.203473
87500 2.737482 2.737482 2.737482 0.203473 0.203473 0.203473
87600 2.737482 2.737482 2.737482 0.203473 0.203473 0.203473
87700 2.737482 2.737482 2.737482 0.203473 0.203473 0.203473
87800 2.737482 2.737482 2.737482 0.203473 0.203473 0.203473
87900 2.737482 2.737482 2.737482 0.203473 0.203473 0.203473
88000 2.737482 2.737482 2.737482 0.203473 0.203473 0.203473
88100 2.737482 2.737482 2.737482 0.203473 0.203473 0.203473
88200 2.737482 2.737482 2.737482 0.203473 0.203473 0.203473
88300 2.737482 2.737482 2.737482 0.203473 0.203473 0.203473
88400 2.737482 2.737482 2.737482 0.203473 0.203473 0.203473
88500 2.737482 2.737482 2.737482 0.203473 0.203473 0.203473
88600 2.737482 2.737482 2.737482 0.203473 0.203473 0.203473
88700 2.737482 2.737482 2.737482 0.203473 0.203473 0.203473
88800 2.737482 2.737482 2.737482 0.203473 0.203473 0.203473
88900 2.737482 2.737482 2.737482 0.203473 0.203473 0.203473
89000 2.737482 2.737482 2.737482 0.203473 0.203473 0.203473
89100 2.737482 2.737482 2.737482 0.203473 0.203473 0.203473
89200 2.737482 2.737482 2.737482 0.203473 0.203473 0.203473
89300 2.737482 2.737482 2.737482 0.203473 0.203473 0.203473
89400 2.737482 2.737482 2.737482 0.203473 0.203473 0.203473
89500 2.737482 2.737482 2.737482 0.203473 0.203473 0.203473
89600 2.737482 2.737482 2.737482 0.203473 0.203473 0.203473
89700 2.737482 2.737482 2.737482 0.203473 0.203473 0.203473
89800 2.737482 2.737482 2.737482 0.203473 0.203473 0.203473
89900 2.737482 2.737482 2.737482 0.203473 0.203473 0.203473
90000 2.737482 2.737482 2.737482 0.203473 0.203473 0.203473
90100 2.737482 2.737482 2.737482 0.203473 0.203473 0.203473
90200 2.737482 2.737482 2.737482 0.203473 0.203473 0.203473
90300 2.737482 2.737482 2.737482 0.203473 0.203473 0.203473
90400 2.737482 2.737482 2.737482 0.203473 0.203473 0.203473
90500 2.737482 2.737482 2.737482 0.203473 0.203473 0.203473
90600 2.737482 2.737482 2.737482 0.203473 0.203473 0.203473
90700 2.737482 2.737482 2.737482 0.203473 0.203473 0.203473
90800 2.737482 2.737482 2.737482 0.203473 0.203473 0.203473
90900 2.737482 2.737482 2.737482 0.203473 0.203473 0.203473
91000 2.737482 2.737482 2.737482 0.203473 0.203473 0.203473
91100 2.737482 2.737482 2.737482 0.203473 0.203473 0.203473
91200 2.737482 2.737482 2.737482 0.203473 0.203473 0.203473
91300 2.737482 2.737482 2.737482 0.203473 0.203473 0.203473
91400 2.737482 2.737482 2.737482 0.203473 0.203473 0.203473
91500 2.737482 2.737482 2.737482 0.203473 0.203473 0.203473
91600 2.737482 2.737482 2.737482 0.203473 0.203473 0.203473
91700 2.737482 2.737482 2.737482 0.203473 0.203473 0.203473
91800 2.737482 2.737482 2.737482 0.203473 0.203473 0.203473
91900 2.737482 2.737482 2.737482 0.203473 0.203473 0.203473
92000 2.737482 2.737482 2.737482 0.203473 0.203473 0.203473
92100 2.737482 2.737482 2.737482 0.203473 0.203473 0.203473
92200 2.737482 2.737482 2.737482 0.203473 0.203473 0.203473
92300 2.737482 2.737482 2.737482 0.203473 0.203473 0.203473
92400 2.737482 2.737482 2.737482 0.203473 0.203473 0.203473
92500 2.737482 2.737482 2.737482 0.203473 0.203473 0.203473
92600 2.737482 2.737482 2.737482 0.203473 0.203473 0.203473
92700 2.737482 2.737482 2.737482 0.203473 0.203473 0.203473
92800 2.737482 2.737482 2.737482 0.203473 0.203473 0.203473
92900 2.737482 2.737482 2.737482 0.203473 0.203473 0.203473
93000 2.737482 2.737482 2.737482 0.203473 0.203473 0.203473
93100 2.737482 2.737482 2.737482 0.203473 0.203473 0.203473
93200 2.737482 2.737482 2.737482 0.203473 0.203473 0.203473
93300 2.737482 2.737482 2.737482 0.203473 0.203473 0.203473
93400 2.737482 2.737482 2.737482 0.203473 0.203473 0.203473
93500 2.737482 2.737482 2.737482 0.203473 0.203473 0.203473
93600 2.737482 2.737482 2.737482 0.203473 0.203473 0.203473
93700 2.737482 2.737482 2.737482 0.203473 0.203473 0.203473
93800 2.737482 2.737482 2.737482 0.203473 0.203473 0.203473
93900 2.737482 2.737482 2.737482 0.203473 0.203473 0.203473
94000 2.737482 2.737482 2.737482 0.203473 0.203473 0.203473
94100 2.737482 2.737482 2.737482 0.203473 0.203473 0.203473
94200 2.737482 2.737482 2.737482 0.203473 0.203473 0.203473
94300 2.737482 2.737482 2.737482 0.203473 0.203473 0.203473
94400 2.737482 2.737482 2.737482 0.203473 0.203473 0.203473
94500 2.737482 2.737482 2.737482 0.203473 0.203473 0.203473
94600 2.737482 2.737482 2.737482 0.203473 0.203473 0.203473
94700 2.737482 2.737482 2.737482 0.203473 0.203473 0.203473
94800 2.737482 2.737482 2.737482 0.203473 0.203473 0.203473
94900 2.737482 2.737482 2.737482 0.203473 0.203473 0.203473
95000 2.737482 2.737482 2.737482 0.203473 0.203473 0.203473
95100 2.737482 2.737482 2.737482 0.203473 0.203473 0.203473
95200 2.737482 2.737482 2.737482 0.203473 0.203473 0.203473
95300 2.737482 2.737482 2.737482 0.203473 0.203473 0.203473
95400 2.737482 2.737482 2.737482 0.203473 0.203473 0.203473
95500 2.737482 2.737482 2.737482 0.203473 0.203473 0.203473
95600 2.737482 2.737482 2.737482 0.203473 0.203473 0.203473
95700 2.737482 2.737482 2.737482 0.203473 0.203473 0.203473
95800 2.737482 2.737482 2.737482 0.203473 0.203473 0.203473
95900 2.737482 2.737482 2.737482 0.203473 0.203473 0.203473
96000 2.737482 2.737482 2.737482 0.203473 0.203473 0.203473
96100 2.737482 2.737482 2.737482 0.203473 0.203473 0.203473
96200 2.737482 2.737482 2.737482 0.203473 0.203473 0.203473
96300 2.737482 2.737482 2.737482 0.203473 0.203473 0.203473
96400 2.737482 2.737482 2.737482 0.203473 0.203473 0.203473
96500 2.737482 2.737482 2.737482 0.203473 0.203473 0.203473
96600 2.737482 2.737482 2.737482 0.203473 0.203473 0.203473
96700 2.737482 2.737482 2.737482 0.203473 0.203473 0.203473
96800 2.737482 2.737482 2.737482 0.203473 0.203473 0.203473
96900 2.737482 2.737482 2.737482 0.203473 0.203473 0.203473
97000 2.737482 2.737482 2.737482 0.203473 0.203473 0.203473
97100 2.737482 2.737482 2.737482 0.203473 0.203473 0.203473
97200 2.737482 2.737482 2.737482 0.203473 0.203473 0.203473
97300 2.737482 2.737482 2.737482 0.203473 0.203473 0.203473
97400 2.737482 2.737482 2.737482 0.203473 0.203473 0.203473
97500 2.737482 2.737482 2.737482 0.203473 0.203473 0.203473
97600 2.737482 2.737482 2.737482 0.203473 0.203473 0.203473
97700 2.737482 2.737482 2.737482 0.203473 0.203473 0.203473
97800 2.737482 2.737482 2.737482 0.203473 0.203473 0.203473
97900 2.737482 2.737482 2.737482 0.203473 0.203473 0.203473
98000 2.737482 2.737482 2.737482 0.203473 0.203473 0.203473
98100 2.737482 2.737482 2.737482 0.203473 0.203473 0.203473
98200 2.737482 2.737482 2.737482 0.203473 0.203473 0.203473
98300 2.737482 2.737482 2.737482 0.203473 0.203473 0.203473
98400 2.737482 2.737482 2.737482 0.203473 0.203473 0.203473
98500 2.737482 2.737482 2.737482 0.203473 0.203473 0.203473
98600 2.737482 2.737482 2.737482 0.203473 0.203473 0.203473
98700 2.737482 2.737482 2.737482 0.203473 0.203473 0.203473
98800 2.737482 2.737482 2.737482 0.203473 0.203473 0.203473
98900 2.737482 2.737482 2.737482 0.203473 0.203473 0.203473
99000 2.737482 2.737482 2.737482 0.203473 0.203473 0.203473
99100 2.737482 2.737482 2.737482 0.203473 0.203473 0.203473
99200 2.737482 2.737482 2.737482 0.203473 0.203473 0.203473
99300 2.737482 2.737482 2.737482 0.203473 0.203473 0.203473
99400 2.737482 2.737482 2.737482 0.203473 0.203473 0.203473
99500 2.737482 2.737482 2.737482 0.203473 0.203473 0.203473
99600 2.737482 2.737482 2.737482 0.203473 0.203473 0.203473
99700 2.737482 2.737482 2.737482 0.203473 0.203473 0.203473
99800 2.737482 2.737482 2.737482 0.203473 0.203473 0.203473
99900 2.737482 2.737482 2.737482 0.203473 0.203473 0.203473
100000 2.737482 2.737482 2.737482 0.203473 0.203473 0.203473
