# generation power_min power_avg power_max util_min util_avg util_max
1 42.776048 42.776048 42.776048 1.143200 1.467913 1.499814
100 14.215460 20.414729 32.490916 0.670708 1.118052 1.498681
200 17.368624 15.115813 17.368624 0.698813 0.933098 1.045225
300 11.948319 13.121185 13.931517 0.736431 0.937692 1.038418
400 11.199312 11.966359 12.559105 0.861178 0.964077 1.021744
500 10.556227 11.033640 11.531641 0.810292 0.945668 1.018012
600 10.741313 10.568825 10.741313 0.914816 0.974314 1.009922
700 10.183205 10.332512 10.459861 0.940314 0.978099 0.995839
800 10.226908 10.179645 10.226908 0.969711 0.991870 1.007317
900 10.189765 10.083391 10.189765 0.991385 0.994291 1.007317
1000 10.041955 10.048699 10.048980 0.994872 0.994902 0.995612
1100 10.041955 10.046381 10.048980 0.994872 0.995146 0.995612
1200 10.041955 10.041955 10.041955 0.995612 0.995612 0.995612
1300 10.041955 10.041955 10.041955 0.995612 0.995612 0.995612
1400 10.041955 10.041955 10.041955 0.995612 0.995612 0.995612
1500 10.041955 10.041955 10.041955 0.995612 0.995612 0.995612
1600 10.041955 10.041955 10.041955 0.995612 0.995612 0.995612
1700 10.041955 10.041955 10.041955 0.995612 0.995612 0.995612
1800 10.041955 10.041955 10.041955 0.995612 0.995612 0.995612
1900 10.041955 10.041955 10.041955 0.995612 0.995612 0.995612
2000 10.041955 10.041955 10.041955 0.995612 0.995612 0.995612
2100 10.041955 10.041955 10.041955 0.995612 0.995612 0.995612
2200 10.041955 10.041955 10.041955 0.995612 0.995612 0.995612
2300 10.041955 10.041955 10.041955 0.995612 0.995612 0.995612
2400 10.041955 10.041955 10.041955 0.995612 0.995612 0.995612
2500 10.041955 10.041955 10.041955 0.995612 0.995612 0.995612
2600 10.041955 10.041955 10.041955 0.995612 0.995612 0.995612
2700 10.041955 10.041955 10.041955 0.995612 0.995612 0.995612
2800 10.041955 10.041955 10.041955 0.995612 0.995612 0.995612
2900 10.041955 10.041955 10.041955 0.995612 0.995612 0.995612
3000 10.041955 10.041955 10.041955 0.995612 0.995612 0.995612
3100 10.041955 10.041955 10.041955 0.995612 0.995612 0.995612
3200 10.041955 10.041955 10.041955 0.995612 0.995612 0.995612
3300 10.041955 10.041955 10.041955 0.995612 0.995612 0.995612
3400 10.041955 10.041955 10.041955 0.995612 0.995612 0.995612
3500 10.041955 10.041955 10.041955 0.995612 0.995612 0.995612
3600 10.041955 10.041955 10.041955 0.995612 0.995612 0.995612
3700 10.041955 10.041955 10.041955 0.995612 0.995612 0.995612
3800 10.041955 10.041955 10.041955 0.995612 0.995612 0.995612
3900 10.041955 10.041955 10.041955 0.995612 0.995612 0.995612
4000 10.041955 10.041955 10.041955 0.995612 0.995612 0.995612
4100 10.041955 10.041955 10.041955 0.995612 0.995612 0.995612
4200 10.041955 10.041955 10.041955 0.995612 0.995612 0.995612
4300 10.041955 10.041955 10.041955 0.995612 0.995612 0.995612
4400 10.041955 10.041955 10.041955 0.995612 0.995612 0.995612
4500 10.041955 10.041955 10.041955 0.995612 0.995612 0.995612
4600 10.041955 10.041955 10.041955 0.995612 0.995612 0.995612
4700 10.041955 10.041955 10.041955 0.995612 0.995612 0.995612
4800 10.041955 10.041955 10.041955 0.995612 0.995612 0.995612
4900 10.041955 10.041955 10.041955 0.995612 0.995612 0.995612
5000 10.041955 10.041955 10.041955 0.995612 0.995612 0.995612
5100 10.041955 10.041955 10.041955 0.995612 0.995612 0.995612
5200 10.041955 10.041955 10.041955 0.995612 0.995612 0.995612
5300 10.041955 10.041955 10.041955 0.995612 0.995612 0.995612
5400 10.041955 10.041955 10.041955 0.995612 0.995612 0.995612
5500 10.041955 10.041955 10.041955 0.995612 0.995612 0.995612
5600 10.041955 10.041955 10.041955 0.995612 0.995612 0.995612
5700 10.041955 10.041955 10.041955 0.995612 0.995612 0.995612
5800 10.041955 10.041955 10.041955 0.995612 0.995612 0.995612
5900 10.041955 10.041955 10.041955 0.995612 0.995612 0.995612
6000 10.041955 10.041955 10.041955 0.995612 0.995612 0.995612
6100 10.041955 10.041955 10.041955 0.995612 0.995612 0.995612
6200 10.041955 10.041955 10.041955 0.995612 0.995612 0.995612
6300 10.041955 10.041955 10.041955 0.995612 0.995612 0.995612
6400 10.041955 10.041955 10.041955 0.995612 0.995612 0.995612
6500 10.041955 10.041955 10.041955 0.995612 0.995612 0.995612
6600 10.041955 10.041955 10.041955 0.995612 0.995612 0.995612
6700 10.041955 10.041955 10.041955 0.995612 0.995612 0.995612
6800 10.041955 10.041955 10.041955 0.995612 0.995612 0.995612
6900 10.041955 10.041955 10.041955 0.995612 0.995612 0.995612
7000 10.041955 10.041955 10.041955 0.995612 0.995612 0.995612
7100 10.041955 10.041955 10.041955 0.995612 0.995612 0.995612
7200 10.041955 10.041955 10.041955 0.995612 0.995612 0.995612
7300 10.041955 10.041955 10.041955 0.995612 0.995612 0.995612
7400 10.041955 10.041955 10.041955 0.995612 0.995612 0.995612
7500 10.041955 10.041955 10.041955 0.995612 0.995612 0.995612
7600 10.041955 10.041955 10.041955 0.995612 0.995612 0.995612
7700 10.041955 10.041955 10.041955 0.995612 0.995612 0.995612
7800 10.041955 10.041955 10.041955 0.995612 0.995612 0.995612
7900 10.041955 10.041955 10.041955 0.995612 0.995612 0.995612
8000 10.041955 10.041955 10.041955 0.995612 0.995612 0.995612
8100 10.041955 10.041955 10.041955 0.995612 0.995612 0.995612
8200 10.041955 10.041955 10.041955 0.995612 0.995612 0.995612
8300 10.041955 10.041955 10.041955 0.995612 0.995612 0.995612
8400 10.041955 10.041955 10.041955 0.995612 0.995612 0.995612
8500 10.041955 10.041955 10.041955 0.995612 0.995612 0.995612
8600 10.041955 10.041955 10.041955 0.995612 0.995612 0.995612
8700 10.041955 10.041955 10.041955 0.995612 0.995612 0.995612
8800 10.041955 10.041955 10.041955 0.995612 0.995612 0.995612
8900 10.041955 10.041955 10.041955 0.995612 0.995612 0.995612
9000 10.041955 10.041955 10.041955 0.995612 0.995612 0.995612
9100 10.041955 10.041955 10.041955 0.995612 0.995612 0.995612
9200 10.041955 10.041955 10.041955 0.995612 0.995612 0.995612
9300 10.041955 10.041955 10.041955 0.995612 0.995612 0.995612
9400 10.041955 10.041955 10.041955 0.995612 0.995612 0.995612
9500 10.041955 10.041955 10.041955 0.995612 0.995612 0.995612
9600 10.041955 10.041955 10.041955 0.995612 0.995612 0.995612
9700 10.041955 10.041955 10.041955 0.995612 0.995612 0.995612
9800 10.041955 10.041955 10.041955 0.995612 0.995612 0.995612
9900 10.041955 10.041955 10.041955 0.995612 0.995612 0.995612
10000 10.041955 10.041955 10.041955 0.995612 0.995612 0.995612
10100 10.041955 10.041955 10.041955 0.995612 0.995612 0.995612
10200 10.041955 10.041955 10.041955 0.995612 0.995612 0.995612
10300 10.041955 10.041955 10.041955 0.995612 0.995612 0.995612
10400 10.041955 10.041955 10.041955 0.995612 0.995612 0.995612
10500 10.041955 10.041955 10.041955 0.995612 0.995612 0.995612
10600 10.041955 10.041955 10.041955 0.995612 0.995612 0.995612
10700 10.041955 10.041955 10.041955 0.995612 0.995612 0.995612
10800 10.041955 10.041955 10.041955 0.995612 0.995612 0.995612
10900 10.041955 10.041955 10.041955 0.995612 0.995612 0.995612
11000 10.041955 10.041955 10.041955 0.995612 0.995612 0.995612
11100 10.041955 10.041955 10.041955 0.995612 0.995612 0.995612
11200 10.041955 10.041955 10.041955 0.995612 0.995612 0.995612
11300 10.041955 10.041955 10.041955 0.995612 0.995612 0.995612
11400 10.041955 10.041955 10.041955 0.995612 0.995612 0.995612
11500 10.041955 10.041955 10.041955 0.995612 0.995612 0.995612
11600 10.041955 10.041955 10.041955 0.995612 0.995612 0.995612
11700 10.041955 10.041955 10.041955 0.995612 0.995612 0.995612
11800 10.041955 10.041955 10.041955 0.995612 0.995612 0.995612
11900 10.041955 10.041955 10.041955 0.995612 0.995612 0.995612
12000 10.041955 10.041955 10.041955 0.995612 0.995612 0.995612
12100 10.041955 10.041955 10.041955 0.995612 0.995612 0.995612
12200 10.041955 10.041955 10.041955 0.995612 0.995612 0.995612
12300 10.041955 10.041955 10.041955 0.995612 0.995612 0.995612
12400 10.041955 10.041955 10.041955 0.995612 0.995612 0.995612
12500 10.041955 10.041955 10.041955 0.995612 0.995612 0.995612
12600 10.041955 10.041955 10.041955 0.995612 0.995612 0.995612
12700 10.041955 10.041955 10.041955 0.995612 0.995612 0.995612
12800 10.041955 10.041955 10.041955 0.995612 0.995612 0.995612
12900 10.041955 10.041955 10.041955 0.995612 0.995612 0.995612
13000 10.041955 10.041955 10.041955 0.995612 0.995612 0.995612
13100 10.041955 10.041955 10.041955 0.995612 0.995612 0.995612
13200 10.041955 10.041955 10.041955 0.995612 0.995612 0.995612
13300 10.041955 10.041955 10.041955 0.995612 0.995612 0.995612
13400 10.041955 10.041955 10.041955 0.995612 0.995612 0.995612
13500 10.041955 10.041955 10.041955 0.995612 0.995612 0.995612
13600 10.041955 10.041955 10.041955 0.995612 0.995612 0.995612
13700 10.041955 10.041955 10.041955 0.995612 0.995612 0.995612
13800 10.041955 10.041955 10.041955 0.995612 0.995612 0.995612
13900 10.041955 10.041955 10.041955 0.995612 0.995612 0.995612
14000 10.041955 10.041955 10.041955 0.995612 0.995612 0.995612
14100 10.041955 10.041955 10.041955 0.995612 0.995612 0.995612
14200 10.041955 10.041955 10.041955 0.995612 0.995612 0.995612
14300 10.041955 10.041955 10.041955 0.995612 0.995612 0.995612
14400 10.041955 10.041955 10.041955 0.995612 0.995612 0.995612
14500 10.041955 10.041955 10.041955 0.995612 0.995612 0.995612
14600 10.041955 10.041955 10.041955 0.995612 0.995612 0.995612
14700 10.041955 10.041955 10.041955 0.995612 0.995612 0.995612
14800 10.041955 10.041955 10.041955 0.995612 0.995612 0.995612
14900 10.041955 10.041955 10.041955 0.995612 0.995612 0.995612
15000 10.041955 10.041955 10.041955 0.995612 0.995612 0.995612
15100 10.041955 10.041955 10.041955 0.995612 0.995612 0.995612
15200 10.041955 10.041955 10.041955 0.995612 0.995612 0.995612
15300 10.041955 10.041955 10.041955 0.995612 0.995612 0.995612
15400 10.041955 10.041955 10.041955 0.995612 0.995612 0.995612
15500 10.041955 10.041955 10.041955 0.995612 0.995612 0.995612
15600 10.041955 10.041955 10.041955 0.995612 0.995612 0.995612
15700 10.041955 10.041955 10.041955 0.995612 0.995612 0.995612
15800 10.041955 10.041955 10.041955 0.995612 0.995612 0.995612
15900 10.041955 10.041955 10.041955 0.995612 0.995612 0.995612
16000 10.041955 10.041955 10.041955 0.995612 0.995612 0.995612
16100 10.041955 10.041955 10.041955 0.995612 0.995612 0.995612
16200 10.041955 10.041955 10.041955 0.995612 0.995612 0.995612
16300 10.041955 10.041955 10.041955 0.995612 0.995612 0.995612
16400 10.041955 10.041955 10.041955 0.995612 0.995612 0.995612
16500 10.041955 10.041955 10.041955 0.995612 0.995612 0.995612
16600 10.041955 10.041955 10.041955 0.995612 0.995612 0.995612
16700 10.041955 10.041955 10.041955 0.995612 0.995612 0.995612
16800 10.041955 10.041955 10.041955 0.995612 0.995612 0.995612
16900 10.041955 10.041955 10.041955 0.995612 0.995612 0.995612
17000 10.041955 10.041955 10.041955 0.995612 0.995612 0.995612
17100 10.041955 10.041955 10.041955 0.995612 0.995612 0.995612
17200 10.041955 10.041955 10.041955 0.995612 0.995612 0.995612
17300 10.041955 10.041955 10.041955 0.995612 0.995612 0.995612
17400 10.041955 10.041955 10.041955 0.995612 0.995612 0.995612
17500 10.041955 10.041955 10.041955 0.995612 0.995612 0.995612
17600 10.041955 10.041955 10.041955 0.995612 0.995612 0.995612
17700 10.041955 10.041955 10.041955 0.995612 0.995612 0.995612
17800 10.041955 10.041955 10.041955 0.995612 0.995612 0.995612
17900 10.041955 10.041955 10.041955 0.995612 0.995612 0.995612
18000 10.041955 10.041955 10.041955 0.995612 0.995612 0.995612
18100 10.041955 10.041955 10.041955 0.995612 0.995612 0.995612
18200 10.041955 10.041955 10.041955 0.995612 0.995612 0.995612
18300 10.041955 10.041955 10.041955 0.995612 0.995612 0.995612
18400 10.041955 10.041955 10.041955 0.995612 0.995612 0.995612
18500 10.041955 10.041955 10.041955 0.995612 0.995612 0.995612
18600 10.041955 10.041955 10.041955 0.995612 0.995612 0.995612
18700 10.041955 10.041955 10.041955 0.995612 0.995612 0.995612
18800 10.041955 10.041955 10.041955 0.995612 0.995612 0.995612
18900 10.041955 10.041955 10.041955 0.995612 0.995612 0.995612
19000 10.041955 10.041955 10.041955 0.995612 0.995612 0.995612
19100 10.041955 10.041955 10.041955 0.995612 0.995612 0.995612
19200 10.041955 10.041955 10.041955 0.995612 0.995612 0.995612
19300 10.041955 10.041955 10.041955 0.995612 0.995612 0.995612
19400 10.041955 10.041955 10.041955 0.995612 0.995612 0.995612
19500 10.041955 10.041955 10.041955 0.995612 0.995612 0.995612
19600 10.041955 10.041955 10.041955 0.995612 0.995612 0.995612
19700 10.041955 10.041955 10.041955 0.995612 0.995612 0.995612
19800 10.041955 10.041955 10.041955 0.995612 0.995612 0.995612
19900 10.041955 10.041955 10.041955 0.995612 0.995612 0.995612
20000 10.041955 10.041955 10.041955 0.995612 0.995612 0.995612
20100 10.041955 10.041955 10.041955 0.995612 0.995612 0.995612
20200 10.041955 10.041955 10.041955 0.995612 0.995612 0.995612
20300 10.041955 10.041955 10.041955 0.995612 0.995612 0.995612
20400 10.041955 10.041955 10.041955 0.995612 0.995612 0.995612
20500 10.041955 10.041955 10.041955 0.995612 0.995612 0.995612
20600 10.041955 10.041955 10.041955 0.995612 0.995612 0.995612
20700 10.041955 10.041955 10.041955 0.995612 0.995612 0.995612
20800 10.041955 10.041955 10.041955 0.995612 0.995612 0.995612
20900 10.041955 10.041955 10.041955 0.995612 0.995612 0.995612
21000 10.041955 10.041955 10.041955 0.995612 0.995612 0.995612
21100 10.041955 10.041955 10.041955 0.995612 0.995612 0.995612
21200 10.041955 10.041955 10.041955 0.995612 0.995612 0.995612
21300 10.041955 10.041955 10.041955 0.995612 0.995612 0.995612
21400 10.041955 10.041955 10.041955 0.995612 0.995612 0.995612
21500 10.041955 10.041955 10.041955 0.995612 0.995612 0.995612
21600 10.041955 10.041955 10.041955 0.995612 0.995612 0.995612
21700 10.041955 10.041955 10.041955 0.995612 0.995612 0.995612
21800 10.041955 10.041955 10.041955 0.995612 0.995612 0.995612
21900 10.041955 10.041955 10.041955 0.995612 0.995612 0.995612
22000 10.041955 10.041955 10.041955 0.995612 0.995612 0.995612
22100 10.041955 10.041955 10.041955 0.995612 0.995612 0.995612
22200 10.041955 10.041955 10.041955 0.995612 0.995612 0.995612
22300 10.041955 10.041955 10.041955 0.995612 0.995612 0.995612
22400 10.041955 10.041955 10.041955 0.995612 0.995612 0.995612
22500 10.041955 10.041955 10.041955 0.995612 0.995612 0.995612
22600 10.041955 10.041955 10.041955 0.995612 0.995612 0.995612
22700 10.041955 10.041955 10.041955 0.995612 0.995612 0.995612
22800 10.041955 10.041955 10.041955 0.995612 0.995612 0.995612
22900 10.041955 10.041955 10.041955 0.995612 0.995612 0.995612
23000 10.041955 10.041955 10.041955 0.995612 0.995612 0.995612
23100 10.041955 10.041955 10.041955 0.995612 0.995612 0.995612
23200 10.041955 10.041955 10.041955 0.995612 0.995612 0.995612
23300 10.041955 10.041955 10.041955 0.995612 0.995612 0.995612
23400 10.041955 10.041955 10.041955 0.995612 0.995612 0.995612
23500 10.041955 10.041955 10.041955 0.995612 0.995612 0.995612
23600 10.041955 10.041955 10.041955 0.995612 0.995612 0.995612
23700 10.041955 10.041955 10.041955 0.995612 0.995612 0.995612
23800 10.041955 10.041955 10.041955 0.995612 0.995612 0.995612
23900 10.041955 10.041955 10.041955 0.995612 0.995612 0.995612
24000 10.041955 10.041955 10.041955 0.995612 0.995612 0.995612
24100 10.041955 10.041955 10.041955 0.995612 0.995612 0.995612
24200 10.041955 10.041955 10.041955 0.995612 0.995612 0.995612
24300 10.041955 10.041955 10.041955 0.995612 0.995612 0.995612
24400 10.041955 10.041955 10.041955 0.995612 0.995612 0.995612
24500 10.041955 10.041955 10.041955 0.995612 0.995612 0.995612
24600 10.041955 10.041955 10.041955 0.995612 0.995612 0.995612
24700 10.041955 10.041955 10.041955 0.995612 0.995612 0.995612
24800 10.041955 10.041955 10.041955 0.995612 0.995612 0.995612
24900 10.041955 10.041955 10.041955 0.995612 0.995612 0.995612
25000 10.041955 10.041955 10.041955 0.995612 0.995612 0.995612
25100 10.041955 10.041955 10.041955 0.995612 0.995612 0.995612
25200 10.041955 10.041955 10.041955 0.995612 0.995612 0.995612
25300 10.041955 10.041955 10.041955 0.995612 0.995612 0.995612
25400 10.041955 10.041955 10.041955 0.995612 0.995612 0.995612
25500 10.041955 10.041955 10.041955 0.995612 0.995612 0.995612
25600 10.041955 10.041955 10.041955 0.995612 0.995612 0.995612
25700 10.041955 10.041955 10.041955 0.995612 0.995612 0.995612
25800 10.041955 10.041955 10.041955 0.995612 0.995612 0.995612
25900 10.041955 10.041955 10.041955 0.995612 0.995612 0.995612
26000 10.041955 10.041955 10.041955 0.995612 0.995612 0.995612
26100 10.041955 10.041955 10.041955 0.995612 0.995612 0.995612
26200 10.041955 10.041955 10.041955 0.995612 0.995612 0.995612
26300 10.041955 10.041955 10.041955 0.995612 0.995612 0.995612
26400 10.041955 10.041955 10.041955 0.995612 0.995612 0.995612
26500 10.041955 10.041955 10.041955 0.995612 0.995612 0.995612
26600 10.041955 10.041955 10.041955 0.995612 0.995612 0.995612
26700 10.041955 10.041955 10.041955 0.995612 0.995612 0.995612
26800 10.041955 10.041955 10.041955 0.995612 0.995612 0.995612
26900 10.041955 10.041955 10.041955 0.995612 0.995612 0.995612
27000 10.041955 10.041955 10.041955 0.995612 0.995612 0.995612
27100 10.041955 10.041955 10.041955 0.995612 0.995612 0.995612
27200 10.041955 10.041955 10.041955 0.995612 0.995612 0.995612
27300 10.041955 10.041955 10.041955 0.995612 0.995612 0.995612
27400 10.041955 10.041955 10.041955 0.995612 0.995612 0.995612
27500 10.041955 10.041955 10.041955 0.995612 0.995612 0.995612
27600 10.041955 10.041955 10.041955 0.995612 0.995612 0.995612
27700 10.041955 10.041955 10.041955 0.995612 0.995612 0.995612
27800 10.041955 10.041955 10.041955 0.995612 0.995612 0.995612
27900 10.041955 10.041955 10.041955 0.995612 0.995612 0.995612
28000 10.041955 10.041955 10.041955 0.995612 0.995612 0.995612
28100 10.041955 10.041955 10.041955 0.995612 0.995612 0.995612
28200 10.041955 10.041955 10.041955 0.995612 0.995612 0.995612
28300 10.041955 10.041955 10.041955 0.995612 0.995612 0.995612
28400 10.041955 10.041955 10.041955 0.995612 0.995612 0.995612
28500 10.041955 10.041955 10.041955 0.995612 0.995612 0.995612
28600 10.041955 10.041955 10.041955 0.995612 0.995612 0.995612
28700 10.041955 10.041955 10.041955 0.995612 0.995612 0.995612
28800 10.041955 10.041955 10.041955 0.995612 0.995612 0.995612
28900 10.041955 10.041955 10.041955 0.995612 0.995612 0.995612
29000 10.041955 10.041955 10.041955 0.995612 0.995612 0.995612
29100 10.041955 10.041955 10.041955 0.995612 0.995612 0.995612
29200 10.041955 10.041955 10.041955 0.995612 0.995612 0.995612
29300 10.041955 10.041955 10.041955 0.995612 0.995612 0.995612
29400 10.041955 10.041955 10.041955 0.995612 0.995612 0.995612
29500 10.041955 10.041955 10.041955 0.995612 0.995612 0.995612
29600 10.041955 10.041955 10.041955 0.995612 0.995612 0.995612
29700 10.041955 10.041955 10.041955 0.995612 0.995612 0.995612
29800 10.041955 10.041955 10.041955 0.995612 0.995612 0.995612
29900 10.041955 10.041955 10.041955 0.995612 0.995612 0.995612
30000 10.041955 10.041955 10.041955 0.995612 0.995612 0.995612
30100 10.041955 10.041955 10.041955 0.995612 0.995612 0.995612
30200 10.041955 10.041955 10.041955 0.995612 0.995612 0.995612
30300 10.041955 10.041955 10.041955 0.995612 0.995612 0.995612
30400 10.041955 10.041955 10.041955 0.995612 0.995612 0.995612
30500 10.041955 10.041955 10.041955 0.995612 0.995612 0.995612
30600 10.041955 10.041955 10.041955 0.995612 0.995612 0.995612
30700 10.041955 10.041955 10.041955 0.995612 0.995612 0.995612
30800 10.041955 10.041955 10.041955 0.995612 0.995612 0.995612
30900 10.041955 10.041955 10.041955 0.995612 0.995612 0.995612
31000 10.041955 10.041955 10.041955 0.995612 0.995612 0.995612
31100 10.041955 10.041955 10.041955 0.995612 0.995612 0.995612
31200 10.041955 10.041955 10.041955 0.995612 0.995612 0.995612
31300 10.041955 10.041955 10.041955 0.995612 0.995612 0.995612
31400 10.041955 10.041955 10.041955 0.995612 0.995612 0.995612
31500 10.041955 10.041955 10.041955 0.995612 0.995612 0.995612
31600 10.041955 10.041955 10.041955 0.995612 0.995612 0.995612
31700 10.041955 10.041955 10.041955 0.995612 0.995612 0.995612
31800 10.041955 10.041955 10.041955 0.995612 0.995612 0.995612
31900 10.041955 10.041955 10.041955 0.995612 0.995612 0.995612
32000 10.041955 10.041955 10.041955 0.995612 0.995612 0.995612
32100 10.041955 10.041955 10.041955 0.995612 0.995612 0.995612
32200 10.041955 10.041955 10.041955 0.995612 0.995612 0.995612
32300 10.041955 10.041955 10.041955 0.995612 0.995612 0.995612
32400 10.041955 10.041955 10.041955 0.995612 0.995612 0.995612
32500 10.041955 10.041955 10.041955 0.995612 0.995612 0.995612
32600 10.041955 10.041955 10.041955 0.995612 0.995612 0.995612
32700 10.041955 10.041955 10.041955 0.995612 0.995612 0.995612
32800 10.041955 10.041955 10.041955 0.995612 0.995612 0.995612
32900 10.041955 10.041955 10.041955 0.995612 0.995612 0.995612
33000 10.041955 10.041955 10.041955 0.995612 0.995612 0.995612
33100 10.041955 10.041955 10.041955 0.995612 0.995612 0.995612
33200 10.041955 10.041955 10.041955 0.995612 0.995612 0.995612
33300 10.041955 10.041955 10.041955 0.995612 0.995612 0.995612
33400 10.041955 10.041955 10.041955 0.995612 0.995612 0.995612
33500 10.041955 10.041955 10.041955 0.995612 0.995612 0.995612
33600 10.041955 10.041955 10.041955 0.995612 0.995612 0.995612
33700 10.041955 10.041955 10.041955 0.995612 0.995612 0.995612
33800 10.041955 10.041955 10.041955 0.995612 0.995612 0.995612
33900 10.041955 10.041955 10.041955 0.995612 0.995612 0.995612
34000 10.041955 10.041955 10.041955 0.995612 0.995612 0.995612
34100 10.041955 10.041955 10.041955 0.995612 0.995612 0.995612
34200 10.041955 10.041955 10.041955 0.995612 0.995612 0.995612
34300 10.041955 10.041955 10.041955 0.995612 0.995612 0.995612
34400 10.041955 10.041955 10.041955 0.995612 0.995612 0.995612
34500 10.041955 10.041955 10.041955 0.995612 0.995612 0.995612
34600 10.041955 10.041955 10.041955 0.995612 0.995612 0.995612
34700 10.041955 10.041955 10.041955 0.995612 0.995612 0.995612
34800 10.041955 10.041955 10.041955 0.995612 0.995612 0.995612
34900 10.041955 10.041955 10.041955 0.995612 0.995612 0.995612
35000 10.041955 10.041955 10.041955 0.995612 0.995612 0.995612
35100 10.041955 10.041955 10.041955 0.995612 0.995612 0.995612
35200 10.041955 10.041955 10.041955 0.995612 0.995612 0.995612
35300 10.041955 10.041955 10.041955 0.995612 0.995612 0.995612
35400 10.041955 10.041955 10.041955 0.995612 0.995612 0.995612
35500 10.041955 10.041955 10.041955 0.995612 0.995612 0.995612
35600 10.041955 10.041955 10.041955 0.995612 0.995612 0.995612
35700 10.041955 10.041955 10.041955 0.995612 0.995612 0.995612
35800 10.041955 10.041955 10.041955 0.995612 0.995612 0.995612
35900 10.041955 10.041955 10.041955 0.995612 0.995612 0.995612
36000 10.041955 10.041955 10.041955 0.995612 0.995612 0.995612
36100 10.041955 10.041955 10.041955 0.995612 0.995612 0.995612
36200 10.041955 10.041955 10.041955 0.995612 0.995612 0.995612
36300 10.041955 10.041955 10.041955 0.995612 0.995612 0.995612
36400 10.041955 10.041955 10.041955 0.995612 0.995612 0.995612
36500 10.041955 10.041955 10.041955 0.995612 0.995612 0.995612
36600 10.041955 10.041955 10.041955 0.995612 0.995612 0.995612
36700 10.041955 10.041955 10.041955 0.995612 0.995612 0.995612
36800 10.041955 10.041955 10.041955 0.995612 0.995612 0.995612
36900 10.041955 10.041955 10.041955 0.995612 0.995612 0.995612
37000 10.041955 10.041955 10.041955 0.995612 0.995612 0.995612
37100 10.041955 10.041955 10.041955 0.995612 0.995612 0.995612
37200 10.041955 10.041955 10.041955 0.995612 0.995612 0.995612
37300 10.041955 10.041955 10.041955 0.995612 0.995612 0.995612
37400 10.041955 10.041955 10.041955 0.995612 0.995612 0.995612
37500 10.041955 10.041955 10.041955 0.995612 0.995612 0.995612
37600 10.041955 10.041955 10.041955 0.995612 0.995612 0.995612
37700 10.041955 10.041955 10.041955 0.995612 0.995612 0.995612
37800 10.041955 10.041955 10.041955 0.995612 0.995612 0.995612
37900 10.041955 10.041955 10.041955 0.995612 0.995612 0.995612
38000 10.041955 10.041955 10.041955 0.995612 0.995612 0.995612
38100 10.041955 10.041955 10.041955 0.995612 0.995612 0.995612
38200 10.041955 10.041955 10.041955 0.995612 0.995612 0.995612
38300 10.041955 10.041955 10.041955 0.995612 0.995612 0.995612
38400 10.041955 10.041955 10.041955 0.995612 0.995612 0.995612
38500 10.041955 10.041955 10.041955 0.995612 0.995612 0.995612
38600 10.041955 10.041955 10.041955 0.995612 0.995612 0.995612
38700 10.041955 10.041955 10.041955 0.995612 0.995612 0.995612
38800 10.041955 10.041955 10.041955 0.995612 0.995612 0.995612
38900 10.041955 10.041955 10.041955 0.995612 0.995612 0.995612
39000 10.041955 10.041955 10.041955 0.995612 0.995612 0.995612
39100 10.041955 10.041955 10.041955 0.995612 0.995612 0.995612
39200 10.041955 10.041955 10.041955 0.995612 0.995612 0.995612
39300 10.041955 10.041955 10.041955 0.995612 0.995612 0.995612
39400 10.041955 10.041955 10.041955 0.995612 0.995612 0.995612
39500 10.041955 10.041955 10.041955 0.995612 0.995612 0.995612
39600 10.041955 10.041955 10.041955 0.995612 0.995612 0.995612
39700 10.041955 10.041955 10.041955 0.995612 0.995612 0.995612
39800 10.041955 10.041955 10.041955 0.995612 0.995612 0.995612
39900 10.041955 10.041955 10.041955 0.995612 0.995612 0.995612
40000 10.041955 10.041955 10.041955 0.995612 0.995612 0.995612
40100 10.041955 10.041955 10.041955 0.995612 0.995612 0.995612
40200 10.041955 10.041955 10.041955 0.995612 0.995612 0.995612
40300 10.041955 10.041955 10.041955 0.995612 0.995612 0.995612
40400 10.041955 10.041955 10.041955 0.995612 0.995612 0.995612
40500 10.041955 10.041955 10.041955 0.995612 0.995612 0.995612
40600 10.041955 10.041955 10.041955 0.995612 0.995612 0.995612
40700 10.041955 10.041955 10.041955 0.995612 0.995612 0.995612
40800 10.041955 10.041955 10.041955 0.995612 0.995612 0.995612
40900 10.041955 10.041955 10.041955 0.995612 0.995612 0.995612
41000 10.041955 10.041955 10.041955 0.995612 0.995612 0.995612
41100 10.041955 10.041955 10.041955 0.995612 0.995612 0.995612
41200 10.041955 10.041955 10.041955 0.995612 0.995612 0.995612
41300 10.041955 10.041955 10.041955 0.995612 0.995612 0.995612
41400 10.041955 10.041955 10.041955 0.995612 0.995612 0.995612
41500 10.041955 10.041955 10.041955 0.995612 0.995612 0.995612
41600 10.041955 10.041955 10.041955 0.995612 0.995612 0.995612
41700 10.041955 10.041955 10.041955 0.995612 0.995612 0.995612
41800 10.041955 10.041955 10.041955 0.995612 0.995612 0.995612
41900 10.041955 10.041955 10.041955 0.995612 0.995612 0.995612
42000 10.041955 10.041955 10.041955 0.995612 0.995612 0.995612
42100 10.041955 10.041955 10.041955 0.995612 0.995612 0.995612
42200 10.041955 10.041955 10.041955 0.995612 0.995612 0.995612
42300 10.041955 10.041955 10.041955 0.995612 0.995612 0.995612
42400 10.041955 10.041955 10.041955 0.995612 0.995612 0.995612
42500 10.041955 10.041955 10.041955 0.995612 0.995612 0.995612
42600 10.041955 10.041955 10.041955 0.995612 0.995612 0.995612
42700 10.041955 10.041955 10.041955 0.995612 0.995612 0.995612
42800 10.041955 10.041955 10.041955 0.995612 0.995612 0.995612
42900 10.041955 10.041955 10.041955 0.995612 0.995612 0.995612
43000 10.041955 10.041955 10.041955 0.995612 0.995612 0.995612
43100 10.041955 10.041955 10.041955 0.995612 0.995612 0.995612
43200 10.041955 10.041955 10.041955 0.995612 0.995612 0.995612
43300 10.041955 10.041955 10.041955 0.995612 0.995612 0.995612
43400 10.041955 10.041955 10.041955 0.995612 0.995612 0.995612
43500 10.041955 10.041955 10.041955 0.995612 0.995612 0.995612
43600 10.041955 10.041955 10.041955 0.995612 0.995612 0.995612
43700 10.041955 10.041955 10.041955 0.995612 0.995612 0.995612
43800 10.041955 10.041955 10.041955 0.995612 0.995612 0.995612
43900 10.041955 10.041955 10.041955 0.995612 0.995612 0.995612
44000 10.041955 10.041955 10.041955 0.995612 0.995612 0.995612
44100 10.041955 10.041955 10.041955 0.995612 0.995612 0.995612
44200 10.041955 10.041955 10.041955 0.995612 0.995612 0.995612
44300 10.041955 10.041955 10.041955 0.995612 0.995612 0.995612
44400 10.041955 10.041955 10.041955 0.995612 0.995612 0.995612
44500 10.041955 10.041955 10.041955 0.995612 0.995612 0.995612
44600 10.041955 10.041955 10.041955 0.995612 0.995612 0.995612
44700 10.041955 10.041955 10.041955 0.995612 0.995612 0.995612
44800 10.041955 10.041955 10.041955 0.995612 0.995612 0.995612
44900 10.041955 10.041955 10.041955 0.995612 0.995612 0.995612
45000 10.041955 10.041955 10.041955 0.995612 0.995612 0.995612
45100 10.041955 10.041955 10.041955 0.995612 0.995612 0.995612
45200 10.041955 10.041955 10.041955 0.995612 0.995612 0.995612
45300 10.041955 10.041955 10.041955 0.995612 0.995612 0.995612
45400 10.041955 10.041955 10.041955 0.995612 0.995612 0.995612
45500 10.041955 10.041955 10.041955 0.995612 0.995612 0.995612
45600 10.041955 10.041955 10.041955 0.995612 0.995612 0.995612
45700 10.041955 10.041955 10.041955 0.995612 0.995612 0.995612
45800 10.041955 10.041955 10.041955 0.995612 0.995612 0.995612
45900 10.041955 10.041955 10.041955 0.995612 0.995612 0.995612
46000 10.041955 10.041955 10.041955 0.995612 0.995612 0.995612
46100 10.041955 10.041955 10.041955 0.995612 0.995612 0.995612
46200 10.041955 10.041955 10.041955 0.995612 0.995612 0.995612
46300 10.041955 10.041955 10.041955 0.995612 0.995612 0.995612
46400 10.041955 10.041955 10.041955 0.995612 0.995612 0.995612
46500 10.041955 10.041955 10.041955 0.995612 0.995612 0.995612
46600 10.041955 10.041955 10.041955 0.995612 0.995612 0.995612
46700 10.041955 10.041955 10.041955 0.995612 0.995612 0.995612
46800 10.041955 10.041955 10.041955 0.995612 0.995612 0.995612
46900 10.041955 10.041955 10.041955 0.995612 0.995612 0.995612
47000 10.041955 10.041955 10.041955 0.995612 0.995612 0.995612
47100 10.041955 10.041955 10.041955 0.995612 0.995612 0.995612
47200 10.041955 10.041955 10.041955 0.995612 0.995612 0.995612
47300 10.041955 10.041955 10.041955 0.995612 0.995612 0.995612
47400 10.041955 10.041955 10.041955 0.995612 0.995612 0.995612
47500 10.041955 10.041955 10.041955 0.995612 0.995612 0.995612
47600 10.041955 10.041955 10.041955 0.995612 0.995612 0.995612
47700 10.041955 10.041955 10.041955 0.995612 0.995612 0.995612
47800 10.041955 10.041955 10.041955 0.995612 0.995612 0.995612
47900 10.041955 10.041955 10.041955 0.995612 0.995612 0.995612
48000 10.041955 10.041955 10.041955 0.995612 0.995612 0.995612
48100 10.041955 10.041955 10.041955 0.995612 0.995612 0.995612
48200 10.041955 10.041955 10.041955 0.995612 0.995612 0.995612
48300 10.041955 10.041955 10.041955 0.995612 0.995612 0.995612
48400 10.041955 10.041955 10.041955 0.995612 0.995612 0.995612
48500 10.041955 10.041955 10.041955 0.995612 0.995612 0.995612
48600 10.041955 10.041955 10.041955 0.995612 0.995612 0.995612
48700 10.041955 10.041955 10.041955 0.995612 0.995612 0.995612
48800 10.041955 10.041955 10.041955 0.995612 0.995612 0.995612
48900 10.041955 10.041955 10.041955 0.995612 0.995612 0.995612
49000 10.041955 10.041955 10.041955 0.995612 0.995612 0.995612
49100 10.041955 10.041955 10.041955 0.995612 0.995612 0.995612
49200 10.041955 10.041955 10.041955 0.995612 0.995612 0.995612
49300 10.041955 10.041955 10.041955 0.995612 0.995612 0.995612
49400 10.041955 10.041955 10.041955 0.995612 0.995612 0.995612
49500 10.041955 10.041955 10.041955 0.995612 0.995612 0.995612
49600 10.041955 10.041955 10.041955 0.995612 0.995612 0.995612
49700 10.041955 10.041955 10.041955 0.995612 0.995612 0.995612
49800 10.041955 10.041955 10.041955 0.995612 0.995612 0.995612
49900 10.041955 10.041955 10.041955 0.995612 0.995612 0.995612
50000 10.041955 10.041955 10.041955 0.995612 0.995612 0.995612
50100 10.041955 10.041955 10.041955 0.995612 0.995612 0.995612
50200 10.041955 10.041955 10.041955 0.995612 0.995612 0.995612
50300 10.041955 10.041955 10.041955 0.995612 0.995612 0.995612
50400 10.041955 10.041955 10.041955 0.995612 0.995612 0.995612
50500 10.041955 10.041955 10.041955 0.995612 0.995612 0.995612
50600 10.041955 10.041955 10.041955 0.995612 0.995612 0.995612
50700 10.041955 10.041955 10.041955 0.995612 0.995612 0.995612
50800 10.041955 10.041955 10.041955 0.995612 0.995612 0.995612
50900 10.041955 10.041955 10.041955 0.995612 0.995612 0.995612
51000 10.041955 10.041955 10.041955 0.995612 0.995612 0.995612
51100 10.041955 10.041955 10.041955 0.995612 0.995612 0.995612
51200 10.041955 10.041955 10.041955 0.995612 0.995612 0.995612
51300 10.041955 10.041955 10.041955 0.995612 0.995612 0.995612
51400 10.041955 10.041955 10.041955 0.995612 0.995612 0.995612
51500 10.041955 10.041955 10.041955 0.995612 0.995612 0.995612
51600 10.041955 10.041955 10.041955 0.995612 0.995612 0.995612
51700 10.041955 10.041955 10.041955 0.995612 0.995612 0.995612
51800 10.041955 10.041955 10.041955 0.995612 0.995612 0.995612
51900 10.041955 10.041955 10.041955 0.995612 0.995612 0.995612
52000 10.041955 10.041955 10.041955 0.995612 0.995612 0.995612
52100 10.041955 10.041955 10.041955 0.995612 0.995612 0.995612
52200 10.041955 10.041955 10.041955 0.995612 0.995612 0.995612
52300 10.041955 10.041955 10.041955 0.995612 0.995612 0.995612
52400 10.041955 10.041955 10.041955 0.995612 0.995612 0.995612
52500 10.041955 10.041955 10.041955 0.995612 0.995612 0.995612
52600 10.041955 10.041955 10.041955 0.995612 0.995612 0.995612
52700 10.041955 10.041955 10.041955 0.995612 0.995612 0.995612
52800 10.041955 10.041955 10.041955 0.995612 0.995612 0.995612
52900 10.041955 10.041955 10.041955 0.995612 0.995612 0.995612
53000 10.041955 10.041955 10.041955 0.995612 0.995612 0.995612
53100 10.041955 10.041955 10.041955 0.995612 0.995612 0.995612
53200 10.041955 10.041955 10.041955 0.995612 0.995612 0.995612
53300 10.041955 10.041955 10.041955 0.995612 0.995612 0.995612
53400 10.041955 10.041955 10.041955 0.995612 0.995612 0.995612
53500 10.041955 10.041955 10.041955 0.995612 0.995612 0.995612
53600 10.041955 10.041955 10.041955 0.995612 0.995612 0.995612
53700 10.041955 10.041955 10.041955 0.995612 0.995612 0.995612
53800 10.041955 10.041955 10.041955 0.995612 0.995612 0.995612
53900 10.041955 10.041955 10.041955 0.995612 0.995612 0.995612
54000 10.041955 10.041955 10.041955 0.995612 0.995612 0.995612
54100 10.041955 10.041955 10.041955 0.995612 0.995612 0.995612
54200 10.041955 10.041955 10.041955 0.995612 0.995612 0.995612
54300 10.041955 10.041955 10.041955 0.995612 0.995612 0.995612
54400 10.041955 10.041955 10.041955 0.995612 0.995612 0.995612
54500 10.041955 10.041955 10.041955 0.995612 0.995612 0.995612
54600 10.041955 10.041955 10.041955 0.995612 0.995612 0.995612
54700 10.041955 10.041955 10.041955 0.995612 0.995612 0.995612
54800 10.041955 10.041955 10.041955 0.995612 0.995612 0.995612
54900 10.041955 10.041955 10.041955 0.995612 0.995612 0.995612
55000 10.041955 10.041955 10.041955 0.995612 0.995612 0.995612
55100 10.041955 10.041955 10.041955 0.995612 0.995612 0.995612
55200 10.041955 10.041955 10.041955 0.995612 0.995612 0.995612
55300 10.041955 10.041955 10.041955 0.995612 0.995612 0.995612
55400 10.041955 10.041955 10.041955 0.995612 0.995612 0.995612
55500 10.041955 10.041955 10.041955 0.995612 0.995612 0.995612
55600 10.041955 10.041955 10.041955 0.995612 0.995612 0.995612
55700 10.041955 10.041955 10.041955 0.995612 0.995612 0.995612
55800 10.041955 10.041955 10.041955 0.995612 0.995612 0.995612
55900 10.041955 10.041955 10.041955 0.995612 0.995612 0.995612
56000 10.041955 10.041955 10.041955 0.995612 0.995612 0.995612
56100 10.041955 10.041955 10.041955 0.995612 0.995612 0.995612
56200 10.041955 10.041955 10.041955 0.995612 0.995612 0.995612
56300 10.041955 10.041955 10.041955 0.995612 0.995612 0.995612
56400 10.041955 10.041955 10.041955 0.995612 0.995612 0.995612
56500 10.041955 10.041955 10.041955 0.995612 0.995612 0.995612
56600 10.041955 10.041955 10.041955 0.995612 0.995612 0.995612
56700 10.041955 10.041955 10.041955 0.995612 0.995612 0.995612
56800 10.041955 10.041955 10.041955 0.995612 0.995612 0.995612
56900 10.041955 10.041955 10.041955 0.995612 0.995612 0.995612
57000 10.041955 10.041955 10.041955 0.995612 0.995612 0.995612
57100 10.041955 10.041955 10.041955 0.995612 0.995612 0.995612
57200 10.041955 10.041955 10.041955 0.995612 0.995612 0.995612
57300 10.041955 10.041955 10.041955 0.995612 0.995612 0.995612
57400 10.041955 10.041955 10.041955 0.995612 0.995612 0.995612
57500 10.041955 10.041955 10.041955 0.995612 0.995612 0.995612
57600 10.041955 10.041955 10.041955 0.995612 0.995612 0.995612
57700 10.041955 10.041955 10.041955 0.995612 0.995612 0.995612
57800 10.041955 10.041955 10.041955 0.995612 0.995612 0.995612
57900 10.041955 10.041955 10.041955 0.995612 0.995612 0.995612
58000 10.041955 10.041955 10.041955 0.995612 0.995612 0.995612
58100 10.041955 10.041955 10.041955 0.995612 0.995612 0.995612
58200 10.041955 10.041955 10.041955 0.995612 0.995612 0.995612
58300 10.041955 10.041955 10.041955 0.995612 0.995612 0.995612
58400 10.041955 10.041955 10.041955 0.995612 0.995612 0.995612
58500 10.041955 10.041955 10.041955 0.995612 0.995612 0.995612
58600 10.041955 10.041955 10.041955 0.995612 0.995612 0.995612
58700 10.041955 10.041955 10.041955 0.995612 0.995612 0.995612
58800 10.041955 10.041955 10.041955 0.995612 0.995612 0.995612
58900 10.041955 10.041955 10.041955 0.995612 0.995612 0.995612
59000 10.041955 10.041955 10.041955 0.995612 0.995612 0.995612
59100 10.041955 10.041955 10.041955 0.995612 0.995612 0.995612
59200 10.041955 10.041955 10.041955 0.995612 0.995612 0.995612
59300 10.041955 10.041955 10.041955 0.995612 0.995612 0.995612
59400 10.041955 10.041955 10.041955 0.995612 0.995612 0.995612
59500 10.041955 10.041955 10.041955 0.995612 0.995612 0.995612
59600 10.041955 10.041955 10.041955 0.995612 0.995612 0.995612
59700 10.041955 10.041955 10.041955 0.995612 0.995612 0.995612
59800 10.041955 10.041955 10.041955 0.995612 0.995612 0.995612
59900 10.041955 10.041955 10.041955 0.995612 0.995612 0.995612
60000 10.041955 10.041955 10.041955 0.995612 0.995612 0.995612
60100 10.041955 10.041955 10.041955 0.995612 0.995612 0.995612
60200 10.041955 10.041955 10.041955 0.995612 0.995612 0.995612
60300 10.041955 10.041955 10.041955 0.995612 0.995612 0.995612
60400 10.041955 10.041955 10.041955 0.995612 0.995612 0.995612
60500 10.041955 10.041955 10.041955 0.995612 0.995612 0.995612
60600 10.041955 10.041955 10.041955 0.995612 0.995612 0.995612
60700 10.041955 10.041955 10.041955 0.995612 0.995612 0.995612
60800 10.041955 10.041955 10.041955 0.995612 0.995612 0.995612
60900 10.041955 10.041955 10.041955 0.995612 0.995612 0.995612
61000 10.041955 10.041955 10.041955 0.995612 0.995612 0.995612
61100 10.041955 10.041955 10.041955 0.995612 0.995612 0.995612
61200 10.041955 10.041955 10.041955 0.995612 0.995612 0.995612
61300 10.041955 10.041955 10.041955 0.995612 0.995612 0.995612
61400 10.041955 10.041955 10.041955 0.995612 0.995612 0.995612
61500 10.041955 10.041955 10.041955 0.995612 0.995612 0.995612
61600 10.041955 10.041955 10.041955 0.995612 0.995612 0.995612
61700 10.041955 10.041955 10.041955 0.995612 0.995612 0.995612
61800 10.041955 10.041955 10.041955 0.995612 0.995612 0.995612
61900 10.041955 10.041955 10.041955 0.995612 0.995612 0.995612
62000 10.041955 10.041955 10.041955 0.995612 0.995612 0.995612
62100 10.041955 10.041955 10.041955 0.995612 0.995612 0.995612
62200 10.041955 10.041955 10.041955 0.995612 0.995612 0.995612
62300 10.041955 10.041955 10.041955 0.995612 0.995612 0.995612
62400 10.041955 10.041955 10.041955 0.995612 0.995612 0.995612
62500 10.041955 10.041955 10.041955 0.995612 0.995612 0.995612
62600 10.041955 10.041955 10.041955 0.995612 0.995612 0.995612
62700 10.041955 10.041955 10.041955 0.995612 0.995612 0.995612
62800 10.041955 10.041955 10.041955 0.995612 0.995612 0.995612
62900 10.041955 10.041955 10.041955 0.995612 0.995612 0.995612
63000 10.041955 10.041955 10.041955 0.995612 0.995612 0.995612
63100 10.041955 10.041955 10.041955 0.995612 0.995612 0.995612
63200 10.041955 10.041955 10.041955 0.995612 0.995612 0.995612
63300 10.041955 10.041955 10.041955 0.995612 0.995612 0.995612
63400 10.041955 10.041955 10.041955 0.995612 0.995612 0.995612
63500 10.041955 10.041955 10.041955 0.995612 0.995612 0.995612
63600 10.041955 10.041955 10.041955 0.995612 0.995612 0.995612
63700 10.041955 10.041955 10.041955 0.995612 0.995612 0.995612
63800 10.041955 10.041955 10.041955 0.995612 0.995612 0.995612
63900 10.041955 10.041955 10.041955 0.995612 0.995612 0.995612
64000 10.041955 10.041955 10.041955 0.995612 0.995612 0.995612
64100 10.041955 10.041955 10.041955 0.995612 0.995612 0.995612
64200 10.041955 10.041955 10.041955 0.995612 0.995612 0.995612
64300 10.041955 10.041955 10.041955 0.995612 0.995612 0.995612
64400 10.041955 10.041955 10.041955 0.995612 0.995612 0.995612
64500 10.041955 10.041955 10.041955 0.995612 0.995612 0.995612
64600 10.041955 10.041955 10.041955 0.995612 0.995612 0.995612
64700 10.041955 10.041955 10.041955 0.995612 0.995612 0.995612
64800 10.041955 10.041955 10.041955 0.995612 0.995612 0.995612
64900 10.041955 10.041955 10.041955 0.995612 0.995612 0.995612
65000 10.041955 10.041955 10.041955 0.995612 0.995612 0.995612
65100 10.041955 10.041955 10.041955 0.995612 0.995612 0.995612
65200 10.041955 10.041955 10.041955 0.995612 0.995612 0.995612
65300 10.041955 10.041955 10.041955 0.995612 0.995612 0.995612
65400 10.041955 10.041955 10.041955 0.995612 0.995612 0.995612
65500 10.041955 10.041955 10.041955 0.995612 0.995612 0.995612
65600 10.041955 10.041955 10.041955 0.995612 0.995612 0.995612
65700 10.041955 10.041955 10.041955 0.995612 0.995612 0.995612
65800 10.041955 10.041955 10.041955 0.995612 0.995612 0.995612
65900 10.041955 10.041955 10.041955 0.995612 0.995612 0.995612
66000 10.041955 10.041955 10.041955 0.995612 0.995612 0.995612
66100 10.041955 10.041955 10.041955 0.995612 0.995612 0.995612
66200 10.041955 10.041955 10.041955 0.995612 0.995612 0.995612
66300 10.041955 10.041955 10.041955 0.995612 0.995612 0.995612
66400 10.041955 10.041955 10.041955 0.995612 0.995612 0.995612
66500 10.041955 10.041955 10.041955 0.995612 0.995612 0.995612
66600 10.041955 10.041955 10.041955 0.995612 0.995612 0.995612
66700 10.041955 10.041955 10.041955 0.995612 0.995612 0.995612
66800 10.041955 10.041955 10.041955 0.995612 0.995612 0.995612
66900 10.041955 10.041955 10.041955 0.995612 0.995612 0.995612
67000 10.041955 10.041955 10.041955 0.995612 0.995612 0.995612
67100 10.041955 10.041955 10.041955 0.995612 0.995612 0.995612
67200 10.041955 10.041955 10.041955 0.995612 0.995612 0.995612
67300 10.041955 10.041955 10.041955 0.995612 0.995612 0.995612
67400 10.041955 10.041955 10.041955 0.995612 0.995612 0.995612
67500 10.041955 10.041955 10.041955 0.995612 0.995612 0.995612
67600 10.041955 10.041955 10.041955 0.995612 0.995612 0.995612
67700 10.041955 10.041955 10.041955 0.995612 0.995612 0.995612
67800 10.041955 10.041955 10.041955 0.995612 0.995612 0.995612
67900 10.041955 10.041955 10.041955 0.995612 0.995612 0.995612
68000 10.041955 10.041955 10.041955 0.995612 0.995612 0.995612
68100 10.041955 10.041955 10.041955 0.995612 0.995612 0.995612
68200 10.041955 10.041955 10.041955 0.995612 0.995612 0.995612
68300 10.041955 10.041955 10.041955 0.995612 0.995612 0.995612
68400 10.041955 10.041955 10.041955 0.995612 0.995612 0.995612
68500 10.041955 10.041955 10.041955 0.995612 0.995612 0.995612
68600 10.041955 10.041955 10.041955 0.995612 0.995612 0.995612
68700 10.041955 10.041955 10.041955 0.995612 0.995612 0.995612
68800 10.041955 10.041955 10.041955 0.995612 0.995612 0.995612
68900 10.041955 10.041955 10.041955 0.995612 0.995612 0.995612
69000 10.041955 10.041955 10.041955 0.995612 0.995612 0.995612
69100 10.041955 10.041955 10.041955 0.995612 0.995612 0.995612
69200 10.041955 10.041955 10.041955 0.995612 0.995612 0.995612
69300 10.041955 10.041955 10.041955 0.995612 0.995612 0.995612
69400 10.041955 10.041955 10.041955 0.995612 0.995612 0.995612
69500 10.041955 10.041955 10.041955 0.995612 0.995612 0.995612
69600 10.041955 10.041955 10.041955 0.995612 0.995612 0.995612
69700 10.041955 10.041955 10.041955 0.995612 0.995612 0.995612
69800 10.041955 10.041955 10.041955 0.995612 0.995612 0.995612
69900 10.041955 10.041955 10.041955 0.995612 0.995612 0.995612
70000 10.041955 10.041955 10.041955 0.995612 0.995612 0.995612
70100 10.041955 10.041955 10.041955 0.995612 0.995612 0.995612
70200 10.041955 10.041955 10.041955 0.995612 0.995612 0.995612
70300 10.041955 10.041955 10.041955 0.995612 0.995612 0.995612
70400 10.041955 10.041955 10.041955 0.995612 0.995612 0.995612
70500 10.041955 10.041955 10.041955 0.995612 0.995612 0.995612
70600 10.041955 10.041955 10.041955 0.995612 0.995612 0.995612
70700 10.041955 10.041955 10.041955 0.995612 0.995612 0.995612
70800 10.041955 10.041955 10.041955 0.995612 0.995612 0.995612
70900 10.041955 10.041955 10.041955 0.995612 0.995612 0.995612
71000 10.041955 10.041955 10.041955 0.995612 0.995612 0.995612
71100 10.041955 10.041955 10.041955 0.995612 0.995612 0.995612
71200 10.041955 10.041955 10.041955 0.995612 0.995612 0.995612
71300 10.041955 10.041955 10.041955 0.995612 0.995612 0.995612
71400 10.041955 10.041955 10.041955 0.995612 0.995612 0.995612
71500 10.041955 10.041955 10.041955 0.995612 0.995612 0.995612
71600 10.041955 10.041955 10.041955 0.995612 0.995612 0.995612
71700 10.041955 10.041955 10.041955 0.995612 0.995612 0.995612
71800 10.041955 10.041955 10.041955 0.995612 0.995612 0.995612
71900 10.041955 10.041955 10.041955 0.995612 0.995612 0.995612
72000 10.041955 10.041955 10.041955 0.995612 0.995612 0.995612
72100 10.041955 10.041955 10.041955 0.995612 0.995612 0.995612
72200 10.041955 10.041955 10.041955 0.995612 0.995612 0.995612
72300 10.041955 10.041955 10.041955 0.995612 0.995612 0.995612
72400 10.041955 10.041955 10.041955 0.995612 0.995612 0.995612
72500 10.041955 10.041955 10.041955 0.995612 0.995612 0.995612
72600 10.041955 10.041955 10.041955 0.995612 0.995612 0.995612
72700 10.041955 10.041955 10.041955 0.995612 0.995612 0.995612
72800 10.041955 10.041955 10.041955 0.995612 0.995612 0.995612
72900 10.041955 10.041955 10.041955 0.995612 0.995612 0.995612
73000 10.041955 10.041955 10.041955 0.995612 0.995612 0.995612
73100 10.041955 10.041955 10.041955 0.995612 0.995612 0.995612
73200 10.041955 10.041955 10.041955 0.995612 0.995612 0.995612
73300 10.041955 10.041955 10.041955 0.995612 0.995612 0.995612
73400 10.041955 10.041955 10.041955 0.995612 0.995612 0.995612
73500 10.041955 10.041955 10.041955 0.995612 0.995612 0.995612
73600 10.041955 10.041955 10.041955 0.995612 0.995612 0.995612
73700 10.041955 10.041955 10.041955 0.995612 0.995612 0.995612
73800 10.041955 10.041955 10.041955 0.995612 0.995612 0.995612
73900 10.041955 10.041955 10.041955 0.995612 0.995612 0.995612
74000 10.041955 10.041955 10.041955 0.995612 0.995612 0.995612
74100 10.041955 10.041955 10.041955 0.995612 0.995612 0.995612
74200 10.041955 10.041955 10.041955 0.995612 0.995612 0.995612
74300 10.041955 10.041955 10.041955 0.995612 0.995612 0.995612
74400 10.041955 10.041955 10.041955 0.995612 0.995612 0.995612
74500 10.041955 10.041955 10.041955 0.995612 0.995612 0.995612
74600 10.041955 10.041955 10.041955 0.995612 0.995612 0.995612
74700 10.041955 10.041955 10.041955 0.995612 0.995612 0.995612
74800 10.041955 10.041955 10.041955 0.995612 0.995612 0.995612
74900 10.041955 10.041955 10.041955 0.995612 0.995612 0.995612
75000 10.041955 10.041955 10.041955 0.995612 0.995612 0.995612
75100 10.041955 10.041955 10.041955 0.995612 0.995612 0.995612
75200 10.041955 10.041955 10.041955 0.995612 0.995612 0.995612
75300 10.041955 10.041955 10.041955 0.995612 0.995612 0.995612
75400 10.041955 10.041955 10.041955 0.995612 0.995612 0.995612
75500 10.041955 10.041955 10.041955 0.995612 0.995612 0.995612
75600 10.041955 10.041955 10.041955 0.995612 0.995612 0.995612
75700 10.041955 10.041955 10.041955 0.995612 0.995612 0.995612
75800 10.041955 10.041955 10.041955 0.995612 0.995612 0.995612
75900 10.041955 10.041955 10.041955 0.995612 0.995612 0.995612
76000 10.041955 10.041955 10.041955 0.995612 0.995612 0.995612
76100 10.041955 10.041955 10.041955 0.995612 0.995612 0.995612
76200 10.041955 10.041955 10.041955 0.995612 0.995612 0.995612
76300 10.041955 10.041955 10.041955 0.995612 0.995612 0.995612
76400 10.041955 10.041955 10.041955 0.995612 0.995612 0.995612
76500 10.041955 10.041955 10.041955 0.995612 0.995612 0.995612
76600 10.041955 10.041955 10.041955 0.995612 0.995612 0.995612
76700 10.041955 10.041955 10.041955 0.995612 0.995612 0.995612
76800 10.041955 10.041955 10.041955 0.995612 0.995612 0.995612
76900 10.041955 10.041955 10.041955 0.995612 0.995612 0.995612
77000 10.041955 10.041955 10.041955 0.995612 0.995612 0.995612
77100 10.041955 10.041955 10.041955 0.995612 0.995612 0.995612
77200 10.041955 10.041955 10.041955 0.995612 0.995612 0.995612
77300 10.041955 10.041955 10.041955 0.995612 0.995612 0.995612
77400 10.041955 10.041955 10.041955 0.995612 0.995612 0.995612
77500 10.041955 10.041955 10.041955 0.995612 0.995612 0.995612
77600 10.041955 10.041955 10.041955 0.995612 0.995612 0.995612
77700 10.041955 10.041955 10.041955 0.995612 0.995612 0.995612
77800 10.041955 10.041955 10.041955 0.995612 0.995612 0.995612
77900 10.041955 10.041955 10.041955 0.995612 0.995612 0.995612
78000 10.041955 10.041955 10.041955 0.995612 0.995612 0.995612
78100 10.041955 10.041955 10.041955 0.995612 0.995612 0.995612
78200 10.041955 10.041955 10.041955 0.995612 0.995612 0.995612
78300 10.041955 10.041955 10.041955 0.995612 0.995612 0.995612
78400 10.041955 10.041955 10.041955 0.995612 0.995612 0.995612
78500 10.041955 10.041955 10.041955 0.995612 0.995612 0.995612
78600 10.041955 10.041955 10.041955 0.995612 0.995612 0.995612
78700 10.041955 10.041955 10.041955 0.995612 0.995612 0.995612
78800 10.041955 10.041955 10.041955 0.995612 0.995612 0.995612
78900 10.041955 10.041955 10.041955 0.995612 0.995612 0.995612
79000 10.041955 10.041955 10.041955 0.995612 0.995612 0.995612
79100 10.041955 10.041955 10.041955 0.995612 0.995612 0.995612
79200 10.041955 10.041955 10.041955 0.995612 0.995612 0.995612
79300 10.041955 10.041955 10.041955 0.995612 0.995612 0.995612
79400 10.041955 10.041955 10.041955 0.995612 0.995612 0.995612
79500 10.041955 10.041955 10.041955 0.995612 0.995612 0.995612
79600 10.041955 10.041955 10.041955 0.995612 0.995612 0.995612
79700 10.041955 10.041955 10.041955 0.995612 0.995612 0.995612
79800 10.041955 10.041955 10.041955 0.995612 0.995612 0.995612
79900 10.041955 10.041955 10.041955 0.995612 0.995612 0.995612
80000 10.041955 10.041955 10.041955 0.995612 0.995612 0.995612
80100 10.041955 10.041955 10.041955 0.995612 0.995612 0.995612
80200 10.041955 10.041955 10.041955 0.995612 0.995612 0.995612
80300 10.041955 10.041955 10.041955 0.995612 0.995612 0.995612
80400 10.041955 10.041955 10.041955 0.995612 0.995612 0.995612
80500 10.041955 10.041955 10.041955 0.995612 0.995612 0.995612
80600 10.041955 10.041955 10.041955 0.995612 0.995612 0.995612
80700 10.041955 10.041955 10.041955 0.995612 0.995612 0.995612
80800 10.041955 10.041955 10.041955 0.995612 0.995612 0.995612
80900 10.041955 10.041955 10.041955 0.995612 0.995612 0.995612
81000 10.041955 10.041955 10.041955 0.995612 0.995612 0.995612
81100 10.041955 10.041955 10.041955 0.995612 0.995612 0.995612
81200 10.041955 10.041955 10.041955 0.995612 0.995612 0.995612
81300 10.041955 10.041955 10.041955 0.995612 0.995612 0.995612
81400 10.041955 10.041955 10.041955 0.995612 0.995612 0.995612
81500 10.041955 10.041955 10.041955 0.995612 0.995612 0.995612
81600 10.041955 10.041955 10.041955 0.995612 0.995612 0.995612
81700 10.041955 10.041955 10.041955 0.995612 0.995612 0.995612
81800 10.041955 10.041955 10.041955 0.995612 0.995612 0.995612
81900 10.041955 10.041955 10.041955 0.995612 0.995612 0.995612
82000 10.041955 10.041955 10.041955 0.995612 0.995612 0.995612
82100 10.041955 10.041955 10.041955 0.995612 0.995612 0.995612
82200 10.041955 10.041955 10.041955 0.995612 0.995612 0.995612
82300 10.041955 10.041955 10.041955 0.995612 0.995612 0.995612
82400 10.041955 10.041955 10.041955 0.995612 0.995612 0.995612
82500 10.041955 10.041955 10.041955 0.995612 0.995612 0.995612
82600 10.041955 10.041955 10.041955 0.995612 0.995612 0.995612
82700 10.041955 10.041955 10.041955 0.995612 0.995612 0.995612
82800 10.041955 10.041955 10.041955 0.995612 0.995612 0.995612
82900 10.041955 10.041955 10.041955 0.995612 0.995612 0.995612
83000 10.041955 10.041955 10.041955 0.995612 0.995612 0.995612
83100 10.041955 10.041955 10.041955 0.995612 0.995612 0.995612
83200 10.041955 10.041955 10.041955 0.995612 0.995612 0.995612
83300 10.041955 10.041955 10.041955 0.995612 0.995612 0.995612
83400 10.041955 10.041955 10.041955 0.995612 0.995612 0.995612
83500 10.041955 10.041955 10.041955 0.995612 0.995612 0.995612
83600 10.041955 10.041955 10.041955 0.995612 0.995612 0.995612
83700 10.041955 10.041955 10.041955 0.995612 0.995612 0.995612
83800 10.041955 10.041955 10.041955 0.995612 0.995612 0.995612
83900 10.041955 10.041955 10.041955 0.995612 0.995612 0.995612
84000 10.041955 10.041955 10.041955 0.995612 0.995612 0.995612
84100 10.041955 10.041955 10.041955 0.995612 0.995612 0.995612
84200 10.041955 10.041955 10.041955 0.995612 0.995612 0.995612
84300 10.041955 10.041955 10.041955 0.995612 0.995612 0.995612
84400 10.041955 10.041955 10.041955 0.995612 0.995612 0.995612
84500 10.041955 10.041955 10.041955 0.995612 0.995612 0.995612
84600 10.041955 10.041955 10.041955 0.995612 0.995612 0.995612
84700 10.041955 10.041955 10.041955 0.995612 0.995612 0.995612
84800 10.041955 10.041955 10.041955 0.995612 0.995612 0.995612
84900 10.041955 10.041955 10.041955 0.995612 0.995612 0.995612
85000 10.041955 10.041955 10.041955 0.995612 0.995612 0.995612
85100 10.041955 10.041955 10.041955 0.995612 0.995612 0.995612
85200 10.041955 10.041955 10.041955 0.995612 0.995612 0.995612
85300 10.041955 10.041955 10.041955 0.995612 0.995612 0.995612
85400 10.041955 10.041955 10.041955 0.995612 0.995612 0.995612
85500 10.041955 10.041955 10.041955 0.995612 0.995612 0.995612
85600 10.041955 10.041955 10.041955 0.995612 0.995612 0.995612
85700 10.041955 10.041955 10.041955 0.995612 0.995612 0.995612
85800 10.041955 10.041955 10.041955 0.995612 0.995612 0.995612
85900 10.041955 10.041955 10.041955 0.995612 0.995612 0.995612
86000 10.041955 10.041955 10.041955 0.995612 0.995612 0.995612
86100 10.041955 10.041955 10.041955 0.995612 0.995612 0.995612
86200 10.041955 10.041955 10.041955 0.995612 0.995612 0.995612
86300 10.041955 10.041955 10.041955 0.995612 0.995612 0.995612
86400 10.041955 10.041955 10.041955 0.995612 0.995612 0.995612
86500 10.041955 10.041955 10.041955 0.995612 0.995612 0.995612
86600 10.041955 10.041955 10.041955 0.995612 0.995612 0.995612
86700 10.041955 10.041955 10.041955 0.995612 0.995612 0.995612
86800 10.041955 10.041955 10.041955 0.995612 0.995612 0.995612
86900 10.041955 10.041955 10.041955 0.995612 0.995612 0.995612
87000 10.041955 10.041955 10.041955 0.995612 0.995612 0.995612
87100 10.041955 10.041955 10.041955 0.995612 0.995612 0.995612
87200 10.041955 10.041955 10.041955 0.995612 0.995612 0.995612
87300 10.041955 10.041955 10.041955 0.995612 0.995612 0.995612
87400 10.041955 10.041955 10.041955 0.995612 0.995612 0.995612
87500 10.041955 10.041955 10.041955 0.995612 0.995612 0.995612
87600 10.041955 10.041955 10.041955 0.995612 0.995612 0.995612
87700 10.041955 10.041955 10.041955 0.995612 0.995612 0.995612
87800 10.041955 10.041955 10.041955 0.995612 0.995612 0.995612
87900 10.041955 10.041955 10.041955 0.995612 0.995612 0.995612
88000 10.041955 10.041955 10.041955 0.995612 0.995612 0.995612
88100 10.041955 10.041955 10.041955 0.995612 0.995612 0.995612
88200 10.041955 10.041955 10.041955 0.995612 0.995612 0.995612
88300 10.041955 10.041955 10.041955 0.995612 0.995612 0.995612
88400 10.041955 10.041955 10.041955 0.995612 0.995612 0.995612
88500 10.041955 10.041955 10.041955 0.995612 0.995612 0.995612
88600 10.041955 10.041955 10.041955 0.995612 0.995612 0.995612
88700 10.041955 10.041955 10.041955 0.995612 0.995612 0.995612
88800 10.041955 10.041955 10.041955 0.995612 0.995612 0.995612
88900 10.041955 10.041955 10.041955 0.995612 0.995612 0.995612
89000 10.041955 10.041955 10.041955 0.995612 0.995612 0.995612
89100 10.041955 10.041955 10.041955 0.995612 0.995612 0.995612
89200 10.041955 10.041955 10.041955 0.995612 0.995612 0.995612
89300 10.041955 10.041955 10.041955 0.995612 0.995612 0.995612
89400 10.041955 10.041955 10.041955 0.995612 0.995612 0.995612
89500 10.041955 10.041955 10.041955 0.995612 0.995612 0.995612
89600 10.041955 10.041955 10.041955 0.995612 0.995612 0.995612
89700 10.041955 10.041955 10.041955 0.995612 0.995612 0.995612
89800 10.041955 10.041955 10.041955 0.995612 0.995612 0.995612
89900 10.041955 10.041955 10.041955 0.995612 0.995612 0.995612
90000 10.041955 10.041955 10.041955 0.995612 0.995612 0.995612
90100 10.041955 10.041955 10.041955 0.995612 0.995612 0.995612
90200 10.041955 10.041955 10.041955 0.995612 0.995612 0.995612
90300 10.041955 10.041955 10.041955 0.995612 0.995612 0.995612
90400 10.041955 10.041955 10.041955 0.995612 0.995612 0.995612
90500 10.041955 10.041955 10.041955 0.995612 0.995612 0.995612
90600 10.041955 10.041955 10.041955 0.995612 0.995612 0.995612
90700 10.041955 10.041955 10.041955 0.995612 0.995612 0.995612
90800 10.041955 10.041955 10.041955 0.995612 0.995612 0.995612
90900 10.041955 10.041955 10.041955 0.995612 0.995612 0.995612
91000 10.041955 10.041955 10.041955 0.995612 0.995612 0.995612
91100 10.041955 10.041955 10.041955 0.995612 0.995612 0.995612
91200 10.041955 10.041955 10.041955 0.995612 0.995612 0.995612
91300 10.041955 10.041955 10.041955 0.995612 0.995612 0.995612
91400 10.041955 10.041955 10.041955 0.995612 0.995612 0.995612
91500 10.041955 10.041955 10.041955 0.995612 0.995612 0.995612
91600 10.041955 10.041955 10.041955 0.995612 0.995612 0.995612
91700 10.041955 10.041955 10.041955 0.995612 0.995612 0.995612
91800 10.041955 10.041955 10.041955 0.995612 0.995612 0.995612
91900 10.041955 10.041955 10.041955 0.995612 0.995612 0.995612
92000 10.041955 10.041955 10.041955 0.995612 0.995612 0.995612
92100 10.041955 10.041955 10.041955 0.995612 0.995612 0.995612
92200 10.041955 10.041955 10.041955 0.995612 0.995612 0.995612
92300 10.041955 10.041955 10.041955 0.995612 0.995612 0.995612
92400 10.041955 10.041955 10.041955 0.995612 0.995612 0.995612
92500 10.041955 10.041955 10.041955 0.995612 0.995612 0.995612
92600 10.041955 10.041955 10.041955 0.995612 0.995612 0.995612
92700 10.041955 10.041955 10.041955 0.995612 0.995612 0.995612
92800 10.041955 10.041955 10.041955 0.995612 0.995612 0.995612
92900 10.041955 10.041955 10.041955 0.995612 0.995612 0.995612
93000 10.041955 10.041955 10.041955 0.995612 0.995612 0.995612
93100 10.041955 10.041955 10.041955 0.995612 0.995612 0.995612
93200 10.041955 10.041955 10.041955 0.995612 0.995612 0.995612
93300 10.041955 10.041955 10.041955 0.995612 0.995612 0.995612
93400 10.041955 10.041955 10.041955 0.995612 0.995612 0.995612
93500 10.041955 10.041955 10.041955 0.995612 0.995612 0.995612
93600 10.041955 10.041955 10.041955 0.995612 0.995612 0.995612
93700 10.041955 10.041955 10.041955 0.995612 0.995612 0.995612
93800 10.041955 10.041955 10.041955 0.995612 0.995612 0.995612
93900 10.041955 10.041955 10.041955 0.995612 0.995612 0.995612
94000 10.041955 10.041955 10.041955 0.995612 0.995612 0.995612
94100 10.041955 10.041955 10.041955 0.995612 0.995612 0.995612
94200 10.041955 10.041955 10.041955 0.995612 0.995612 0.995612
94300 10.041955 10.041955 10.041955 0.995612 0.995612 0.995612
94400 10.041955 10.041955 10.041955 0.995612 0.995612 0.995612
94500 10.041955 10.041955 10.041955 0.995612 0.995612 0.995612
94600 10.041955 10.041955 10.041955 0.995612 0.995612 0.995612
94700 10.041955 10.041955 10.041955 0.995612 0.995612 0.995612
94800 10.041955 10.041955 10.041955 0.995612 0.995612 0.995612
94900 10.041955 10.041955 10.041955 0.995612 0.995612 0.995612
95000 10.041955 10.041955 10.041955 0.995612 0.995612 0.995612
95100 10.041955 10.041955 10.041955 0.995612 0.995612 0.995612
95200 10.041955 10.041955 10.041955 0.995612 0.995612 0.995612
95300 10.041955 10.041955 10.041955 0.995612 0.995612 0.995612
95400 10.041955 10.041955 10.041955 0.995612 0.995612 0.995612
95500 10.041955 10.041955 10.041955 0.995612 0.995612 0.995612
95600 10.041955 10.041955 10.041955 0.995612 0.995612 0.995612
95700 10.041955 10.041955 10.041955 0.995612 0.995612 0.995612
95800 10.041955 10.041955 10.041955 0.995612 0.995612 0.995612
95900 10.041955 10.041955 10.041955 0.995612 0.995612 0.995612
96000 10.041955 10.041955 10.041955 0.995612 0.995612 0.995612
96100 10.041955 10.041955 10.041955 0.995612 0.995612 0.995612
96200 10.041955 10.041955 10.041955 0.995612 0.995612 0.995612
96300 10.041955 10.041955 10.041955 0.995612 0.995612 0.995612
96400 10.041955 10.041955 10.041955 0.995612 0.995612 0.995612
96500 10.041955 10.041955 10.041955 0.995612 0.995612 0.995612
96600 10.041955 10.041955 10.041955 0.995612 0.995612 0.995612
96700 10.041955 10.041955 10.041955 0.995612 0.995612 0.995612
96800 10.041955 10.041955 10.041955 0.995612 0.995612 0.995612
96900 10.041955 10.041955 10.041955 0.995612 0.995612 0.995612
97000 10.041955 10.041955 10.041955 0.995612 0.995612 0.995612
97100 10.041955 10.041955 10.041955 0.995612 0.995612 0.995612
97200 10.041955 10.041955 10.041955 0.995612 0.995612 0.995612
97300 10.041955 10.041955 10.041955 0.995612 0.995612 0.995612
97400 10.041955 10.041955 10.041955 0.995612 0.995612 0.995612
97500 10.041955 10.041955 10.041955 0.995612 0.995612 0.995612
97600 10.041955 10.041955 10.041955 0.995612 0.995612 0.995612
97700 10.041955 10.041955 10.041955 0.995612 0.995612 0.995612
97800 10.041955 10.041955 10.041955 0.995612 0.995612 0.995612
97900 10.041955 10.041955 10.041955 0.995612 0.995612 0.995612
98000 10.041955 10.041955 10.041955 0.995612 0.995612 0.995612
98100 10.041955 10.041955 10.041955 0.995612 0.995612 0.995612
98200 10.041955 10.041955 10.041955 0.995612 0.995612 0.995612
98300 10.041955 10.041955 10.041955 0.995612 0.995612 0.995612
98400 10.041955 10.041955 10.041955 0.995612 0.995612 0.995612
98500 10.041955 10.041955 10.041955 0.995612 0.995612 0.995612
98600 10.041955 10.041955 10.041955 0.995612 0.995612 0.995612
98700 10.041955 10.041955 10.041955 0.995612 0.995612 0.995612
98800 10.041955 10.041955 10.041955 0.995612 0.995612 0.995612
98900 10.041955 10.041955 10.041955 0.995612 0.995612 0.995612
99000 10.041955 10.041955 10.041955 0.995612 0.995612 0.995612
99100 10.041955 10.041955 10.041955 0.995612 0.995612 0.995612
99200 10.041955 10.041955 10.041955 0.995612 0.995612 0.995612
99300 10.041955 10.041955 10.041955 0.995612 0.995612 0.995612
99400 10.041955 10.041955 10.041955 0.995612 0.995612 0.995612
99500 10.041955 10.041955 10.041955 0.995612 0.995612 0.995612
99600 10.041955 10.041955 10.041955 0.995612 0.995612 0.995612
99700 10.041955 10.041955 10.041955 0.995612 0.995612 0.995612
99800 10.041955 10.041955 10.041955 0.995612 0.995612 0.995612
99900 10.041955 10.041955 10.041955 0.995612 0.995612 0.995612
100000 10.041955 10.041955 10.041955 0.995612 0.995612 0.995612
