739 851037 12 0.016300 4088 1934 1822 0
889 1161052 12 0.066900 4423 2620 945 1
655 924828 12 0.167600 5293 1368 1627 0
755 1122826 10 0.166400 4089 2408 1569 1
622 998697 13 0.094000 5658 3236 1730 1
815 1490515 13 0.104200 5503 2114 1087 0
864 1149699 7 0.074800 4831 1588 812 1
608 772251 11 0.047700 4133 2279 1284 1
507 658902 12 0.074500 5719 3642 1836 0
745 824367 13 0.134500 4373 1886 1271 1
650 883586 12 0.183100 4707 2749 1003 0
882 763607 12 0.103400 5409 3744 1347 1
906 727579 9 0.131400 5093 3387 1860 1
629 917327 12 0.044700 4566 3472 1354 0
687 1050701 15 0.086600 4706 3103 1163 0
936 1121077 10 0.064900 5229 2217 1364 1
941 1330584 9 0.093600 5644 3076 814 1
880 1473093 14 0.049100 4356 3164 1695 1
781 951316 15 0.099600 4324 941 1881 0
621 706247 15 0.126400 4224 895 1021 0
802 965075 11 0.069300 5213 1763 1335 0
759 1306903 12 0.143200 5689 1318 1407 1
884 1180818 14 0.040800 4657 1248 814 1
797 1292297 11 0.073400 4997 1857 1424 1
622 1048399 8 0.128300 5991 3933 1367 0
672 1088066 10 0.179700 4311 3545 1483 0
503 797650 11 0.050600 4416 2289 1747 1
906 1306621 10 0.076800 5861 2816 841 0
613 945670 9 0.083400 4095 2615 1292 0
683 1284654 12 0.046700 4096 1070 874 1
776 685400 9 0.052800 5685 1462 1043 1
803 967094 9 0.099300 5785 1785 1372 1
722 1236467 12 0.021500 4357 2525 1596 1
858 1592415 9 0.187400 4524 2848 1779 1
808 1395572 13 0.079000 4345 2835 981 0
914 1616490 12 0.142300 4284 3906 847 1
929 1279888 11 0.010200 5066 3029 1755 0
912 1518364 12 0.127800 5697 3095 1206 1
578 844803 12 0.165500 4007 3126 1691 0
665 713356 15 0.086000 4790 926 1925 0
643 913803 10 0.104500 4238 1167 1752 0
742 551273 12 0.108900 4237 2636 1344 1
813 788445 14 0.049900 5182 2724 858 1
711 714643 11 0.041800 4818 2690 933 0
759 1250355 13 0.055000 4369 2923 1386 0
952 1104034 11 0.121600 5710 1642 1228 1
806 1360155 12 0.130600 4990 1425 1801 1
799 1152229 11 0.076900 4572 3289 1258 1
716 792885 11 0.070100 4796 3030 1994 1
951 1441630 14 0.109400 4602 1730 1628 1
625 573820 12 0.038100 4510 3649 1456 1
676 986268 7 0.050200 5113 2120 1367 0
895 1379059 13 0.036000 4576 2723 1791 0
611 751921 8 0.060700 4168 2053 1810 0
643 986792 11 0.061900 5052 3571 1341 1
791 1279771 14 0.092100 4637 834 1455 0
650 996314 11 0.092300 5343 1233 1920 0
547 403360 13 0.169900 5575 2558 1397 0
805 1132579 13 0.106100 5038 3935 1391 0
565 793402 13 0.167300 5657 1440 1977 1
916 1261427 11 0.104100 4047 3933 1290 0
832 1076444 12 0.163200 4060 1665 1649 0
816 1295807 13 0.077400 5155 2439 1002 0
765 1000029 9 0.071200 5652 3159 1200 0
924 1007458 11 0.045700 4200 3101 1419 0
645 812513 8 0.127500 4436 836 1962 1
760 1198600 13 0.057500 4363 1373 1901 0
512 671781 11 0.127900 4926 3988 1162 0
637 1228856 10 0.034800 4607 2401 955 1
779 920814 13 0.076000 4956 2289 1164 0
787 1347320 13 0.062200 4824 3792 833 0
798 856751 12 0.080600 4348 835 1361 1
980 1150498 9 0.094500 5384 2125 1232 1
549 850731 11 0.108200 5403 1297 1512 1
813 1107102 11 0.116100 4390 1520 1642 1
567 771491 15 0.096500 5526 3716 883 1
551 742525 9 0.133200 4758 2960 1909 1
898 1308083 14 0.160300 5693 1394 1467 1
714 1052728 10 0.067900 5635 1790 1677 0
954 705775 11 0.145700 4509 2469 919 0
526 555194 11 0.162400 5773 2444 1541 0
993 1850479 12 0.089500 5723 3343 1375 1
667 1042838 12 0.159200 4475 1744 1277 1
644 882111 14 0.107400 4935 1329 1897 0
951 1149635 9 0.060500 4351 2792 1191 0
560 904827 11 0.076900 5924 1188 1810 1
847 1241181 14 0.079100 5711 3162 1416 0
527 840009 9 0.035700 5652 2022 1093 0
986 1383678 9 0.039700 5609 3407 1574 1
709 681485 10 0.076300 5376 3520 1886 1
949 1141027 11 0.184800 4486 3356 1769 1
910 1677804 14 0.023800 4252 1098 934 1
633 896018 12 0.122700 4072 1525 1031 0
936 1151217 10 0.086800 4964 2101 1841 0
762 937628 11 0.083800 5656 1369 1583 1
815 1089595 10 0.065600 4363 3328 1669 0
725 1271173 10 0.123600 5425 3933 833 0
684 917345 12 0.114800 4646 1759 1436 0
633 642912 12 0.152000 4793 1280 1545 1
814 1547675 8 0.159000 5896 1414 1395 0
