# generation power_min power_avg power_max util_min util_avg util_max
1 28.288965 35.453392 39.825558 0.354136 0.521119 0.634680
10 28.288965 34.985670 38.191443 0.354136 0.510685 0.614323
20 28.288965 34.517989 37.130754 0.354136 0.499519 0.571878
30 28.288965 33.997200 36.319233 0.343701 0.486129 0.562949
40 28.288965 33.507166 35.712245 0.343701 0.473245 0.562874
50 27.152400 33.061822 35.340220 0.325935 0.461709 0.540664
60 27.152400 32.709025 34.863232 0.325935 0.452631 0.534688
70 27.152400 32.303994 34.663164 0.309840 0.441784 0.529998
80 27.152400 31.854572 34.286420 0.307129 0.428574 0.501939
90 27.152400 31.410160 33.824202 0.307129 0.416676 0.499559
100 27.152400 30.992906 33.478257 0.307129 0.405282 0.491342
110 27.152400 30.554079 32.922868 0.306722 0.393734 0.472237
120 26.459554 30.161369 32.593483 0.306722 0.383647 0.472237
130 26.459554 29.671363 32.170169 0.273429 0.370784 0.472237
140 26.459554 29.271100 31.565583 0.273429 0.359881 0.428754
150 26.459554 28.897023 30.805200 0.273429 0.351108 0.419344
160 25.216702 28.517109 30.637923 0.270008 0.343158 0.419344
170 25.216702 28.169198 30.103409 0.270008 0.335263 0.419344
180 25.216702 27.901328 29.662566 0.270008 0.329138 0.390790
190 23.763654 27.562684 29.348966 0.251801 0.322175 0.381804
200 23.512736 27.235595 28.973225 0.242472 0.315861 0.381804
210 23.512736 26.939670 28.560986 0.242472 0.309037 0.359232
220 22.718496 26.652512 28.163359 0.219868 0.302450 0.348223
230 22.652752 26.321175 27.799511 0.214951 0.295408 0.341835
240 22.652752 26.016038 27.540934 0.208960 0.289527 0.333331
250 22.648348 25.717351 27.331044 0.208960 0.283865 0.325935
260 22.648348 25.427831 26.987752 0.208960 0.277659 0.322714
270 22.391665 25.132716 26.882361 0.205077 0.271326 0.322714
280 22.391665 24.784351 26.556332 0.205077 0.264074 0.322714
290 22.373616 24.421353 26.270894 0.204594 0.255361 0.314360
300 22.302351 24.099524 26.086841 0.204594 0.248528 0.314360
310 22.058459 23.762675 25.742908 0.203130 0.241638 0.297847
320 21.492868 23.416354 25.525890 0.185384 0.233666 0.293961
330 21.492868 23.114762 25.145482 0.185384 0.226478 0.281411
340 21.318948 22.822394 24.652070 0.185168 0.219385 0.261323
350 21.318948 22.604276 23.848237 0.185168 0.215141 0.261142
360 21.318948 22.421029 23.512736 0.183138 0.210677 0.242472
370 21.318948 22.262561 23.115357 0.183138 0.207537 0.235853
380 21.160495 22.132880 22.718496 0.182672 0.205178 0.223366
390 21.041399 22.006477 22.648348 0.175483 0.201886 0.223366
400 21.031924 21.880649 22.519790 0.175483 0.198656 0.223366
410 20.670524 21.758702 22.443536 0.174402 0.196209 0.221309
420 20.670524 21.640870 22.354036 0.174402 0.193637 0.218975
430 20.313180 21.529750 22.250038 0.174402 0.190943 0.214287
440 20.313180 21.410442 22.058459 0.166960 0.188025 0.214287
450 20.313180 21.290961 21.891169 0.166960 0.185667 0.214287
460 20.313180 21.181293 21.680084 0.163535 0.183245 0.201793
470 20.313180 21.096779 21.627133 0.163535 0.182232 0.201793
480 20.313180 21.012335 21.524513 0.163535 0.180721 0.201793
490 20.066578 20.920117 21.403368 0.163285 0.179064 0.198913
500 20.036844 20.819507 21.318948 0.162897 0.177820 0.192919
510 19.917748 20.728078 21.229045 0.162897 0.176407 0.192919
520 19.888006 20.635709 21.150823 0.162897 0.174900 0.187573
530 19.888006 20.553480 21.047683 0.162897 0.173673 0.187573
540 19.888006 20.477865 20.961823 0.162897 0.172720 0.187573
550 19.888006 20.401224 20.909427 0.162897 0.171828 0.186855
560 19.888006 20.327057 20.786944 0.162897 0.171139 0.186855
570 19.888006 20.270352 20.670524 0.162897 0.170824 0.179040
580 19.887863 20.211968 20.489709 0.162897 0.170527 0.179040
590 19.887863 20.169086 20.402962 0.162897 0.170652 0.179040
600 19.755088 20.129074 20.379452 0.162897 0.170508 0.180926
610 19.755088 20.091488 20.327246 0.163285 0.170163 0.180926
620 19.755088 20.054380 20.304976 0.163285 0.169519 0.180926
630 19.755088 20.013772 20.223680 0.163285 0.169108 0.180926
640 19.755088 19.981747 20.223680 0.163285 0.168057 0.180926
650 19.589818 19.946398 20.153388 0.163285 0.167610 0.180926
660 19.589818 19.921548 20.066578 0.163285 0.167681 0.172393
670 19.589818 19.900632 20.036844 0.165597 0.167784 0.172393
680 19.589818 19.883004 19.991440 0.165597 0.167960 0.172393
690 19.589818 19.866348 19.981382 0.165597 0.168083 0.172393
700 19.589818 19.848085 19.934314 0.165869 0.168092 0.172393
710 19.579617 19.829315 19.928140 0.165869 0.167947 0.172393
720 19.579617 19.808481 19.917748 0.165869 0.167682 0.172393
730 19.579617 19.789949 19.888006 0.165869 0.167930 0.172393
740 19.579617 19.772084 19.887863 0.165869 0.168144 0.172393
750 19.579617 19.754157 19.858324 0.165869 0.168128 0.172393
760 19.579617 19.733924 19.838994 0.165869 0.168035 0.172393
770 19.520932 19.713210 19.808547 0.165869 0.167993 0.170625
780 19.520932 19.694700 19.785332 0.165869 0.167890 0.170625
790 19.520932 19.677528 19.768766 0.165869 0.167953 0.170625
800 19.520932 19.662962 19.755318 0.165869 0.168156 0.170625
810 19.397645 19.644141 19.735967 0.165869 0.168156 0.170625
820 19.397645 19.629443 19.729150 0.165869 0.167921 0.170625
830 19.397645 19.610886 19.719401 0.165869 0.167962 0.170625
840 19.397645 19.593455 19.679624 0.165869 0.167975 0.170625
850 19.308502 19.577602 19.649606 0.165869 0.168103 0.170625
860 19.308502 19.563519 19.646824 0.165869 0.168341 0.170625
870 19.308502 19.548023 19.609846 0.165869 0.168267 0.170625
880 19.238520 19.526805 19.609846 0.165869 0.168339 0.172393
890 19.238520 19.507354 19.609846 0.165869 0.168504 0.172393
900 19.238520 19.485799 19.609846 0.165869 0.168636 0.172393
910 19.238520 19.464513 19.579617 0.165869 0.168692 0.172393
920 19.238520 19.440556 19.570077 0.165869 0.169138 0.172393
930 19.238520 19.418058 19.546349 0.165869 0.169578 0.172393
940 19.238520 19.394084 19.527231 0.165869 0.170018 0.172393
950 19.238520 19.369797 19.520703 0.165869 0.170212 0.172393
960 19.238520 19.346102 19.520560 0.165869 0.170486 0.172393
970 19.238520 19.328107 19.430833 0.167931 0.170807 0.172393
980 19.238520 19.316187 19.397645 0.167931 0.170877 0.172393
990 19.238520 19.303768 19.397645 0.167931 0.170966 0.172393
1000 19.238520 19.291147 19.347889 0.167931 0.171099 0.172393
1010 19.238520 19.282114 19.341547 0.170331 0.171318 0.172393
1020 19.238520 19.273464 19.308502 0.170625 0.171509 0.172393
1030 19.238520 19.267164 19.308502 0.170625 0.171668 0.172393
1040 19.238520 19.260170 19.308359 0.170625 0.171845 0.172393
1050 19.238520 19.253186 19.308359 0.170625 0.172022 0.172393
1060 19.238520 19.246202 19.308359 0.170625 0.172199 0.172393
1070 19.238520 19.239218 19.308359 0.170625 0.172375 0.172393
1080 19.238520 19.238520 19.238520 0.172393 0.172393 0.172393
1090 19.238520 19.238520 19.238520 0.172393 0.172393 0.172393
1100 19.238520 19.238520 19.238520 0.172393 0.172393 0.172393
1110 19.238520 19.238520 19.238520 0.172393 0.172393 0.172393
1120 19.238520 19.238520 19.238520 0.172393 0.172393 0.172393
1130 19.238520 19.238520 19.238520 0.172393 0.172393 0.172393
1140 19.238520 19.238520 19.238520 0.172393 0.172393 0.172393
1150 19.238520 19.238520 19.238520 0.172393 0.172393 0.172393
1160 19.238520 19.238520 19.238520 0.172393 0.172393 0.172393
1170 19.238520 19.238520 19.238520 0.172393 0.172393 0.172393
1180 19.238520 19.238520 19.238520 0.172393 0.172393 0.172393
1190 19.238520 19.238520 19.238520 0.172393 0.172393 0.172393
1200 19.238520 19.238520 19.238520 0.172393 0.172393 0.172393
1210 19.238520 19.238520 19.238520 0.172393 0.172393 0.172393
1220 19.238520 19.238520 19.238520 0.172393 0.172393 0.172393
1230 19.238520 19.238520 19.238520 0.172393 0.172393 0.172393
1240 19.238520 19.238520 19.238520 0.172393 0.172393 0.172393
1250 19.238520 19.238520 19.238520 0.172393 0.172393 0.172393
1260 19.238520 19.238520 19.238520 0.172393 0.172393 0.172393
1270 19.238520 19.238520 19.238520 0.172393 0.172393 0.172393
1280 19.238520 19.238520 19.238520 0.172393 0.172393 0.172393
1290 19.238520 19.238520 19.238520 0.172393 0.172393 0.172393
1300 19.238520 19.238520 19.238520 0.172393 0.172393 0.172393
1310 19.238520 19.238520 19.238520 0.172393 0.172393 0.172393
1320 19.238520 19.238520 19.238520 0.172393 0.172393 0.172393
1330 19.238520 19.238520 19.238520 0.172393 0.172393 0.172393
1340 19.238520 19.238520 19.238520 0.172393 0.172393 0.172393
1350 19.238520 19.238520 19.238520 0.172393 0.172393 0.172393
1360 19.238520 19.238520 19.238520 0.172393 0.172393 0.172393
1370 19.238520 19.238520 19.238520 0.172393 0.172393 0.172393
1380 19.238520 19.238520 19.238520 0.172393 0.172393 0.172393
1390 19.238520 19.238520 19.238520 0.172393 0.172393 0.172393
1400 19.238520 19.238520 19.238520 0.172393 0.172393 0.172393
1410 19.238520 19.238520 19.238520 0.172393 0.172393 0.172393
1420 19.238520 19.238520 19.238520 0.172393 0.172393 0.172393
1430 19.238520 19.238520 19.238520 0.172393 0.172393 0.172393
1440 19.238520 19.238520 19.238520 0.172393 0.172393 0.172393
1450 19.238520 19.238520 19.238520 0.172393 0.172393 0.172393
1460 19.238520 19.238520 19.238520 0.172393 0.172393 0.172393
1470 19.238520 19.238520 19.238520 0.172393 0.172393 0.172393
1480 19.238520 19.238520 19.238520 0.172393 0.172393 0.172393
1490 19.238520 19.238520 19.238520 0.172393 0.172393 0.172393
1500 19.238520 19.238520 19.238520 0.172393 0.172393 0.172393
1510 19.238520 19.238520 19.238520 0.172393 0.172393 0.172393
1520 19.238520 19.238520 19.238520 0.172393 0.172393 0.172393
1530 19.238520 19.238520 19.238520 0.172393 0.172393 0.172393
1540 19.238520 19.238520 19.238520 0.172393 0.172393 0.172393
1550 19.238520 19.238520 19.238520 0.172393 0.172393 0.172393
1560 19.238520 19.238520 19.238520 0.172393 0.172393 0.172393
1570 19.238520 19.238520 19.238520 0.172393 0.172393 0.172393
1580 19.238520 19.238520 19.238520 0.172393 0.172393 0.172393
1590 19.238520 19.238520 19.238520 0.172393 0.172393 0.172393
1600 19.238520 19.238520 19.238520 0.172393 0.172393 0.172393
1610 19.238520 19.238520 19.238520 0.172393 0.172393 0.172393
1620 19.238520 19.238520 19.238520 0.172393 0.172393 0.172393
1630 19.238520 19.238520 19.238520 0.172393 0.172393 0.172393
1640 19.238520 19.238520 19.238520 0.172393 0.172393 0.172393
1650 19.238520 19.238520 19.238520 0.172393 0.172393 0.172393
1660 19.238520 19.238520 19.238520 0.172393 0.172393 0.172393
1670 19.238520 19.238520 19.238520 0.172393 0.172393 0.172393
1680 19.238520 19.238520 19.238520 0.172393 0.172393 0.172393
1690 19.238520 19.238520 19.238520 0.172393 0.172393 0.172393
1700 19.238520 19.238520 19.238520 0.172393 0.172393 0.172393
1710 19.238520 19.238520 19.238520 0.172393 0.172393 0.172393
1720 19.238520 19.238520 19.238520 0.172393 0.172393 0.172393
1730 19.238520 19.238520 19.238520 0.172393 0.172393 0.172393
1740 19.238520 19.238520 19.238520 0.172393 0.172393 0.172393
1750 19.238520 19.238520 19.238520 0.172393 0.172393 0.172393
1760 19.238520 19.238520 19.238520 0.172393 0.172393 0.172393
1770 19.238520 19.238520 19.238520 0.172393 0.172393 0.172393
1780 19.238520 19.238520 19.238520 0.172393 0.172393 0.172393
1790 19.238520 19.238520 19.238520 0.172393 0.172393 0.172393
1800 19.238520 19.238520 19.238520 0.172393 0.172393 0.172393
1810 19.238520 19.238520 19.238520 0.172393 0.172393 0.172393
1820 19.238520 19.238520 19.238520 0.172393 0.172393 0.172393
1830 19.238520 19.238520 19.238520 0.172393 0.172393 0.172393
1840 19.238520 19.238520 19.238520 0.172393 0.172393 0.172393
1850 19.238520 19.238520 19.238520 0.172393 0.172393 0.172393
1860 19.238520 19.238520 19.238520 0.172393 0.172393 0.172393
1870 19.238520 19.238520 19.238520 0.172393 0.172393 0.172393
1880 19.238520 19.238520 19.238520 0.172393 0.172393 0.172393
1890 19.238520 19.238520 19.238520 0.172393 0.172393 0.172393
1900 19.238520 19.238520 19.238520 0.172393 0.172393 0.172393
1910 19.238520 19.238520 19.238520 0.172393 0.172393 0.172393
1920 19.238520 19.238520 19.238520 0.172393 0.172393 0.172393
1930 19.238520 19.238520 19.238520 0.172393 0.172393 0.172393
1940 19.238520 19.238520 19.238520 0.172393 0.172393 0.172393
1950 19.238520 19.238520 19.238520 0.172393 0.172393 0.172393
1960 19.238520 19.238520 19.238520 0.172393 0.172393 0.172393
1970 19.238520 19.238520 19.238520 0.172393 0.172393 0.172393
1980 19.238520 19.238520 19.238520 0.172393 0.172393 0.172393
1990 19.238520 19.238520 19.238520 0.172393 0.172393 0.172393
2000 19.238520 19.238520 19.238520 0.172393 0.172393 0.172393
2010 19.238520 19.238520 19.238520 0.172393 0.172393 0.172393
2020 19.238520 19.238520 19.238520 0.172393 0.172393 0.172393
2030 19.238520 19.238520 19.238520 0.172393 0.172393 0.172393
2040 19.238520 19.238520 19.238520 0.172393 0.172393 0.172393
2050 19.238520 19.238520 19.238520 0.172393 0.172393 0.172393
2060 19.238520 19.238520 19.238520 0.172393 0.172393 0.172393
2070 19.238520 19.238520 19.238520 0.172393 0.172393 0.172393
2080 19.238520 19.238520 19.238520 0.172393 0.172393 0.172393
2090 19.238520 19.238520 19.238520 0.172393 0.172393 0.172393
2100 19.238520 19.238520 19.238520 0.172393 0.172393 0.172393
2110 19.238520 19.238520 19.238520 0.172393 0.172393 0.172393
2120 19.238520 19.238520 19.238520 0.172393 0.172393 0.172393
2130 19.238520 19.238520 19.238520 0.172393 0.172393 0.172393
2140 19.238520 19.238520 19.238520 0.172393 0.172393 0.172393
2150 19.238520 19.238520 19.238520 0.172393 0.172393 0.172393
2160 19.238520 19.238520 19.238520 0.172393 0.172393 0.172393
2170 19.238520 19.238520 19.238520 0.172393 0.172393 0.172393
2180 19.238520 19.238520 19.238520 0.172393 0.172393 0.172393
2190 19.238520 19.238520 19.238520 0.172393 0.172393 0.172393
2200 19.238520 19.238520 19.238520 0.172393 0.172393 0.172393
2210 19.238520 19.238520 19.238520 0.172393 0.172393 0.172393
2220 19.238520 19.238520 19.238520 0.172393 0.172393 0.172393
2230 19.238520 19.238520 19.238520 0.172393 0.172393 0.172393
2240 19.238520 19.238520 19.238520 0.172393 0.172393 0.172393
2250 19.238520 19.238520 19.238520 0.172393 0.172393 0.172393
2260 19.238520 19.238520 19.238520 0.172393 0.172393 0.172393
2270 19.238520 19.238520 19.238520 0.172393 0.172393 0.172393
2280 19.238520 19.238520 19.238520 0.172393 0.172393 0.172393
2290 19.238520 19.238520 19.238520 0.172393 0.172393 0.172393
2300 19.238520 19.238520 19.238520 0.172393 0.172393 0.172393
2310 19.238520 19.238520 19.238520 0.172393 0.172393 0.172393
2320 19.238520 19.238520 19.238520 0.172393 0.172393 0.172393
2330 19.238520 19.238520 19.238520 0.172393 0.172393 0.172393
2340 19.238520 19.238520 19.238520 0.172393 0.172393 0.172393
2350 19.238520 19.238520 19.238520 0.172393 0.172393 0.172393
2360 19.238520 19.238520 19.238520 0.172393 0.172393 0.172393
2370 19.238520 19.238520 19.238520 0.172393 0.172393 0.172393
2380 19.238520 19.238520 19.238520 0.172393 0.172393 0.172393
2390 19.238520 19.238520 19.238520 0.172393 0.172393 0.172393
2400 19.238520 19.238520 19.238520 0.172393 0.172393 0.172393
2410 19.238520 19.238520 19.238520 0.172393 0.172393 0.172393
2420 19.238520 19.238520 19.238520 0.172393 0.172393 0.172393
2430 19.238520 19.238520 19.238520 0.172393 0.172393 0.172393
2440 19.238520 19.238520 19.238520 0.172393 0.172393 0.172393
2450 19.238520 19.238520 19.238520 0.172393 0.172393 0.172393
2460 19.238520 19.238520 19.238520 0.172393 0.172393 0.172393
2470 19.238520 19.238520 19.238520 0.172393 0.172393 0.172393
2480 19.238520 19.238520 19.238520 0.172393 0.172393 0.172393
2490 19.238520 19.238520 19.238520 0.172393 0.172393 0.172393
2500 19.238520 19.238520 19.238520 0.172393 0.172393 0.172393
2510 19.238520 19.238520 19.238520 0.172393 0.172393 0.172393
2520 19.238520 19.238520 19.238520 0.172393 0.172393 0.172393
2530 19.238520 19.238520 19.238520 0.172393 0.172393 0.172393
2540 19.238520 19.238520 19.238520 0.172393 0.172393 0.172393
2550 19.238520 19.238520 19.238520 0.172393 0.172393 0.172393
2560 19.238520 19.238520 19.238520 0.172393 0.172393 0.172393
2570 19.238520 19.238520 19.238520 0.172393 0.172393 0.172393
2580 19.238520 19.238520 19.238520 0.172393 0.172393 0.172393
2590 19.238520 19.238520 19.238520 0.172393 0.172393 0.172393
2600 19.238520 19.238520 19.238520 0.172393 0.172393 0.172393
2610 19.238520 19.238520 19.238520 0.172393 0.172393 0.172393
2620 19.238520 19.238520 19.238520 0.172393 0.172393 0.172393
2630 19.238520 19.238520 19.238520 0.172393 0.172393 0.172393
2640 19.238520 19.238520 19.238520 0.172393 0.172393 0.172393
2650 19.238520 19.238520 19.238520 0.172393 0.172393 0.172393
2660 19.238520 19.238520 19.238520 0.172393 0.172393 0.172393
2670 19.238520 19.238520 19.238520 0.172393 0.172393 0.172393
2680 19.238520 19.238520 19.238520 0.172393 0.172393 0.172393
2690 19.238520 19.238520 19.238520 0.172393 0.172393 0.172393
2700 19.238520 19.238520 19.238520 0.172393 0.172393 0.172393
2710 19.238520 19.238520 19.238520 0.172393 0.172393 0.172393
2720 19.238520 19.238520 19.238520 0.172393 0.172393 0.172393
2730 19.238520 19.238520 19.238520 0.172393 0.172393 0.172393
2740 19.238520 19.238520 19.238520 0.172393 0.172393 0.172393
2750 19.238520 19.238520 19.238520 0.172393 0.172393 0.172393
2760 19.238520 19.238520 19.238520 0.172393 0.172393 0.172393
2770 19.238520 19.238520 19.238520 0.172393 0.172393 0.172393
2780 19.238520 19.238520 19.238520 0.172393 0.172393 0.172393
2790 19.238520 19.238520 19.238520 0.172393 0.172393 0.172393
2800 19.238520 19.238520 19.238520 0.172393 0.172393 0.172393
2810 19.238520 19.238520 19.238520 0.172393 0.172393 0.172393
2820 19.238520 19.238520 19.238520 0.172393 0.172393 0.172393
2830 19.238520 19.238520 19.238520 0.172393 0.172393 0.172393
2840 19.238520 19.238520 19.238520 0.172393 0.172393 0.172393
2850 19.238520 19.238520 19.238520 0.172393 0.172393 0.172393
2860 19.238520 19.238520 19.238520 0.172393 0.172393 0.172393
2870 19.238520 19.238520 19.238520 0.172393 0.172393 0.172393
2880 19.238520 19.238520 19.238520 0.172393 0.172393 0.172393
2890 19.238520 19.238520 19.238520 0.172393 0.172393 0.172393
2900 19.238520 19.238520 19.238520 0.172393 0.172393 0.172393
2910 19.238520 19.238520 19.238520 0.172393 0.172393 0.172393
2920 19.238520 19.238520 19.238520 0.172393 0.172393 0.172393
2930 19.238520 19.238520 19.238520 0.172393 0.172393 0.172393
2940 19.238520 19.238520 19.238520 0.172393 0.172393 0.172393
2950 19.238520 19.238520 19.238520 0.172393 0.172393 0.172393
2960 19.238520 19.238520 19.238520 0.172393 0.172393 0.172393
2970 19.238520 19.238520 19.238520 0.172393 0.172393 0.172393
2980 19.238520 19.238520 19.238520 0.172393 0.172393 0.172393
2990 19.238520 19.238520 19.238520 0.172393 0.172393 0.172393
3000 19.238520 19.238520 19.238520 0.172393 0.172393 0.172393
3010 19.238520 19.238520 19.238520 0.172393 0.172393 0.172393
3020 19.238520 19.238520 19.238520 0.172393 0.172393 0.172393
3030 19.238520 19.238520 19.238520 0.172393 0.172393 0.172393
3040 19.238520 19.238520 19.238520 0.172393 0.172393 0.172393
3050 19.238520 19.238520 19.238520 0.172393 0.172393 0.172393
3060 19.238520 19.238520 19.238520 0.172393 0.172393 0.172393
3070 19.238520 19.238520 19.238520 0.172393 0.172393 0.172393
3080 19.238520 19.238520 19.238520 0.172393 0.172393 0.172393
3090 19.238520 19.238520 19.238520 0.172393 0.172393 0.172393
3100 19.238520 19.238520 19.238520 0.172393 0.172393 0.172393
3110 19.238520 19.238520 19.238520 0.172393 0.172393 0.172393
3120 19.238520 19.238520 19.238520 0.172393 0.172393 0.172393
3130 19.238520 19.238520 19.238520 0.172393 0.172393 0.172393
3140 19.238520 19.238520 19.238520 0.172393 0.172393 0.172393
3150 19.238520 19.238520 19.238520 0.172393 0.172393 0.172393
3160 19.238520 19.238520 19.238520 0.172393 0.172393 0.172393
3170 19.238520 19.238520 19.238520 0.172393 0.172393 0.172393
3180 19.238520 19.238520 19.238520 0.172393 0.172393 0.172393
3190 19.238520 19.238520 19.238520 0.172393 0.172393 0.172393
3200 19.238520 19.238520 19.238520 0.172393 0.172393 0.172393
3210 19.238520 19.238520 19.238520 0.172393 0.172393 0.172393
3220 19.238520 19.238520 19.238520 0.172393 0.172393 0.172393
3230 19.238520 19.238520 19.238520 0.172393 0.172393 0.172393
3240 19.238520 19.238520 19.238520 0.172393 0.172393 0.172393
3250 19.238520 19.238520 19.238520 0.172393 0.172393 0.172393
3260 19.238520 19.238520 19.238520 0.172393 0.172393 0.172393
3270 19.238520 19.238520 19.238520 0.172393 0.172393 0.172393
3280 19.238520 19.238520 19.238520 0.172393 0.172393 0.172393
3290 19.238520 19.238520 19.238520 0.172393 0.172393 0.172393
3300 19.238520 19.238520 19.238520 0.172393 0.172393 0.172393
3310 19.238520 19.238520 19.238520 0.172393 0.172393 0.172393
3320 19.238520 19.238520 19.238520 0.172393 0.172393 0.172393
3330 19.238520 19.238520 19.238520 0.172393 0.172393 0.172393
3340 19.238520 19.238520 19.238520 0.172393 0.172393 0.172393
3350 19.238520 19.238520 19.238520 0.172393 0.172393 0.172393
3360 19.238520 19.238520 19.238520 0.172393 0.172393 0.172393
3370 19.238520 19.238520 19.238520 0.172393 0.172393 0.172393
3380 19.238520 19.238520 19.238520 0.172393 0.172393 0.172393
3390 19.238520 19.238520 19.238520 0.172393 0.172393 0.172393
3400 19.238520 19.238520 19.238520 0.172393 0.172393 0.172393
3410 19.238520 19.238520 19.238520 0.172393 0.172393 0.172393
3420 19.238520 19.238520 19.238520 0.172393 0.172393 0.172393
3430 19.238520 19.238520 19.238520 0.172393 0.172393 0.172393
3440 19.238520 19.238520 19.238520 0.172393 0.172393 0.172393
3450 19.238520 19.238520 19.238520 0.172393 0.172393 0.172393
3460 19.238520 19.238520 19.238520 0.172393 0.172393 0.172393
3470 19.238520 19.238520 19.238520 0.172393 0.172393 0.172393
3480 19.238520 19.238520 19.238520 0.172393 0.172393 0.172393
3490 19.238520 19.238520 19.238520 0.172393 0.172393 0.172393
3500 19.238520 19.238520 19.238520 0.172393 0.172393 0.172393
3510 19.238520 19.238520 19.238520 0.172393 0.172393 0.172393
3520 19.238520 19.238520 19.238520 0.172393 0.172393 0.172393
3530 19.238520 19.238520 19.238520 0.172393 0.172393 0.172393
3540 19.238520 19.238520 19.238520 0.172393 0.172393 0.172393
3550 19.238520 19.238520 19.238520 0.172393 0.172393 0.172393
3560 19.238520 19.238520 19.238520 0.172393 0.172393 0.172393
3570 19.238520 19.238520 19.238520 0.172393 0.172393 0.172393
3580 19.238520 19.238520 19.238520 0.172393 0.172393 0.172393
3590 19.238520 19.238520 19.238520 0.172393 0.172393 0.172393
3600 19.238520 19.238520 19.238520 0.172393 0.172393 0.172393
3610 19.238520 19.238520 19.238520 0.172393 0.172393 0.172393
3620 19.238520 19.238520 19.238520 0.172393 0.172393 0.172393
3630 19.238520 19.238520 19.238520 0.172393 0.172393 0.172393
3640 19.238520 19.238520 19.238520 0.172393 0.172393 0.172393
3650 19.238520 19.238520 19.238520 0.172393 0.172393 0.172393
3660 19.238520 19.238520 19.238520 0.172393 0.172393 0.172393
3670 19.238520 19.238520 19.238520 0.172393 0.172393 0.172393
3680 19.238520 19.238520 19.238520 0.172393 0.172393 0.172393
3690 19.238520 19.238520 19.238520 0.172393 0.172393 0.172393
3700 19.238520 19.238520 19.238520 0.172393 0.172393 0.172393
3710 19.238520 19.238520 19.238520 0.172393 0.172393 0.172393
3720 19.238520 19.238520 19.238520 0.172393 0.172393 0.172393
3730 19.238520 19.238520 19.238520 0.172393 0.172393 0.172393
3740 19.238520 19.238520 19.238520 0.172393 0.172393 0.172393
3750 19.238520 19.238520 19.238520 0.172393 0.172393 0.172393
3760 19.238520 19.238520 19.238520 0.172393 0.172393 0.172393
3770 19.238520 19.238520 19.238520 0.172393 0.172393 0.172393
3780 19.238520 19.238520 19.238520 0.172393 0.172393 0.172393
3790 19.238520 19.238520 19.238520 0.172393 0.172393 0.172393
3800 19.238520 19.238520 19.238520 0.172393 0.172393 0.172393
3810 19.238520 19.238520 19.238520 0.172393 0.172393 0.172393
3820 19.238520 19.238520 19.238520 0.172393 0.172393 0.172393
3830 19.238520 19.238520 19.238520 0.172393 0.172393 0.172393
3840 19.238520 19.238520 19.238520 0.172393 0.172393 0.172393
3850 19.238520 19.238520 19.238520 0.172393 0.172393 0.172393
3860 19.238520 19.238520 19.238520 0.172393 0.172393 0.172393
3870 19.238520 19.238520 19.238520 0.172393 0.172393 0.172393
3880 19.238520 19.238520 19.238520 0.172393 0.172393 0.172393
3890 19.238520 19.238520 19.238520 0.172393 0.172393 0.172393
3900 19.238520 19.238520 19.238520 0.172393 0.172393 0.172393
3910 19.238520 19.238520 19.238520 0.172393 0.172393 0.172393
3920 19.238520 19.238520 19.238520 0.172393 0.172393 0.172393
3930 19.238520 19.238520 19.238520 0.172393 0.172393 0.172393
3940 19.238520 19.238520 19.238520 0.172393 0.172393 0.172393
3950 19.238520 19.238520 19.238520 0.172393 0.172393 0.172393
3960 19.238520 19.238520 19.238520 0.172393 0.172393 0.172393
3970 19.238520 19.238520 19.238520 0.172393 0.172393 0.172393
3980 19.238520 19.238520 19.238520 0.172393 0.172393 0.172393
3990 19.238520 19.238520 19.238520 0.172393 0.172393 0.172393
4000 19.238520 19.238520 19.238520 0.172393 0.172393 0.172393
4010 19.238520 19.238520 19.238520 0.172393 0.172393 0.172393
4020 19.238520 19.238520 19.238520 0.172393 0.172393 0.172393
4030 19.238520 19.238520 19.238520 0.172393 0.172393 0.172393
4040 19.238520 19.238520 19.238520 0.172393 0.172393 0.172393
4050 19.238520 19.238520 19.238520 0.172393 0.172393 0.172393
4060 19.238520 19.238520 19.238520 0.172393 0.172393 0.172393
4070 19.238520 19.238520 19.238520 0.172393 0.172393 0.172393
4080 19.238520 19.238520 19.238520 0.172393 0.172393 0.172393
4090 19.238520 19.238520 19.238520 0.172393 0.172393 0.172393
4100 19.238520 19.238520 19.238520 0.172393 0.172393 0.172393
4110 19.238520 19.238520 19.238520 0.172393 0.172393 0.172393
4120 19.238520 19.238520 19.238520 0.172393 0.172393 0.172393
4130 19.238520 19.238520 19.238520 0.172393 0.172393 0.172393
4140 19.238520 19.238520 19.238520 0.172393 0.172393 0.172393
4150 19.238520 19.238520 19.238520 0.172393 0.172393 0.172393
4160 19.238520 19.238520 19.238520 0.172393 0.172393 0.172393
4170 19.238520 19.238520 19.238520 0.172393 0.172393 0.172393
4180 19.238520 19.238520 19.238520 0.172393 0.172393 0.172393
4190 19.238520 19.238520 19.238520 0.172393 0.172393 0.172393
4200 19.238520 19.238520 19.238520 0.172393 0.172393 0.172393
4210 19.238520 19.238520 19.238520 0.172393 0.172393 0.172393
4220 19.238520 19.238520 19.238520 0.172393 0.172393 0.172393
4230 19.238520 19.238520 19.238520 0.172393 0.172393 0.172393
4240 19.238520 19.238520 19.238520 0.172393 0.172393 0.172393
4250 19.238520 19.238520 19.238520 0.172393 0.172393 0.172393
4260 19.238520 19.238520 19.238520 0.172393 0.172393 0.172393
4270 19.238520 19.238520 19.238520 0.172393 0.172393 0.172393
4280 19.238520 19.238520 19.238520 0.172393 0.172393 0.172393
4290 19.238520 19.238520 19.238520 0.172393 0.172393 0.172393
4300 19.238520 19.238520 19.238520 0.172393 0.172393 0.172393
4310 19.238520 19.238520 19.238520 0.172393 0.172393 0.172393
4320 19.238520 19.238520 19.238520 0.172393 0.172393 0.172393
4330 19.238520 19.238520 19.238520 0.172393 0.172393 0.172393
4340 19.238520 19.238520 19.238520 0.172393 0.172393 0.172393
4350 19.238520 19.238520 19.238520 0.172393 0.172393 0.172393
4360 19.238520 19.238520 19.238520 0.172393 0.172393 0.172393
4370 19.238520 19.238520 19.238520 0.172393 0.172393 0.172393
4380 19.238520 19.238520 19.238520 0.172393 0.172393 0.172393
4390 19.238520 19.238520 19.238520 0.172393 0.172393 0.172393
4400 19.238520 19.238520 19.238520 0.172393 0.172393 0.172393
4410 19.238520 19.238520 19.238520 0.172393 0.172393 0.172393
4420 19.238520 19.238520 19.238520 0.172393 0.172393 0.172393
4430 19.238520 19.238520 19.238520 0.172393 0.172393 0.172393
4440 19.238520 19.238520 19.238520 0.172393 0.172393 0.172393
4450 19.238520 19.238520 19.238520 0.172393 0.172393 0.172393
4460 19.238520 19.238520 19.238520 0.172393 0.172393 0.172393
4470 19.238520 19.238520 19.238520 0.172393 0.172393 0.172393
4480 19.238520 19.238520 19.238520 0.172393 0.172393 0.172393
4490 19.238520 19.238520 19.238520 0.172393 0.172393 0.172393
4500 19.238520 19.238520 19.238520 0.172393 0.172393 0.172393
4510 19.238520 19.238520 19.238520 0.172393 0.172393 0.172393
4520 19.238520 19.238520 19.238520 0.172393 0.172393 0.172393
4530 19.238520 19.238520 19.238520 0.172393 0.172393 0.172393
4540 19.238520 19.238520 19.238520 0.172393 0.172393 0.172393
4550 19.238520 19.238520 19.238520 0.172393 0.172393 0.172393
4560 19.238520 19.238520 19.238520 0.172393 0.172393 0.172393
4570 19.238520 19.238520 19.238520 0.172393 0.172393 0.172393
4580 19.238520 19.238520 19.238520 0.172393 0.172393 0.172393
4590 19.238520 19.238520 19.238520 0.172393 0.172393 0.172393
4600 19.238520 19.238520 19.238520 0.172393 0.172393 0.172393
4610 19.238520 19.238520 19.238520 0.172393 0.172393 0.172393
4620 19.238520 19.238520 19.238520 0.172393 0.172393 0.172393
4630 19.238520 19.238520 19.238520 0.172393 0.172393 0.172393
4640 19.238520 19.238520 19.238520 0.172393 0.172393 0.172393
4650 19.238520 19.238520 19.238520 0.172393 0.172393 0.172393
4660 19.238520 19.238520 19.238520 0.172393 0.172393 0.172393
4670 19.238520 19.238520 19.238520 0.172393 0.172393 0.172393
4680 19.238520 19.238520 19.238520 0.172393 0.172393 0.172393
4690 19.238520 19.238520 19.238520 0.172393 0.172393 0.172393
4700 19.238520 19.238520 19.238520 0.172393 0.172393 0.172393
4710 19.238520 19.238520 19.238520 0.172393 0.172393 0.172393
4720 19.238520 19.238520 19.238520 0.172393 0.172393 0.172393
4730 19.238520 19.238520 19.238520 0.172393 0.172393 0.172393
4740 19.238520 19.238520 19.238520 0.172393 0.172393 0.172393
4750 19.238520 19.238520 19.238520 0.172393 0.172393 0.172393
4760 19.238520 19.238520 19.238520 0.172393 0.172393 0.172393
4770 19.238520 19.238520 19.238520 0.172393 0.172393 0.172393
4780 19.238520 19.238520 19.238520 0.172393 0.172393 0.172393
4790 19.238520 19.238520 19.238520 0.172393 0.172393 0.172393
4800 19.238520 19.238520 19.238520 0.172393 0.172393 0.172393
4810 19.238520 19.238520 19.238520 0.172393 0.172393 0.172393
4820 19.238520 19.238520 19.238520 0.172393 0.172393 0.172393
4830 19.238520 19.238520 19.238520 0.172393 0.172393 0.172393
4840 19.238520 19.238520 19.238520 0.172393 0.172393 0.172393
4850 19.238520 19.238520 19.238520 0.172393 0.172393 0.172393
4860 19.238520 19.238520 19.238520 0.172393 0.172393 0.172393
4870 19.238520 19.238520 19.238520 0.172393 0.172393 0.172393
4880 19.238520 19.238520 19.238520 0.172393 0.172393 0.172393
4890 19.238520 19.238520 19.238520 0.172393 0.172393 0.172393
4900 19.238520 19.238520 19.238520 0.172393 0.172393 0.172393
4910 19.238520 19.238520 19.238520 0.172393 0.172393 0.172393
4920 19.238520 19.238520 19.238520 0.172393 0.172393 0.172393
4930 19.238520 19.238520 19.238520 0.172393 0.172393 0.172393
4940 19.238520 19.238520 19.238520 0.172393 0.172393 0.172393
4950 19.238520 19.238520 19.238520 0.172393 0.172393 0.172393
4960 19.238520 19.238520 19.238520 0.172393 0.172393 0.172393
4970 19.238520 19.238520 19.238520 0.172393 0.172393 0.172393
4980 19.238520 19.238520 19.238520 0.172393 0.172393 0.172393
4990 19.238520 19.238520 19.238520 0.172393 0.172393 0.172393
5000 19.238520 19.238520 19.238520 0.172393 0.172393 0.172393
5010 19.238520 19.238520 19.238520 0.172393 0.172393 0.172393
5020 19.238520 19.238520 19.238520 0.172393 0.172393 0.172393
5030 19.238520 19.238520 19.238520 0.172393 0.172393 0.172393
5040 19.238520 19.238520 19.238520 0.172393 0.172393 0.172393
5050 19.238520 19.238520 19.238520 0.172393 0.172393 0.172393
5060 19.238520 19.238520 19.238520 0.172393 0.172393 0.172393
5070 19.238520 19.238520 19.238520 0.172393 0.172393 0.172393
5080 19.238520 19.238520 19.238520 0.172393 0.172393 0.172393
5090 19.238520 19.238520 19.238520 0.172393 0.172393 0.172393
5100 19.238520 19.238520 19.238520 0.172393 0.172393 0.172393
5110 19.238520 19.238520 19.238520 0.172393 0.172393 0.172393
5120 19.238520 19.238520 19.238520 0.172393 0.172393 0.172393
5130 19.238520 19.238520 19.238520 0.172393 0.172393 0.172393
5140 19.238520 19.238520 19.238520 0.172393 0.172393 0.172393
5150 19.238520 19.238520 19.238520 0.172393 0.172393 0.172393
5160 19.238520 19.238520 19.238520 0.172393 0.172393 0.172393
5170 19.238520 19.238520 19.238520 0.172393 0.172393 0.172393
5180 19.238520 19.238520 19.238520 0.172393 0.172393 0.172393
5190 19.238520 19.238520 19.238520 0.172393 0.172393 0.172393
5200 19.238520 19.238520 19.238520 0.172393 0.172393 0.172393
5210 19.238520 19.238520 19.238520 0.172393 0.172393 0.172393
5220 19.238520 19.238520 19.238520 0.172393 0.172393 0.172393
5230 19.238520 19.238520 19.238520 0.172393 0.172393 0.172393
5240 19.238520 19.238520 19.238520 0.172393 0.172393 0.172393
5250 19.238520 19.238520 19.238520 0.172393 0.172393 0.172393
5260 19.238520 19.238520 19.238520 0.172393 0.172393 0.172393
5270 19.238520 19.238520 19.238520 0.172393 0.172393 0.172393
5280 19.238520 19.238520 19.238520 0.172393 0.172393 0.172393
5290 19.238520 19.238520 19.238520 0.172393 0.172393 0.172393
5300 19.238520 19.238520 19.238520 0.172393 0.172393 0.172393
5310 19.238520 19.238520 19.238520 0.172393 0.172393 0.172393
5320 19.238520 19.238520 19.238520 0.172393 0.172393 0.172393
5330 19.238520 19.238520 19.238520 0.172393 0.172393 0.172393
5340 19.238520 19.238520 19.238520 0.172393 0.172393 0.172393
5350 19.238520 19.238520 19.238520 0.172393 0.172393 0.172393
5360 19.238520 19.238520 19.238520 0.172393 0.172393 0.172393
5370 19.238520 19.238520 19.238520 0.172393 0.172393 0.172393
5380 19.238520 19.238520 19.238520 0.172393 0.172393 0.172393
5390 19.238520 19.238520 19.238520 0.172393 0.172393 0.172393
5400 19.238520 19.238520 19.238520 0.172393 0.172393 0.172393
5410 19.238520 19.238520 19.238520 0.172393 0.172393 0.172393
5420 19.238520 19.238520 19.238520 0.172393 0.172393 0.172393
5430 19.238520 19.238520 19.238520 0.172393 0.172393 0.172393
5440 19.238520 19.238520 19.238520 0.172393 0.172393 0.172393
5450 19.238520 19.238520 19.238520 0.172393 0.172393 0.172393
5460 19.238520 19.238520 19.238520 0.172393 0.172393 0.172393
5470 19.238520 19.238520 19.238520 0.172393 0.172393 0.172393
5480 19.238520 19.238520 19.238520 0.172393 0.172393 0.172393
5490 19.238520 19.238520 19.238520 0.172393 0.172393 0.172393
5500 19.238520 19.238520 19.238520 0.172393 0.172393 0.172393
5510 19.238520 19.238520 19.238520 0.172393 0.172393 0.172393
5520 19.238520 19.238520 19.238520 0.172393 0.172393 0.172393
5530 19.238520 19.238520 19.238520 0.172393 0.172393 0.172393
5540 19.238520 19.238520 19.238520 0.172393 0.172393 0.172393
5550 19.238520 19.238520 19.238520 0.172393 0.172393 0.172393
5560 19.238520 19.238520 19.238520 0.172393 0.172393 0.172393
5570 19.238520 19.238520 19.238520 0.172393 0.172393 0.172393
5580 19.238520 19.238520 19.238520 0.172393 0.172393 0.172393
5590 19.238520 19.238520 19.238520 0.172393 0.172393 0.172393
5600 19.238520 19.238520 19.238520 0.172393 0.172393 0.172393
5610 19.238520 19.238520 19.238520 0.172393 0.172393 0.172393
5620 19.238520 19.238520 19.238520 0.172393 0.172393 0.172393
5630 19.238520 19.238520 19.238520 0.172393 0.172393 0.172393
5640 19.238520 19.238520 19.238520 0.172393 0.172393 0.172393
5650 19.238520 19.238520 19.238520 0.172393 0.172393 0.172393
5660 19.238520 19.238520 19.238520 0.172393 0.172393 0.172393
5670 19.238520 19.238520 19.238520 0.172393 0.172393 0.172393
5680 19.238520 19.238520 19.238520 0.172393 0.172393 0.172393
5690 19.238520 19.238520 19.238520 0.172393 0.172393 0.172393
5700 19.238520 19.238520 19.238520 0.172393 0.172393 0.172393
5710 19.238520 19.238520 19.238520 0.172393 0.172393 0.172393
5720 19.238520 19.238520 19.238520 0.172393 0.172393 0.172393
5730 19.238520 19.238520 19.238520 0.172393 0.172393 0.172393
5740 19.238520 19.238520 19.238520 0.172393 0.172393 0.172393
5750 19.238520 19.238520 19.238520 0.172393 0.172393 0.172393
5760 19.238520 19.238520 19.238520 0.172393 0.172393 0.172393
5770 19.238520 19.238520 19.238520 0.172393 0.172393 0.172393
5780 19.238520 19.238520 19.238520 0.172393 0.172393 0.172393
5790 19.238520 19.238520 19.238520 0.172393 0.172393 0.172393
5800 19.238520 19.238520 19.238520 0.172393 0.172393 0.172393
5810 19.238520 19.238520 19.238520 0.172393 0.172393 0.172393
5820 19.238520 19.238520 19.238520 0.172393 0.172393 0.172393
5830 19.238520 19.238520 19.238520 0.172393 0.172393 0.172393
5840 19.238520 19.238520 19.238520 0.172393 0.172393 0.172393
5850 19.238520 19.238520 19.238520 0.172393 0.172393 0.172393
5860 19.238520 19.238520 19.238520 0.172393 0.172393 0.172393
5870 19.238520 19.238520 19.238520 0.172393 0.172393 0.172393
5880 19.238520 19.238520 19.238520 0.172393 0.172393 0.172393
5890 19.238520 19.238520 19.238520 0.172393 0.172393 0.172393
5900 19.238520 19.238520 19.238520 0.172393 0.172393 0.172393
5910 19.238520 19.238520 19.238520 0.172393 0.172393 0.172393
5920 19.238520 19.238520 19.238520 0.172393 0.172393 0.172393
5930 19.238520 19.238520 19.238520 0.172393 0.172393 0.172393
5940 19.238520 19.238520 19.238520 0.172393 0.172393 0.172393
5950 19.238520 19.238520 19.238520 0.172393 0.172393 0.172393
5960 19.238520 19.238520 19.238520 0.172393 0.172393 0.172393
5970 19.238520 19.238520 19.238520 0.172393 0.172393 0.172393
5980 19.238520 19.238520 19.238520 0.172393 0.172393 0.172393
5990 19.238520 19.238520 19.238520 0.172393 0.172393 0.172393
6000 19.238520 19.238520 19.238520 0.172393 0.172393 0.172393
6010 19.238520 19.238520 19.238520 0.172393 0.172393 0.172393
6020 19.238520 19.238520 19.238520 0.172393 0.172393 0.172393
6030 19.238520 19.238520 19.238520 0.172393 0.172393 0.172393
6040 19.238520 19.238520 19.238520 0.172393 0.172393 0.172393
6050 19.238520 19.238520 19.238520 0.172393 0.172393 0.172393
6060 19.238520 19.238520 19.238520 0.172393 0.172393 0.172393
6070 19.238520 19.238520 19.238520 0.172393 0.172393 0.172393
6080 19.238520 19.238520 19.238520 0.172393 0.172393 0.172393
6090 19.238520 19.238520 19.238520 0.172393 0.172393 0.172393
6100 19.238520 19.238520 19.238520 0.172393 0.172393 0.172393
6110 19.238520 19.238520 19.238520 0.172393 0.172393 0.172393
6120 19.238520 19.238520 19.238520 0.172393 0.172393 0.172393
6130 19.238520 19.238520 19.238520 0.172393 0.172393 0.172393
6140 19.238520 19.238520 19.238520 0.172393 0.172393 0.172393
6150 19.238520 19.238520 19.238520 0.172393 0.172393 0.172393
6160 19.238520 19.238520 19.238520 0.172393 0.172393 0.172393
6170 19.238520 19.238520 19.238520 0.172393 0.172393 0.172393
6180 19.238520 19.238520 19.238520 0.172393 0.172393 0.172393
6190 19.238520 19.238520 19.238520 0.172393 0.172393 0.172393
6200 19.238520 19.238520 19.238520 0.172393 0.172393 0.172393
6210 19.238520 19.238520 19.238520 0.172393 0.172393 0.172393
6220 19.238520 19.238520 19.238520 0.172393 0.172393 0.172393
6230 19.238520 19.238520 19.238520 0.172393 0.172393 0.172393
6240 19.238520 19.238520 19.238520 0.172393 0.172393 0.172393
6250 19.238520 19.238520 19.238520 0.172393 0.172393 0.172393
6260 19.238520 19.238520 19.238520 0.172393 0.172393 0.172393
6270 19.238520 19.238520 19.238520 0.172393 0.172393 0.172393
6280 19.238520 19.238520 19.238520 0.172393 0.172393 0.172393
6290 19.238520 19.238520 19.238520 0.172393 0.172393 0.172393
6300 19.238520 19.238520 19.238520 0.172393 0.172393 0.172393
6310 19.238520 19.238520 19.238520 0.172393 0.172393 0.172393
6320 19.238520 19.238520 19.238520 0.172393 0.172393 0.172393
6330 19.238520 19.238520 19.238520 0.172393 0.172393 0.172393
6340 19.238520 19.238520 19.238520 0.172393 0.172393 0.172393
6350 19.238520 19.238520 19.238520 0.172393 0.172393 0.172393
6360 19.238520 19.238520 19.238520 0.172393 0.172393 0.172393
6370 19.238520 19.238520 19.238520 0.172393 0.172393 0.172393
6380 19.238520 19.238520 19.238520 0.172393 0.172393 0.172393
6390 19.238520 19.238520 19.238520 0.172393 0.172393 0.172393
6400 19.238520 19.238520 19.238520 0.172393 0.172393 0.172393
6410 19.238520 19.238520 19.238520 0.172393 0.172393 0.172393
6420 19.238520 19.238520 19.238520 0.172393 0.172393 0.172393
6430 19.238520 19.238520 19.238520 0.172393 0.172393 0.172393
6440 19.238520 19.238520 19.238520 0.172393 0.172393 0.172393
6450 19.238520 19.238520 19.238520 0.172393 0.172393 0.172393
6460 19.238520 19.238520 19.238520 0.172393 0.172393 0.172393
6470 19.238520 19.238520 19.238520 0.172393 0.172393 0.172393
6480 19.238520 19.238520 19.238520 0.172393 0.172393 0.172393
6490 19.238520 19.238520 19.238520 0.172393 0.172393 0.172393
6500 19.238520 19.238520 19.238520 0.172393 0.172393 0.172393
6510 19.238520 19.238520 19.238520 0.172393 0.172393 0.172393
6520 19.238520 19.238520 19.238520 0.172393 0.172393 0.172393
6530 19.238520 19.238520 19.238520 0.172393 0.172393 0.172393
6540 19.238520 19.238520 19.238520 0.172393 0.172393 0.172393
6550 19.238520 19.238520 19.238520 0.172393 0.172393 0.172393
6560 19.238520 19.238520 19.238520 0.172393 0.172393 0.172393
6570 19.238520 19.238520 19.238520 0.172393 0.172393 0.172393
6580 19.238520 19.238520 19.238520 0.172393 0.172393 0.172393
6590 19.238520 19.238520 19.238520 0.172393 0.172393 0.172393
6600 19.238520 19.238520 19.238520 0.172393 0.172393 0.172393
6610 19.238520 19.238520 19.238520 0.172393 0.172393 0.172393
6620 19.238520 19.238520 19.238520 0.172393 0.172393 0.172393
6630 19.238520 19.238520 19.238520 0.172393 0.172393 0.172393
6640 19.238520 19.238520 19.238520 0.172393 0.172393 0.172393
6650 19.238520 19.238520 19.238520 0.172393 0.172393 0.172393
6660 19.238520 19.238520 19.238520 0.172393 0.172393 0.172393
6670 19.238520 19.238520 19.238520 0.172393 0.172393 0.172393
6680 19.238520 19.238520 19.238520 0.172393 0.172393 0.172393
6690 19.238520 19.238520 19.238520 0.172393 0.172393 0.172393
6700 19.238520 19.238520 19.238520 0.172393 0.172393 0.172393
6710 19.238520 19.238520 19.238520 0.172393 0.172393 0.172393
6720 19.238520 19.238520 19.238520 0.172393 0.172393 0.172393
6730 19.238520 19.238520 19.238520 0.172393 0.172393 0.172393
6740 19.238520 19.238520 19.238520 0.172393 0.172393 0.172393
6750 19.238520 19.238520 19.238520 0.172393 0.172393 0.172393
6760 19.238520 19.238520 19.238520 0.172393 0.172393 0.172393
6770 19.238520 19.238520 19.238520 0.172393 0.172393 0.172393
6780 19.238520 19.238520 19.238520 0.172393 0.172393 0.172393
6790 19.238520 19.238520 19.238520 0.172393 0.172393 0.172393
6800 19.238520 19.238520 19.238520 0.172393 0.172393 0.172393
6810 19.238520 19.238520 19.238520 0.172393 0.172393 0.172393
6820 19.238520 19.238520 19.238520 0.172393 0.172393 0.172393
6830 19.238520 19.238520 19.238520 0.172393 0.172393 0.172393
6840 19.238520 19.238520 19.238520 0.172393 0.172393 0.172393
6850 19.238520 19.238520 19.238520 0.172393 0.172393 0.172393
6860 19.238520 19.238520 19.238520 0.172393 0.172393 0.172393
6870 19.238520 19.238520 19.238520 0.172393 0.172393 0.172393
6880 19.238520 19.238520 19.238520 0.172393 0.172393 0.172393
6890 19.238520 19.238520 19.238520 0.172393 0.172393 0.172393
6900 19.238520 19.238520 19.238520 0.172393 0.172393 0.172393
6910 19.238520 19.238520 19.238520 0.172393 0.172393 0.172393
6920 19.238520 19.238520 19.238520 0.172393 0.172393 0.172393
6930 19.238520 19.238520 19.238520 0.172393 0.172393 0.172393
6940 19.238520 19.238520 19.238520 0.172393 0.172393 0.172393
6950 19.238520 19.238520 19.238520 0.172393 0.172393 0.172393
6960 19.238520 19.238520 19.238520 0.172393 0.172393 0.172393
6970 19.238520 19.238520 19.238520 0.172393 0.172393 0.172393
6980 19.238520 19.238520 19.238520 0.172393 0.172393 0.172393
6990 19.238520 19.238520 19.238520 0.172393 0.172393 0.172393
7000 19.238520 19.238520 19.238520 0.172393 0.172393 0.172393
7010 19.238520 19.238520 19.238520 0.172393 0.172393 0.172393
7020 19.238520 19.238520 19.238520 0.172393 0.172393 0.172393
7030 19.238520 19.238520 19.238520 0.172393 0.172393 0.172393
7040 19.238520 19.238520 19.238520 0.172393 0.172393 0.172393
7050 19.238520 19.238520 19.238520 0.172393 0.172393 0.172393
7060 19.238520 19.238520 19.238520 0.172393 0.172393 0.172393
7070 19.238520 19.238520 19.238520 0.172393 0.172393 0.172393
7080 19.238520 19.238520 19.238520 0.172393 0.172393 0.172393
7090 19.238520 19.238520 19.238520 0.172393 0.172393 0.172393
7100 19.238520 19.238520 19.238520 0.172393 0.172393 0.172393
7110 19.238520 19.238520 19.238520 0.172393 0.172393 0.172393
7120 19.238520 19.238520 19.238520 0.172393 0.172393 0.172393
7130 19.238520 19.238520 19.238520 0.172393 0.172393 0.172393
7140 19.238520 19.238520 19.238520 0.172393 0.172393 0.172393
7150 19.238520 19.238520 19.238520 0.172393 0.172393 0.172393
7160 19.238520 19.238520 19.238520 0.172393 0.172393 0.172393
7170 19.238520 19.238520 19.238520 0.172393 0.172393 0.172393
7180 19.238520 19.238520 19.238520 0.172393 0.172393 0.172393
7190 19.238520 19.238520 19.238520 0.172393 0.172393 0.172393
7200 19.238520 19.238520 19.238520 0.172393 0.172393 0.172393
7210 19.238520 19.238520 19.238520 0.172393 0.172393 0.172393
7220 19.238520 19.238520 19.238520 0.172393 0.172393 0.172393
7230 19.238520 19.238520 19.238520 0.172393 0.172393 0.172393
7240 19.238520 19.238520 19.238520 0.172393 0.172393 0.172393
7250 19.238520 19.238520 19.238520 0.172393 0.172393 0.172393
7260 19.238520 19.238520 19.238520 0.172393 0.172393 0.172393
7270 19.238520 19.238520 19.238520 0.172393 0.172393 0.172393
7280 19.238520 19.238520 19.238520 0.172393 0.172393 0.172393
7290 19.238520 19.238520 19.238520 0.172393 0.172393 0.172393
7300 19.238520 19.238520 19.238520 0.172393 0.172393 0.172393
7310 19.238520 19.238520 19.238520 0.172393 0.172393 0.172393
7320 19.238520 19.238520 19.238520 0.172393 0.172393 0.172393
7330 19.238520 19.238520 19.238520 0.172393 0.172393 0.172393
7340 19.238520 19.238520 19.238520 0.172393 0.172393 0.172393
7350 19.238520 19.238520 19.238520 0.172393 0.172393 0.172393
7360 19.238520 19.238520 19.238520 0.172393 0.172393 0.172393
7370 19.238520 19.238520 19.238520 0.172393 0.172393 0.172393
7380 19.238520 19.238520 19.238520 0.172393 0.172393 0.172393
7390 19.238520 19.238520 19.238520 0.172393 0.172393 0.172393
7400 19.238520 19.238520 19.238520 0.172393 0.172393 0.172393
7410 19.238520 19.238520 19.238520 0.172393 0.172393 0.172393
7420 19.238520 19.238520 19.238520 0.172393 0.172393 0.172393
7430 19.238520 19.238520 19.238520 0.172393 0.172393 0.172393
7440 19.238520 19.238520 19.238520 0.172393 0.172393 0.172393
7450 19.238520 19.238520 19.238520 0.172393 0.172393 0.172393
7460 19.238520 19.238520 19.238520 0.172393 0.172393 0.172393
7470 19.238520 19.238520 19.238520 0.172393 0.172393 0.172393
7480 19.238520 19.238520 19.238520 0.172393 0.172393 0.172393
7490 19.238520 19.238520 19.238520 0.172393 0.172393 0.172393
7500 19.238520 19.238520 19.238520 0.172393 0.172393 0.172393
7510 19.238520 19.238520 19.238520 0.172393 0.172393 0.172393
7520 19.238520 19.238520 19.238520 0.172393 0.172393 0.172393
7530 19.238520 19.238520 19.238520 0.172393 0.172393 0.172393
7540 19.238520 19.238520 19.238520 0.172393 0.172393 0.172393
7550 19.238520 19.238520 19.238520 0.172393 0.172393 0.172393
7560 19.238520 19.238520 19.238520 0.172393 0.172393 0.172393
7570 19.238520 19.238520 19.238520 0.172393 0.172393 0.172393
7580 19.238520 19.238520 19.238520 0.172393 0.172393 0.172393
7590 19.238520 19.238520 19.238520 0.172393 0.172393 0.172393
7600 19.238520 19.238520 19.238520 0.172393 0.172393 0.172393
7610 19.238520 19.238520 19.238520 0.172393 0.172393 0.172393
7620 19.238520 19.238520 19.238520 0.172393 0.172393 0.172393
7630 19.238520 19.238520 19.238520 0.172393 0.172393 0.172393
7640 19.238520 19.238520 19.238520 0.172393 0.172393 0.172393
7650 19.238520 19.238520 19.238520 0.172393 0.172393 0.172393
7660 19.238520 19.238520 19.238520 0.172393 0.172393 0.172393
7670 19.238520 19.238520 19.238520 0.172393 0.172393 0.172393
7680 19.238520 19.238520 19.238520 0.172393 0.172393 0.172393
7690 19.238520 19.238520 19.238520 0.172393 0.172393 0.172393
7700 19.238520 19.238520 19.238520 0.172393 0.172393 0.172393
7710 19.238520 19.238520 19.238520 0.172393 0.172393 0.172393
7720 19.238520 19.238520 19.238520 0.172393 0.172393 0.172393
7730 19.238520 19.238520 19.238520 0.172393 0.172393 0.172393
7740 19.238520 19.238520 19.238520 0.172393 0.172393 0.172393
7750 19.238520 19.238520 19.238520 0.172393 0.172393 0.172393
7760 19.238520 19.238520 19.238520 0.172393 0.172393 0.172393
7770 19.238520 19.238520 19.238520 0.172393 0.172393 0.172393
7780 19.238520 19.238520 19.238520 0.172393 0.172393 0.172393
7790 19.238520 19.238520 19.238520 0.172393 0.172393 0.172393
7800 19.238520 19.238520 19.238520 0.172393 0.172393 0.172393
7810 19.238520 19.238520 19.238520 0.172393 0.172393 0.172393
7820 19.238520 19.238520 19.238520 0.172393 0.172393 0.172393
7830 19.238520 19.238520 19.238520 0.172393 0.172393 0.172393
7840 19.238520 19.238520 19.238520 0.172393 0.172393 0.172393
7850 19.238520 19.238520 19.238520 0.172393 0.172393 0.172393
7860 19.238520 19.238520 19.238520 0.172393 0.172393 0.172393
7870 19.238520 19.238520 19.238520 0.172393 0.172393 0.172393
7880 19.238520 19.238520 19.238520 0.172393 0.172393 0.172393
7890 19.238520 19.238520 19.238520 0.172393 0.172393 0.172393
7900 19.238520 19.238520 19.238520 0.172393 0.172393 0.172393
7910 19.238520 19.238520 19.238520 0.172393 0.172393 0.172393
7920 19.238520 19.238520 19.238520 0.172393 0.172393 0.172393
7930 19.238520 19.238520 19.238520 0.172393 0.172393 0.172393
7940 19.238520 19.238520 19.238520 0.172393 0.172393 0.172393
7950 19.238520 19.238520 19.238520 0.172393 0.172393 0.172393
7960 19.238520 19.238520 19.238520 0.172393 0.172393 0.172393
7970 19.238520 19.238520 19.238520 0.172393 0.172393 0.172393
7980 19.238520 19.238520 19.238520 0.172393 0.172393 0.172393
7990 19.238520 19.238520 19.238520 0.172393 0.172393 0.172393
8000 19.238520 19.238520 19.238520 0.172393 0.172393 0.172393
8010 19.238520 19.238520 19.238520 0.172393 0.172393 0.172393
8020 19.238520 19.238520 19.238520 0.172393 0.172393 0.172393
8030 19.238520 19.238520 19.238520 0.172393 0.172393 0.172393
8040 19.238520 19.238520 19.238520 0.172393 0.172393 0.172393
8050 19.238520 19.238520 19.238520 0.172393 0.172393 0.172393
8060 19.238520 19.238520 19.238520 0.172393 0.172393 0.172393
8070 19.238520 19.238520 19.238520 0.172393 0.172393 0.172393
8080 19.238520 19.238520 19.238520 0.172393 0.172393 0.172393
8090 19.238520 19.238520 19.238520 0.172393 0.172393 0.172393
8100 19.238520 19.238520 19.238520 0.172393 0.172393 0.172393
8110 19.238520 19.238520 19.238520 0.172393 0.172393 0.172393
8120 19.238520 19.238520 19.238520 0.172393 0.172393 0.172393
8130 19.238520 19.238520 19.238520 0.172393 0.172393 0.172393
8140 19.238520 19.238520 19.238520 0.172393 0.172393 0.172393
8150 19.238520 19.238520 19.238520 0.172393 0.172393 0.172393
8160 19.238520 19.238520 19.238520 0.172393 0.172393 0.172393
8170 19.238520 19.238520 19.238520 0.172393 0.172393 0.172393
8180 19.238520 19.238520 19.238520 0.172393 0.172393 0.172393
8190 19.238520 19.238520 19.238520 0.172393 0.172393 0.172393
8200 19.238520 19.238520 19.238520 0.172393 0.172393 0.172393
8210 19.238520 19.238520 19.238520 0.172393 0.172393 0.172393
8220 19.238520 19.238520 19.238520 0.172393 0.172393 0.172393
8230 19.238520 19.238520 19.238520 0.172393 0.172393 0.172393
8240 19.238520 19.238520 19.238520 0.172393 0.172393 0.172393
8250 19.238520 19.238520 19.238520 0.172393 0.172393 0.172393
8260 19.238520 19.238520 19.238520 0.172393 0.172393 0.172393
8270 19.238520 19.238520 19.238520 0.172393 0.172393 0.172393
8280 19.238520 19.238520 19.238520 0.172393 0.172393 0.172393
8290 19.238520 19.238520 19.238520 0.172393 0.172393 0.172393
8300 19.238520 19.238520 19.238520 0.172393 0.172393 0.172393
8310 19.238520 19.238520 19.238520 0.172393 0.172393 0.172393
8320 19.238520 19.238520 19.238520 0.172393 0.172393 0.172393
8330 19.238520 19.238520 19.238520 0.172393 0.172393 0.172393
8340 19.238520 19.238520 19.238520 0.172393 0.172393 0.172393
8350 19.238520 19.238520 19.238520 0.172393 0.172393 0.172393
8360 19.238520 19.238520 19.238520 0.172393 0.172393 0.172393
8370 19.238520 19.238520 19.238520 0.172393 0.172393 0.172393
8380 19.238520 19.238520 19.238520 0.172393 0.172393 0.172393
8390 19.238520 19.238520 19.238520 0.172393 0.172393 0.172393
8400 19.238520 19.238520 19.238520 0.172393 0.172393 0.172393
8410 19.238520 19.238520 19.238520 0.172393 0.172393 0.172393
8420 19.238520 19.238520 19.238520 0.172393 0.172393 0.172393
8430 19.238520 19.238520 19.238520 0.172393 0.172393 0.172393
8440 19.238520 19.238520 19.238520 0.172393 0.172393 0.172393
8450 19.238520 19.238520 19.238520 0.172393 0.172393 0.172393
8460 19.238520 19.238520 19.238520 0.172393 0.172393 0.172393
8470 19.238520 19.238520 19.238520 0.172393 0.172393 0.172393
8480 19.238520 19.238520 19.238520 0.172393 0.172393 0.172393
8490 19.238520 19.238520 19.238520 0.172393 0.172393 0.172393
8500 19.238520 19.238520 19.238520 0.172393 0.172393 0.172393
8510 19.238520 19.238520 19.238520 0.172393 0.172393 0.172393
8520 19.238520 19.238520 19.238520 0.172393 0.172393 0.172393
8530 19.238520 19.238520 19.238520 0.172393 0.172393 0.172393
8540 19.238520 19.238520 19.238520 0.172393 0.172393 0.172393
8550 19.238520 19.238520 19.238520 0.172393 0.172393 0.172393
8560 19.238520 19.238520 19.238520 0.172393 0.172393 0.172393
8570 19.238520 19.238520 19.238520 0.172393 0.172393 0.172393
8580 19.238520 19.238520 19.238520 0.172393 0.172393 0.172393
8590 19.238520 19.238520 19.238520 0.172393 0.172393 0.172393
8600 19.238520 19.238520 19.238520 0.172393 0.172393 0.172393
8610 19.238520 19.238520 19.238520 0.172393 0.172393 0.172393
8620 19.238520 19.238520 19.238520 0.172393 0.172393 0.172393
8630 19.238520 19.238520 19.238520 0.172393 0.172393 0.172393
8640 19.238520 19.238520 19.238520 0.172393 0.172393 0.172393
8650 19.238520 19.238520 19.238520 0.172393 0.172393 0.172393
8660 19.238520 19.238520 19.238520 0.172393 0.172393 0.172393
8670 19.238520 19.238520 19.238520 0.172393 0.172393 0.172393
8680 19.238520 19.238520 19.238520 0.172393 0.172393 0.172393
8690 19.238520 19.238520 19.238520 0.172393 0.172393 0.172393
8700 19.238520 19.238520 19.238520 0.172393 0.172393 0.172393
8710 19.238520 19.238520 19.238520 0.172393 0.172393 0.172393
8720 19.238520 19.238520 19.238520 0.172393 0.172393 0.172393
8730 19.238520 19.238520 19.238520 0.172393 0.172393 0.172393
8740 19.238520 19.238520 19.238520 0.172393 0.172393 0.172393
8750 19.238520 19.238520 19.238520 0.172393 0.172393 0.172393
8760 19.238520 19.238520 19.238520 0.172393 0.172393 0.172393
8770 19.238520 19.238520 19.238520 0.172393 0.172393 0.172393
8780 19.238520 19.238520 19.238520 0.172393 0.172393 0.172393
8790 19.238520 19.238520 19.238520 0.172393 0.172393 0.172393
8800 19.238520 19.238520 19.238520 0.172393 0.172393 0.172393
8810 19.238520 19.238520 19.238520 0.172393 0.172393 0.172393
8820 19.238520 19.238520 19.238520 0.172393 0.172393 0.172393
8830 19.238520 19.238520 19.238520 0.172393 0.172393 0.172393
8840 19.238520 19.238520 19.238520 0.172393 0.172393 0.172393
8850 19.238520 19.238520 19.238520 0.172393 0.172393 0.172393
8860 19.238520 19.238520 19.238520 0.172393 0.172393 0.172393
8870 19.238520 19.238520 19.238520 0.172393 0.172393 0.172393
8880 19.238520 19.238520 19.238520 0.172393 0.172393 0.172393
8890 19.238520 19.238520 19.238520 0.172393 0.172393 0.172393
8900 19.238520 19.238520 19.238520 0.172393 0.172393 0.172393
8910 19.238520 19.238520 19.238520 0.172393 0.172393 0.172393
8920 19.238520 19.238520 19.238520 0.172393 0.172393 0.172393
8930 19.238520 19.238520 19.238520 0.172393 0.172393 0.172393
8940 19.238520 19.238520 19.238520 0.172393 0.172393 0.172393
8950 19.238520 19.238520 19.238520 0.172393 0.172393 0.172393
8960 19.238520 19.238520 19.238520 0.172393 0.172393 0.172393
8970 19.238520 19.238520 19.238520 0.172393 0.172393 0.172393
8980 19.238520 19.238520 19.238520 0.172393 0.172393 0.172393
8990 19.238520 19.238520 19.238520 0.172393 0.172393 0.172393
9000 19.238520 19.238520 19.238520 0.172393 0.172393 0.172393
9010 19.238520 19.238520 19.238520 0.172393 0.172393 0.172393
9020 19.238520 19.238520 19.238520 0.172393 0.172393 0.172393
9030 19.238520 19.238520 19.238520 0.172393 0.172393 0.172393
9040 19.238520 19.238520 19.238520 0.172393 0.172393 0.172393
9050 19.238520 19.238520 19.238520 0.172393 0.172393 0.172393
9060 19.238520 19.238520 19.238520 0.172393 0.172393 0.172393
9070 19.238520 19.238520 19.238520 0.172393 0.172393 0.172393
9080 19.238520 19.238520 19.238520 0.172393 0.172393 0.172393
9090 19.238520 19.238520 19.238520 0.172393 0.172393 0.172393
9100 19.238520 19.238520 19.238520 0.172393 0.172393 0.172393
9110 19.238520 19.238520 19.238520 0.172393 0.172393 0.172393
9120 19.238520 19.238520 19.238520 0.172393 0.172393 0.172393
9130 19.238520 19.238520 19.238520 0.172393 0.172393 0.172393
9140 19.238520 19.238520 19.238520 0.172393 0.172393 0.172393
9150 19.238520 19.238520 19.238520 0.172393 0.172393 0.172393
9160 19.238520 19.238520 19.238520 0.172393 0.172393 0.172393
9170 19.238520 19.238520 19.238520 0.172393 0.172393 0.172393
9180 19.238520 19.238520 19.238520 0.172393 0.172393 0.172393
9190 19.238520 19.238520 19.238520 0.172393 0.172393 0.172393
9200 19.238520 19.238520 19.238520 0.172393 0.172393 0.172393
9210 19.238520 19.238520 19.238520 0.172393 0.172393 0.172393
9220 19.238520 19.238520 19.238520 0.172393 0.172393 0.172393
9230 19.238520 19.238520 19.238520 0.172393 0.172393 0.172393
9240 19.238520 19.238520 19.238520 0.172393 0.172393 0.172393
9250 19.238520 19.238520 19.238520 0.172393 0.172393 0.172393
9260 19.238520 19.238520 19.238520 0.172393 0.172393 0.172393
9270 19.238520 19.238520 19.238520 0.172393 0.172393 0.172393
9280 19.238520 19.238520 19.238520 0.172393 0.172393 0.172393
9290 19.238520 19.238520 19.238520 0.172393 0.172393 0.172393
9300 19.238520 19.238520 19.238520 0.172393 0.172393 0.172393
9310 19.238520 19.238520 19.238520 0.172393 0.172393 0.172393
9320 19.238520 19.238520 19.238520 0.172393 0.172393 0.172393
9330 19.238520 19.238520 19.238520 0.172393 0.172393 0.172393
9340 19.238520 19.238520 19.238520 0.172393 0.172393 0.172393
9350 19.238520 19.238520 19.238520 0.172393 0.172393 0.172393
9360 19.238520 19.238520 19.238520 0.172393 0.172393 0.172393
9370 19.238520 19.238520 19.238520 0.172393 0.172393 0.172393
9380 19.238520 19.238520 19.238520 0.172393 0.172393 0.172393
9390 19.238520 19.238520 19.238520 0.172393 0.172393 0.172393
9400 19.238520 19.238520 19.238520 0.172393 0.172393 0.172393
9410 19.238520 19.238520 19.238520 0.172393 0.172393 0.172393
9420 19.238520 19.238520 19.238520 0.172393 0.172393 0.172393
9430 19.238520 19.238520 19.238520 0.172393 0.172393 0.172393
9440 19.238520 19.238520 19.238520 0.172393 0.172393 0.172393
9450 19.238520 19.238520 19.238520 0.172393 0.172393 0.172393
9460 19.238520 19.238520 19.238520 0.172393 0.172393 0.172393
9470 19.238520 19.238520 19.238520 0.172393 0.172393 0.172393
9480 19.238520 19.238520 19.238520 0.172393 0.172393 0.172393
9490 19.238520 19.238520 19.238520 0.172393 0.172393 0.172393
9500 19.238520 19.238520 19.238520 0.172393 0.172393 0.172393
9510 19.238520 19.238520 19.238520 0.172393 0.172393 0.172393
9520 19.238520 19.238520 19.238520 0.172393 0.172393 0.172393
9530 19.238520 19.238520 19.238520 0.172393 0.172393 0.172393
9540 19.238520 19.238520 19.238520 0.172393 0.172393 0.172393
9550 19.238520 19.238520 19.238520 0.172393 0.172393 0.172393
9560 19.238520 19.238520 19.238520 0.172393 0.172393 0.172393
9570 19.238520 19.238520 19.238520 0.172393 0.172393 0.172393
9580 19.238520 19.238520 19.238520 0.172393 0.172393 0.172393
9590 19.238520 19.238520 19.238520 0.172393 0.172393 0.172393
9600 19.238520 19.238520 19.238520 0.172393 0.172393 0.172393
9610 19.238520 19.238520 19.238520 0.172393 0.172393 0.172393
9620 19.238520 19.238520 19.238520 0.172393 0.172393 0.172393
9630 19.238520 19.238520 19.238520 0.172393 0.172393 0.172393
9640 19.238520 19.238520 19.238520 0.172393 0.172393 0.172393
9650 19.238520 19.238520 19.238520 0.172393 0.172393 0.172393
9660 19.238520 19.238520 19.238520 0.172393 0.172393 0.172393
9670 19.238520 19.238520 19.238520 0.172393 0.172393 0.172393
9680 19.238520 19.238520 19.238520 0.172393 0.172393 0.172393
9690 19.238520 19.238520 19.238520 0.172393 0.172393 0.172393
9700 19.238520 19.238520 19.238520 0.172393 0.172393 0.172393
9710 19.238520 19.238520 19.238520 0.172393 0.172393 0.172393
9720 19.238520 19.238520 19.238520 0.172393 0.172393 0.172393
9730 19.238520 19.238520 19.238520 0.172393 0.172393 0.172393
9740 19.238520 19.238520 19.238520 0.172393 0.172393 0.172393
9750 19.238520 19.238520 19.238520 0.172393 0.172393 0.172393
9760 19.238520 19.238520 19.238520 0.172393 0.172393 0.172393
9770 19.238520 19.238520 19.238520 0.172393 0.172393 0.172393
9780 19.238520 19.238520 19.238520 0.172393 0.172393 0.172393
9790 19.238520 19.238520 19.238520 0.172393 0.172393 0.172393
9800 19.238520 19.238520 19.238520 0.172393 0.172393 0.172393
9810 19.238520 19.238520 19.238520 0.172393 0.172393 0.172393
9820 19.238520 19.238520 19.238520 0.172393 0.172393 0.172393
9830 19.238520 19.238520 19.238520 0.172393 0.172393 0.172393
9840 19.238520 19.238520 19.238520 0.172393 0.172393 0.172393
9850 19.238520 19.238520 19.238520 0.172393 0.172393 0.172393
9860 19.238520 19.238520 19.238520 0.172393 0.172393 0.172393
9870 19.238520 19.238520 19.238520 0.172393 0.172393 0.172393
9880 19.238520 19.238520 19.238520 0.172393 0.172393 0.172393
9890 19.238520 19.238520 19.238520 0.172393 0.172393 0.172393
9900 19.238520 19.238520 19.238520 0.172393 0.172393 0.172393
9910 19.238520 19.238520 19.238520 0.172393 0.172393 0.172393
9920 19.238520 19.238520 19.238520 0.172393 0.172393 0.172393
9930 19.238520 19.238520 19.238520 0.172393 0.172393 0.172393
9940 19.238520 19.238520 19.238520 0.172393 0.172393 0.172393
9950 19.238520 19.238520 19.238520 0.172393 0.172393 0.172393
9960 19.238520 19.238520 19.238520 0.172393 0.172393 0.172393
9970 19.238520 19.238520 19.238520 0.172393 0.172393 0.172393
9980 19.238520 19.238520 19.238520 0.172393 0.172393 0.172393
9990 19.238520 19.238520 19.238520 0.172393 0.172393 0.172393
10000 19.238520 19.238520 19.238520 0.172393 0.172393 0.172393
