# generation power_min power_avg power_max util_min util_avg util_max
1 7.555393 9.351729 11.268218 0.464643 0.676363 1.019120
100 5.414007 7.418742 8.422372 0.407773 0.684067 0.914904
200 5.066218 5.944589 6.696933 0.357360 0.648881 0.836004
300 4.625575 4.991983 5.309619 0.425468 0.629111 0.845036
400 4.089266 4.541722 4.765884 0.384550 0.522347 0.768580
500 3.784999 4.096732 4.343630 0.384894 0.484480 0.624289
600 3.650198 3.793022 3.897269 0.411019 0.470655 0.513662
700 3.648296 3.670391 3.734927 0.440609 0.451904 0.457569
800 3.648180 3.648294 3.648296 0.453490 0.453733 0.453735
900 3.648180 3.648293 3.648296 0.453490 0.453730 0.453735
1000 3.648180 3.648286 3.648296 0.453490 0.453715 0.453735
1100 3.648120 3.648219 3.648296 0.453490 0.453585 0.453944
1200 3.648120 3.648166 3.648180 0.453490 0.453599 0.453944
1300 3.648120 3.648120 3.648120 0.453944 0.453944 0.453944
1400 3.648120 3.648120 3.648120 0.453944 0.453944 0.453944
1500 3.648120 3.648120 3.648120 0.453944 0.453944 0.453944
1600 3.648120 3.648120 3.648120 0.453944 0.453944 0.453944
1700 3.648120 3.648120 3.648120 0.453944 0.453944 0.453944
1800 3.648120 3.648120 3.648120 0.453944 0.453944 0.453944
1900 3.648120 3.648120 3.648120 0.453944 0.453944 0.453944
2000 3.648120 3.648120 3.648120 0.453944 0.453944 0.453944
2100 3.648120 3.648120 3.648120 0.453944 0.453944 0.453944
2200 3.648120 3.648120 3.648120 0.453944 0.453944 0.453944
2300 3.648120 3.648120 3.648120 0.453944 0.453944 0.453944
2400 3.648120 3.648120 3.648120 0.453944 0.453944 0.453944
2500 3.648120 3.648120 3.648120 0.453944 0.453944 0.453944
2600 3.648120 3.648120 3.648120 0.453944 0.453944 0.453944
2700 3.648120 3.648120 3.648120 0.453944 0.453944 0.453944
2800 3.648120 3.648120 3.648120 0.453944 0.453944 0.453944
2900 3.648120 3.648120 3.648120 0.453944 0.453944 0.453944
3000 3.648120 3.648120 3.648120 0.453944 0.453944 0.453944
3100 3.648120 3.648120 3.648120 0.453944 0.453944 0.453944
3200 3.648120 3.648120 3.648120 0.453944 0.453944 0.453944
3300 3.648120 3.648120 3.648120 0.453944 0.453944 0.453944
3400 3.648120 3.648120 3.648120 0.453944 0.453944 0.453944
3500 3.648120 3.648120 3.648120 0.453944 0.453944 0.453944
3600 3.648120 3.648120 3.648120 0.453944 0.453944 0.453944
3700 3.648120 3.648120 3.648120 0.453944 0.453944 0.453944
3800 3.648120 3.648120 3.648120 0.453944 0.453944 0.453944
3900 3.648120 3.648120 3.648120 0.453944 0.453944 0.453944
4000 3.648120 3.648120 3.648120 0.453944 0.453944 0.453944
4100 3.648120 3.648120 3.648120 0.453944 0.453944 0.453944
4200 3.648120 3.648120 3.648120 0.453944 0.453944 0.453944
4300 3.648120 3.648120 3.648120 0.453944 0.453944 0.453944
4400 3.648120 3.648120 3.648120 0.453944 0.453944 0.453944
4500 3.648120 3.648120 3.648120 0.453944 0.453944 0.453944
4600 3.648120 3.648120 3.648120 0.453944 0.453944 0.453944
4700 3.648120 3.648120 3.648120 0.453944 0.453944 0.453944
4800 3.648120 3.648120 3.648120 0.453944 0.453944 0.453944
4900 3.648120 3.648120 3.648120 0.453944 0.453944 0.453944
5000 3.648120 3.648120 3.648120 0.453944 0.453944 0.453944
5100 3.648120 3.648120 3.648120 0.453944 0.453944 0.453944
5200 3.648120 3.648120 3.648120 0.453944 0.453944 0.453944
5300 3.648120 3.648120 3.648120 0.453944 0.453944 0.453944
5400 3.648120 3.648120 3.648120 0.453944 0.453944 0.453944
5500 3.648120 3.648120 3.648120 0.453944 0.453944 0.453944
5600 3.648120 3.648120 3.648120 0.453944 0.453944 0.453944
5700 3.648120 3.648120 3.648120 0.453944 0.453944 0.453944
5800 3.648120 3.648120 3.648120 0.453944 0.453944 0.453944
5900 3.648120 3.648120 3.648120 0.453944 0.453944 0.453944
6000 3.648120 3.648120 3.648120 0.453944 0.453944 0.453944
6100 3.648120 3.648120 3.648120 0.453944 0.453944 0.453944
6200 3.648120 3.648120 3.648120 0.453944 0.453944 0.453944
6300 3.648120 3.648120 3.648120 0.453944 0.453944 0.453944
6400 3.648120 3.648120 3.648120 0.453944 0.453944 0.453944
6500 3.648120 3.648120 3.648120 0.453944 0.453944 0.453944
6600 3.648120 3.648120 3.648120 0.453944 0.453944 0.453944
6700 3.648120 3.648120 3.648120 0.453944 0.453944 0.453944
6800 3.648120 3.648120 3.648120 0.453944 0.453944 0.453944
6900 3.648120 3.648120 3.648120 0.453944 0.453944 0.453944
7000 3.648120 3.648120 3.648120 0.453944 0.453944 0.453944
7100 3.648120 3.648120 3.648120 0.453944 0.453944 0.453944
7200 3.648120 3.648120 3.648120 0.453944 0.453944 0.453944
7300 3.648120 3.648120 3.648120 0.453944 0.453944 0.453944
7400 3.648120 3.648120 3.648120 0.453944 0.453944 0.453944
7500 3.648120 3.648120 3.648120 0.453944 0.453944 0.453944
7600 3.648120 3.648120 3.648120 0.453944 0.453944 0.453944
7700 3.648120 3.648120 3.648120 0.453944 0.453944 0.453944
7800 3.648120 3.648120 3.648120 0.453944 0.453944 0.453944
7900 3.648120 3.648120 3.648120 0.453944 0.453944 0.453944
8000 3.648120 3.648120 3.648120 0.453944 0.453944 0.453944
8100 3.648120 3.648120 3.648120 0.453944 0.453944 0.453944
8200 3.648120 3.648120 3.648120 0.453944 0.453944 0.453944
8300 3.648120 3.648120 3.648120 0.453944 0.453944 0.453944
8400 3.648120 3.648120 3.648120 0.453944 0.453944 0.453944
8500 3.648120 3.648120 3.648120 0.453944 0.453944 0.453944
8600 3.648120 3.648120 3.648120 0.453944 0.453944 0.453944
8700 3.648120 3.648120 3.648120 0.453944 0.453944 0.453944
8800 3.648120 3.648120 3.648120 0.453944 0.453944 0.453944
8900 3.648120 3.648120 3.648120 0.453944 0.453944 0.453944
9000 3.648120 3.648120 3.648120 0.453944 0.453944 0.453944
9100 3.648120 3.648120 3.648120 0.453944 0.453944 0.453944
9200 3.648120 3.648120 3.648120 0.453944 0.453944 0.453944
9300 3.648120 3.648120 3.648120 0.453944 0.453944 0.453944
9400 3.648120 3.648120 3.648120 0.453944 0.453944 0.453944
9500 3.648120 3.648120 3.648120 0.453944 0.453944 0.453944
9600 3.648120 3.648120 3.648120 0.453944 0.453944 0.453944
9700 3.648120 3.648120 3.648120 0.453944 0.453944 0.453944
9800 3.648120 3.648120 3.648120 0.453944 0.453944 0.453944
9900 3.648120 3.648120 3.648120 0.453944 0.453944 0.453944
10000 3.648120 3.648120 3.648120 0.453944 0.453944 0.453944
10100 3.648120 3.648120 3.648120 0.453944 0.453944 0.453944
10200 3.648120 3.648120 3.648120 0.453944 0.453944 0.453944
10300 3.648120 3.648120 3.648120 0.453944 0.453944 0.453944
10400 3.648120 3.648120 3.648120 0.453944 0.453944 0.453944
10500 3.648120 3.648120 3.648120 0.453944 0.453944 0.453944
10600 3.648120 3.648120 3.648120 0.453944 0.453944 0.453944
10700 3.648120 3.648120 3.648120 0.453944 0.453944 0.453944
10800 3.648120 3.648120 3.648120 0.453944 0.453944 0.453944
10900 3.648120 3.648120 3.648120 0.453944 0.453944 0.453944
11000 3.648120 3.648120 3.648120 0.453944 0.453944 0.453944
11100 3.648120 3.648120 3.648120 0.453944 0.453944 0.453944
11200 3.648120 3.648120 3.648120 0.453944 0.453944 0.453944
11300 3.648120 3.648120 3.648120 0.453944 0.453944 0.453944
11400 3.648120 3.648120 3.648120 0.453944 0.453944 0.453944
11500 3.648120 3.648120 3.648120 0.453944 0.453944 0.453944
11600 3.648120 3.648120 3.648120 0.453944 0.453944 0.453944
11700 3.648120 3.648120 3.648120 0.453944 0.453944 0.453944
11800 3.648120 3.648120 3.648120 0.453944 0.453944 0.453944
11900 3.648120 3.648120 3.648120 0.453944 0.453944 0.453944
12000 3.648120 3.648120 3.648120 0.453944 0.453944 0.453944
12100 3.648120 3.648120 3.648120 0.453944 0.453944 0.453944
12200 3.648120 3.648120 3.648120 0.453944 0.453944 0.453944
12300 3.648120 3.648120 3.648120 0.453944 0.453944 0.453944
12400 3.648120 3.648120 3.648120 0.453944 0.453944 0.453944
12500 3.648120 3.648120 3.648120 0.453944 0.453944 0.453944
12600 3.648120 3.648120 3.648120 0.453944 0.453944 0.453944
12700 3.648120 3.648120 3.648120 0.453944 0.453944 0.453944
12800 3.648120 3.648120 3.648120 0.453944 0.453944 0.453944
12900 3.648120 3.648120 3.648120 0.453944 0.453944 0.453944
13000 3.648120 3.648120 3.648120 0.453944 0.453944 0.453944
13100 3.648120 3.648120 3.648120 0.453944 0.453944 0.453944
13200 3.648120 3.648120 3.648120 0.453944 0.453944 0.453944
13300 3.648120 3.648120 3.648120 0.453944 0.453944 0.453944
13400 3.648120 3.648120 3.648120 0.453944 0.453944 0.453944
13500 3.648120 3.648120 3.648120 0.453944 0.453944 0.453944
13600 3.648120 3.648120 3.648120 0.453944 0.453944 0.453944
13700 3.648120 3.648120 3.648120 0.453944 0.453944 0.453944
13800 3.648120 3.648120 3.648120 0.453944 0.453944 0.453944
13900 3.648120 3.648120 3.648120 0.453944 0.453944 0.453944
14000 3.648120 3.648120 3.648120 0.453944 0.453944 0.453944
14100 3.648120 3.648120 3.648120 0.453944 0.453944 0.453944
14200 3.648120 3.648120 3.648120 0.453944 0.453944 0.453944
14300 3.648120 3.648120 3.648120 0.453944 0.453944 0.453944
14400 3.648120 3.648120 3.648120 0.453944 0.453944 0.453944
14500 3.648120 3.648120 3.648120 0.453944 0.453944 0.453944
14600 3.648120 3.648120 3.648120 0.453944 0.453944 0.453944
14700 3.648120 3.648120 3.648120 0.453944 0.453944 0.453944
14800 3.648120 3.648120 3.648120 0.453944 0.453944 0.453944
14900 3.648120 3.648120 3.648120 0.453944 0.453944 0.453944
15000 3.648120 3.648120 3.648120 0.453944 0.453944 0.453944
15100 3.648120 3.648120 3.648120 0.453944 0.453944 0.453944
15200 3.648120 3.648120 3.648120 0.453944 0.453944 0.453944
15300 3.648120 3.648120 3.648120 0.453944 0.453944 0.453944
15400 3.648120 3.648120 3.648120 0.453944 0.453944 0.453944
15500 3.648120 3.648120 3.648120 0.453944 0.453944 0.453944
15600 3.648120 3.648120 3.648120 0.453944 0.453944 0.453944
15700 3.648120 3.648120 3.648120 0.453944 0.453944 0.453944
15800 3.648120 3.648120 3.648120 0.453944 0.453944 0.453944
15900 3.648120 3.648120 3.648120 0.453944 0.453944 0.453944
16000 3.648120 3.648120 3.648120 0.453944 0.453944 0.453944
16100 3.648120 3.648120 3.648120 0.453944 0.453944 0.453944
16200 3.648120 3.648120 3.648120 0.453944 0.453944 0.453944
16300 3.648120 3.648120 3.648120 0.453944 0.453944 0.453944
16400 3.648120 3.648120 3.648120 0.453944 0.453944 0.453944
16500 3.648120 3.648120 3.648120 0.453944 0.453944 0.453944
16600 3.648120 3.648120 3.648120 0.453944 0.453944 0.453944
16700 3.648120 3.648120 3.648120 0.453944 0.453944 0.453944
16800 3.648120 3.648120 3.648120 0.453944 0.453944 0.453944
16900 3.648120 3.648120 3.648120 0.453944 0.453944 0.453944
17000 3.648120 3.648120 3.648120 0.453944 0.453944 0.453944
17100 3.648120 3.648120 3.648120 0.453944 0.453944 0.453944
17200 3.648120 3.648120 3.648120 0.453944 0.453944 0.453944
17300 3.648120 3.648120 3.648120 0.453944 0.453944 0.453944
17400 3.648120 3.648120 3.648120 0.453944 0.453944 0.453944
17500 3.648120 3.648120 3.648120 0.453944 0.453944 0.453944
17600 3.648120 3.648120 3.648120 0.453944 0.453944 0.453944
17700 3.648120 3.648120 3.648120 0.453944 0.453944 0.453944
17800 3.648120 3.648120 3.648120 0.453944 0.453944 0.453944
17900 3.648120 3.648120 3.648120 0.453944 0.453944 0.453944
18000 3.648120 3.648120 3.648120 0.453944 0.453944 0.453944
18100 3.648120 3.648120 3.648120 0.453944 0.453944 0.453944
18200 3.648120 3.648120 3.648120 0.453944 0.453944 0.453944
18300 3.648120 3.648120 3.648120 0.453944 0.453944 0.453944
18400 3.648120 3.648120 3.648120 0.453944 0.453944 0.453944
18500 3.648120 3.648120 3.648120 0.453944 0.453944 0.453944
18600 3.648120 3.648120 3.648120 0.453944 0.453944 0.453944
18700 3.648120 3.648120 3.648120 0.453944 0.453944 0.453944
18800 3.648120 3.648120 3.648120 0.453944 0.453944 0.453944
18900 3.648120 3.648120 3.648120 0.453944 0.453944 0.453944
19000 3.648120 3.648120 3.648120 0.453944 0.453944 0.453944
19100 3.648120 3.648120 3.648120 0.453944 0.453944 0.453944
19200 3.648120 3.648120 3.648120 0.453944 0.453944 0.453944
19300 3.648120 3.648120 3.648120 0.453944 0.453944 0.453944
19400 3.648120 3.648120 3.648120 0.453944 0.453944 0.453944
19500 3.648120 3.648120 3.648120 0.453944 0.453944 0.453944
19600 3.648120 3.648120 3.648120 0.453944 0.453944 0.453944
19700 3.648120 3.648120 3.648120 0.453944 0.453944 0.453944
19800 3.648120 3.648120 3.648120 0.453944 0.453944 0.453944
19900 3.648120 3.648120 3.648120 0.453944 0.453944 0.453944
20000 3.648120 3.648120 3.648120 0.453944 0.453944 0.453944
20100 3.648120 3.648120 3.648120 0.453944 0.453944 0.453944
20200 3.648120 3.648120 3.648120 0.453944 0.453944 0.453944
20300 3.648120 3.648120 3.648120 0.453944 0.453944 0.453944
20400 3.648120 3.648120 3.648120 0.453944 0.453944 0.453944
20500 3.648120 3.648120 3.648120 0.453944 0.453944 0.453944
20600 3.648120 3.648120 3.648120 0.453944 0.453944 0.453944
20700 3.648120 3.648120 3.648120 0.453944 0.453944 0.453944
20800 3.648120 3.648120 3.648120 0.453944 0.453944 0.453944
20900 3.648120 3.648120 3.648120 0.453944 0.453944 0.453944
21000 3.648120 3.648120 3.648120 0.453944 0.453944 0.453944
21100 3.648120 3.648120 3.648120 0.453944 0.453944 0.453944
21200 3.648120 3.648120 3.648120 0.453944 0.453944 0.453944
21300 3.648120 3.648120 3.648120 0.453944 0.453944 0.453944
21400 3.648120 3.648120 3.648120 0.453944 0.453944 0.453944
21500 3.648120 3.648120 3.648120 0.453944 0.453944 0.453944
21600 3.648120 3.648120 3.648120 0.453944 0.453944 0.453944
21700 3.648120 3.648120 3.648120 0.453944 0.453944 0.453944
21800 3.648120 3.648120 3.648120 0.453944 0.453944 0.453944
21900 3.648120 3.648120 3.648120 0.453944 0.453944 0.453944
22000 3.648120 3.648120 3.648120 0.453944 0.453944 0.453944
22100 3.648120 3.648120 3.648120 0.453944 0.453944 0.453944
22200 3.648120 3.648120 3.648120 0.453944 0.453944 0.453944
22300 3.648120 3.648120 3.648120 0.453944 0.453944 0.453944
22400 3.648120 3.648120 3.648120 0.453944 0.453944 0.453944
22500 3.648120 3.648120 3.648120 0.453944 0.453944 0.453944
22600 3.648120 3.648120 3.648120 0.453944 0.453944 0.453944
22700 3.648120 3.648120 3.648120 0.453944 0.453944 0.453944
22800 3.648120 3.648120 3.648120 0.453944 0.453944 0.453944
22900 3.648120 3.648120 3.648120 0.453944 0.453944 0.453944
23000 3.648120 3.648120 3.648120 0.453944 0.453944 0.453944
23100 3.648120 3.648120 3.648120 0.453944 0.453944 0.453944
23200 3.648120 3.648120 3.648120 0.453944 0.453944 0.453944
23300 3.648120 3.648120 3.648120 0.453944 0.453944 0.453944
23400 3.648120 3.648120 3.648120 0.453944 0.453944 0.453944
23500 3.648120 3.648120 3.648120 0.453944 0.453944 0.453944
23600 3.648120 3.648120 3.648120 0.453944 0.453944 0.453944
23700 3.648120 3.648120 3.648120 0.453944 0.453944 0.453944
23800 3.648120 3.648120 3.648120 0.453944 0.453944 0.453944
23900 3.648120 3.648120 3.648120 0.453944 0.453944 0.453944
24000 3.648120 3.648120 3.648120 0.453944 0.453944 0.453944
24100 3.648120 3.648120 3.648120 0.453944 0.453944 0.453944
24200 3.648120 3.648120 3.648120 0.453944 0.453944 0.453944
24300 3.648120 3.648120 3.648120 0.453944 0.453944 0.453944
24400 3.648120 3.648120 3.648120 0.453944 0.453944 0.453944
24500 3.648120 3.648120 3.648120 0.453944 0.453944 0.453944
24600 3.648120 3.648120 3.648120 0.453944 0.453944 0.453944
24700 3.648120 3.648120 3.648120 0.453944 0.453944 0.453944
24800 3.648120 3.648120 3.648120 0.453944 0.453944 0.453944
24900 3.648120 3.648120 3.648120 0.453944 0.453944 0.453944
25000 3.648120 3.648120 3.648120 0.453944 0.453944 0.453944
25100 3.648120 3.648120 3.648120 0.453944 0.453944 0.453944
25200 3.648120 3.648120 3.648120 0.453944 0.453944 0.453944
25300 3.648120 3.648120 3.648120 0.453944 0.453944 0.453944
25400 3.648120 3.648120 3.648120 0.453944 0.453944 0.453944
25500 3.648120 3.648120 3.648120 0.453944 0.453944 0.453944
25600 3.648120 3.648120 3.648120 0.453944 0.453944 0.453944
25700 3.648120 3.648120 3.648120 0.453944 0.453944 0.453944
25800 3.648120 3.648120 3.648120 0.453944 0.453944 0.453944
25900 3.648120 3.648120 3.648120 0.453944 0.453944 0.453944
26000 3.648120 3.648120 3.648120 0.453944 0.453944 0.453944
26100 3.648120 3.648120 3.648120 0.453944 0.453944 0.453944
26200 3.648120 3.648120 3.648120 0.453944 0.453944 0.453944
26300 3.648120 3.648120 3.648120 0.453944 0.453944 0.453944
26400 3.648120 3.648120 3.648120 0.453944 0.453944 0.453944
26500 3.648120 3.648120 3.648120 0.453944 0.453944 0.453944
26600 3.648120 3.648120 3.648120 0.453944 0.453944 0.453944
26700 3.648120 3.648120 3.648120 0.453944 0.453944 0.453944
26800 3.648120 3.648120 3.648120 0.453944 0.453944 0.453944
26900 3.648120 3.648120 3.648120 0.453944 0.453944 0.453944
27000 3.648120 3.648120 3.648120 0.453944 0.453944 0.453944
27100 3.648120 3.648120 3.648120 0.453944 0.453944 0.453944
27200 3.648120 3.648120 3.648120 0.453944 0.453944 0.453944
27300 3.648120 3.648120 3.648120 0.453944 0.453944 0.453944
27400 3.648120 3.648120 3.648120 0.453944 0.453944 0.453944
27500 3.648120 3.648120 3.648120 0.453944 0.453944 0.453944
27600 3.648120 3.648120 3.648120 0.453944 0.453944 0.453944
27700 3.648120 3.648120 3.648120 0.453944 0.453944 0.453944
27800 3.648120 3.648120 3.648120 0.453944 0.453944 0.453944
27900 3.648120 3.648120 3.648120 0.453944 0.453944 0.453944
28000 3.648120 3.648120 3.648120 0.453944 0.453944 0.453944
28100 3.648120 3.648120 3.648120 0.453944 0.453944 0.453944
28200 3.648120 3.648120 3.648120 0.453944 0.453944 0.453944
28300 3.648120 3.648120 3.648120 0.453944 0.453944 0.453944
28400 3.648120 3.648120 3.648120 0.453944 0.453944 0.453944
28500 3.648120 3.648120 3.648120 0.453944 0.453944 0.453944
28600 3.648120 3.648120 3.648120 0.453944 0.453944 0.453944
28700 3.648120 3.648120 3.648120 0.453944 0.453944 0.453944
28800 3.648120 3.648120 3.648120 0.453944 0.453944 0.453944
28900 3.648120 3.648120 3.648120 0.453944 0.453944 0.453944
29000 3.648120 3.648120 3.648120 0.453944 0.453944 0.453944
29100 3.648120 3.648120 3.648120 0.453944 0.453944 0.453944
29200 3.648120 3.648120 3.648120 0.453944 0.453944 0.453944
29300 3.648120 3.648120 3.648120 0.453944 0.453944 0.453944
29400 3.648120 3.648120 3.648120 0.453944 0.453944 0.453944
29500 3.648120 3.648120 3.648120 0.453944 0.453944 0.453944
29600 3.648120 3.648120 3.648120 0.453944 0.453944 0.453944
29700 3.648120 3.648120 3.648120 0.453944 0.453944 0.453944
29800 3.648120 3.648120 3.648120 0.453944 0.453944 0.453944
29900 3.648120 3.648120 3.648120 0.453944 0.453944 0.453944
30000 3.648120 3.648120 3.648120 0.453944 0.453944 0.453944
30100 3.648120 3.648120 3.648120 0.453944 0.453944 0.453944
30200 3.648120 3.648120 3.648120 0.453944 0.453944 0.453944
30300 3.648120 3.648120 3.648120 0.453944 0.453944 0.453944
30400 3.648120 3.648120 3.648120 0.453944 0.453944 0.453944
30500 3.648120 3.648120 3.648120 0.453944 0.453944 0.453944
30600 3.648120 3.648120 3.648120 0.453944 0.453944 0.453944
30700 3.648120 3.648120 3.648120 0.453944 0.453944 0.453944
30800 3.648120 3.648120 3.648120 0.453944 0.453944 0.453944
30900 3.648120 3.648120 3.648120 0.453944 0.453944 0.453944
31000 3.648120 3.648120 3.648120 0.453944 0.453944 0.453944
31100 3.648120 3.648120 3.648120 0.453944 0.453944 0.453944
31200 3.648120 3.648120 3.648120 0.453944 0.453944 0.453944
31300 3.648120 3.648120 3.648120 0.453944 0.453944 0.453944
31400 3.648120 3.648120 3.648120 0.453944 0.453944 0.453944
31500 3.648120 3.648120 3.648120 0.453944 0.453944 0.453944
31600 3.648120 3.648120 3.648120 0.453944 0.453944 0.453944
31700 3.648120 3.648120 3.648120 0.453944 0.453944 0.453944
31800 3.648120 3.648120 3.648120 0.453944 0.453944 0.453944
31900 3.648120 3.648120 3.648120 0.453944 0.453944 0.453944
32000 3.648120 3.648120 3.648120 0.453944 0.453944 0.453944
32100 3.648120 3.648120 3.648120 0.453944 0.453944 0.453944
32200 3.648120 3.648120 3.648120 0.453944 0.453944 0.453944
32300 3.648120 3.648120 3.648120 0.453944 0.453944 0.453944
32400 3.648120 3.648120 3.648120 0.453944 0.453944 0.453944
32500 3.648120 3.648120 3.648120 0.453944 0.453944 0.453944
32600 3.648120 3.648120 3.648120 0.453944 0.453944 0.453944
32700 3.648120 3.648120 3.648120 0.453944 0.453944 0.453944
32800 3.648120 3.648120 3.648120 0.453944 0.453944 0.453944
32900 3.648120 3.648120 3.648120 0.453944 0.453944 0.453944
33000 3.648120 3.648120 3.648120 0.453944 0.453944 0.453944
33100 3.648120 3.648120 3.648120 0.453944 0.453944 0.453944
33200 3.648120 3.648120 3.648120 0.453944 0.453944 0.453944
33300 3.648120 3.648120 3.648120 0.453944 0.453944 0.453944
33400 3.648120 3.648120 3.648120 0.453944 0.453944 0.453944
33500 3.648120 3.648120 3.648120 0.453944 0.453944 0.453944
33600 3.648120 3.648120 3.648120 0.453944 0.453944 0.453944
33700 3.648120 3.648120 3.648120 0.453944 0.453944 0.453944
33800 3.648120 3.648120 3.648120 0.453944 0.453944 0.453944
33900 3.648120 3.648120 3.648120 0.453944 0.453944 0.453944
34000 3.648120 3.648120 3.648120 0.453944 0.453944 0.453944
34100 3.648120 3.648120 3.648120 0.453944 0.453944 0.453944
34200 3.648120 3.648120 3.648120 0.453944 0.453944 0.453944
34300 3.648120 3.648120 3.648120 0.453944 0.453944 0.453944
34400 3.648120 3.648120 3.648120 0.453944 0.453944 0.453944
34500 3.648120 3.648120 3.648120 0.453944 0.453944 0.453944
34600 3.648120 3.648120 3.648120 0.453944 0.453944 0.453944
34700 3.648120 3.648120 3.648120 0.453944 0.453944 0.453944
34800 3.648120 3.648120 3.648120 0.453944 0.453944 0.453944
34900 3.648120 3.648120 3.648120 0.453944 0.453944 0.453944
35000 3.648120 3.648120 3.648120 0.453944 0.453944 0.453944
35100 3.648120 3.648120 3.648120 0.453944 0.453944 0.453944
35200 3.648120 3.648120 3.648120 0.453944 0.453944 0.453944
35300 3.648120 3.648120 3.648120 0.453944 0.453944 0.453944
35400 3.648120 3.648120 3.648120 0.453944 0.453944 0.453944
35500 3.648120 3.648120 3.648120 0.453944 0.453944 0.453944
35600 3.648120 3.648120 3.648120 0.453944 0.453944 0.453944
35700 3.648120 3.648120 3.648120 0.453944 0.453944 0.453944
35800 3.648120 3.648120 3.648120 0.453944 0.453944 0.453944
35900 3.648120 3.648120 3.648120 0.453944 0.453944 0.453944
36000 3.648120 3.648120 3.648120 0.453944 0.453944 0.453944
36100 3.648120 3.648120 3.648120 0.453944 0.453944 0.453944
36200 3.648120 3.648120 3.648120 0.453944 0.453944 0.453944
36300 3.648120 3.648120 3.648120 0.453944 0.453944 0.453944
36400 3.648120 3.648120 3.648120 0.453944 0.453944 0.453944
36500 3.648120 3.648120 3.648120 0.453944 0.453944 0.453944
36600 3.648120 3.648120 3.648120 0.453944 0.453944 0.453944
36700 3.648120 3.648120 3.648120 0.453944 0.453944 0.453944
36800 3.648120 3.648120 3.648120 0.453944 0.453944 0.453944
36900 3.648120 3.648120 3.648120 0.453944 0.453944 0.453944
37000 3.648120 3.648120 3.648120 0.453944 0.453944 0.453944
37100 3.648120 3.648120 3.648120 0.453944 0.453944 0.453944
37200 3.648120 3.648120 3.648120 0.453944 0.453944 0.453944
37300 3.648120 3.648120 3.648120 0.453944 0.453944 0.453944
37400 3.648120 3.648120 3.648120 0.453944 0.453944 0.453944
37500 3.648120 3.648120 3.648120 0.453944 0.453944 0.453944
37600 3.648120 3.648120 3.648120 0.453944 0.453944 0.453944
37700 3.648120 3.648120 3.648120 0.453944 0.453944 0.453944
37800 3.648120 3.648120 3.648120 0.453944 0.453944 0.453944
37900 3.648120 3.648120 3.648120 0.453944 0.453944 0.453944
38000 3.648120 3.648120 3.648120 0.453944 0.453944 0.453944
38100 3.648120 3.648120 3.648120 0.453944 0.453944 0.453944
38200 3.648120 3.648120 3.648120 0.453944 0.453944 0.453944
38300 3.648120 3.648120 3.648120 0.453944 0.453944 0.453944
38400 3.648120 3.648120 3.648120 0.453944 0.453944 0.453944
38500 3.648120 3.648120 3.648120 0.453944 0.453944 0.453944
38600 3.648120 3.648120 3.648120 0.453944 0.453944 0.453944
38700 3.648120 3.648120 3.648120 0.453944 0.453944 0.453944
38800 3.648120 3.648120 3.648120 0.453944 0.453944 0.453944
38900 3.648120 3.648120 3.648120 0.453944 0.453944 0.453944
39000 3.648120 3.648120 3.648120 0.453944 0.453944 0.453944
39100 3.648120 3.648120 3.648120 0.453944 0.453944 0.453944
39200 3.648120 3.648120 3.648120 0.453944 0.453944 0.453944
39300 3.648120 3.648120 3.648120 0.453944 0.453944 0.453944
39400 3.648120 3.648120 3.648120 0.453944 0.453944 0.453944
39500 3.648120 3.648120 3.648120 0.453944 0.453944 0.453944
39600 3.648120 3.648120 3.648120 0.453944 0.453944 0.453944
39700 3.648120 3.648120 3.648120 0.453944 0.453944 0.453944
39800 3.648120 3.648120 3.648120 0.453944 0.453944 0.453944
39900 3.648120 3.648120 3.648120 0.453944 0.453944 0.453944
40000 3.648120 3.648120 3.648120 0.453944 0.453944 0.453944
40100 3.648120 3.648120 3.648120 0.453944 0.453944 0.453944
40200 3.648120 3.648120 3.648120 0.453944 0.453944 0.453944
40300 3.648120 3.648120 3.648120 0.453944 0.453944 0.453944
40400 3.648120 3.648120 3.648120 0.453944 0.453944 0.453944
40500 3.648120 3.648120 3.648120 0.453944 0.453944 0.453944
40600 3.648120 3.648120 3.648120 0.453944 0.453944 0.453944
40700 3.648120 3.648120 3.648120 0.453944 0.453944 0.453944
40800 3.648120 3.648120 3.648120 0.453944 0.453944 0.453944
40900 3.648120 3.648120 3.648120 0.453944 0.453944 0.453944
41000 3.648120 3.648120 3.648120 0.453944 0.453944 0.453944
41100 3.648120 3.648120 3.648120 0.453944 0.453944 0.453944
41200 3.648120 3.648120 3.648120 0.453944 0.453944 0.453944
41300 3.648120 3.648120 3.648120 0.453944 0.453944 0.453944
41400 3.648120 3.648120 3.648120 0.453944 0.453944 0.453944
41500 3.648120 3.648120 3.648120 0.453944 0.453944 0.453944
41600 3.648120 3.648120 3.648120 0.453944 0.453944 0.453944
41700 3.648120 3.648120 3.648120 0.453944 0.453944 0.453944
41800 3.648120 3.648120 3.648120 0.453944 0.453944 0.453944
41900 3.648120 3.648120 3.648120 0.453944 0.453944 0.453944
42000 3.648120 3.648120 3.648120 0.453944 0.453944 0.453944
42100 3.648120 3.648120 3.648120 0.453944 0.453944 0.453944
42200 3.648120 3.648120 3.648120 0.453944 0.453944 0.453944
42300 3.648120 3.648120 3.648120 0.453944 0.453944 0.453944
42400 3.648120 3.648120 3.648120 0.453944 0.453944 0.453944
42500 3.648120 3.648120 3.648120 0.453944 0.453944 0.453944
42600 3.648120 3.648120 3.648120 0.453944 0.453944 0.453944
42700 3.648120 3.648120 3.648120 0.453944 0.453944 0.453944
42800 3.648120 3.648120 3.648120 0.453944 0.453944 0.453944
42900 3.648120 3.648120 3.648120 0.453944 0.453944 0.453944
43000 3.648120 3.648120 3.648120 0.453944 0.453944 0.453944
43100 3.648120 3.648120 3.648120 0.453944 0.453944 0.453944
43200 3.648120 3.648120 3.648120 0.453944 0.453944 0.453944
43300 3.648120 3.648120 3.648120 0.453944 0.453944 0.453944
43400 3.648120 3.648120 3.648120 0.453944 0.453944 0.453944
43500 3.648120 3.648120 3.648120 0.453944 0.453944 0.453944
43600 3.648120 3.648120 3.648120 0.453944 0.453944 0.453944
43700 3.648120 3.648120 3.648120 0.453944 0.453944 0.453944
43800 3.648120 3.648120 3.648120 0.453944 0.453944 0.453944
43900 3.648120 3.648120 3.648120 0.453944 0.453944 0.453944
44000 3.648120 3.648120 3.648120 0.453944 0.453944 0.453944
44100 3.648120 3.648120 3.648120 0.453944 0.453944 0.453944
44200 3.648120 3.648120 3.648120 0.453944 0.453944 0.453944
44300 3.648120 3.648120 3.648120 0.453944 0.453944 0.453944
44400 3.648120 3.648120 3.648120 0.453944 0.453944 0.453944
44500 3.648120 3.648120 3.648120 0.453944 0.453944 0.453944
44600 3.648120 3.648120 3.648120 0.453944 0.453944 0.453944
44700 3.648120 3.648120 3.648120 0.453944 0.453944 0.453944
44800 3.648120 3.648120 3.648120 0.453944 0.453944 0.453944
44900 3.648120 3.648120 3.648120 0.453944 0.453944 0.453944
45000 3.648120 3.648120 3.648120 0.453944 0.453944 0.453944
45100 3.648120 3.648120 3.648120 0.453944 0.453944 0.453944
45200 3.648120 3.648120 3.648120 0.453944 0.453944 0.453944
45300 3.648120 3.648120 3.648120 0.453944 0.453944 0.453944
45400 3.648120 3.648120 3.648120 0.453944 0.453944 0.453944
45500 3.648120 3.648120 3.648120 0.453944 0.453944 0.453944
45600 3.648120 3.648120 3.648120 0.453944 0.453944 0.453944
45700 3.648120 3.648120 3.648120 0.453944 0.453944 0.453944
45800 3.648120 3.648120 3.648120 0.453944 0.453944 0.453944
45900 3.648120 3.648120 3.648120 0.453944 0.453944 0.453944
46000 3.648120 3.648120 3.648120 0.453944 0.453944 0.453944
46100 3.648120 3.648120 3.648120 0.453944 0.453944 0.453944
46200 3.648120 3.648120 3.648120 0.453944 0.453944 0.453944
46300 3.648120 3.648120 3.648120 0.453944 0.453944 0.453944
46400 3.648120 3.648120 3.648120 0.453944 0.453944 0.453944
46500 3.648120 3.648120 3.648120 0.453944 0.453944 0.453944
46600 3.648120 3.648120 3.648120 0.453944 0.453944 0.453944
46700 3.648120 3.648120 3.648120 0.453944 0.453944 0.453944
46800 3.648120 3.648120 3.648120 0.453944 0.453944 0.453944
46900 3.648120 3.648120 3.648120 0.453944 0.453944 0.453944
47000 3.648120 3.648120 3.648120 0.453944 0.453944 0.453944
47100 3.648120 3.648120 3.648120 0.453944 0.453944 0.453944
47200 3.648120 3.648120 3.648120 0.453944 0.453944 0.453944
47300 3.648120 3.648120 3.648120 0.453944 0.453944 0.453944
47400 3.648120 3.648120 3.648120 0.453944 0.453944 0.453944
47500 3.648120 3.648120 3.648120 0.453944 0.453944 0.453944
47600 3.648120 3.648120 3.648120 0.453944 0.453944 0.453944
47700 3.648120 3.648120 3.648120 0.453944 0.453944 0.453944
47800 3.648120 3.648120 3.648120 0.453944 0.453944 0.453944
47900 3.648120 3.648120 3.648120 0.453944 0.453944 0.453944
48000 3.648120 3.648120 3.648120 0.453944 0.453944 0.453944
48100 3.648120 3.648120 3.648120 0.453944 0.453944 0.453944
48200 3.648120 3.648120 3.648120 0.453944 0.453944 0.453944
48300 3.648120 3.648120 3.648120 0.453944 0.453944 0.453944
48400 3.648120 3.648120 3.648120 0.453944 0.453944 0.453944
48500 3.648120 3.648120 3.648120 0.453944 0.453944 0.453944
48600 3.648120 3.648120 3.648120 0.453944 0.453944 0.453944
48700 3.648120 3.648120 3.648120 0.453944 0.453944 0.453944
48800 3.648120 3.648120 3.648120 0.453944 0.453944 0.453944
48900 3.648120 3.648120 3.648120 0.453944 0.453944 0.453944
49000 3.648120 3.648120 3.648120 0.453944 0.453944 0.453944
49100 3.648120 3.648120 3.648120 0.453944 0.453944 0.453944
49200 3.648120 3.648120 3.648120 0.453944 0.453944 0.453944
49300 3.648120 3.648120 3.648120 0.453944 0.453944 0.453944
49400 3.648120 3.648120 3.648120 0.453944 0.453944 0.453944
49500 3.648120 3.648120 3.648120 0.453944 0.453944 0.453944
49600 3.648120 3.648120 3.648120 0.453944 0.453944 0.453944
49700 3.648120 3.648120 3.648120 0.453944 0.453944 0.453944
49800 3.648120 3.648120 3.648120 0.453944 0.453944 0.453944
49900 3.648120 3.648120 3.648120 0.453944 0.453944 0.453944
50000 3.648120 3.648120 3.648120 0.453944 0.453944 0.453944
50100 3.648120 3.648120 3.648120 0.453944 0.453944 0.453944
50200 3.648120 3.648120 3.648120 0.453944 0.453944 0.453944
50300 3.648120 3.648120 3.648120 0.453944 0.453944 0.453944
50400 3.648120 3.648120 3.648120 0.453944 0.453944 0.453944
50500 3.648120 3.648120 3.648120 0.453944 0.453944 0.453944
50600 3.648120 3.648120 3.648120 0.453944 0.453944 0.453944
50700 3.648120 3.648120 3.648120 0.453944 0.453944 0.453944
50800 3.648120 3.648120 3.648120 0.453944 0.453944 0.453944
50900 3.648120 3.648120 3.648120 0.453944 0.453944 0.453944
51000 3.648120 3.648120 3.648120 0.453944 0.453944 0.453944
51100 3.648120 3.648120 3.648120 0.453944 0.453944 0.453944
51200 3.648120 3.648120 3.648120 0.453944 0.453944 0.453944
51300 3.648120 3.648120 3.648120 0.453944 0.453944 0.453944
51400 3.648120 3.648120 3.648120 0.453944 0.453944 0.453944
51500 3.648120 3.648120 3.648120 0.453944 0.453944 0.453944
51600 3.648120 3.648120 3.648120 0.453944 0.453944 0.453944
51700 3.648120 3.648120 3.648120 0.453944 0.453944 0.453944
51800 3.648120 3.648120 3.648120 0.453944 0.453944 0.453944
51900 3.648120 3.648120 3.648120 0.453944 0.453944 0.453944
52000 3.648120 3.648120 3.648120 0.453944 0.453944 0.453944
52100 3.648120 3.648120 3.648120 0.453944 0.453944 0.453944
52200 3.648120 3.648120 3.648120 0.453944 0.453944 0.453944
52300 3.648120 3.648120 3.648120 0.453944 0.453944 0.453944
52400 3.648120 3.648120 3.648120 0.453944 0.453944 0.453944
52500 3.648120 3.648120 3.648120 0.453944 0.453944 0.453944
52600 3.648120 3.648120 3.648120 0.453944 0.453944 0.453944
52700 3.648120 3.648120 3.648120 0.453944 0.453944 0.453944
52800 3.648120 3.648120 3.648120 0.453944 0.453944 0.453944
52900 3.648120 3.648120 3.648120 0.453944 0.453944 0.453944
53000 3.648120 3.648120 3.648120 0.453944 0.453944 0.453944
53100 3.648120 3.648120 3.648120 0.453944 0.453944 0.453944
53200 3.648120 3.648120 3.648120 0.453944 0.453944 0.453944
53300 3.648120 3.648120 3.648120 0.453944 0.453944 0.453944
53400 3.648120 3.648120 3.648120 0.453944 0.453944 0.453944
53500 3.648120 3.648120 3.648120 0.453944 0.453944 0.453944
53600 3.648120 3.648120 3.648120 0.453944 0.453944 0.453944
53700 3.648120 3.648120 3.648120 0.453944 0.453944 0.453944
53800 3.648120 3.648120 3.648120 0.453944 0.453944 0.453944
53900 3.648120 3.648120 3.648120 0.453944 0.453944 0.453944
54000 3.648120 3.648120 3.648120 0.453944 0.453944 0.453944
54100 3.648120 3.648120 3.648120 0.453944 0.453944 0.453944
54200 3.648120 3.648120 3.648120 0.453944 0.453944 0.453944
54300 3.648120 3.648120 3.648120 0.453944 0.453944 0.453944
54400 3.648120 3.648120 3.648120 0.453944 0.453944 0.453944
54500 3.648120 3.648120 3.648120 0.453944 0.453944 0.453944
54600 3.648120 3.648120 3.648120 0.453944 0.453944 0.453944
54700 3.648120 3.648120 3.648120 0.453944 0.453944 0.453944
54800 3.648120 3.648120 3.648120 0.453944 0.453944 0.453944
54900 3.648120 3.648120 3.648120 0.453944 0.453944 0.453944
55000 3.648120 3.648120 3.648120 0.453944 0.453944 0.453944
55100 3.648120 3.648120 3.648120 0.453944 0.453944 0.453944
55200 3.648120 3.648120 3.648120 0.453944 0.453944 0.453944
55300 3.648120 3.648120 3.648120 0.453944 0.453944 0.453944
55400 3.648120 3.648120 3.648120 0.453944 0.453944 0.453944
55500 3.648120 3.648120 3.648120 0.453944 0.453944 0.453944
55600 3.648120 3.648120 3.648120 0.453944 0.453944 0.453944
55700 3.648120 3.648120 3.648120 0.453944 0.453944 0.453944
55800 3.648120 3.648120 3.648120 0.453944 0.453944 0.453944
55900 3.648120 3.648120 3.648120 0.453944 0.453944 0.453944
56000 3.648120 3.648120 3.648120 0.453944 0.453944 0.453944
56100 3.648120 3.648120 3.648120 0.453944 0.453944 0.453944
56200 3.648120 3.648120 3.648120 0.453944 0.453944 0.453944
56300 3.648120 3.648120 3.648120 0.453944 0.453944 0.453944
56400 3.648120 3.648120 3.648120 0.453944 0.453944 0.453944
56500 3.648120 3.648120 3.648120 0.453944 0.453944 0.453944
56600 3.648120 3.648120 3.648120 0.453944 0.453944 0.453944
56700 3.648120 3.648120 3.648120 0.453944 0.453944 0.453944
56800 3.648120 3.648120 3.648120 0.453944 0.453944 0.453944
56900 3.648120 3.648120 3.648120 0.453944 0.453944 0.453944
57000 3.648120 3.648120 3.648120 0.453944 0.453944 0.453944
57100 3.648120 3.648120 3.648120 0.453944 0.453944 0.453944
57200 3.648120 3.648120 3.648120 0.453944 0.453944 0.453944
57300 3.648120 3.648120 3.648120 0.453944 0.453944 0.453944
57400 3.648120 3.648120 3.648120 0.453944 0.453944 0.453944
57500 3.648120 3.648120 3.648120 0.453944 0.453944 0.453944
57600 3.648120 3.648120 3.648120 0.453944 0.453944 0.453944
57700 3.648120 3.648120 3.648120 0.453944 0.453944 0.453944
57800 3.648120 3.648120 3.648120 0.453944 0.453944 0.453944
57900 3.648120 3.648120 3.648120 0.453944 0.453944 0.453944
58000 3.648120 3.648120 3.648120 0.453944 0.453944 0.453944
58100 3.648120 3.648120 3.648120 0.453944 0.453944 0.453944
58200 3.648120 3.648120 3.648120 0.453944 0.453944 0.453944
58300 3.648120 3.648120 3.648120 0.453944 0.453944 0.453944
58400 3.648120 3.648120 3.648120 0.453944 0.453944 0.453944
58500 3.648120 3.648120 3.648120 0.453944 0.453944 0.453944
58600 3.648120 3.648120 3.648120 0.453944 0.453944 0.453944
58700 3.648120 3.648120 3.648120 0.453944 0.453944 0.453944
58800 3.648120 3.648120 3.648120 0.453944 0.453944 0.453944
58900 3.648120 3.648120 3.648120 0.453944 0.453944 0.453944
59000 3.648120 3.648120 3.648120 0.453944 0.453944 0.453944
59100 3.648120 3.648120 3.648120 0.453944 0.453944 0.453944
59200 3.648120 3.648120 3.648120 0.453944 0.453944 0.453944
59300 3.648120 3.648120 3.648120 0.453944 0.453944 0.453944
59400 3.648120 3.648120 3.648120 0.453944 0.453944 0.453944
59500 3.648120 3.648120 3.648120 0.453944 0.453944 0.453944
59600 3.648120 3.648120 3.648120 0.453944 0.453944 0.453944
59700 3.648120 3.648120 3.648120 0.453944 0.453944 0.453944
59800 3.648120 3.648120 3.648120 0.453944 0.453944 0.453944
59900 3.648120 3.648120 3.648120 0.453944 0.453944 0.453944
60000 3.648120 3.648120 3.648120 0.453944 0.453944 0.453944
60100 3.648120 3.648120 3.648120 0.453944 0.453944 0.453944
60200 3.648120 3.648120 3.648120 0.453944 0.453944 0.453944
60300 3.648120 3.648120 3.648120 0.453944 0.453944 0.453944
60400 3.648120 3.648120 3.648120 0.453944 0.453944 0.453944
60500 3.648120 3.648120 3.648120 0.453944 0.453944 0.453944
60600 3.648120 3.648120 3.648120 0.453944 0.453944 0.453944
60700 3.648120 3.648120 3.648120 0.453944 0.453944 0.453944
60800 3.648120 3.648120 3.648120 0.453944 0.453944 0.453944
60900 3.648120 3.648120 3.648120 0.453944 0.453944 0.453944
61000 3.648120 3.648120 3.648120 0.453944 0.453944 0.453944
61100 3.648120 3.648120 3.648120 0.453944 0.453944 0.453944
61200 3.648120 3.648120 3.648120 0.453944 0.453944 0.453944
61300 3.648120 3.648120 3.648120 0.453944 0.453944 0.453944
61400 3.648120 3.648120 3.648120 0.453944 0.453944 0.453944
61500 3.648120 3.648120 3.648120 0.453944 0.453944 0.453944
61600 3.648120 3.648120 3.648120 0.453944 0.453944 0.453944
61700 3.648120 3.648120 3.648120 0.453944 0.453944 0.453944
61800 3.648120 3.648120 3.648120 0.453944 0.453944 0.453944
61900 3.648120 3.648120 3.648120 0.453944 0.453944 0.453944
62000 3.648120 3.648120 3.648120 0.453944 0.453944 0.453944
62100 3.648120 3.648120 3.648120 0.453944 0.453944 0.453944
62200 3.648120 3.648120 3.648120 0.453944 0.453944 0.453944
62300 3.648120 3.648120 3.648120 0.453944 0.453944 0.453944
62400 3.648120 3.648120 3.648120 0.453944 0.453944 0.453944
62500 3.648120 3.648120 3.648120 0.453944 0.453944 0.453944
62600 3.648120 3.648120 3.648120 0.453944 0.453944 0.453944
62700 3.648120 3.648120 3.648120 0.453944 0.453944 0.453944
62800 3.648120 3.648120 3.648120 0.453944 0.453944 0.453944
62900 3.648120 3.648120 3.648120 0.453944 0.453944 0.453944
63000 3.648120 3.648120 3.648120 0.453944 0.453944 0.453944
63100 3.648120 3.648120 3.648120 0.453944 0.453944 0.453944
63200 3.648120 3.648120 3.648120 0.453944 0.453944 0.453944
63300 3.648120 3.648120 3.648120 0.453944 0.453944 0.453944
63400 3.648120 3.648120 3.648120 0.453944 0.453944 0.453944
63500 3.648120 3.648120 3.648120 0.453944 0.453944 0.453944
63600 3.648120 3.648120 3.648120 0.453944 0.453944 0.453944
63700 3.648120 3.648120 3.648120 0.453944 0.453944 0.453944
63800 3.648120 3.648120 3.648120 0.453944 0.453944 0.453944
63900 3.648120 3.648120 3.648120 0.453944 0.453944 0.453944
64000 3.648120 3.648120 3.648120 0.453944 0.453944 0.453944
64100 3.648120 3.648120 3.648120 0.453944 0.453944 0.453944
64200 3.648120 3.648120 3.648120 0.453944 0.453944 0.453944
64300 3.648120 3.648120 3.648120 0.453944 0.453944 0.453944
64400 3.648120 3.648120 3.648120 0.453944 0.453944 0.453944
64500 3.648120 3.648120 3.648120 0.453944 0.453944 0.453944
64600 3.648120 3.648120 3.648120 0.453944 0.453944 0.453944
64700 3.648120 3.648120 3.648120 0.453944 0.453944 0.453944
64800 3.648120 3.648120 3.648120 0.453944 0.453944 0.453944
64900 3.648120 3.648120 3.648120 0.453944 0.453944 0.453944
65000 3.648120 3.648120 3.648120 0.453944 0.453944 0.453944
65100 3.648120 3.648120 3.648120 0.453944 0.453944 0.453944
65200 3.648120 3.648120 3.648120 0.453944 0.453944 0.453944
65300 3.648120 3.648120 3.648120 0.453944 0.453944 0.453944
65400 3.648120 3.648120 3.648120 0.453944 0.453944 0.453944
65500 3.648120 3.648120 3.648120 0.453944 0.453944 0.453944
65600 3.648120 3.648120 3.648120 0.453944 0.453944 0.453944
65700 3.648120 3.648120 3.648120 0.453944 0.453944 0.453944
65800 3.648120 3.648120 3.648120 0.453944 0.453944 0.453944
65900 3.648120 3.648120 3.648120 0.453944 0.453944 0.453944
66000 3.648120 3.648120 3.648120 0.453944 0.453944 0.453944
66100 3.648120 3.648120 3.648120 0.453944 0.453944 0.453944
66200 3.648120 3.648120 3.648120 0.453944 0.453944 0.453944
66300 3.648120 3.648120 3.648120 0.453944 0.453944 0.453944
66400 3.648120 3.648120 3.648120 0.453944 0.453944 0.453944
66500 3.648120 3.648120 3.648120 0.453944 0.453944 0.453944
66600 3.648120 3.648120 3.648120 0.453944 0.453944 0.453944
66700 3.648120 3.648120 3.648120 0.453944 0.453944 0.453944
66800 3.648120 3.648120 3.648120 0.453944 0.453944 0.453944
66900 3.648120 3.648120 3.648120 0.453944 0.453944 0.453944
67000 3.648120 3.648120 3.648120 0.453944 0.453944 0.453944
67100 3.648120 3.648120 3.648120 0.453944 0.453944 0.453944
67200 3.648120 3.648120 3.648120 0.453944 0.453944 0.453944
67300 3.648120 3.648120 3.648120 0.453944 0.453944 0.453944
67400 3.648120 3.648120 3.648120 0.453944 0.453944 0.453944
67500 3.648120 3.648120 3.648120 0.453944 0.453944 0.453944
67600 3.648120 3.648120 3.648120 0.453944 0.453944 0.453944
67700 3.648120 3.648120 3.648120 0.453944 0.453944 0.453944
67800 3.648120 3.648120 3.648120 0.453944 0.453944 0.453944
67900 3.648120 3.648120 3.648120 0.453944 0.453944 0.453944
68000 3.648120 3.648120 3.648120 0.453944 0.453944 0.453944
68100 3.648120 3.648120 3.648120 0.453944 0.453944 0.453944
68200 3.648120 3.648120 3.648120 0.453944 0.453944 0.453944
68300 3.648120 3.648120 3.648120 0.453944 0.453944 0.453944
68400 3.648120 3.648120 3.648120 0.453944 0.453944 0.453944
68500 3.648120 3.648120 3.648120 0.453944 0.453944 0.453944
68600 3.648120 3.648120 3.648120 0.453944 0.453944 0.453944
68700 3.648120 3.648120 3.648120 0.453944 0.453944 0.453944
68800 3.648120 3.648120 3.648120 0.453944 0.453944 0.453944
68900 3.648120 3.648120 3.648120 0.453944 0.453944 0.453944
69000 3.648120 3.648120 3.648120 0.453944 0.453944 0.453944
69100 3.648120 3.648120 3.648120 0.453944 0.453944 0.453944
69200 3.648120 3.648120 3.648120 0.453944 0.453944 0.453944
69300 3.648120 3.648120 3.648120 0.453944 0.453944 0.453944
69400 3.648120 3.648120 3.648120 0.453944 0.453944 0.453944
69500 3.648120 3.648120 3.648120 0.453944 0.453944 0.453944
69600 3.648120 3.648120 3.648120 0.453944 0.453944 0.453944
69700 3.648120 3.648120 3.648120 0.453944 0.453944 0.453944
69800 3.648120 3.648120 3.648120 0.453944 0.453944 0.453944
69900 3.648120 3.648120 3.648120 0.453944 0.453944 0.453944
70000 3.648120 3.648120 3.648120 0.453944 0.453944 0.453944
70100 3.648120 3.648120 3.648120 0.453944 0.453944 0.453944
70200 3.648120 3.648120 3.648120 0.453944 0.453944 0.453944
70300 3.648120 3.648120 3.648120 0.453944 0.453944 0.453944
70400 3.648120 3.648120 3.648120 0.453944 0.453944 0.453944
70500 3.648120 3.648120 3.648120 0.453944 0.453944 0.453944
70600 3.648120 3.648120 3.648120 0.453944 0.453944 0.453944
70700 3.648120 3.648120 3.648120 0.453944 0.453944 0.453944
70800 3.648120 3.648120 3.648120 0.453944 0.453944 0.453944
70900 3.648120 3.648120 3.648120 0.453944 0.453944 0.453944
71000 3.648120 3.648120 3.648120 0.453944 0.453944 0.453944
71100 3.648120 3.648120 3.648120 0.453944 0.453944 0.453944
71200 3.648120 3.648120 3.648120 0.453944 0.453944 0.453944
71300 3.648120 3.648120 3.648120 0.453944 0.453944 0.453944
71400 3.648120 3.648120 3.648120 0.453944 0.453944 0.453944
71500 3.648120 3.648120 3.648120 0.453944 0.453944 0.453944
71600 3.648120 3.648120 3.648120 0.453944 0.453944 0.453944
71700 3.648120 3.648120 3.648120 0.453944 0.453944 0.453944
71800 3.648120 3.648120 3.648120 0.453944 0.453944 0.453944
71900 3.648120 3.648120 3.648120 0.453944 0.453944 0.453944
72000 3.648120 3.648120 3.648120 0.453944 0.453944 0.453944
72100 3.648120 3.648120 3.648120 0.453944 0.453944 0.453944
72200 3.648120 3.648120 3.648120 0.453944 0.453944 0.453944
72300 3.648120 3.648120 3.648120 0.453944 0.453944 0.453944
72400 3.648120 3.648120 3.648120 0.453944 0.453944 0.453944
72500 3.648120 3.648120 3.648120 0.453944 0.453944 0.453944
72600 3.648120 3.648120 3.648120 0.453944 0.453944 0.453944
72700 3.648120 3.648120 3.648120 0.453944 0.453944 0.453944
72800 3.648120 3.648120 3.648120 0.453944 0.453944 0.453944
72900 3.648120 3.648120 3.648120 0.453944 0.453944 0.453944
73000 3.648120 3.648120 3.648120 0.453944 0.453944 0.453944
73100 3.648120 3.648120 3.648120 0.453944 0.453944 0.453944
73200 3.648120 3.648120 3.648120 0.453944 0.453944 0.453944
73300 3.648120 3.648120 3.648120 0.453944 0.453944 0.453944
73400 3.648120 3.648120 3.648120 0.453944 0.453944 0.453944
73500 3.648120 3.648120 3.648120 0.453944 0.453944 0.453944
73600 3.648120 3.648120 3.648120 0.453944 0.453944 0.453944
73700 3.648120 3.648120 3.648120 0.453944 0.453944 0.453944
73800 3.648120 3.648120 3.648120 0.453944 0.453944 0.453944
73900 3.648120 3.648120 3.648120 0.453944 0.453944 0.453944
74000 3.648120 3.648120 3.648120 0.453944 0.453944 0.453944
74100 3.648120 3.648120 3.648120 0.453944 0.453944 0.453944
74200 3.648120 3.648120 3.648120 0.453944 0.453944 0.453944
74300 3.648120 3.648120 3.648120 0.453944 0.453944 0.453944
74400 3.648120 3.648120 3.648120 0.453944 0.453944 0.453944
74500 3.648120 3.648120 3.648120 0.453944 0.453944 0.453944
74600 3.648120 3.648120 3.648120 0.453944 0.453944 0.453944
74700 3.648120 3.648120 3.648120 0.453944 0.453944 0.453944
74800 3.648120 3.648120 3.648120 0.453944 0.453944 0.453944
74900 3.648120 3.648120 3.648120 0.453944 0.453944 0.453944
75000 3.648120 3.648120 3.648120 0.453944 0.453944 0.453944
75100 3.648120 3.648120 3.648120 0.453944 0.453944 0.453944
75200 3.648120 3.648120 3.648120 0.453944 0.453944 0.453944
75300 3.648120 3.648120 3.648120 0.453944 0.453944 0.453944
75400 3.648120 3.648120 3.648120 0.453944 0.453944 0.453944
75500 3.648120 3.648120 3.648120 0.453944 0.453944 0.453944
75600 3.648120 3.648120 3.648120 0.453944 0.453944 0.453944
75700 3.648120 3.648120 3.648120 0.453944 0.453944 0.453944
75800 3.648120 3.648120 3.648120 0.453944 0.453944 0.453944
75900 3.648120 3.648120 3.648120 0.453944 0.453944 0.453944
76000 3.648120 3.648120 3.648120 0.453944 0.453944 0.453944
76100 3.648120 3.648120 3.648120 0.453944 0.453944 0.453944
76200 3.648120 3.648120 3.648120 0.453944 0.453944 0.453944
76300 3.648120 3.648120 3.648120 0.453944 0.453944 0.453944
76400 3.648120 3.648120 3.648120 0.453944 0.453944 0.453944
76500 3.648120 3.648120 3.648120 0.453944 0.453944 0.453944
76600 3.648120 3.648120 3.648120 0.453944 0.453944 0.453944
76700 3.648120 3.648120 3.648120 0.453944 0.453944 0.453944
76800 3.648120 3.648120 3.648120 0.453944 0.453944 0.453944
76900 3.648120 3.648120 3.648120 0.453944 0.453944 0.453944
77000 3.648120 3.648120 3.648120 0.453944 0.453944 0.453944
77100 3.648120 3.648120 3.648120 0.453944 0.453944 0.453944
77200 3.648120 3.648120 3.648120 0.453944 0.453944 0.453944
77300 3.648120 3.648120 3.648120 0.453944 0.453944 0.453944
77400 3.648120 3.648120 3.648120 0.453944 0.453944 0.453944
77500 3.648120 3.648120 3.648120 0.453944 0.453944 0.453944
77600 3.648120 3.648120 3.648120 0.453944 0.453944 0.453944
77700 3.648120 3.648120 3.648120 0.453944 0.453944 0.453944
77800 3.648120 3.648120 3.648120 0.453944 0.453944 0.453944
77900 3.648120 3.648120 3.648120 0.453944 0.453944 0.453944
78000 3.648120 3.648120 3.648120 0.453944 0.453944 0.453944
78100 3.648120 3.648120 3.648120 0.453944 0.453944 0.453944
78200 3.648120 3.648120 3.648120 0.453944 0.453944 0.453944
78300 3.648120 3.648120 3.648120 0.453944 0.453944 0.453944
78400 3.648120 3.648120 3.648120 0.453944 0.453944 0.453944
78500 3.648120 3.648120 3.648120 0.453944 0.453944 0.453944
78600 3.648120 3.648120 3.648120 0.453944 0.453944 0.453944
78700 3.648120 3.648120 3.648120 0.453944 0.453944 0.453944
78800 3.648120 3.648120 3.648120 0.453944 0.453944 0.453944
78900 3.648120 3.648120 3.648120 0.453944 0.453944 0.453944
79000 3.648120 3.648120 3.648120 0.453944 0.453944 0.453944
79100 3.648120 3.648120 3.648120 0.453944 0.453944 0.453944
79200 3.648120 3.648120 3.648120 0.453944 0.453944 0.453944
79300 3.648120 3.648120 3.648120 0.453944 0.453944 0.453944
79400 3.648120 3.648120 3.648120 0.453944 0.453944 0.453944
79500 3.648120 3.648120 3.648120 0.453944 0.453944 0.453944
79600 3.648120 3.648120 3.648120 0.453944 0.453944 0.453944
79700 3.648120 3.648120 3.648120 0.453944 0.453944 0.453944
79800 3.648120 3.648120 3.648120 0.453944 0.453944 0.453944
79900 3.648120 3.648120 3.648120 0.453944 0.453944 0.453944
80000 3.648120 3.648120 3.648120 0.453944 0.453944 0.453944
80100 3.648120 3.648120 3.648120 0.453944 0.453944 0.453944
80200 3.648120 3.648120 3.648120 0.453944 0.453944 0.453944
80300 3.648120 3.648120 3.648120 0.453944 0.453944 0.453944
80400 3.648120 3.648120 3.648120 0.453944 0.453944 0.453944
80500 3.648120 3.648120 3.648120 0.453944 0.453944 0.453944
80600 3.648120 3.648120 3.648120 0.453944 0.453944 0.453944
80700 3.648120 3.648120 3.648120 0.453944 0.453944 0.453944
80800 3.648120 3.648120 3.648120 0.453944 0.453944 0.453944
80900 3.648120 3.648120 3.648120 0.453944 0.453944 0.453944
81000 3.648120 3.648120 3.648120 0.453944 0.453944 0.453944
81100 3.648120 3.648120 3.648120 0.453944 0.453944 0.453944
81200 3.648120 3.648120 3.648120 0.453944 0.453944 0.453944
81300 3.648120 3.648120 3.648120 0.453944 0.453944 0.453944
81400 3.648120 3.648120 3.648120 0.453944 0.453944 0.453944
81500 3.648120 3.648120 3.648120 0.453944 0.453944 0.453944
81600 3.648120 3.648120 3.648120 0.453944 0.453944 0.453944
81700 3.648120 3.648120 3.648120 0.453944 0.453944 0.453944
81800 3.648120 3.648120 3.648120 0.453944 0.453944 0.453944
81900 3.648120 3.648120 3.648120 0.453944 0.453944 0.453944
82000 3.648120 3.648120 3.648120 0.453944 0.453944 0.453944
82100 3.648120 3.648120 3.648120 0.453944 0.453944 0.453944
82200 3.648120 3.648120 3.648120 0.453944 0.453944 0.453944
82300 3.648120 3.648120 3.648120 0.453944 0.453944 0.453944
82400 3.648120 3.648120 3.648120 0.453944 0.453944 0.453944
82500 3.648120 3.648120 3.648120 0.453944 0.453944 0.453944
82600 3.648120 3.648120 3.648120 0.453944 0.453944 0.453944
82700 3.648120 3.648120 3.648120 0.453944 0.453944 0.453944
82800 3.648120 3.648120 3.648120 0.453944 0.453944 0.453944
82900 3.648120 3.648120 3.648120 0.453944 0.453944 0.453944
83000 3.648120 3.648120 3.648120 0.453944 0.453944 0.453944
83100 3.648120 3.648120 3.648120 0.453944 0.453944 0.453944
83200 3.648120 3.648120 3.648120 0.453944 0.453944 0.453944
83300 3.648120 3.648120 3.648120 0.453944 0.453944 0.453944
83400 3.648120 3.648120 3.648120 0.453944 0.453944 0.453944
83500 3.648120 3.648120 3.648120 0.453944 0.453944 0.453944
83600 3.648120 3.648120 3.648120 0.453944 0.453944 0.453944
83700 3.648120 3.648120 3.648120 0.453944 0.453944 0.453944
83800 3.648120 3.648120 3.648120 0.453944 0.453944 0.453944
83900 3.648120 3.648120 3.648120 0.453944 0.453944 0.453944
84000 3.648120 3.648120 3.648120 0.453944 0.453944 0.453944
84100 3.648120 3.648120 3.648120 0.453944 0.453944 0.453944
84200 3.648120 3.648120 3.648120 0.453944 0.453944 0.453944
84300 3.648120 3.648120 3.648120 0.453944 0.453944 0.453944
84400 3.648120 3.648120 3.648120 0.453944 0.453944 0.453944
84500 3.648120 3.648120 3.648120 0.453944 0.453944 0.453944
84600 3.648120 3.648120 3.648120 0.453944 0.453944 0.453944
84700 3.648120 3.648120 3.648120 0.453944 0.453944 0.453944
84800 3.648120 3.648120 3.648120 0.453944 0.453944 0.453944
84900 3.648120 3.648120 3.648120 0.453944 0.453944 0.453944
85000 3.648120 3.648120 3.648120 0.453944 0.453944 0.453944
85100 3.648120 3.648120 3.648120 0.453944 0.453944 0.453944
85200 3.648120 3.648120 3.648120 0.453944 0.453944 0.453944
85300 3.648120 3.648120 3.648120 0.453944 0.453944 0.453944
85400 3.648120 3.648120 3.648120 0.453944 0.453944 0.453944
85500 3.648120 3.648120 3.648120 0.453944 0.453944 0.453944
85600 3.648120 3.648120 3.648120 0.453944 0.453944 0.453944
85700 3.648120 3.648120 3.648120 0.453944 0.453944 0.453944
85800 3.648120 3.648120 3.648120 0.453944 0.453944 0.453944
85900 3.648120 3.648120 3.648120 0.453944 0.453944 0.453944
86000 3.648120 3.648120 3.648120 0.453944 0.453944 0.453944
86100 3.648120 3.648120 3.648120 0.453944 0.453944 0.453944
86200 3.648120 3.648120 3.648120 0.453944 0.453944 0.453944
86300 3.648120 3.648120 3.648120 0.453944 0.453944 0.453944
86400 3.648120 3.648120 3.648120 0.453944 0.453944 0.453944
86500 3.648120 3.648120 3.648120 0.453944 0.453944 0.453944
86600 3.648120 3.648120 3.648120 0.453944 0.453944 0.453944
86700 3.648120 3.648120 3.648120 0.453944 0.453944 0.453944
86800 3.648120 3.648120 3.648120 0.453944 0.453944 0.453944
86900 3.648120 3.648120 3.648120 0.453944 0.453944 0.453944
87000 3.648120 3.648120 3.648120 0.453944 0.453944 0.453944
87100 3.648120 3.648120 3.648120 0.453944 0.453944 0.453944
87200 3.648120 3.648120 3.648120 0.453944 0.453944 0.453944
87300 3.648120 3.648120 3.648120 0.453944 0.453944 0.453944
87400 3.648120 3.648120 3.648120 0.453944 0.453944 0.453944
87500 3.648120 3.648120 3.648120 0.453944 0.453944 0.453944
87600 3.648120 3.648120 3.648120 0.453944 0.453944 0.453944
87700 3.648120 3.648120 3.648120 0.453944 0.453944 0.453944
87800 3.648120 3.648120 3.648120 0.453944 0.453944 0.453944
87900 3.648120 3.648120 3.648120 0.453944 0.453944 0.453944
88000 3.648120 3.648120 3.648120 0.453944 0.453944 0.453944
88100 3.648120 3.648120 3.648120 0.453944 0.453944 0.453944
88200 3.648120 3.648120 3.648120 0.453944 0.453944 0.453944
88300 3.648120 3.648120 3.648120 0.453944 0.453944 0.453944
88400 3.648120 3.648120 3.648120 0.453944 0.453944 0.453944
88500 3.648120 3.648120 3.648120 0.453944 0.453944 0.453944
88600 3.648120 3.648120 3.648120 0.453944 0.453944 0.453944
88700 3.648120 3.648120 3.648120 0.453944 0.453944 0.453944
88800 3.648120 3.648120 3.648120 0.453944 0.453944 0.453944
88900 3.648120 3.648120 3.648120 0.453944 0.453944 0.453944
89000 3.648120 3.648120 3.648120 0.453944 0.453944 0.453944
89100 3.648120 3.648120 3.648120 0.453944 0.453944 0.453944
89200 3.648120 3.648120 3.648120 0.453944 0.453944 0.453944
89300 3.648120 3.648120 3.648120 0.453944 0.453944 0.453944
89400 3.648120 3.648120 3.648120 0.453944 0.453944 0.453944
89500 3.648120 3.648120 3.648120 0.453944 0.453944 0.453944
89600 3.648120 3.648120 3.648120 0.453944 0.453944 0.453944
89700 3.648120 3.648120 3.648120 0.453944 0.453944 0.453944
89800 3.648120 3.648120 3.648120 0.453944 0.453944 0.453944
89900 3.648120 3.648120 3.648120 0.453944 0.453944 0.453944
90000 3.648120 3.648120 3.648120 0.453944 0.453944 0.453944
90100 3.648120 3.648120 3.648120 0.453944 0.453944 0.453944
90200 3.648120 3.648120 3.648120 0.453944 0.453944 0.453944
90300 3.648120 3.648120 3.648120 0.453944 0.453944 0.453944
90400 3.648120 3.648120 3.648120 0.453944 0.453944 0.453944
90500 3.648120 3.648120 3.648120 0.453944 0.453944 0.453944
90600 3.648120 3.648120 3.648120 0.453944 0.453944 0.453944
90700 3.648120 3.648120 3.648120 0.453944 0.453944 0.453944
90800 3.648120 3.648120 3.648120 0.453944 0.453944 0.453944
90900 3.648120 3.648120 3.648120 0.453944 0.453944 0.453944
91000 3.648120 3.648120 3.648120 0.453944 0.453944 0.453944
91100 3.648120 3.648120 3.648120 0.453944 0.453944 0.453944
91200 3.648120 3.648120 3.648120 0.453944 0.453944 0.453944
91300 3.648120 3.648120 3.648120 0.453944 0.453944 0.453944
91400 3.648120 3.648120 3.648120 0.453944 0.453944 0.453944
91500 3.648120 3.648120 3.648120 0.453944 0.453944 0.453944
91600 3.648120 3.648120 3.648120 0.453944 0.453944 0.453944
91700 3.648120 3.648120 3.648120 0.453944 0.453944 0.453944
91800 3.648120 3.648120 3.648120 0.453944 0.453944 0.453944
91900 3.648120 3.648120 3.648120 0.453944 0.453944 0.453944
92000 3.648120 3.648120 3.648120 0.453944 0.453944 0.453944
92100 3.648120 3.648120 3.648120 0.453944 0.453944 0.453944
92200 3.648120 3.648120 3.648120 0.453944 0.453944 0.453944
92300 3.648120 3.648120 3.648120 0.453944 0.453944 0.453944
92400 3.648120 3.648120 3.648120 0.453944 0.453944 0.453944
92500 3.648120 3.648120 3.648120 0.453944 0.453944 0.453944
92600 3.648120 3.648120 3.648120 0.453944 0.453944 0.453944
92700 3.648120 3.648120 3.648120 0.453944 0.453944 0.453944
92800 3.648120 3.648120 3.648120 0.453944 0.453944 0.453944
92900 3.648120 3.648120 3.648120 0.453944 0.453944 0.453944
93000 3.648120 3.648120 3.648120 0.453944 0.453944 0.453944
93100 3.648120 3.648120 3.648120 0.453944 0.453944 0.453944
93200 3.648120 3.648120 3.648120 0.453944 0.453944 0.453944
93300 3.648120 3.648120 3.648120 0.453944 0.453944 0.453944
93400 3.648120 3.648120 3.648120 0.453944 0.453944 0.453944
93500 3.648120 3.648120 3.648120 0.453944 0.453944 0.453944
93600 3.648120 3.648120 3.648120 0.453944 0.453944 0.453944
93700 3.648120 3.648120 3.648120 0.453944 0.453944 0.453944
93800 3.648120 3.648120 3.648120 0.453944 0.453944 0.453944
93900 3.648120 3.648120 3.648120 0.453944 0.453944 0.453944
94000 3.648120 3.648120 3.648120 0.453944 0.453944 0.453944
94100 3.648120 3.648120 3.648120 0.453944 0.453944 0.453944
94200 3.648120 3.648120 3.648120 0.453944 0.453944 0.453944
94300 3.648120 3.648120 3.648120 0.453944 0.453944 0.453944
94400 3.648120 3.648120 3.648120 0.453944 0.453944 0.453944
94500 3.648120 3.648120 3.648120 0.453944 0.453944 0.453944
94600 3.648120 3.648120 3.648120 0.453944 0.453944 0.453944
94700 3.648120 3.648120 3.648120 0.453944 0.453944 0.453944
94800 3.648120 3.648120 3.648120 0.453944 0.453944 0.453944
94900 3.648120 3.648120 3.648120 0.453944 0.453944 0.453944
95000 3.648120 3.648120 3.648120 0.453944 0.453944 0.453944
95100 3.648120 3.648120 3.648120 0.453944 0.453944 0.453944
95200 3.648120 3.648120 3.648120 0.453944 0.453944 0.453944
95300 3.648120 3.648120 3.648120 0.453944 0.453944 0.453944
95400 3.648120 3.648120 3.648120 0.453944 0.453944 0.453944
95500 3.648120 3.648120 3.648120 0.453944 0.453944 0.453944
95600 3.648120 3.648120 3.648120 0.453944 0.453944 0.453944
95700 3.648120 3.648120 3.648120 0.453944 0.453944 0.453944
95800 3.648120 3.648120 3.648120 0.453944 0.453944 0.453944
95900 3.648120 3.648120 3.648120 0.453944 0.453944 0.453944
96000 3.648120 3.648120 3.648120 0.453944 0.453944 0.453944
96100 3.648120 3.648120 3.648120 0.453944 0.453944 0.453944
96200 3.648120 3.648120 3.648120 0.453944 0.453944 0.453944
96300 3.648120 3.648120 3.648120 0.453944 0.453944 0.453944
96400 3.648120 3.648120 3.648120 0.453944 0.453944 0.453944
96500 3.648120 3.648120 3.648120 0.453944 0.453944 0.453944
96600 3.648120 3.648120 3.648120 0.453944 0.453944 0.453944
96700 3.648120 3.648120 3.648120 0.453944 0.453944 0.453944
96800 3.648120 3.648120 3.648120 0.453944 0.453944 0.453944
96900 3.648120 3.648120 3.648120 0.453944 0.453944 0.453944
97000 3.648120 3.648120 3.648120 0.453944 0.453944 0.453944
97100 3.648120 3.648120 3.648120 0.453944 0.453944 0.453944
97200 3.648120 3.648120 3.648120 0.453944 0.453944 0.453944
97300 3.648120 3.648120 3.648120 0.453944 0.453944 0.453944
97400 3.648120 3.648120 3.648120 0.453944 0.453944 0.453944
97500 3.648120 3.648120 3.648120 0.453944 0.453944 0.453944
97600 3.648120 3.648120 3.648120 0.453944 0.453944 0.453944
97700 3.648120 3.648120 3.648120 0.453944 0.453944 0.453944
97800 3.648120 3.648120 3.648120 0.453944 0.453944 0.453944
97900 3.648120 3.648120 3.648120 0.453944 0.453944 0.453944
98000 3.648120 3.648120 3.648120 0.453944 0.453944 0.453944
98100 3.648120 3.648120 3.648120 0.453944 0.453944 0.453944
98200 3.648120 3.648120 3.648120 0.453944 0.453944 0.453944
98300 3.648120 3.648120 3.648120 0.453944 0.453944 0.453944
98400 3.648120 3.648120 3.648120 0.453944 0.453944 0.453944
98500 3.648120 3.648120 3.648120 0.453944 0.453944 0.453944
98600 3.648120 3.648120 3.648120 0.453944 0.453944 0.453944
98700 3.648120 3.648120 3.648120 0.453944 0.453944 0.453944
98800 3.648120 3.648120 3.648120 0.453944 0.453944 0.453944
98900 3.648120 3.648120 3.648120 0.453944 0.453944 0.453944
99000 3.648120 3.648120 3.648120 0.453944 0.453944 0.453944
99100 3.648120 3.648120 3.648120 0.453944 0.453944 0.453944
99200 3.648120 3.648120 3.648120 0.453944 0.453944 0.453944
99300 3.648120 3.648120 3.648120 0.453944 0.453944 0.453944
99400 3.648120 3.648120 3.648120 0.453944 0.453944 0.453944
99500 3.648120 3.648120 3.648120 0.453944 0.453944 0.453944
99600 3.648120 3.648120 3.648120 0.453944 0.453944 0.453944
99700 3.648120 3.648120 3.648120 0.453944 0.453944 0.453944
99800 3.648120 3.648120 3.648120 0.453944 0.453944 0.453944
99900 3.648120 3.648120 3.648120 0.453944 0.453944 0.453944
100000 3.677883 3.677883 3.677883 0.469514 0.469514 0.469514
