# generation power_min power_avg power_max util_min util_avg util_max
1 12.366652 15.574334 17.738697 0.114577 0.163885 0.201875
10 12.366652 15.346931 16.615552 0.114577 0.160706 0.201875
20 12.366652 15.150934 16.183588 0.114577 0.157573 0.193272
30 12.366652 14.973390 15.972236 0.114577 0.154749 0.193272
40 12.366652 14.798404 15.708516 0.114577 0.152422 0.187717
50 11.748607 14.618382 15.470241 0.103093 0.149782 0.181047
60 11.748607 14.473856 15.251158 0.103093 0.148055 0.175562
70 11.748607 14.308790 15.087009 0.103093 0.145646 0.174394
80 11.748607 14.157924 14.960272 0.103093 0.143403 0.174394
90 11.748607 14.006922 14.871242 0.103093 0.141509 0.174394
100 11.748607 13.855530 14.740608 0.103093 0.139100 0.165774
110 11.748607 13.680924 14.615866 0.103093 0.136376 0.164321
120 11.748607 13.500515 14.426185 0.099333 0.134025 0.164321
130 11.748607 13.328181 14.289866 0.099333 0.131384 0.164321
140 11.748607 13.137411 14.062372 0.095000 0.128469 0.156667
150 11.748607 12.985242 13.896369 0.095000 0.126724 0.152388
160 11.748607 12.854799 13.703208 0.095000 0.124777 0.152388
170 11.683229 12.720044 13.610133 0.095000 0.122266 0.152388
180 11.619577 12.572671 13.451261 0.095000 0.120254 0.145106
190 11.210134 12.429443 13.218322 0.095000 0.117863 0.145106
200 11.172084 12.285869 13.078857 0.093502 0.115937 0.145106
210 11.135835 12.150323 12.979015 0.093502 0.114899 0.144015
220 11.135835 12.045248 12.648227 0.093502 0.113312 0.135280
230 10.917704 11.936508 12.489763 0.090394 0.112122 0.128966
240 10.878329 11.832664 12.373361 0.090394 0.110599 0.128966
250 10.754832 11.712046 12.290482 0.090394 0.108687 0.128966
260 10.589951 11.597148 12.169778 0.079192 0.106358 0.128966
270 10.580309 11.478245 12.031781 0.079192 0.104102 0.128966
280 10.343837 11.388045 11.945526 0.079192 0.102485 0.123455
290 10.241195 11.280455 11.864874 0.074167 0.100706 0.123455
300 10.139878 11.155955 11.750534 0.074167 0.098371 0.117791
310 10.091379 11.034976 11.707912 0.074167 0.096405 0.117791
320 10.091379 10.914909 11.611330 0.074167 0.094694 0.117791
330 9.899896 10.804362 11.438592 0.072498 0.093282 0.111454
340 9.687216 10.693504 11.252949 0.072498 0.091490 0.109369
350 9.687216 10.596099 11.188630 0.070502 0.089930 0.109369
360 9.687216 10.498848 11.051831 0.070502 0.087659 0.109369
370 9.687216 10.403809 10.970601 0.070502 0.085393 0.102044
380 9.612985 10.311186 10.796909 0.070502 0.083739 0.102044
390 9.602057 10.225793 10.724981 0.070502 0.081936 0.098906
400 9.602057 10.137669 10.618771 0.070502 0.080348 0.098283
410 9.455710 10.054112 10.558825 0.070502 0.078700 0.093286
420 9.441272 9.978755 10.423935 0.070502 0.077358 0.093286
430 9.441272 9.911941 10.269652 0.070502 0.076430 0.088389
440 9.210866 9.844112 10.233265 0.070019 0.075616 0.087572
450 9.192948 9.771210 10.129441 0.067809 0.074629 0.085065
460 9.192948 9.712649 10.044258 0.067809 0.074178 0.085065
470 9.078488 9.648553 9.970228 0.066336 0.073647 0.085065
480 9.004559 9.588808 9.899896 0.065505 0.073140 0.078348
490 9.004559 9.535991 9.861954 0.065505 0.072930 0.078070
500 9.004559 9.479584 9.801741 0.065505 0.072554 0.078070
510 8.979392 9.421338 9.749112 0.065252 0.072092 0.078070
520 8.979392 9.359991 9.700741 0.064109 0.071302 0.076792
530 8.979392 9.313122 9.612985 0.064109 0.070740 0.076261
540 8.799573 9.263110 9.525867 0.062008 0.070148 0.076261
550 8.799573 9.223933 9.455710 0.062008 0.069637 0.075534
560 8.799573 9.181691 9.417840 0.062008 0.068995 0.075120
570 8.769191 9.144641 9.338522 0.062008 0.068417 0.075120
580 8.769191 9.110646 9.309725 0.062008 0.067995 0.073352
590 8.769191 9.075608 9.246520 0.062008 0.067462 0.072511
600 8.570537 9.032451 9.239721 0.061983 0.066794 0.072435
610 8.511079 8.991690 9.202312 0.061983 0.066239 0.071577
620 8.511079 8.955591 9.157356 0.058283 0.065612 0.071577
630 8.511079 8.921696 9.113630 0.058283 0.065248 0.070491
640 8.511079 8.885388 9.078488 0.058283 0.065038 0.070491
650 8.511079 8.853644 9.045696 0.056640 0.064807 0.070491
660 8.475290 8.819147 9.022229 0.055980 0.064266 0.070491
670 8.278958 8.772951 8.986221 0.055435 0.063707 0.070491
680 8.278958 8.734975 8.935642 0.055435 0.063104 0.070491
690 8.278958 8.700622 8.902430 0.055435 0.062938 0.070491
700 8.278958 8.661082 8.818356 0.055435 0.062793 0.070491
710 8.263777 8.627379 8.807785 0.055435 0.062340 0.070491
720 8.263777 8.591296 8.799573 0.055435 0.061380 0.066792
730 8.035745 8.549700 8.773027 0.054957 0.060679 0.064836
740 8.035745 8.511786 8.712075 0.054957 0.060343 0.063913
750 8.035745 8.472567 8.699428 0.054957 0.059901 0.063913
760 8.035745 8.425424 8.674817 0.054957 0.059332 0.063913
770 8.035745 8.388978 8.570537 0.054957 0.058992 0.063913
780 8.035745 8.355382 8.562326 0.054957 0.058356 0.063763
790 7.948708 8.313634 8.534408 0.054296 0.058027 0.063763
800 7.948708 8.274693 8.475290 0.054296 0.057715 0.063285
810 7.948708 8.232584 8.470533 0.054296 0.057039 0.063285
820 7.948708 8.194598 8.414734 0.054296 0.056508 0.057854
830 7.948708 8.160162 8.355995 0.054296 0.056345 0.057854
840 7.948708 8.123491 8.278958 0.054296 0.056138 0.057854
850 7.948708 8.093400 8.265990 0.054296 0.055933 0.057854
860 7.948708 8.067018 8.263777 0.054296 0.055713 0.057854
870 7.859273 8.037344 8.236320 0.052195 0.055494 0.057854
880 7.859273 8.012787 8.178954 0.052195 0.055382 0.057854
890 7.859273 7.991937 8.147064 0.052195 0.055247 0.057375
900 7.859273 7.971427 8.060028 0.052195 0.054935 0.056715
910 7.859273 7.961997 8.035745 0.052195 0.054777 0.056715
920 7.859273 7.952521 8.035745 0.052195 0.054520 0.056715
930 7.859273 7.947412 7.960922 0.052195 0.054363 0.054957
940 7.859273 7.944402 7.960922 0.052195 0.054255 0.054957
950 7.859273 7.939603 7.960922 0.052195 0.054105 0.054957
960 7.859273 7.934399 7.948708 0.052195 0.053960 0.054296
970 7.859273 7.931716 7.948708 0.052195 0.053897 0.054296
980 7.859273 7.927244 7.948708 0.052195 0.053792 0.054296
990 7.859273 7.921878 7.948708 0.052195 0.053666 0.054296
1000 7.859273 7.914723 7.948708 0.052195 0.053498 0.054296
1010 7.859273 7.907568 7.948708 0.052195 0.053329 0.054296
1020 7.859273 7.898625 7.948708 0.052195 0.053119 0.054296
1030 7.859273 7.890576 7.948708 0.052195 0.052930 0.054296
1040 7.859273 7.881632 7.948708 0.052195 0.052720 0.054296
1050 7.859273 7.872688 7.948708 0.052195 0.052510 0.054296
1060 7.859273 7.863745 7.948708 0.052195 0.052300 0.054296
1070 7.859273 7.859273 7.859273 0.052195 0.052195 0.052195
1080 7.859273 7.859273 7.859273 0.052195 0.052195 0.052195
1090 7.859273 7.859273 7.859273 0.052195 0.052195 0.052195
1100 7.859273 7.859273 7.859273 0.052195 0.052195 0.052195
1110 7.859273 7.859273 7.859273 0.052195 0.052195 0.052195
1120 7.859273 7.859273 7.859273 0.052195 0.052195 0.052195
1130 7.859273 7.859273 7.859273 0.052195 0.052195 0.052195
1140 7.859273 7.859273 7.859273 0.052195 0.052195 0.052195
1150 7.859273 7.859273 7.859273 0.052195 0.052195 0.052195
1160 7.859273 7.859273 7.859273 0.052195 0.052195 0.052195
1170 7.859273 7.859273 7.859273 0.052195 0.052195 0.052195
1180 7.859273 7.859273 7.859273 0.052195 0.052195 0.052195
1190 7.859273 7.859273 7.859273 0.052195 0.052195 0.052195
1200 7.859273 7.859273 7.859273 0.052195 0.052195 0.052195
1210 7.859273 7.859273 7.859273 0.052195 0.052195 0.052195
1220 7.859273 7.859273 7.859273 0.052195 0.052195 0.052195
1230 7.859273 7.859273 7.859273 0.052195 0.052195 0.052195
1240 7.859273 7.859273 7.859273 0.052195 0.052195 0.052195
1250 7.859273 7.859273 7.859273 0.052195 0.052195 0.052195
1260 7.859273 7.859273 7.859273 0.052195 0.052195 0.052195
1270 7.859273 7.859273 7.859273 0.052195 0.052195 0.052195
1280 7.859273 7.859273 7.859273 0.052195 0.052195 0.052195
1290 7.859273 7.859273 7.859273 0.052195 0.052195 0.052195
1300 7.859273 7.859273 7.859273 0.052195 0.052195 0.052195
1310 7.859273 7.859273 7.859273 0.052195 0.052195 0.052195
1320 7.859273 7.859273 7.859273 0.052195 0.052195 0.052195
1330 7.859273 7.859273 7.859273 0.052195 0.052195 0.052195
1340 7.859273 7.859273 7.859273 0.052195 0.052195 0.052195
1350 7.859273 7.859273 7.859273 0.052195 0.052195 0.052195
1360 7.859273 7.859273 7.859273 0.052195 0.052195 0.052195
1370 7.859273 7.859273 7.859273 0.052195 0.052195 0.052195
1380 7.859273 7.859273 7.859273 0.052195 0.052195 0.052195
1390 7.859273 7.859273 7.859273 0.052195 0.052195 0.052195
1400 7.859273 7.859273 7.859273 0.052195 0.052195 0.052195
1410 7.859273 7.859273 7.859273 0.052195 0.052195 0.052195
1420 7.859273 7.859273 7.859273 0.052195 0.052195 0.052195
1430 7.859273 7.859273 7.859273 0.052195 0.052195 0.052195
1440 7.859273 7.859273 7.859273 0.052195 0.052195 0.052195
1450 7.859273 7.859273 7.859273 0.052195 0.052195 0.052195
1460 7.859273 7.859273 7.859273 0.052195 0.052195 0.052195
1470 7.859273 7.859273 7.859273 0.052195 0.052195 0.052195
1480 7.859273 7.859273 7.859273 0.052195 0.052195 0.052195
1490 7.859273 7.859273 7.859273 0.052195 0.052195 0.052195
1500 7.859273 7.859273 7.859273 0.052195 0.052195 0.052195
1510 7.859273 7.859273 7.859273 0.052195 0.052195 0.052195
1520 7.859273 7.859273 7.859273 0.052195 0.052195 0.052195
1530 7.859273 7.859273 7.859273 0.052195 0.052195 0.052195
1540 7.859273 7.859273 7.859273 0.052195 0.052195 0.052195
1550 7.859273 7.859273 7.859273 0.052195 0.052195 0.052195
1560 7.859273 7.859273 7.859273 0.052195 0.052195 0.052195
1570 7.859273 7.859273 7.859273 0.052195 0.052195 0.052195
1580 7.859273 7.859273 7.859273 0.052195 0.052195 0.052195
1590 7.859273 7.859273 7.859273 0.052195 0.052195 0.052195
1600 7.859273 7.859273 7.859273 0.052195 0.052195 0.052195
1610 7.859273 7.859273 7.859273 0.052195 0.052195 0.052195
1620 7.859273 7.859273 7.859273 0.052195 0.052195 0.052195
1630 7.859273 7.859273 7.859273 0.052195 0.052195 0.052195
1640 7.859273 7.859273 7.859273 0.052195 0.052195 0.052195
1650 7.859273 7.859273 7.859273 0.052195 0.052195 0.052195
1660 7.859273 7.859273 7.859273 0.052195 0.052195 0.052195
1670 7.859273 7.859273 7.859273 0.052195 0.052195 0.052195
1680 7.859273 7.859273 7.859273 0.052195 0.052195 0.052195
1690 7.859273 7.859273 7.859273 0.052195 0.052195 0.052195
1700 7.859273 7.859273 7.859273 0.052195 0.052195 0.052195
1710 7.859273 7.859273 7.859273 0.052195 0.052195 0.052195
1720 7.859273 7.859273 7.859273 0.052195 0.052195 0.052195
1730 7.859273 7.859273 7.859273 0.052195 0.052195 0.052195
1740 7.859273 7.859273 7.859273 0.052195 0.052195 0.052195
1750 7.859273 7.859273 7.859273 0.052195 0.052195 0.052195
1760 7.859273 7.859273 7.859273 0.052195 0.052195 0.052195
1770 7.859273 7.859273 7.859273 0.052195 0.052195 0.052195
1780 7.859273 7.859273 7.859273 0.052195 0.052195 0.052195
1790 7.859273 7.859273 7.859273 0.052195 0.052195 0.052195
1800 7.859273 7.859273 7.859273 0.052195 0.052195 0.052195
1810 7.859273 7.859273 7.859273 0.052195 0.052195 0.052195
1820 7.859273 7.859273 7.859273 0.052195 0.052195 0.052195
1830 7.859273 7.859273 7.859273 0.052195 0.052195 0.052195
1840 7.859273 7.859273 7.859273 0.052195 0.052195 0.052195
1850 7.859273 7.859273 7.859273 0.052195 0.052195 0.052195
1860 7.859273 7.859273 7.859273 0.052195 0.052195 0.052195
1870 7.859273 7.859273 7.859273 0.052195 0.052195 0.052195
1880 7.859273 7.859273 7.859273 0.052195 0.052195 0.052195
1890 7.859273 7.859273 7.859273 0.052195 0.052195 0.052195
1900 7.859273 7.859273 7.859273 0.052195 0.052195 0.052195
1910 7.859273 7.859273 7.859273 0.052195 0.052195 0.052195
1920 7.859273 7.859273 7.859273 0.052195 0.052195 0.052195
1930 7.859273 7.859273 7.859273 0.052195 0.052195 0.052195
1940 7.859273 7.859273 7.859273 0.052195 0.052195 0.052195
1950 7.859273 7.859273 7.859273 0.052195 0.052195 0.052195
1960 7.859273 7.859273 7.859273 0.052195 0.052195 0.052195
1970 7.859273 7.859273 7.859273 0.052195 0.052195 0.052195
1980 7.859273 7.859273 7.859273 0.052195 0.052195 0.052195
1990 7.859273 7.859273 7.859273 0.052195 0.052195 0.052195
2000 7.859273 7.859273 7.859273 0.052195 0.052195 0.052195
2010 7.859273 7.859273 7.859273 0.052195 0.052195 0.052195
2020 7.859273 7.859273 7.859273 0.052195 0.052195 0.052195
2030 7.859273 7.859273 7.859273 0.052195 0.052195 0.052195
2040 7.859273 7.859273 7.859273 0.052195 0.052195 0.052195
2050 7.859273 7.859273 7.859273 0.052195 0.052195 0.052195
2060 7.859273 7.859273 7.859273 0.052195 0.052195 0.052195
2070 7.859273 7.859273 7.859273 0.052195 0.052195 0.052195
2080 7.859273 7.859273 7.859273 0.052195 0.052195 0.052195
2090 7.859273 7.859273 7.859273 0.052195 0.052195 0.052195
2100 7.859273 7.859273 7.859273 0.052195 0.052195 0.052195
2110 7.859273 7.859273 7.859273 0.052195 0.052195 0.052195
2120 7.859273 7.859273 7.859273 0.052195 0.052195 0.052195
2130 7.859273 7.859273 7.859273 0.052195 0.052195 0.052195
2140 7.859273 7.859273 7.859273 0.052195 0.052195 0.052195
2150 7.859273 7.859273 7.859273 0.052195 0.052195 0.052195
2160 7.859273 7.859273 7.859273 0.052195 0.052195 0.052195
2170 7.859273 7.859273 7.859273 0.052195 0.052195 0.052195
2180 7.859273 7.859273 7.859273 0.052195 0.052195 0.052195
2190 7.859273 7.859273 7.859273 0.052195 0.052195 0.052195
2200 7.859273 7.859273 7.859273 0.052195 0.052195 0.052195
2210 7.859273 7.859273 7.859273 0.052195 0.052195 0.052195
2220 7.859273 7.859273 7.859273 0.052195 0.052195 0.052195
2230 7.859273 7.859273 7.859273 0.052195 0.052195 0.052195
2240 7.859273 7.859273 7.859273 0.052195 0.052195 0.052195
2250 7.859273 7.859273 7.859273 0.052195 0.052195 0.052195
2260 7.859273 7.859273 7.859273 0.052195 0.052195 0.052195
2270 7.859273 7.859273 7.859273 0.052195 0.052195 0.052195
2280 7.859273 7.859273 7.859273 0.052195 0.052195 0.052195
2290 7.859273 7.859273 7.859273 0.052195 0.052195 0.052195
2300 7.859273 7.859273 7.859273 0.052195 0.052195 0.052195
2310 7.859273 7.859273 7.859273 0.052195 0.052195 0.052195
2320 7.859273 7.859273 7.859273 0.052195 0.052195 0.052195
2330 7.859273 7.859273 7.859273 0.052195 0.052195 0.052195
2340 7.859273 7.859273 7.859273 0.052195 0.052195 0.052195
2350 7.859273 7.859273 7.859273 0.052195 0.052195 0.052195
2360 7.859273 7.859273 7.859273 0.052195 0.052195 0.052195
2370 7.859273 7.859273 7.859273 0.052195 0.052195 0.052195
2380 7.859273 7.859273 7.859273 0.052195 0.052195 0.052195
2390 7.859273 7.859273 7.859273 0.052195 0.052195 0.052195
2400 7.859273 7.859273 7.859273 0.052195 0.052195 0.052195
2410 7.859273 7.859273 7.859273 0.052195 0.052195 0.052195
2420 7.859273 7.859273 7.859273 0.052195 0.052195 0.052195
2430 7.859273 7.859273 7.859273 0.052195 0.052195 0.052195
2440 7.859273 7.859273 7.859273 0.052195 0.052195 0.052195
2450 7.859273 7.859273 7.859273 0.052195 0.052195 0.052195
2460 7.859273 7.859273 7.859273 0.052195 0.052195 0.052195
2470 7.859273 7.859273 7.859273 0.052195 0.052195 0.052195
2480 7.859273 7.859273 7.859273 0.052195 0.052195 0.052195
2490 7.859273 7.859273 7.859273 0.052195 0.052195 0.052195
2500 7.859273 7.859273 7.859273 0.052195 0.052195 0.052195
2510 7.859273 7.859273 7.859273 0.052195 0.052195 0.052195
2520 7.859273 7.859273 7.859273 0.052195 0.052195 0.052195
2530 7.859273 7.859273 7.859273 0.052195 0.052195 0.052195
2540 7.859273 7.859273 7.859273 0.052195 0.052195 0.052195
2550 7.859273 7.859273 7.859273 0.052195 0.052195 0.052195
2560 7.859273 7.859273 7.859273 0.052195 0.052195 0.052195
2570 7.859273 7.859273 7.859273 0.052195 0.052195 0.052195
2580 7.859273 7.859273 7.859273 0.052195 0.052195 0.052195
2590 7.859273 7.859273 7.859273 0.052195 0.052195 0.052195
2600 7.859273 7.859273 7.859273 0.052195 0.052195 0.052195
2610 7.859273 7.859273 7.859273 0.052195 0.052195 0.052195
2620 7.859273 7.859273 7.859273 0.052195 0.052195 0.052195
2630 7.859273 7.859273 7.859273 0.052195 0.052195 0.052195
2640 7.859273 7.859273 7.859273 0.052195 0.052195 0.052195
2650 7.859273 7.859273 7.859273 0.052195 0.052195 0.052195
2660 7.859273 7.859273 7.859273 0.052195 0.052195 0.052195
2670 7.859273 7.859273 7.859273 0.052195 0.052195 0.052195
2680 7.859273 7.859273 7.859273 0.052195 0.052195 0.052195
2690 7.859273 7.859273 7.859273 0.052195 0.052195 0.052195
2700 7.859273 7.859273 7.859273 0.052195 0.052195 0.052195
2710 7.859273 7.859273 7.859273 0.052195 0.052195 0.052195
2720 7.859273 7.859273 7.859273 0.052195 0.052195 0.052195
2730 7.859273 7.859273 7.859273 0.052195 0.052195 0.052195
2740 7.859273 7.859273 7.859273 0.052195 0.052195 0.052195
2750 7.859273 7.859273 7.859273 0.052195 0.052195 0.052195
2760 7.859273 7.859273 7.859273 0.052195 0.052195 0.052195
2770 7.859273 7.859273 7.859273 0.052195 0.052195 0.052195
2780 7.859273 7.859273 7.859273 0.052195 0.052195 0.052195
2790 7.859273 7.859273 7.859273 0.052195 0.052195 0.052195
2800 7.859273 7.859273 7.859273 0.052195 0.052195 0.052195
2810 7.859273 7.859273 7.859273 0.052195 0.052195 0.052195
2820 7.859273 7.859273 7.859273 0.052195 0.052195 0.052195
2830 7.859273 7.859273 7.859273 0.052195 0.052195 0.052195
2840 7.859273 7.859273 7.859273 0.052195 0.052195 0.052195
2850 7.859273 7.859273 7.859273 0.052195 0.052195 0.052195
2860 7.859273 7.859273 7.859273 0.052195 0.052195 0.052195
2870 7.859273 7.859273 7.859273 0.052195 0.052195 0.052195
2880 7.859273 7.859273 7.859273 0.052195 0.052195 0.052195
2890 7.859273 7.859273 7.859273 0.052195 0.052195 0.052195
2900 7.859273 7.859273 7.859273 0.052195 0.052195 0.052195
2910 7.859273 7.859273 7.859273 0.052195 0.052195 0.052195
2920 7.859273 7.859273 7.859273 0.052195 0.052195 0.052195
2930 7.859273 7.859273 7.859273 0.052195 0.052195 0.052195
2940 7.859273 7.859273 7.859273 0.052195 0.052195 0.052195
2950 7.859273 7.859273 7.859273 0.052195 0.052195 0.052195
2960 7.859273 7.859273 7.859273 0.052195 0.052195 0.052195
2970 7.859273 7.859273 7.859273 0.052195 0.052195 0.052195
2980 7.859273 7.859273 7.859273 0.052195 0.052195 0.052195
2990 7.859273 7.859273 7.859273 0.052195 0.052195 0.052195
3000 7.859273 7.859273 7.859273 0.052195 0.052195 0.052195
3010 7.859273 7.859273 7.859273 0.052195 0.052195 0.052195
3020 7.859273 7.859273 7.859273 0.052195 0.052195 0.052195
3030 7.859273 7.859273 7.859273 0.052195 0.052195 0.052195
3040 7.859273 7.859273 7.859273 0.052195 0.052195 0.052195
3050 7.859273 7.859273 7.859273 0.052195 0.052195 0.052195
3060 7.859273 7.859273 7.859273 0.052195 0.052195 0.052195
3070 7.859273 7.859273 7.859273 0.052195 0.052195 0.052195
3080 7.859273 7.859273 7.859273 0.052195 0.052195 0.052195
3090 7.859273 7.859273 7.859273 0.052195 0.052195 0.052195
3100 7.859273 7.859273 7.859273 0.052195 0.052195 0.052195
3110 7.859273 7.859273 7.859273 0.052195 0.052195 0.052195
3120 7.859273 7.859273 7.859273 0.052195 0.052195 0.052195
3130 7.859273 7.859273 7.859273 0.052195 0.052195 0.052195
3140 7.859273 7.859273 7.859273 0.052195 0.052195 0.052195
3150 7.859273 7.859273 7.859273 0.052195 0.052195 0.052195
3160 7.859273 7.859273 7.859273 0.052195 0.052195 0.052195
3170 7.859273 7.859273 7.859273 0.052195 0.052195 0.052195
3180 7.859273 7.859273 7.859273 0.052195 0.052195 0.052195
3190 7.859273 7.859273 7.859273 0.052195 0.052195 0.052195
3200 7.859273 7.859273 7.859273 0.052195 0.052195 0.052195
3210 7.859273 7.859273 7.859273 0.052195 0.052195 0.052195
3220 7.859273 7.859273 7.859273 0.052195 0.052195 0.052195
3230 7.859273 7.859273 7.859273 0.052195 0.052195 0.052195
3240 7.859273 7.859273 7.859273 0.052195 0.052195 0.052195
3250 7.859273 7.859273 7.859273 0.052195 0.052195 0.052195
3260 7.859273 7.859273 7.859273 0.052195 0.052195 0.052195
3270 7.859273 7.859273 7.859273 0.052195 0.052195 0.052195
3280 7.859273 7.859273 7.859273 0.052195 0.052195 0.052195
3290 7.859273 7.859273 7.859273 0.052195 0.052195 0.052195
3300 7.859273 7.859273 7.859273 0.052195 0.052195 0.052195
3310 7.859273 7.859273 7.859273 0.052195 0.052195 0.052195
3320 7.859273 7.859273 7.859273 0.052195 0.052195 0.052195
3330 7.859273 7.859273 7.859273 0.052195 0.052195 0.052195
3340 7.859273 7.859273 7.859273 0.052195 0.052195 0.052195
3350 7.859273 7.859273 7.859273 0.052195 0.052195 0.052195
3360 7.859273 7.859273 7.859273 0.052195 0.052195 0.052195
3370 7.859273 7.859273 7.859273 0.052195 0.052195 0.052195
3380 7.859273 7.859273 7.859273 0.052195 0.052195 0.052195
3390 7.859273 7.859273 7.859273 0.052195 0.052195 0.052195
3400 7.859273 7.859273 7.859273 0.052195 0.052195 0.052195
3410 7.859273 7.859273 7.859273 0.052195 0.052195 0.052195
3420 7.859273 7.859273 7.859273 0.052195 0.052195 0.052195
3430 7.859273 7.859273 7.859273 0.052195 0.052195 0.052195
3440 7.859273 7.859273 7.859273 0.052195 0.052195 0.052195
3450 7.859273 7.859273 7.859273 0.052195 0.052195 0.052195
3460 7.859273 7.859273 7.859273 0.052195 0.052195 0.052195
3470 7.859273 7.859273 7.859273 0.052195 0.052195 0.052195
3480 7.859273 7.859273 7.859273 0.052195 0.052195 0.052195
3490 7.859273 7.859273 7.859273 0.052195 0.052195 0.052195
3500 7.859273 7.859273 7.859273 0.052195 0.052195 0.052195
3510 7.859273 7.859273 7.859273 0.052195 0.052195 0.052195
3520 7.859273 7.859273 7.859273 0.052195 0.052195 0.052195
3530 7.859273 7.859273 7.859273 0.052195 0.052195 0.052195
3540 7.859273 7.859273 7.859273 0.052195 0.052195 0.052195
3550 7.859273 7.859273 7.859273 0.052195 0.052195 0.052195
3560 7.859273 7.859273 7.859273 0.052195 0.052195 0.052195
3570 7.859273 7.859273 7.859273 0.052195 0.052195 0.052195
3580 7.859273 7.859273 7.859273 0.052195 0.052195 0.052195
3590 7.859273 7.859273 7.859273 0.052195 0.052195 0.052195
3600 7.859273 7.859273 7.859273 0.052195 0.052195 0.052195
3610 7.859273 7.859273 7.859273 0.052195 0.052195 0.052195
3620 7.859273 7.859273 7.859273 0.052195 0.052195 0.052195
3630 7.859273 7.859273 7.859273 0.052195 0.052195 0.052195
3640 7.859273 7.859273 7.859273 0.052195 0.052195 0.052195
3650 7.859273 7.859273 7.859273 0.052195 0.052195 0.052195
3660 7.859273 7.859273 7.859273 0.052195 0.052195 0.052195
3670 7.859273 7.859273 7.859273 0.052195 0.052195 0.052195
3680 7.859273 7.859273 7.859273 0.052195 0.052195 0.052195
3690 7.859273 7.859273 7.859273 0.052195 0.052195 0.052195
3700 7.859273 7.859273 7.859273 0.052195 0.052195 0.052195
3710 7.859273 7.859273 7.859273 0.052195 0.052195 0.052195
3720 7.859273 7.859273 7.859273 0.052195 0.052195 0.052195
3730 7.859273 7.859273 7.859273 0.052195 0.052195 0.052195
3740 7.859273 7.859273 7.859273 0.052195 0.052195 0.052195
3750 7.859273 7.859273 7.859273 0.052195 0.052195 0.052195
3760 7.859273 7.859273 7.859273 0.052195 0.052195 0.052195
3770 7.859273 7.859273 7.859273 0.052195 0.052195 0.052195
3780 7.859273 7.859273 7.859273 0.052195 0.052195 0.052195
3790 7.859273 7.859273 7.859273 0.052195 0.052195 0.052195
3800 7.859273 7.859273 7.859273 0.052195 0.052195 0.052195
3810 7.859273 7.859273 7.859273 0.052195 0.052195 0.052195
3820 7.859273 7.859273 7.859273 0.052195 0.052195 0.052195
3830 7.859273 7.859273 7.859273 0.052195 0.052195 0.052195
3840 7.859273 7.859273 7.859273 0.052195 0.052195 0.052195
3850 7.859273 7.859273 7.859273 0.052195 0.052195 0.052195
3860 7.859273 7.859273 7.859273 0.052195 0.052195 0.052195
3870 7.859273 7.859273 7.859273 0.052195 0.052195 0.052195
3880 7.859273 7.859273 7.859273 0.052195 0.052195 0.052195
3890 7.859273 7.859273 7.859273 0.052195 0.052195 0.052195
3900 7.859273 7.859273 7.859273 0.052195 0.052195 0.052195
3910 7.859273 7.859273 7.859273 0.052195 0.052195 0.052195
3920 7.859273 7.859273 7.859273 0.052195 0.052195 0.052195
3930 7.859273 7.859273 7.859273 0.052195 0.052195 0.052195
3940 7.859273 7.859273 7.859273 0.052195 0.052195 0.052195
3950 7.859273 7.859273 7.859273 0.052195 0.052195 0.052195
3960 7.859273 7.859273 7.859273 0.052195 0.052195 0.052195
3970 7.859273 7.859273 7.859273 0.052195 0.052195 0.052195
3980 7.859273 7.859273 7.859273 0.052195 0.052195 0.052195
3990 7.859273 7.859273 7.859273 0.052195 0.052195 0.052195
4000 7.859273 7.859273 7.859273 0.052195 0.052195 0.052195
4010 7.859273 7.859273 7.859273 0.052195 0.052195 0.052195
4020 7.859273 7.859273 7.859273 0.052195 0.052195 0.052195
4030 7.859273 7.859273 7.859273 0.052195 0.052195 0.052195
4040 7.859273 7.859273 7.859273 0.052195 0.052195 0.052195
4050 7.859273 7.859273 7.859273 0.052195 0.052195 0.052195
4060 7.859273 7.859273 7.859273 0.052195 0.052195 0.052195
4070 7.859273 7.859273 7.859273 0.052195 0.052195 0.052195
4080 7.859273 7.859273 7.859273 0.052195 0.052195 0.052195
4090 7.859273 7.859273 7.859273 0.052195 0.052195 0.052195
4100 7.859273 7.859273 7.859273 0.052195 0.052195 0.052195
4110 7.859273 7.859273 7.859273 0.052195 0.052195 0.052195
4120 7.859273 7.859273 7.859273 0.052195 0.052195 0.052195
4130 7.859273 7.859273 7.859273 0.052195 0.052195 0.052195
4140 7.859273 7.859273 7.859273 0.052195 0.052195 0.052195
4150 7.859273 7.859273 7.859273 0.052195 0.052195 0.052195
4160 7.859273 7.859273 7.859273 0.052195 0.052195 0.052195
4170 7.859273 7.859273 7.859273 0.052195 0.052195 0.052195
4180 7.859273 7.859273 7.859273 0.052195 0.052195 0.052195
4190 7.859273 7.859273 7.859273 0.052195 0.052195 0.052195
4200 7.859273 7.859273 7.859273 0.052195 0.052195 0.052195
4210 7.859273 7.859273 7.859273 0.052195 0.052195 0.052195
4220 7.859273 7.859273 7.859273 0.052195 0.052195 0.052195
4230 7.859273 7.859273 7.859273 0.052195 0.052195 0.052195
4240 7.859273 7.859273 7.859273 0.052195 0.052195 0.052195
4250 7.859273 7.859273 7.859273 0.052195 0.052195 0.052195
4260 7.859273 7.859273 7.859273 0.052195 0.052195 0.052195
4270 7.859273 7.859273 7.859273 0.052195 0.052195 0.052195
4280 7.859273 7.859273 7.859273 0.052195 0.052195 0.052195
4290 7.859273 7.859273 7.859273 0.052195 0.052195 0.052195
4300 7.859273 7.859273 7.859273 0.052195 0.052195 0.052195
4310 7.859273 7.859273 7.859273 0.052195 0.052195 0.052195
4320 7.859273 7.859273 7.859273 0.052195 0.052195 0.052195
4330 7.859273 7.859273 7.859273 0.052195 0.052195 0.052195
4340 7.859273 7.859273 7.859273 0.052195 0.052195 0.052195
4350 7.859273 7.859273 7.859273 0.052195 0.052195 0.052195
4360 7.859273 7.859273 7.859273 0.052195 0.052195 0.052195
4370 7.859273 7.859273 7.859273 0.052195 0.052195 0.052195
4380 7.859273 7.859273 7.859273 0.052195 0.052195 0.052195
4390 7.859273 7.859273 7.859273 0.052195 0.052195 0.052195
4400 7.859273 7.859273 7.859273 0.052195 0.052195 0.052195
4410 7.859273 7.859273 7.859273 0.052195 0.052195 0.052195
4420 7.859273 7.859273 7.859273 0.052195 0.052195 0.052195
4430 7.859273 7.859273 7.859273 0.052195 0.052195 0.052195
4440 7.859273 7.859273 7.859273 0.052195 0.052195 0.052195
4450 7.859273 7.859273 7.859273 0.052195 0.052195 0.052195
4460 7.859273 7.859273 7.859273 0.052195 0.052195 0.052195
4470 7.859273 7.859273 7.859273 0.052195 0.052195 0.052195
4480 7.859273 7.859273 7.859273 0.052195 0.052195 0.052195
4490 7.859273 7.859273 7.859273 0.052195 0.052195 0.052195
4500 7.859273 7.859273 7.859273 0.052195 0.052195 0.052195
4510 7.859273 7.859273 7.859273 0.052195 0.052195 0.052195
4520 7.859273 7.859273 7.859273 0.052195 0.052195 0.052195
4530 7.859273 7.859273 7.859273 0.052195 0.052195 0.052195
4540 7.859273 7.859273 7.859273 0.052195 0.052195 0.052195
4550 7.859273 7.859273 7.859273 0.052195 0.052195 0.052195
4560 7.859273 7.859273 7.859273 0.052195 0.052195 0.052195
4570 7.859273 7.859273 7.859273 0.052195 0.052195 0.052195
4580 7.859273 7.859273 7.859273 0.052195 0.052195 0.052195
4590 7.859273 7.859273 7.859273 0.052195 0.052195 0.052195
4600 7.859273 7.859273 7.859273 0.052195 0.052195 0.052195
4610 7.859273 7.859273 7.859273 0.052195 0.052195 0.052195
4620 7.859273 7.859273 7.859273 0.052195 0.052195 0.052195
4630 7.859273 7.859273 7.859273 0.052195 0.052195 0.052195
4640 7.859273 7.859273 7.859273 0.052195 0.052195 0.052195
4650 7.859273 7.859273 7.859273 0.052195 0.052195 0.052195
4660 7.859273 7.859273 7.859273 0.052195 0.052195 0.052195
4670 7.859273 7.859273 7.859273 0.052195 0.052195 0.052195
4680 7.859273 7.859273 7.859273 0.052195 0.052195 0.052195
4690 7.859273 7.859273 7.859273 0.052195 0.052195 0.052195
4700 7.859273 7.859273 7.859273 0.052195 0.052195 0.052195
4710 7.859273 7.859273 7.859273 0.052195 0.052195 0.052195
4720 7.859273 7.859273 7.859273 0.052195 0.052195 0.052195
4730 7.859273 7.859273 7.859273 0.052195 0.052195 0.052195
4740 7.859273 7.859273 7.859273 0.052195 0.052195 0.052195
4750 7.859273 7.859273 7.859273 0.052195 0.052195 0.052195
4760 7.859273 7.859273 7.859273 0.052195 0.052195 0.052195
4770 7.859273 7.859273 7.859273 0.052195 0.052195 0.052195
4780 7.859273 7.859273 7.859273 0.052195 0.052195 0.052195
4790 7.859273 7.859273 7.859273 0.052195 0.052195 0.052195
4800 7.859273 7.859273 7.859273 0.052195 0.052195 0.052195
4810 7.859273 7.859273 7.859273 0.052195 0.052195 0.052195
4820 7.859273 7.859273 7.859273 0.052195 0.052195 0.052195
4830 7.859273 7.859273 7.859273 0.052195 0.052195 0.052195
4840 7.859273 7.859273 7.859273 0.052195 0.052195 0.052195
4850 7.859273 7.859273 7.859273 0.052195 0.052195 0.052195
4860 7.859273 7.859273 7.859273 0.052195 0.052195 0.052195
4870 7.859273 7.859273 7.859273 0.052195 0.052195 0.052195
4880 7.859273 7.859273 7.859273 0.052195 0.052195 0.052195
4890 7.859273 7.859273 7.859273 0.052195 0.052195 0.052195
4900 7.859273 7.859273 7.859273 0.052195 0.052195 0.052195
4910 7.859273 7.859273 7.859273 0.052195 0.052195 0.052195
4920 7.859273 7.859273 7.859273 0.052195 0.052195 0.052195
4930 7.859273 7.859273 7.859273 0.052195 0.052195 0.052195
4940 7.859273 7.859273 7.859273 0.052195 0.052195 0.052195
4950 7.859273 7.859273 7.859273 0.052195 0.052195 0.052195
4960 7.859273 7.859273 7.859273 0.052195 0.052195 0.052195
4970 7.859273 7.859273 7.859273 0.052195 0.052195 0.052195
4980 7.859273 7.859273 7.859273 0.052195 0.052195 0.052195
4990 7.859273 7.859273 7.859273 0.052195 0.052195 0.052195
5000 7.859273 7.859273 7.859273 0.052195 0.052195 0.052195
5010 7.859273 7.859273 7.859273 0.052195 0.052195 0.052195
5020 7.859273 7.859273 7.859273 0.052195 0.052195 0.052195
5030 7.859273 7.859273 7.859273 0.052195 0.052195 0.052195
5040 7.859273 7.859273 7.859273 0.052195 0.052195 0.052195
5050 7.859273 7.859273 7.859273 0.052195 0.052195 0.052195
5060 7.859273 7.859273 7.859273 0.052195 0.052195 0.052195
5070 7.859273 7.859273 7.859273 0.052195 0.052195 0.052195
5080 7.859273 7.859273 7.859273 0.052195 0.052195 0.052195
5090 7.859273 7.859273 7.859273 0.052195 0.052195 0.052195
5100 7.859273 7.859273 7.859273 0.052195 0.052195 0.052195
5110 7.859273 7.859273 7.859273 0.052195 0.052195 0.052195
5120 7.859273 7.859273 7.859273 0.052195 0.052195 0.052195
5130 7.859273 7.859273 7.859273 0.052195 0.052195 0.052195
5140 7.859273 7.859273 7.859273 0.052195 0.052195 0.052195
5150 7.859273 7.859273 7.859273 0.052195 0.052195 0.052195
5160 7.859273 7.859273 7.859273 0.052195 0.052195 0.052195
5170 7.859273 7.859273 7.859273 0.052195 0.052195 0.052195
5180 7.859273 7.859273 7.859273 0.052195 0.052195 0.052195
5190 7.859273 7.859273 7.859273 0.052195 0.052195 0.052195
5200 7.859273 7.859273 7.859273 0.052195 0.052195 0.052195
5210 7.859273 7.859273 7.859273 0.052195 0.052195 0.052195
5220 7.859273 7.859273 7.859273 0.052195 0.052195 0.052195
5230 7.859273 7.859273 7.859273 0.052195 0.052195 0.052195
5240 7.859273 7.859273 7.859273 0.052195 0.052195 0.052195
5250 7.859273 7.859273 7.859273 0.052195 0.052195 0.052195
5260 7.859273 7.859273 7.859273 0.052195 0.052195 0.052195
5270 7.859273 7.859273 7.859273 0.052195 0.052195 0.052195
5280 7.859273 7.859273 7.859273 0.052195 0.052195 0.052195
5290 7.859273 7.859273 7.859273 0.052195 0.052195 0.052195
5300 7.859273 7.859273 7.859273 0.052195 0.052195 0.052195
5310 7.859273 7.859273 7.859273 0.052195 0.052195 0.052195
5320 7.859273 7.859273 7.859273 0.052195 0.052195 0.052195
5330 7.859273 7.859273 7.859273 0.052195 0.052195 0.052195
5340 7.859273 7.859273 7.859273 0.052195 0.052195 0.052195
5350 7.859273 7.859273 7.859273 0.052195 0.052195 0.052195
5360 7.859273 7.859273 7.859273 0.052195 0.052195 0.052195
5370 7.859273 7.859273 7.859273 0.052195 0.052195 0.052195
5380 7.859273 7.859273 7.859273 0.052195 0.052195 0.052195
5390 7.859273 7.859273 7.859273 0.052195 0.052195 0.052195
5400 7.859273 7.859273 7.859273 0.052195 0.052195 0.052195
5410 7.859273 7.859273 7.859273 0.052195 0.052195 0.052195
5420 7.859273 7.859273 7.859273 0.052195 0.052195 0.052195
5430 7.859273 7.859273 7.859273 0.052195 0.052195 0.052195
5440 7.859273 7.859273 7.859273 0.052195 0.052195 0.052195
5450 7.859273 7.859273 7.859273 0.052195 0.052195 0.052195
5460 7.859273 7.859273 7.859273 0.052195 0.052195 0.052195
5470 7.859273 7.859273 7.859273 0.052195 0.052195 0.052195
5480 7.859273 7.859273 7.859273 0.052195 0.052195 0.052195
5490 7.859273 7.859273 7.859273 0.052195 0.052195 0.052195
5500 7.859273 7.859273 7.859273 0.052195 0.052195 0.052195
5510 7.859273 7.859273 7.859273 0.052195 0.052195 0.052195
5520 7.859273 7.859273 7.859273 0.052195 0.052195 0.052195
5530 7.859273 7.859273 7.859273 0.052195 0.052195 0.052195
5540 7.859273 7.859273 7.859273 0.052195 0.052195 0.052195
5550 7.859273 7.859273 7.859273 0.052195 0.052195 0.052195
5560 7.859273 7.859273 7.859273 0.052195 0.052195 0.052195
5570 7.859273 7.859273 7.859273 0.052195 0.052195 0.052195
5580 7.859273 7.859273 7.859273 0.052195 0.052195 0.052195
5590 7.859273 7.859273 7.859273 0.052195 0.052195 0.052195
5600 7.859273 7.859273 7.859273 0.052195 0.052195 0.052195
5610 7.859273 7.859273 7.859273 0.052195 0.052195 0.052195
5620 7.859273 7.859273 7.859273 0.052195 0.052195 0.052195
5630 7.859273 7.859273 7.859273 0.052195 0.052195 0.052195
5640 7.859273 7.859273 7.859273 0.052195 0.052195 0.052195
5650 7.859273 7.859273 7.859273 0.052195 0.052195 0.052195
5660 7.859273 7.859273 7.859273 0.052195 0.052195 0.052195
5670 7.859273 7.859273 7.859273 0.052195 0.052195 0.052195
5680 7.859273 7.859273 7.859273 0.052195 0.052195 0.052195
5690 7.859273 7.859273 7.859273 0.052195 0.052195 0.052195
5700 7.859273 7.859273 7.859273 0.052195 0.052195 0.052195
5710 7.859273 7.859273 7.859273 0.052195 0.052195 0.052195
5720 7.859273 7.859273 7.859273 0.052195 0.052195 0.052195
5730 7.859273 7.859273 7.859273 0.052195 0.052195 0.052195
5740 7.859273 7.859273 7.859273 0.052195 0.052195 0.052195
5750 7.859273 7.859273 7.859273 0.052195 0.052195 0.052195
5760 7.859273 7.859273 7.859273 0.052195 0.052195 0.052195
5770 7.859273 7.859273 7.859273 0.052195 0.052195 0.052195
5780 7.859273 7.859273 7.859273 0.052195 0.052195 0.052195
5790 7.859273 7.859273 7.859273 0.052195 0.052195 0.052195
5800 7.859273 7.859273 7.859273 0.052195 0.052195 0.052195
5810 7.859273 7.859273 7.859273 0.052195 0.052195 0.052195
5820 7.859273 7.859273 7.859273 0.052195 0.052195 0.052195
5830 7.859273 7.859273 7.859273 0.052195 0.052195 0.052195
5840 7.859273 7.859273 7.859273 0.052195 0.052195 0.052195
5850 7.859273 7.859273 7.859273 0.052195 0.052195 0.052195
5860 7.859273 7.859273 7.859273 0.052195 0.052195 0.052195
5870 7.859273 7.859273 7.859273 0.052195 0.052195 0.052195
5880 7.859273 7.859273 7.859273 0.052195 0.052195 0.052195
5890 7.859273 7.859273 7.859273 0.052195 0.052195 0.052195
5900 7.859273 7.859273 7.859273 0.052195 0.052195 0.052195
5910 7.859273 7.859273 7.859273 0.052195 0.052195 0.052195
5920 7.859273 7.859273 7.859273 0.052195 0.052195 0.052195
5930 7.859273 7.859273 7.859273 0.052195 0.052195 0.052195
5940 7.859273 7.859273 7.859273 0.052195 0.052195 0.052195
5950 7.859273 7.859273 7.859273 0.052195 0.052195 0.052195
5960 7.859273 7.859273 7.859273 0.052195 0.052195 0.052195
5970 7.859273 7.859273 7.859273 0.052195 0.052195 0.052195
5980 7.859273 7.859273 7.859273 0.052195 0.052195 0.052195
5990 7.859273 7.859273 7.859273 0.052195 0.052195 0.052195
6000 7.859273 7.859273 7.859273 0.052195 0.052195 0.052195
6010 7.859273 7.859273 7.859273 0.052195 0.052195 0.052195
6020 7.859273 7.859273 7.859273 0.052195 0.052195 0.052195
6030 7.859273 7.859273 7.859273 0.052195 0.052195 0.052195
6040 7.859273 7.859273 7.859273 0.052195 0.052195 0.052195
6050 7.859273 7.859273 7.859273 0.052195 0.052195 0.052195
6060 7.859273 7.859273 7.859273 0.052195 0.052195 0.052195
6070 7.859273 7.859273 7.859273 0.052195 0.052195 0.052195
6080 7.859273 7.859273 7.859273 0.052195 0.052195 0.052195
6090 7.859273 7.859273 7.859273 0.052195 0.052195 0.052195
6100 7.859273 7.859273 7.859273 0.052195 0.052195 0.052195
6110 7.859273 7.859273 7.859273 0.052195 0.052195 0.052195
6120 7.859273 7.859273 7.859273 0.052195 0.052195 0.052195
6130 7.859273 7.859273 7.859273 0.052195 0.052195 0.052195
6140 7.859273 7.859273 7.859273 0.052195 0.052195 0.052195
6150 7.859273 7.859273 7.859273 0.052195 0.052195 0.052195
6160 7.859273 7.859273 7.859273 0.052195 0.052195 0.052195
6170 7.859273 7.859273 7.859273 0.052195 0.052195 0.052195
6180 7.859273 7.859273 7.859273 0.052195 0.052195 0.052195
6190 7.859273 7.859273 7.859273 0.052195 0.052195 0.052195
6200 7.859273 7.859273 7.859273 0.052195 0.052195 0.052195
6210 7.859273 7.859273 7.859273 0.052195 0.052195 0.052195
6220 7.859273 7.859273 7.859273 0.052195 0.052195 0.052195
6230 7.859273 7.859273 7.859273 0.052195 0.052195 0.052195
6240 7.859273 7.859273 7.859273 0.052195 0.052195 0.052195
6250 7.859273 7.859273 7.859273 0.052195 0.052195 0.052195
6260 7.859273 7.859273 7.859273 0.052195 0.052195 0.052195
6270 7.859273 7.859273 7.859273 0.052195 0.052195 0.052195
6280 7.859273 7.859273 7.859273 0.052195 0.052195 0.052195
6290 7.859273 7.859273 7.859273 0.052195 0.052195 0.052195
6300 7.859273 7.859273 7.859273 0.052195 0.052195 0.052195
6310 7.859273 7.859273 7.859273 0.052195 0.052195 0.052195
6320 7.859273 7.859273 7.859273 0.052195 0.052195 0.052195
6330 7.859273 7.859273 7.859273 0.052195 0.052195 0.052195
6340 7.859273 7.859273 7.859273 0.052195 0.052195 0.052195
6350 7.859273 7.859273 7.859273 0.052195 0.052195 0.052195
6360 7.859273 7.859273 7.859273 0.052195 0.052195 0.052195
6370 7.859273 7.859273 7.859273 0.052195 0.052195 0.052195
6380 7.859273 7.859273 7.859273 0.052195 0.052195 0.052195
6390 7.859273 7.859273 7.859273 0.052195 0.052195 0.052195
6400 7.859273 7.859273 7.859273 0.052195 0.052195 0.052195
6410 7.859273 7.859273 7.859273 0.052195 0.052195 0.052195
6420 7.859273 7.859273 7.859273 0.052195 0.052195 0.052195
6430 7.859273 7.859273 7.859273 0.052195 0.052195 0.052195
6440 7.859273 7.859273 7.859273 0.052195 0.052195 0.052195
6450 7.859273 7.859273 7.859273 0.052195 0.052195 0.052195
6460 7.859273 7.859273 7.859273 0.052195 0.052195 0.052195
6470 7.859273 7.859273 7.859273 0.052195 0.052195 0.052195
6480 7.859273 7.859273 7.859273 0.052195 0.052195 0.052195
6490 7.859273 7.859273 7.859273 0.052195 0.052195 0.052195
6500 7.859273 7.859273 7.859273 0.052195 0.052195 0.052195
6510 7.859273 7.859273 7.859273 0.052195 0.052195 0.052195
6520 7.859273 7.859273 7.859273 0.052195 0.052195 0.052195
6530 7.859273 7.859273 7.859273 0.052195 0.052195 0.052195
6540 7.859273 7.859273 7.859273 0.052195 0.052195 0.052195
6550 7.859273 7.859273 7.859273 0.052195 0.052195 0.052195
6560 7.859273 7.859273 7.859273 0.052195 0.052195 0.052195
6570 7.859273 7.859273 7.859273 0.052195 0.052195 0.052195
6580 7.859273 7.859273 7.859273 0.052195 0.052195 0.052195
6590 7.859273 7.859273 7.859273 0.052195 0.052195 0.052195
6600 7.859273 7.859273 7.859273 0.052195 0.052195 0.052195
6610 7.859273 7.859273 7.859273 0.052195 0.052195 0.052195
6620 7.859273 7.859273 7.859273 0.052195 0.052195 0.052195
6630 7.859273 7.859273 7.859273 0.052195 0.052195 0.052195
6640 7.859273 7.859273 7.859273 0.052195 0.052195 0.052195
6650 7.859273 7.859273 7.859273 0.052195 0.052195 0.052195
6660 7.859273 7.859273 7.859273 0.052195 0.052195 0.052195
6670 7.859273 7.859273 7.859273 0.052195 0.052195 0.052195
6680 7.859273 7.859273 7.859273 0.052195 0.052195 0.052195
6690 7.859273 7.859273 7.859273 0.052195 0.052195 0.052195
6700 7.859273 7.859273 7.859273 0.052195 0.052195 0.052195
6710 7.859273 7.859273 7.859273 0.052195 0.052195 0.052195
6720 7.859273 7.859273 7.859273 0.052195 0.052195 0.052195
6730 7.859273 7.859273 7.859273 0.052195 0.052195 0.052195
6740 7.859273 7.859273 7.859273 0.052195 0.052195 0.052195
6750 7.859273 7.859273 7.859273 0.052195 0.052195 0.052195
6760 7.859273 7.859273 7.859273 0.052195 0.052195 0.052195
6770 7.859273 7.859273 7.859273 0.052195 0.052195 0.052195
6780 7.859273 7.859273 7.859273 0.052195 0.052195 0.052195
6790 7.859273 7.859273 7.859273 0.052195 0.052195 0.052195
6800 7.859273 7.859273 7.859273 0.052195 0.052195 0.052195
6810 7.859273 7.859273 7.859273 0.052195 0.052195 0.052195
6820 7.859273 7.859273 7.859273 0.052195 0.052195 0.052195
6830 7.859273 7.859273 7.859273 0.052195 0.052195 0.052195
6840 7.859273 7.859273 7.859273 0.052195 0.052195 0.052195
6850 7.859273 7.859273 7.859273 0.052195 0.052195 0.052195
6860 7.859273 7.859273 7.859273 0.052195 0.052195 0.052195
6870 7.859273 7.859273 7.859273 0.052195 0.052195 0.052195
6880 7.859273 7.859273 7.859273 0.052195 0.052195 0.052195
6890 7.859273 7.859273 7.859273 0.052195 0.052195 0.052195
6900 7.859273 7.859273 7.859273 0.052195 0.052195 0.052195
6910 7.859273 7.859273 7.859273 0.052195 0.052195 0.052195
6920 7.859273 7.859273 7.859273 0.052195 0.052195 0.052195
6930 7.859273 7.859273 7.859273 0.052195 0.052195 0.052195
6940 7.859273 7.859273 7.859273 0.052195 0.052195 0.052195
6950 7.859273 7.859273 7.859273 0.052195 0.052195 0.052195
6960 7.859273 7.859273 7.859273 0.052195 0.052195 0.052195
6970 7.859273 7.859273 7.859273 0.052195 0.052195 0.052195
6980 7.859273 7.859273 7.859273 0.052195 0.052195 0.052195
6990 7.859273 7.859273 7.859273 0.052195 0.052195 0.052195
7000 7.859273 7.859273 7.859273 0.052195 0.052195 0.052195
7010 7.859273 7.859273 7.859273 0.052195 0.052195 0.052195
7020 7.859273 7.859273 7.859273 0.052195 0.052195 0.052195
7030 7.859273 7.859273 7.859273 0.052195 0.052195 0.052195
7040 7.859273 7.859273 7.859273 0.052195 0.052195 0.052195
7050 7.859273 7.859273 7.859273 0.052195 0.052195 0.052195
7060 7.859273 7.859273 7.859273 0.052195 0.052195 0.052195
7070 7.859273 7.859273 7.859273 0.052195 0.052195 0.052195
7080 7.859273 7.859273 7.859273 0.052195 0.052195 0.052195
7090 7.859273 7.859273 7.859273 0.052195 0.052195 0.052195
7100 7.859273 7.859273 7.859273 0.052195 0.052195 0.052195
7110 7.859273 7.859273 7.859273 0.052195 0.052195 0.052195
7120 7.859273 7.859273 7.859273 0.052195 0.052195 0.052195
7130 7.859273 7.859273 7.859273 0.052195 0.052195 0.052195
7140 7.859273 7.859273 7.859273 0.052195 0.052195 0.052195
7150 7.859273 7.859273 7.859273 0.052195 0.052195 0.052195
7160 7.859273 7.859273 7.859273 0.052195 0.052195 0.052195
7170 7.859273 7.859273 7.859273 0.052195 0.052195 0.052195
7180 7.859273 7.859273 7.859273 0.052195 0.052195 0.052195
7190 7.859273 7.859273 7.859273 0.052195 0.052195 0.052195
7200 7.859273 7.859273 7.859273 0.052195 0.052195 0.052195
7210 7.859273 7.859273 7.859273 0.052195 0.052195 0.052195
7220 7.859273 7.859273 7.859273 0.052195 0.052195 0.052195
7230 7.859273 7.859273 7.859273 0.052195 0.052195 0.052195
7240 7.859273 7.859273 7.859273 0.052195 0.052195 0.052195
7250 7.859273 7.859273 7.859273 0.052195 0.052195 0.052195
7260 7.859273 7.859273 7.859273 0.052195 0.052195 0.052195
7270 7.859273 7.859273 7.859273 0.052195 0.052195 0.052195
7280 7.859273 7.859273 7.859273 0.052195 0.052195 0.052195
7290 7.859273 7.859273 7.859273 0.052195 0.052195 0.052195
7300 7.859273 7.859273 7.859273 0.052195 0.052195 0.052195
7310 7.859273 7.859273 7.859273 0.052195 0.052195 0.052195
7320 7.859273 7.859273 7.859273 0.052195 0.052195 0.052195
7330 7.859273 7.859273 7.859273 0.052195 0.052195 0.052195
7340 7.859273 7.859273 7.859273 0.052195 0.052195 0.052195
7350 7.859273 7.859273 7.859273 0.052195 0.052195 0.052195
7360 7.859273 7.859273 7.859273 0.052195 0.052195 0.052195
7370 7.859273 7.859273 7.859273 0.052195 0.052195 0.052195
7380 7.859273 7.859273 7.859273 0.052195 0.052195 0.052195
7390 7.859273 7.859273 7.859273 0.052195 0.052195 0.052195
7400 7.859273 7.859273 7.859273 0.052195 0.052195 0.052195
7410 7.859273 7.859273 7.859273 0.052195 0.052195 0.052195
7420 7.859273 7.859273 7.859273 0.052195 0.052195 0.052195
7430 7.859273 7.859273 7.859273 0.052195 0.052195 0.052195
7440 7.859273 7.859273 7.859273 0.052195 0.052195 0.052195
7450 7.859273 7.859273 7.859273 0.052195 0.052195 0.052195
7460 7.859273 7.859273 7.859273 0.052195 0.052195 0.052195
7470 7.859273 7.859273 7.859273 0.052195 0.052195 0.052195
7480 7.859273 7.859273 7.859273 0.052195 0.052195 0.052195
7490 7.859273 7.859273 7.859273 0.052195 0.052195 0.052195
7500 7.859273 7.859273 7.859273 0.052195 0.052195 0.052195
7510 7.859273 7.859273 7.859273 0.052195 0.052195 0.052195
7520 7.859273 7.859273 7.859273 0.052195 0.052195 0.052195
7530 7.859273 7.859273 7.859273 0.052195 0.052195 0.052195
7540 7.859273 7.859273 7.859273 0.052195 0.052195 0.052195
7550 7.859273 7.859273 7.859273 0.052195 0.052195 0.052195
7560 7.859273 7.859273 7.859273 0.052195 0.052195 0.052195
7570 7.859273 7.859273 7.859273 0.052195 0.052195 0.052195
7580 7.859273 7.859273 7.859273 0.052195 0.052195 0.052195
7590 7.859273 7.859273 7.859273 0.052195 0.052195 0.052195
7600 7.859273 7.859273 7.859273 0.052195 0.052195 0.052195
7610 7.859273 7.859273 7.859273 0.052195 0.052195 0.052195
7620 7.859273 7.859273 7.859273 0.052195 0.052195 0.052195
7630 7.859273 7.859273 7.859273 0.052195 0.052195 0.052195
7640 7.859273 7.859273 7.859273 0.052195 0.052195 0.052195
7650 7.859273 7.859273 7.859273 0.052195 0.052195 0.052195
7660 7.859273 7.859273 7.859273 0.052195 0.052195 0.052195
7670 7.859273 7.859273 7.859273 0.052195 0.052195 0.052195
7680 7.859273 7.859273 7.859273 0.052195 0.052195 0.052195
7690 7.859273 7.859273 7.859273 0.052195 0.052195 0.052195
7700 7.859273 7.859273 7.859273 0.052195 0.052195 0.052195
7710 7.859273 7.859273 7.859273 0.052195 0.052195 0.052195
7720 7.859273 7.859273 7.859273 0.052195 0.052195 0.052195
7730 7.859273 7.859273 7.859273 0.052195 0.052195 0.052195
7740 7.859273 7.859273 7.859273 0.052195 0.052195 0.052195
7750 7.859273 7.859273 7.859273 0.052195 0.052195 0.052195
7760 7.859273 7.859273 7.859273 0.052195 0.052195 0.052195
7770 7.859273 7.859273 7.859273 0.052195 0.052195 0.052195
7780 7.859273 7.859273 7.859273 0.052195 0.052195 0.052195
7790 7.859273 7.859273 7.859273 0.052195 0.052195 0.052195
7800 7.859273 7.859273 7.859273 0.052195 0.052195 0.052195
7810 7.859273 7.859273 7.859273 0.052195 0.052195 0.052195
7820 7.859273 7.859273 7.859273 0.052195 0.052195 0.052195
7830 7.859273 7.859273 7.859273 0.052195 0.052195 0.052195
7840 7.859273 7.859273 7.859273 0.052195 0.052195 0.052195
7850 7.859273 7.859273 7.859273 0.052195 0.052195 0.052195
7860 7.859273 7.859273 7.859273 0.052195 0.052195 0.052195
7870 7.859273 7.859273 7.859273 0.052195 0.052195 0.052195
7880 7.859273 7.859273 7.859273 0.052195 0.052195 0.052195
7890 7.859273 7.859273 7.859273 0.052195 0.052195 0.052195
7900 7.859273 7.859273 7.859273 0.052195 0.052195 0.052195
7910 7.859273 7.859273 7.859273 0.052195 0.052195 0.052195
7920 7.859273 7.859273 7.859273 0.052195 0.052195 0.052195
7930 7.859273 7.859273 7.859273 0.052195 0.052195 0.052195
7940 7.859273 7.859273 7.859273 0.052195 0.052195 0.052195
7950 7.859273 7.859273 7.859273 0.052195 0.052195 0.052195
7960 7.859273 7.859273 7.859273 0.052195 0.052195 0.052195
7970 7.859273 7.859273 7.859273 0.052195 0.052195 0.052195
7980 7.859273 7.859273 7.859273 0.052195 0.052195 0.052195
7990 7.859273 7.859273 7.859273 0.052195 0.052195 0.052195
8000 7.859273 7.859273 7.859273 0.052195 0.052195 0.052195
8010 7.859273 7.859273 7.859273 0.052195 0.052195 0.052195
8020 7.859273 7.859273 7.859273 0.052195 0.052195 0.052195
8030 7.859273 7.859273 7.859273 0.052195 0.052195 0.052195
8040 7.859273 7.859273 7.859273 0.052195 0.052195 0.052195
8050 7.859273 7.859273 7.859273 0.052195 0.052195 0.052195
8060 7.859273 7.859273 7.859273 0.052195 0.052195 0.052195
8070 7.859273 7.859273 7.859273 0.052195 0.052195 0.052195
8080 7.859273 7.859273 7.859273 0.052195 0.052195 0.052195
8090 7.859273 7.859273 7.859273 0.052195 0.052195 0.052195
8100 7.859273 7.859273 7.859273 0.052195 0.052195 0.052195
8110 7.859273 7.859273 7.859273 0.052195 0.052195 0.052195
8120 7.859273 7.859273 7.859273 0.052195 0.052195 0.052195
8130 7.859273 7.859273 7.859273 0.052195 0.052195 0.052195
8140 7.859273 7.859273 7.859273 0.052195 0.052195 0.052195
8150 7.859273 7.859273 7.859273 0.052195 0.052195 0.052195
8160 7.859273 7.859273 7.859273 0.052195 0.052195 0.052195
8170 7.859273 7.859273 7.859273 0.052195 0.052195 0.052195
8180 7.859273 7.859273 7.859273 0.052195 0.052195 0.052195
8190 7.859273 7.859273 7.859273 0.052195 0.052195 0.052195
8200 7.859273 7.859273 7.859273 0.052195 0.052195 0.052195
8210 7.859273 7.859273 7.859273 0.052195 0.052195 0.052195
8220 7.859273 7.859273 7.859273 0.052195 0.052195 0.052195
8230 7.859273 7.859273 7.859273 0.052195 0.052195 0.052195
8240 7.859273 7.859273 7.859273 0.052195 0.052195 0.052195
8250 7.859273 7.859273 7.859273 0.052195 0.052195 0.052195
8260 7.859273 7.859273 7.859273 0.052195 0.052195 0.052195
8270 7.859273 7.859273 7.859273 0.052195 0.052195 0.052195
8280 7.859273 7.859273 7.859273 0.052195 0.052195 0.052195
8290 7.859273 7.859273 7.859273 0.052195 0.052195 0.052195
8300 7.859273 7.859273 7.859273 0.052195 0.052195 0.052195
8310 7.859273 7.859273 7.859273 0.052195 0.052195 0.052195
8320 7.859273 7.859273 7.859273 0.052195 0.052195 0.052195
8330 7.859273 7.859273 7.859273 0.052195 0.052195 0.052195
8340 7.859273 7.859273 7.859273 0.052195 0.052195 0.052195
8350 7.859273 7.859273 7.859273 0.052195 0.052195 0.052195
8360 7.859273 7.859273 7.859273 0.052195 0.052195 0.052195
8370 7.859273 7.859273 7.859273 0.052195 0.052195 0.052195
8380 7.859273 7.859273 7.859273 0.052195 0.052195 0.052195
8390 7.859273 7.859273 7.859273 0.052195 0.052195 0.052195
8400 7.859273 7.859273 7.859273 0.052195 0.052195 0.052195
8410 7.859273 7.859273 7.859273 0.052195 0.052195 0.052195
8420 7.859273 7.859273 7.859273 0.052195 0.052195 0.052195
8430 7.859273 7.859273 7.859273 0.052195 0.052195 0.052195
8440 7.859273 7.859273 7.859273 0.052195 0.052195 0.052195
8450 7.859273 7.859273 7.859273 0.052195 0.052195 0.052195
8460 7.859273 7.859273 7.859273 0.052195 0.052195 0.052195
8470 7.859273 7.859273 7.859273 0.052195 0.052195 0.052195
8480 7.859273 7.859273 7.859273 0.052195 0.052195 0.052195
8490 7.859273 7.859273 7.859273 0.052195 0.052195 0.052195
8500 7.859273 7.859273 7.859273 0.052195 0.052195 0.052195
8510 7.859273 7.859273 7.859273 0.052195 0.052195 0.052195
8520 7.859273 7.859273 7.859273 0.052195 0.052195 0.052195
8530 7.859273 7.859273 7.859273 0.052195 0.052195 0.052195
8540 7.859273 7.859273 7.859273 0.052195 0.052195 0.052195
8550 7.859273 7.859273 7.859273 0.052195 0.052195 0.052195
8560 7.859273 7.859273 7.859273 0.052195 0.052195 0.052195
8570 7.859273 7.859273 7.859273 0.052195 0.052195 0.052195
8580 7.859273 7.859273 7.859273 0.052195 0.052195 0.052195
8590 7.859273 7.859273 7.859273 0.052195 0.052195 0.052195
8600 7.859273 7.859273 7.859273 0.052195 0.052195 0.052195
8610 7.859273 7.859273 7.859273 0.052195 0.052195 0.052195
8620 7.859273 7.859273 7.859273 0.052195 0.052195 0.052195
8630 7.859273 7.859273 7.859273 0.052195 0.052195 0.052195
8640 7.859273 7.859273 7.859273 0.052195 0.052195 0.052195
8650 7.859273 7.859273 7.859273 0.052195 0.052195 0.052195
8660 7.859273 7.859273 7.859273 0.052195 0.052195 0.052195
8670 7.859273 7.859273 7.859273 0.052195 0.052195 0.052195
8680 7.859273 7.859273 7.859273 0.052195 0.052195 0.052195
8690 7.859273 7.859273 7.859273 0.052195 0.052195 0.052195
8700 7.859273 7.859273 7.859273 0.052195 0.052195 0.052195
8710 7.859273 7.859273 7.859273 0.052195 0.052195 0.052195
8720 7.859273 7.859273 7.859273 0.052195 0.052195 0.052195
8730 7.859273 7.859273 7.859273 0.052195 0.052195 0.052195
8740 7.859273 7.859273 7.859273 0.052195 0.052195 0.052195
8750 7.859273 7.859273 7.859273 0.052195 0.052195 0.052195
8760 7.859273 7.859273 7.859273 0.052195 0.052195 0.052195
8770 7.859273 7.859273 7.859273 0.052195 0.052195 0.052195
8780 7.859273 7.859273 7.859273 0.052195 0.052195 0.052195
8790 7.859273 7.859273 7.859273 0.052195 0.052195 0.052195
8800 7.859273 7.859273 7.859273 0.052195 0.052195 0.052195
8810 7.859273 7.859273 7.859273 0.052195 0.052195 0.052195
8820 7.859273 7.859273 7.859273 0.052195 0.052195 0.052195
8830 7.859273 7.859273 7.859273 0.052195 0.052195 0.052195
8840 7.859273 7.859273 7.859273 0.052195 0.052195 0.052195
8850 7.859273 7.859273 7.859273 0.052195 0.052195 0.052195
8860 7.859273 7.859273 7.859273 0.052195 0.052195 0.052195
8870 7.859273 7.859273 7.859273 0.052195 0.052195 0.052195
8880 7.859273 7.859273 7.859273 0.052195 0.052195 0.052195
8890 7.859273 7.859273 7.859273 0.052195 0.052195 0.052195
8900 7.859273 7.859273 7.859273 0.052195 0.052195 0.052195
8910 7.859273 7.859273 7.859273 0.052195 0.052195 0.052195
8920 7.859273 7.859273 7.859273 0.052195 0.052195 0.052195
8930 7.859273 7.859273 7.859273 0.052195 0.052195 0.052195
8940 7.859273 7.859273 7.859273 0.052195 0.052195 0.052195
8950 7.859273 7.859273 7.859273 0.052195 0.052195 0.052195
8960 7.859273 7.859273 7.859273 0.052195 0.052195 0.052195
8970 7.859273 7.859273 7.859273 0.052195 0.052195 0.052195
8980 7.859273 7.859273 7.859273 0.052195 0.052195 0.052195
8990 7.859273 7.859273 7.859273 0.052195 0.052195 0.052195
9000 7.859273 7.859273 7.859273 0.052195 0.052195 0.052195
9010 7.859273 7.859273 7.859273 0.052195 0.052195 0.052195
9020 7.859273 7.859273 7.859273 0.052195 0.052195 0.052195
9030 7.859273 7.859273 7.859273 0.052195 0.052195 0.052195
9040 7.859273 7.859273 7.859273 0.052195 0.052195 0.052195
9050 7.859273 7.859273 7.859273 0.052195 0.052195 0.052195
9060 7.859273 7.859273 7.859273 0.052195 0.052195 0.052195
9070 7.859273 7.859273 7.859273 0.052195 0.052195 0.052195
9080 7.859273 7.859273 7.859273 0.052195 0.052195 0.052195
9090 7.859273 7.859273 7.859273 0.052195 0.052195 0.052195
9100 7.859273 7.859273 7.859273 0.052195 0.052195 0.052195
9110 7.859273 7.859273 7.859273 0.052195 0.052195 0.052195
9120 7.859273 7.859273 7.859273 0.052195 0.052195 0.052195
9130 7.859273 7.859273 7.859273 0.052195 0.052195 0.052195
9140 7.859273 7.859273 7.859273 0.052195 0.052195 0.052195
9150 7.859273 7.859273 7.859273 0.052195 0.052195 0.052195
9160 7.859273 7.859273 7.859273 0.052195 0.052195 0.052195
9170 7.859273 7.859273 7.859273 0.052195 0.052195 0.052195
9180 7.859273 7.859273 7.859273 0.052195 0.052195 0.052195
9190 7.859273 7.859273 7.859273 0.052195 0.052195 0.052195
9200 7.859273 7.859273 7.859273 0.052195 0.052195 0.052195
9210 7.859273 7.859273 7.859273 0.052195 0.052195 0.052195
9220 7.859273 7.859273 7.859273 0.052195 0.052195 0.052195
9230 7.859273 7.859273 7.859273 0.052195 0.052195 0.052195
9240 7.859273 7.859273 7.859273 0.052195 0.052195 0.052195
9250 7.859273 7.859273 7.859273 0.052195 0.052195 0.052195
9260 7.859273 7.859273 7.859273 0.052195 0.052195 0.052195
9270 7.859273 7.859273 7.859273 0.052195 0.052195 0.052195
9280 7.859273 7.859273 7.859273 0.052195 0.052195 0.052195
9290 7.859273 7.859273 7.859273 0.052195 0.052195 0.052195
9300 7.859273 7.859273 7.859273 0.052195 0.052195 0.052195
9310 7.859273 7.859273 7.859273 0.052195 0.052195 0.052195
9320 7.859273 7.859273 7.859273 0.052195 0.052195 0.052195
9330 7.859273 7.859273 7.859273 0.052195 0.052195 0.052195
9340 7.859273 7.859273 7.859273 0.052195 0.052195 0.052195
9350 7.859273 7.859273 7.859273 0.052195 0.052195 0.052195
9360 7.859273 7.859273 7.859273 0.052195 0.052195 0.052195
9370 7.859273 7.859273 7.859273 0.052195 0.052195 0.052195
9380 7.859273 7.859273 7.859273 0.052195 0.052195 0.052195
9390 7.859273 7.859273 7.859273 0.052195 0.052195 0.052195
9400 7.859273 7.859273 7.859273 0.052195 0.052195 0.052195
9410 7.859273 7.859273 7.859273 0.052195 0.052195 0.052195
9420 7.859273 7.859273 7.859273 0.052195 0.052195 0.052195
9430 7.859273 7.859273 7.859273 0.052195 0.052195 0.052195
9440 7.859273 7.859273 7.859273 0.052195 0.052195 0.052195
9450 7.859273 7.859273 7.859273 0.052195 0.052195 0.052195
9460 7.859273 7.859273 7.859273 0.052195 0.052195 0.052195
9470 7.859273 7.859273 7.859273 0.052195 0.052195 0.052195
9480 7.859273 7.859273 7.859273 0.052195 0.052195 0.052195
9490 7.859273 7.859273 7.859273 0.052195 0.052195 0.052195
9500 7.859273 7.859273 7.859273 0.052195 0.052195 0.052195
9510 7.859273 7.859273 7.859273 0.052195 0.052195 0.052195
9520 7.859273 7.859273 7.859273 0.052195 0.052195 0.052195
9530 7.859273 7.859273 7.859273 0.052195 0.052195 0.052195
9540 7.859273 7.859273 7.859273 0.052195 0.052195 0.052195
9550 7.859273 7.859273 7.859273 0.052195 0.052195 0.052195
9560 7.859273 7.859273 7.859273 0.052195 0.052195 0.052195
9570 7.859273 7.859273 7.859273 0.052195 0.052195 0.052195
9580 7.859273 7.859273 7.859273 0.052195 0.052195 0.052195
9590 7.859273 7.859273 7.859273 0.052195 0.052195 0.052195
9600 7.859273 7.859273 7.859273 0.052195 0.052195 0.052195
9610 7.859273 7.859273 7.859273 0.052195 0.052195 0.052195
9620 7.859273 7.859273 7.859273 0.052195 0.052195 0.052195
9630 7.859273 7.859273 7.859273 0.052195 0.052195 0.052195
9640 7.859273 7.859273 7.859273 0.052195 0.052195 0.052195
9650 7.859273 7.859273 7.859273 0.052195 0.052195 0.052195
9660 7.859273 7.859273 7.859273 0.052195 0.052195 0.052195
9670 7.859273 7.859273 7.859273 0.052195 0.052195 0.052195
9680 7.859273 7.859273 7.859273 0.052195 0.052195 0.052195
9690 7.859273 7.859273 7.859273 0.052195 0.052195 0.052195
9700 7.859273 7.859273 7.859273 0.052195 0.052195 0.052195
9710 7.859273 7.859273 7.859273 0.052195 0.052195 0.052195
9720 7.859273 7.859273 7.859273 0.052195 0.052195 0.052195
9730 7.859273 7.859273 7.859273 0.052195 0.052195 0.052195
9740 7.859273 7.859273 7.859273 0.052195 0.052195 0.052195
9750 7.859273 7.859273 7.859273 0.052195 0.052195 0.052195
9760 7.859273 7.859273 7.859273 0.052195 0.052195 0.052195
9770 7.859273 7.859273 7.859273 0.052195 0.052195 0.052195
9780 7.859273 7.859273 7.859273 0.052195 0.052195 0.052195
9790 7.859273 7.859273 7.859273 0.052195 0.052195 0.052195
9800 7.859273 7.859273 7.859273 0.052195 0.052195 0.052195
9810 7.859273 7.859273 7.859273 0.052195 0.052195 0.052195
9820 7.859273 7.859273 7.859273 0.052195 0.052195 0.052195
9830 7.859273 7.859273 7.859273 0.052195 0.052195 0.052195
9840 7.859273 7.859273 7.859273 0.052195 0.052195 0.052195
9850 7.859273 7.859273 7.859273 0.052195 0.052195 0.052195
9860 7.859273 7.859273 7.859273 0.052195 0.052195 0.052195
9870 7.859273 7.859273 7.859273 0.052195 0.052195 0.052195
9880 7.859273 7.859273 7.859273 0.052195 0.052195 0.052195
9890 7.859273 7.859273 7.859273 0.052195 0.052195 0.052195
9900 7.859273 7.859273 7.859273 0.052195 0.052195 0.052195
9910 7.859273 7.859273 7.859273 0.052195 0.052195 0.052195
9920 7.859273 7.859273 7.859273 0.052195 0.052195 0.052195
9930 7.859273 7.859273 7.859273 0.052195 0.052195 0.052195
9940 7.859273 7.859273 7.859273 0.052195 0.052195 0.052195
9950 7.859273 7.859273 7.859273 0.052195 0.052195 0.052195
9960 7.859273 7.859273 7.859273 0.052195 0.052195 0.052195
9970 7.859273 7.859273 7.859273 0.052195 0.052195 0.052195
9980 7.859273 7.859273 7.859273 0.052195 0.052195 0.052195
9990 7.859273 7.859273 7.859273 0.052195 0.052195 0.052195
10000 7.859273 7.859273 7.859273 0.052195 0.052195 0.052195
