# generation power_min power_avg power_max util_min util_avg util_max
1 5.308937 6.350323 7.661073 0.196202 0.284493 0.425987
100 4.203384 5.200569 5.786193 0.183594 0.280245 0.418689
200 3.711837 4.247608 4.775463 0.163358 0.273053 0.385744
300 3.037533 3.603342 3.898478 0.219919 0.292359 0.335641
400 2.784170 3.026622 3.317649 0.208985 0.268112 0.328230
500 2.510545 2.718345 2.883178 0.232417 0.270205 0.318552
600 2.428186 2.522792 2.622851 0.256163 0.267648 0.291898
700 2.400946 2.443409 2.481179 0.257307 0.260271 0.263570
800 2.394216 2.400998 2.404662 0.262338 0.263249 0.264324
900 2.389998 2.394644 2.398380 0.262338 0.263101 0.264324
1000 2.389998 2.391203 2.393124 0.262957 0.263545 0.263816
1100 2.389998 2.389998 2.389998 0.263816 0.263816 0.263816
1200 2.389998 2.389998 2.389998 0.263816 0.263816 0.263816
1300 2.389998 2.389998 2.389998 0.263816 0.263816 0.263816
1400 2.389998 2.389998 2.389998 0.263816 0.263816 0.263816
1500 2.389998 2.389998 2.389998 0.263816 0.263816 0.263816
1600 2.389998 2.389998 2.389998 0.263816 0.263816 0.263816
1700 2.389998 2.389998 2.389998 0.263816 0.263816 0.263816
1800 2.389998 2.389998 2.389998 0.263816 0.263816 0.263816
1900 2.389998 2.389998 2.389998 0.263816 0.263816 0.263816
2000 2.389998 2.389998 2.389998 0.263816 0.263816 0.263816
2100 2.389998 2.389998 2.389998 0.263816 0.263816 0.263816
2200 2.389998 2.389998 2.389998 0.263816 0.263816 0.263816
2300 2.389998 2.389998 2.389998 0.263816 0.263816 0.263816
2400 2.389998 2.389998 2.389998 0.263816 0.263816 0.263816
2500 2.389998 2.389998 2.389998 0.263816 0.263816 0.263816
2600 2.389998 2.389998 2.389998 0.263816 0.263816 0.263816
2700 2.389998 2.389998 2.389998 0.263816 0.263816 0.263816
2800 2.389998 2.389998 2.389998 0.263816 0.263816 0.263816
2900 2.389998 2.389998 2.389998 0.263816 0.263816 0.263816
3000 2.389998 2.389998 2.389998 0.263816 0.263816 0.263816
3100 2.389998 2.389998 2.389998 0.263816 0.263816 0.263816
3200 2.389998 2.389998 2.389998 0.263816 0.263816 0.263816
3300 2.389998 2.389998 2.389998 0.263816 0.263816 0.263816
3400 2.389998 2.389998 2.389998 0.263816 0.263816 0.263816
3500 2.389998 2.389998 2.389998 0.263816 0.263816 0.263816
3600 2.389998 2.389998 2.389998 0.263816 0.263816 0.263816
3700 2.389998 2.389998 2.389998 0.263816 0.263816 0.263816
3800 2.389998 2.389998 2.389998 0.263816 0.263816 0.263816
3900 2.389998 2.389998 2.389998 0.263816 0.263816 0.263816
4000 2.389998 2.389998 2.389998 0.263816 0.263816 0.263816
4100 2.389998 2.389998 2.389998 0.263816 0.263816 0.263816
4200 2.389998 2.389998 2.389998 0.263816 0.263816 0.263816
4300 2.389998 2.389998 2.389998 0.263816 0.263816 0.263816
4400 2.389998 2.389998 2.389998 0.263816 0.263816 0.263816
4500 2.389998 2.389998 2.389998 0.263816 0.263816 0.263816
4600 2.389998 2.389998 2.389998 0.263816 0.263816 0.263816
4700 2.389998 2.389998 2.389998 0.263816 0.263816 0.263816
4800 2.389998 2.389998 2.389998 0.263816 0.263816 0.263816
4900 2.389998 2.389998 2.389998 0.263816 0.263816 0.263816
5000 2.389998 2.389998 2.389998 0.263816 0.263816 0.263816
5100 2.389998 2.389998 2.389998 0.263816 0.263816 0.263816
5200 2.389998 2.389998 2.389998 0.263816 0.263816 0.263816
5300 2.389998 2.389998 2.389998 0.263816 0.263816 0.263816
5400 2.389998 2.389998 2.389998 0.263816 0.263816 0.263816
5500 2.389998 2.389998 2.389998 0.263816 0.263816 0.263816
5600 2.389998 2.389998 2.389998 0.263816 0.263816 0.263816
5700 2.389998 2.389998 2.389998 0.263816 0.263816 0.263816
5800 2.389998 2.389998 2.389998 0.263816 0.263816 0.263816
5900 2.389998 2.389998 2.389998 0.263816 0.263816 0.263816
6000 2.389998 2.389998 2.389998 0.263816 0.263816 0.263816
6100 2.389998 2.389998 2.389998 0.263816 0.263816 0.263816
6200 2.389998 2.389998 2.389998 0.263816 0.263816 0.263816
6300 2.389998 2.389998 2.389998 0.263816 0.263816 0.263816
6400 2.389998 2.389998 2.389998 0.263816 0.263816 0.263816
6500 2.389998 2.389998 2.389998 0.263816 0.263816 0.263816
6600 2.389998 2.389998 2.389998 0.263816 0.263816 0.263816
6700 2.389998 2.389998 2.389998 0.263816 0.263816 0.263816
6800 2.389998 2.389998 2.389998 0.263816 0.263816 0.263816
6900 2.389998 2.389998 2.389998 0.263816 0.263816 0.263816
7000 2.389998 2.389998 2.389998 0.263816 0.263816 0.263816
7100 2.389998 2.389998 2.389998 0.263816 0.263816 0.263816
7200 2.389998 2.389998 2.389998 0.263816 0.263816 0.263816
7300 2.389998 2.389998 2.389998 0.263816 0.263816 0.263816
7400 2.389998 2.389998 2.389998 0.263816 0.263816 0.263816
7500 2.389998 2.389998 2.389998 0.263816 0.263816 0.263816
7600 2.389998 2.389998 2.389998 0.263816 0.263816 0.263816
7700 2.389998 2.389998 2.389998 0.263816 0.263816 0.263816
7800 2.389998 2.389998 2.389998 0.263816 0.263816 0.263816
7900 2.389998 2.389998 2.389998 0.263816 0.263816 0.263816
8000 2.389998 2.389998 2.389998 0.263816 0.263816 0.263816
8100 2.389998 2.389998 2.389998 0.263816 0.263816 0.263816
8200 2.389998 2.389998 2.389998 0.263816 0.263816 0.263816
8300 2.389998 2.389998 2.389998 0.263816 0.263816 0.263816
8400 2.389998 2.389998 2.389998 0.263816 0.263816 0.263816
8500 2.389998 2.389998 2.389998 0.263816 0.263816 0.263816
8600 2.389998 2.389998 2.389998 0.263816 0.263816 0.263816
8700 2.389998 2.389998 2.389998 0.263816 0.263816 0.263816
8800 2.389998 2.389998 2.389998 0.263816 0.263816 0.263816
8900 2.389998 2.389998 2.389998 0.263816 0.263816 0.263816
9000 2.389998 2.389998 2.389998 0.263816 0.263816 0.263816
9100 2.389998 2.389998 2.389998 0.263816 0.263816 0.263816
9200 2.389998 2.389998 2.389998 0.263816 0.263816 0.263816
9300 2.389998 2.389998 2.389998 0.263816 0.263816 0.263816
9400 2.389998 2.389998 2.389998 0.263816 0.263816 0.263816
9500 2.389998 2.389998 2.389998 0.263816 0.263816 0.263816
9600 2.389998 2.389998 2.389998 0.263816 0.263816 0.263816
9700 2.389998 2.389998 2.389998 0.263816 0.263816 0.263816
9800 2.389998 2.389998 2.389998 0.263816 0.263816 0.263816
9900 2.389998 2.389998 2.389998 0.263816 0.263816 0.263816
10000 2.389998 2.389998 2.389998 0.263816 0.263816 0.263816
10100 2.389998 2.389998 2.389998 0.263816 0.263816 0.263816
10200 2.389998 2.389998 2.389998 0.263816 0.263816 0.263816
10300 2.389998 2.389998 2.389998 0.263816 0.263816 0.263816
10400 2.389998 2.389998 2.389998 0.263816 0.263816 0.263816
10500 2.389998 2.389998 2.389998 0.263816 0.263816 0.263816
10600 2.389998 2.389998 2.389998 0.263816 0.263816 0.263816
10700 2.389998 2.389998 2.389998 0.263816 0.263816 0.263816
10800 2.389998 2.389998 2.389998 0.263816 0.263816 0.263816
10900 2.389998 2.389998 2.389998 0.263816 0.263816 0.263816
11000 2.389998 2.389998 2.389998 0.263816 0.263816 0.263816
11100 2.389998 2.389998 2.389998 0.263816 0.263816 0.263816
11200 2.389998 2.389998 2.389998 0.263816 0.263816 0.263816
11300 2.389998 2.389998 2.389998 0.263816 0.263816 0.263816
11400 2.389998 2.389998 2.389998 0.263816 0.263816 0.263816
11500 2.389998 2.389998 2.389998 0.263816 0.263816 0.263816
11600 2.389998 2.389998 2.389998 0.263816 0.263816 0.263816
11700 2.389998 2.389998 2.389998 0.263816 0.263816 0.263816
11800 2.389998 2.389998 2.389998 0.263816 0.263816 0.263816
11900 2.389998 2.389998 2.389998 0.263816 0.263816 0.263816
12000 2.389998 2.389998 2.389998 0.263816 0.263816 0.263816
12100 2.389998 2.389998 2.389998 0.263816 0.263816 0.263816
12200 2.389998 2.389998 2.389998 0.263816 0.263816 0.263816
12300 2.389998 2.389998 2.389998 0.263816 0.263816 0.263816
12400 2.389998 2.389998 2.389998 0.263816 0.263816 0.263816
12500 2.389998 2.389998 2.389998 0.263816 0.263816 0.263816
12600 2.389998 2.389998 2.389998 0.263816 0.263816 0.263816
12700 2.389998 2.389998 2.389998 0.263816 0.263816 0.263816
12800 2.389998 2.389998 2.389998 0.263816 0.263816 0.263816
12900 2.389998 2.389998 2.389998 0.263816 0.263816 0.263816
13000 2.389998 2.389998 2.389998 0.263816 0.263816 0.263816
13100 2.389998 2.389998 2.389998 0.263816 0.263816 0.263816
13200 2.389998 2.389998 2.389998 0.263816 0.263816 0.263816
13300 2.389998 2.389998 2.389998 0.263816 0.263816 0.263816
13400 2.389998 2.389998 2.389998 0.263816 0.263816 0.263816
13500 2.389998 2.389998 2.389998 0.263816 0.263816 0.263816
13600 2.389998 2.389998 2.389998 0.263816 0.263816 0.263816
13700 2.389998 2.389998 2.389998 0.263816 0.263816 0.263816
13800 2.389998 2.389998 2.389998 0.263816 0.263816 0.263816
13900 2.389998 2.389998 2.389998 0.263816 0.263816 0.263816
14000 2.389998 2.389998 2.389998 0.263816 0.263816 0.263816
14100 2.389998 2.389998 2.389998 0.263816 0.263816 0.263816
14200 2.389998 2.389998 2.389998 0.263816 0.263816 0.263816
14300 2.389998 2.389998 2.389998 0.263816 0.263816 0.263816
14400 2.389998 2.389998 2.389998 0.263816 0.263816 0.263816
14500 2.389998 2.389998 2.389998 0.263816 0.263816 0.263816
14600 2.389998 2.389998 2.389998 0.263816 0.263816 0.263816
14700 2.389998 2.389998 2.389998 0.263816 0.263816 0.263816
14800 2.389998 2.389998 2.389998 0.263816 0.263816 0.263816
14900 2.389998 2.389998 2.389998 0.263816 0.263816 0.263816
15000 2.389998 2.389998 2.389998 0.263816 0.263816 0.263816
15100 2.389998 2.389998 2.389998 0.263816 0.263816 0.263816
15200 2.389998 2.389998 2.389998 0.263816 0.263816 0.263816
15300 2.389998 2.389998 2.389998 0.263816 0.263816 0.263816
15400 2.389998 2.389998 2.389998 0.263816 0.263816 0.263816
15500 2.389998 2.389998 2.389998 0.263816 0.263816 0.263816
15600 2.389998 2.389998 2.389998 0.263816 0.263816 0.263816
15700 2.389998 2.389998 2.389998 0.263816 0.263816 0.263816
15800 2.389998 2.389998 2.389998 0.263816 0.263816 0.263816
15900 2.389998 2.389998 2.389998 0.263816 0.263816 0.263816
16000 2.389998 2.389998 2.389998 0.263816 0.263816 0.263816
16100 2.389998 2.389998 2.389998 0.263816 0.263816 0.263816
16200 2.389998 2.389998 2.389998 0.263816 0.263816 0.263816
16300 2.389998 2.389998 2.389998 0.263816 0.263816 0.263816
16400 2.389998 2.389998 2.389998 0.263816 0.263816 0.263816
16500 2.389998 2.389998 2.389998 0.263816 0.263816 0.263816
16600 2.389998 2.389998 2.389998 0.263816 0.263816 0.263816
16700 2.389998 2.389998 2.389998 0.263816 0.263816 0.263816
16800 2.389998 2.389998 2.389998 0.263816 0.263816 0.263816
16900 2.389998 2.389998 2.389998 0.263816 0.263816 0.263816
17000 2.389998 2.389998 2.389998 0.263816 0.263816 0.263816
17100 2.389998 2.389998 2.389998 0.263816 0.263816 0.263816
17200 2.389998 2.389998 2.389998 0.263816 0.263816 0.263816
17300 2.389998 2.389998 2.389998 0.263816 0.263816 0.263816
17400 2.389998 2.389998 2.389998 0.263816 0.263816 0.263816
17500 2.389998 2.389998 2.389998 0.263816 0.263816 0.263816
17600 2.389998 2.389998 2.389998 0.263816 0.263816 0.263816
17700 2.389998 2.389998 2.389998 0.263816 0.263816 0.263816
17800 2.389998 2.389998 2.389998 0.263816 0.263816 0.263816
17900 2.389998 2.389998 2.389998 0.263816 0.263816 0.263816
18000 2.389998 2.389998 2.389998 0.263816 0.263816 0.263816
18100 2.389998 2.389998 2.389998 0.263816 0.263816 0.263816
18200 2.389998 2.389998 2.389998 0.263816 0.263816 0.263816
18300 2.389998 2.389998 2.389998 0.263816 0.263816 0.263816
18400 2.389998 2.389998 2.389998 0.263816 0.263816 0.263816
18500 2.389998 2.389998 2.389998 0.263816 0.263816 0.263816
18600 2.389998 2.389998 2.389998 0.263816 0.263816 0.263816
18700 2.389998 2.389998 2.389998 0.263816 0.263816 0.263816
18800 2.389998 2.389998 2.389998 0.263816 0.263816 0.263816
18900 2.389998 2.389998 2.389998 0.263816 0.263816 0.263816
19000 2.389998 2.389998 2.389998 0.263816 0.263816 0.263816
19100 2.389998 2.389998 2.389998 0.263816 0.263816 0.263816
19200 2.389998 2.389998 2.389998 0.263816 0.263816 0.263816
19300 2.389998 2.389998 2.389998 0.263816 0.263816 0.263816
19400 2.389998 2.389998 2.389998 0.263816 0.263816 0.263816
19500 2.389998 2.389998 2.389998 0.263816 0.263816 0.263816
19600 2.389998 2.389998 2.389998 0.263816 0.263816 0.263816
19700 2.389998 2.389998 2.389998 0.263816 0.263816 0.263816
19800 2.389998 2.389998 2.389998 0.263816 0.263816 0.263816
19900 2.389998 2.389998 2.389998 0.263816 0.263816 0.263816
20000 2.389998 2.389998 2.389998 0.263816 0.263816 0.263816
20100 2.389998 2.389998 2.389998 0.263816 0.263816 0.263816
20200 2.389998 2.389998 2.389998 0.263816 0.263816 0.263816
20300 2.389998 2.389998 2.389998 0.263816 0.263816 0.263816
20400 2.389998 2.389998 2.389998 0.263816 0.263816 0.263816
20500 2.389998 2.389998 2.389998 0.263816 0.263816 0.263816
20600 2.389998 2.389998 2.389998 0.263816 0.263816 0.263816
20700 2.389998 2.389998 2.389998 0.263816 0.263816 0.263816
20800 2.389998 2.389998 2.389998 0.263816 0.263816 0.263816
20900 2.389998 2.389998 2.389998 0.263816 0.263816 0.263816
21000 2.389998 2.389998 2.389998 0.263816 0.263816 0.263816
21100 2.389998 2.389998 2.389998 0.263816 0.263816 0.263816
21200 2.389998 2.389998 2.389998 0.263816 0.263816 0.263816
21300 2.389998 2.389998 2.389998 0.263816 0.263816 0.263816
21400 2.389998 2.389998 2.389998 0.263816 0.263816 0.263816
21500 2.389998 2.389998 2.389998 0.263816 0.263816 0.263816
21600 2.389998 2.389998 2.389998 0.263816 0.263816 0.263816
21700 2.389998 2.389998 2.389998 0.263816 0.263816 0.263816
21800 2.389998 2.389998 2.389998 0.263816 0.263816 0.263816
21900 2.389998 2.389998 2.389998 0.263816 0.263816 0.263816
22000 2.389998 2.389998 2.389998 0.263816 0.263816 0.263816
22100 2.389998 2.389998 2.389998 0.263816 0.263816 0.263816
22200 2.389998 2.389998 2.389998 0.263816 0.263816 0.263816
22300 2.389998 2.389998 2.389998 0.263816 0.263816 0.263816
22400 2.389998 2.389998 2.389998 0.263816 0.263816 0.263816
22500 2.389998 2.389998 2.389998 0.263816 0.263816 0.263816
22600 2.389998 2.389998 2.389998 0.263816 0.263816 0.263816
22700 2.389998 2.389998 2.389998 0.263816 0.263816 0.263816
22800 2.389998 2.389998 2.389998 0.263816 0.263816 0.263816
22900 2.389998 2.389998 2.389998 0.263816 0.263816 0.263816
23000 2.389998 2.389998 2.389998 0.263816 0.263816 0.263816
23100 2.389998 2.389998 2.389998 0.263816 0.263816 0.263816
23200 2.389998 2.389998 2.389998 0.263816 0.263816 0.263816
23300 2.389998 2.389998 2.389998 0.263816 0.263816 0.263816
23400 2.389998 2.389998 2.389998 0.263816 0.263816 0.263816
23500 2.389998 2.389998 2.389998 0.263816 0.263816 0.263816
23600 2.389998 2.389998 2.389998 0.263816 0.263816 0.263816
23700 2.389998 2.389998 2.389998 0.263816 0.263816 0.263816
23800 2.389998 2.389998 2.389998 0.263816 0.263816 0.263816
23900 2.389998 2.389998 2.389998 0.263816 0.263816 0.263816
24000 2.389998 2.389998 2.389998 0.263816 0.263816 0.263816
24100 2.389998 2.389998 2.389998 0.263816 0.263816 0.263816
24200 2.389998 2.389998 2.389998 0.263816 0.263816 0.263816
24300 2.389998 2.389998 2.389998 0.263816 0.263816 0.263816
24400 2.389998 2.389998 2.389998 0.263816 0.263816 0.263816
24500 2.389998 2.389998 2.389998 0.263816 0.263816 0.263816
24600 2.389998 2.389998 2.389998 0.263816 0.263816 0.263816
24700 2.389998 2.389998 2.389998 0.263816 0.263816 0.263816
24800 2.389998 2.389998 2.389998 0.263816 0.263816 0.263816
24900 2.389998 2.389998 2.389998 0.263816 0.263816 0.263816
25000 2.389998 2.389998 2.389998 0.263816 0.263816 0.263816
25100 2.389998 2.389998 2.389998 0.263816 0.263816 0.263816
25200 2.389998 2.389998 2.389998 0.263816 0.263816 0.263816
25300 2.389998 2.389998 2.389998 0.263816 0.263816 0.263816
25400 2.389998 2.389998 2.389998 0.263816 0.263816 0.263816
25500 2.389998 2.389998 2.389998 0.263816 0.263816 0.263816
25600 2.389998 2.389998 2.389998 0.263816 0.263816 0.263816
25700 2.389998 2.389998 2.389998 0.263816 0.263816 0.263816
25800 2.389998 2.389998 2.389998 0.263816 0.263816 0.263816
25900 2.389998 2.389998 2.389998 0.263816 0.263816 0.263816
26000 2.389998 2.389998 2.389998 0.263816 0.263816 0.263816
26100 2.389998 2.389998 2.389998 0.263816 0.263816 0.263816
26200 2.389998 2.389998 2.389998 0.263816 0.263816 0.263816
26300 2.389998 2.389998 2.389998 0.263816 0.263816 0.263816
26400 2.389998 2.389998 2.389998 0.263816 0.263816 0.263816
26500 2.389998 2.389998 2.389998 0.263816 0.263816 0.263816
26600 2.389998 2.389998 2.389998 0.263816 0.263816 0.263816
26700 2.389998 2.389998 2.389998 0.263816 0.263816 0.263816
26800 2.389998 2.389998 2.389998 0.263816 0.263816 0.263816
26900 2.389998 2.389998 2.389998 0.263816 0.263816 0.263816
27000 2.389998 2.389998 2.389998 0.263816 0.263816 0.263816
27100 2.389998 2.389998 2.389998 0.263816 0.263816 0.263816
27200 2.389998 2.389998 2.389998 0.263816 0.263816 0.263816
27300 2.389998 2.389998 2.389998 0.263816 0.263816 0.263816
27400 2.389998 2.389998 2.389998 0.263816 0.263816 0.263816
27500 2.389998 2.389998 2.389998 0.263816 0.263816 0.263816
27600 2.389998 2.389998 2.389998 0.263816 0.263816 0.263816
27700 2.389998 2.389998 2.389998 0.263816 0.263816 0.263816
27800 2.389998 2.389998 2.389998 0.263816 0.263816 0.263816
27900 2.389998 2.389998 2.389998 0.263816 0.263816 0.263816
28000 2.389998 2.389998 2.389998 0.263816 0.263816 0.263816
28100 2.389998 2.389998 2.389998 0.263816 0.263816 0.263816
28200 2.389998 2.389998 2.389998 0.263816 0.263816 0.263816
28300 2.389998 2.389998 2.389998 0.263816 0.263816 0.263816
28400 2.389998 2.389998 2.389998 0.263816 0.263816 0.263816
28500 2.389998 2.389998 2.389998 0.263816 0.263816 0.263816
28600 2.389998 2.389998 2.389998 0.263816 0.263816 0.263816
28700 2.389998 2.389998 2.389998 0.263816 0.263816 0.263816
28800 2.389998 2.389998 2.389998 0.263816 0.263816 0.263816
28900 2.389998 2.389998 2.389998 0.263816 0.263816 0.263816
29000 2.389998 2.389998 2.389998 0.263816 0.263816 0.263816
29100 2.389998 2.389998 2.389998 0.263816 0.263816 0.263816
29200 2.389998 2.389998 2.389998 0.263816 0.263816 0.263816
29300 2.389998 2.389998 2.389998 0.263816 0.263816 0.263816
29400 2.389998 2.389998 2.389998 0.263816 0.263816 0.263816
29500 2.389998 2.389998 2.389998 0.263816 0.263816 0.263816
29600 2.389998 2.389998 2.389998 0.263816 0.263816 0.263816
29700 2.389998 2.389998 2.389998 0.263816 0.263816 0.263816
29800 2.389998 2.389998 2.389998 0.263816 0.263816 0.263816
29900 2.389998 2.389998 2.389998 0.263816 0.263816 0.263816
30000 2.389998 2.389998 2.389998 0.263816 0.263816 0.263816
30100 2.389998 2.389998 2.389998 0.263816 0.263816 0.263816
30200 2.389998 2.389998 2.389998 0.263816 0.263816 0.263816
30300 2.389998 2.389998 2.389998 0.263816 0.263816 0.263816
30400 2.389998 2.389998 2.389998 0.263816 0.263816 0.263816
30500 2.389998 2.389998 2.389998 0.263816 0.263816 0.263816
30600 2.389998 2.389998 2.389998 0.263816 0.263816 0.263816
30700 2.389998 2.389998 2.389998 0.263816 0.263816 0.263816
30800 2.389998 2.389998 2.389998 0.263816 0.263816 0.263816
30900 2.389998 2.389998 2.389998 0.263816 0.263816 0.263816
31000 2.389998 2.389998 2.389998 0.263816 0.263816 0.263816
31100 2.389998 2.389998 2.389998 0.263816 0.263816 0.263816
31200 2.389998 2.389998 2.389998 0.263816 0.263816 0.263816
31300 2.389998 2.389998 2.389998 0.263816 0.263816 0.263816
31400 2.389998 2.389998 2.389998 0.263816 0.263816 0.263816
31500 2.389998 2.389998 2.389998 0.263816 0.263816 0.263816
31600 2.389998 2.389998 2.389998 0.263816 0.263816 0.263816
31700 2.389998 2.389998 2.389998 0.263816 0.263816 0.263816
31800 2.389998 2.389998 2.389998 0.263816 0.263816 0.263816
31900 2.389998 2.389998 2.389998 0.263816 0.263816 0.263816
32000 2.389998 2.389998 2.389998 0.263816 0.263816 0.263816
32100 2.389998 2.389998 2.389998 0.263816 0.263816 0.263816
32200 2.389998 2.389998 2.389998 0.263816 0.263816 0.263816
32300 2.389998 2.389998 2.389998 0.263816 0.263816 0.263816
32400 2.389998 2.389998 2.389998 0.263816 0.263816 0.263816
32500 2.389998 2.389998 2.389998 0.263816 0.263816 0.263816
32600 2.389998 2.389998 2.389998 0.263816 0.263816 0.263816
32700 2.389998 2.389998 2.389998 0.263816 0.263816 0.263816
32800 2.389998 2.389998 2.389998 0.263816 0.263816 0.263816
32900 2.389998 2.389998 2.389998 0.263816 0.263816 0.263816
33000 2.389998 2.389998 2.389998 0.263816 0.263816 0.263816
33100 2.389998 2.389998 2.389998 0.263816 0.263816 0.263816
33200 2.389998 2.389998 2.389998 0.263816 0.263816 0.263816
33300 2.389998 2.389998 2.389998 0.263816 0.263816 0.263816
33400 2.389998 2.389998 2.389998 0.263816 0.263816 0.263816
33500 2.389998 2.389998 2.389998 0.263816 0.263816 0.263816
33600 2.389998 2.389998 2.389998 0.263816 0.263816 0.263816
33700 2.389998 2.389998 2.389998 0.263816 0.263816 0.263816
33800 2.389998 2.389998 2.389998 0.263816 0.263816 0.263816
33900 2.389998 2.389998 2.389998 0.263816 0.263816 0.263816
34000 2.389998 2.389998 2.389998 0.263816 0.263816 0.263816
34100 2.389998 2.389998 2.389998 0.263816 0.263816 0.263816
34200 2.389998 2.389998 2.389998 0.263816 0.263816 0.263816
34300 2.389998 2.389998 2.389998 0.263816 0.263816 0.263816
34400 2.389998 2.389998 2.389998 0.263816 0.263816 0.263816
34500 2.389998 2.389998 2.389998 0.263816 0.263816 0.263816
34600 2.389998 2.389998 2.389998 0.263816 0.263816 0.263816
34700 2.389998 2.389998 2.389998 0.263816 0.263816 0.263816
34800 2.389998 2.389998 2.389998 0.263816 0.263816 0.263816
34900 2.389998 2.389998 2.389998 0.263816 0.263816 0.263816
35000 2.389998 2.389998 2.389998 0.263816 0.263816 0.263816
35100 2.389998 2.389998 2.389998 0.263816 0.263816 0.263816
35200 2.389998 2.389998 2.389998 0.263816 0.263816 0.263816
35300 2.389998 2.389998 2.389998 0.263816 0.263816 0.263816
35400 2.389998 2.389998 2.389998 0.263816 0.263816 0.263816
35500 2.389998 2.389998 2.389998 0.263816 0.263816 0.263816
35600 2.389998 2.389998 2.389998 0.263816 0.263816 0.263816
35700 2.389998 2.389998 2.389998 0.263816 0.263816 0.263816
35800 2.389998 2.389998 2.389998 0.263816 0.263816 0.263816
35900 2.389998 2.389998 2.389998 0.263816 0.263816 0.263816
36000 2.389998 2.389998 2.389998 0.263816 0.263816 0.263816
36100 2.389998 2.389998 2.389998 0.263816 0.263816 0.263816
36200 2.389998 2.389998 2.389998 0.263816 0.263816 0.263816
36300 2.389998 2.389998 2.389998 0.263816 0.263816 0.263816
36400 2.389998 2.389998 2.389998 0.263816 0.263816 0.263816
36500 2.389998 2.389998 2.389998 0.263816 0.263816 0.263816
36600 2.389998 2.389998 2.389998 0.263816 0.263816 0.263816
36700 2.389998 2.389998 2.389998 0.263816 0.263816 0.263816
36800 2.389998 2.389998 2.389998 0.263816 0.263816 0.263816
36900 2.389998 2.389998 2.389998 0.263816 0.263816 0.263816
37000 2.389998 2.389998 2.389998 0.263816 0.263816 0.263816
37100 2.389998 2.389998 2.389998 0.263816 0.263816 0.263816
37200 2.389998 2.389998 2.389998 0.263816 0.263816 0.263816
37300 2.389998 2.389998 2.389998 0.263816 0.263816 0.263816
37400 2.389998 2.389998 2.389998 0.263816 0.263816 0.263816
37500 2.389998 2.389998 2.389998 0.263816 0.263816 0.263816
37600 2.389998 2.389998 2.389998 0.263816 0.263816 0.263816
37700 2.389998 2.389998 2.389998 0.263816 0.263816 0.263816
37800 2.389998 2.389998 2.389998 0.263816 0.263816 0.263816
37900 2.389998 2.389998 2.389998 0.263816 0.263816 0.263816
38000 2.389998 2.389998 2.389998 0.263816 0.263816 0.263816
38100 2.389998 2.389998 2.389998 0.263816 0.263816 0.263816
38200 2.389998 2.389998 2.389998 0.263816 0.263816 0.263816
38300 2.389998 2.389998 2.389998 0.263816 0.263816 0.263816
38400 2.389998 2.389998 2.389998 0.263816 0.263816 0.263816
38500 2.389998 2.389998 2.389998 0.263816 0.263816 0.263816
38600 2.389998 2.389998 2.389998 0.263816 0.263816 0.263816
38700 2.389998 2.389998 2.389998 0.263816 0.263816 0.263816
38800 2.389998 2.389998 2.389998 0.263816 0.263816 0.263816
38900 2.389998 2.389998 2.389998 0.263816 0.263816 0.263816
39000 2.389998 2.389998 2.389998 0.263816 0.263816 0.263816
39100 2.389998 2.389998 2.389998 0.263816 0.263816 0.263816
39200 2.389998 2.389998 2.389998 0.263816 0.263816 0.263816
39300 2.389998 2.389998 2.389998 0.263816 0.263816 0.263816
39400 2.389998 2.389998 2.389998 0.263816 0.263816 0.263816
39500 2.389998 2.389998 2.389998 0.263816 0.263816 0.263816
39600 2.389998 2.389998 2.389998 0.263816 0.263816 0.263816
39700 2.389998 2.389998 2.389998 0.263816 0.263816 0.263816
39800 2.389998 2.389998 2.389998 0.263816 0.263816 0.263816
39900 2.389998 2.389998 2.389998 0.263816 0.263816 0.263816
40000 2.389998 2.389998 2.389998 0.263816 0.263816 0.263816
40100 2.389998 2.389998 2.389998 0.263816 0.263816 0.263816
40200 2.389998 2.389998 2.389998 0.263816 0.263816 0.263816
40300 2.389998 2.389998 2.389998 0.263816 0.263816 0.263816
40400 2.389998 2.389998 2.389998 0.263816 0.263816 0.263816
40500 2.389998 2.389998 2.389998 0.263816 0.263816 0.263816
40600 2.389998 2.389998 2.389998 0.263816 0.263816 0.263816
40700 2.389998 2.389998 2.389998 0.263816 0.263816 0.263816
40800 2.389998 2.389998 2.389998 0.263816 0.263816 0.263816
40900 2.389998 2.389998 2.389998 0.263816 0.263816 0.263816
41000 2.389998 2.389998 2.389998 0.263816 0.263816 0.263816
41100 2.389998 2.389998 2.389998 0.263816 0.263816 0.263816
41200 2.389998 2.389998 2.389998 0.263816 0.263816 0.263816
41300 2.389998 2.389998 2.389998 0.263816 0.263816 0.263816
41400 2.389998 2.389998 2.389998 0.263816 0.263816 0.263816
41500 2.389998 2.389998 2.389998 0.263816 0.263816 0.263816
41600 2.389998 2.389998 2.389998 0.263816 0.263816 0.263816
41700 2.389998 2.389998 2.389998 0.263816 0.263816 0.263816
41800 2.389998 2.389998 2.389998 0.263816 0.263816 0.263816
41900 2.389998 2.389998 2.389998 0.263816 0.263816 0.263816
42000 2.389998 2.389998 2.389998 0.263816 0.263816 0.263816
42100 2.389998 2.389998 2.389998 0.263816 0.263816 0.263816
42200 2.389998 2.389998 2.389998 0.263816 0.263816 0.263816
42300 2.389998 2.389998 2.389998 0.263816 0.263816 0.263816
42400 2.389998 2.389998 2.389998 0.263816 0.263816 0.263816
42500 2.389998 2.389998 2.389998 0.263816 0.263816 0.263816
42600 2.389998 2.389998 2.389998 0.263816 0.263816 0.263816
42700 2.389998 2.389998 2.389998 0.263816 0.263816 0.263816
42800 2.389998 2.389998 2.389998 0.263816 0.263816 0.263816
42900 2.389998 2.389998 2.389998 0.263816 0.263816 0.263816
43000 2.389998 2.389998 2.389998 0.263816 0.263816 0.263816
43100 2.389998 2.389998 2.389998 0.263816 0.263816 0.263816
43200 2.389998 2.389998 2.389998 0.263816 0.263816 0.263816
43300 2.389998 2.389998 2.389998 0.263816 0.263816 0.263816
43400 2.389998 2.389998 2.389998 0.263816 0.263816 0.263816
43500 2.389998 2.389998 2.389998 0.263816 0.263816 0.263816
43600 2.389998 2.389998 2.389998 0.263816 0.263816 0.263816
43700 2.389998 2.389998 2.389998 0.263816 0.263816 0.263816
43800 2.389998 2.389998 2.389998 0.263816 0.263816 0.263816
43900 2.389998 2.389998 2.389998 0.263816 0.263816 0.263816
44000 2.389998 2.389998 2.389998 0.263816 0.263816 0.263816
44100 2.389998 2.389998 2.389998 0.263816 0.263816 0.263816
44200 2.389998 2.389998 2.389998 0.263816 0.263816 0.263816
44300 2.389998 2.389998 2.389998 0.263816 0.263816 0.263816
44400 2.389998 2.389998 2.389998 0.263816 0.263816 0.263816
44500 2.389998 2.389998 2.389998 0.263816 0.263816 0.263816
44600 2.389998 2.389998 2.389998 0.263816 0.263816 0.263816
44700 2.389998 2.389998 2.389998 0.263816 0.263816 0.263816
44800 2.389998 2.389998 2.389998 0.263816 0.263816 0.263816
44900 2.389998 2.389998 2.389998 0.263816 0.263816 0.263816
45000 2.389998 2.389998 2.389998 0.263816 0.263816 0.263816
45100 2.389998 2.389998 2.389998 0.263816 0.263816 0.263816
45200 2.389998 2.389998 2.389998 0.263816 0.263816 0.263816
45300 2.389998 2.389998 2.389998 0.263816 0.263816 0.263816
45400 2.389998 2.389998 2.389998 0.263816 0.263816 0.263816
45500 2.389998 2.389998 2.389998 0.263816 0.263816 0.263816
45600 2.389998 2.389998 2.389998 0.263816 0.263816 0.263816
45700 2.389998 2.389998 2.389998 0.263816 0.263816 0.263816
45800 2.389998 2.389998 2.389998 0.263816 0.263816 0.263816
45900 2.389998 2.389998 2.389998 0.263816 0.263816 0.263816
46000 2.389998 2.389998 2.389998 0.263816 0.263816 0.263816
46100 2.389998 2.389998 2.389998 0.263816 0.263816 0.263816
46200 2.389998 2.389998 2.389998 0.263816 0.263816 0.263816
46300 2.389998 2.389998 2.389998 0.263816 0.263816 0.263816
46400 2.389998 2.389998 2.389998 0.263816 0.263816 0.263816
46500 2.389998 2.389998 2.389998 0.263816 0.263816 0.263816
46600 2.389998 2.389998 2.389998 0.263816 0.263816 0.263816
46700 2.389998 2.389998 2.389998 0.263816 0.263816 0.263816
46800 2.389998 2.389998 2.389998 0.263816 0.263816 0.263816
46900 2.389998 2.389998 2.389998 0.263816 0.263816 0.263816
47000 2.389998 2.389998 2.389998 0.263816 0.263816 0.263816
47100 2.389998 2.389998 2.389998 0.263816 0.263816 0.263816
47200 2.389998 2.389998 2.389998 0.263816 0.263816 0.263816
47300 2.389998 2.389998 2.389998 0.263816 0.263816 0.263816
47400 2.389998 2.389998 2.389998 0.263816 0.263816 0.263816
47500 2.389998 2.389998 2.389998 0.263816 0.263816 0.263816
47600 2.389998 2.389998 2.389998 0.263816 0.263816 0.263816
47700 2.389998 2.389998 2.389998 0.263816 0.263816 0.263816
47800 2.389998 2.389998 2.389998 0.263816 0.263816 0.263816
47900 2.389998 2.389998 2.389998 0.263816 0.263816 0.263816
48000 2.389998 2.389998 2.389998 0.263816 0.263816 0.263816
48100 2.389998 2.389998 2.389998 0.263816 0.263816 0.263816
48200 2.389998 2.389998 2.389998 0.263816 0.263816 0.263816
48300 2.389998 2.389998 2.389998 0.263816 0.263816 0.263816
48400 2.389998 2.389998 2.389998 0.263816 0.263816 0.263816
48500 2.389998 2.389998 2.389998 0.263816 0.263816 0.263816
48600 2.389998 2.389998 2.389998 0.263816 0.263816 0.263816
48700 2.389998 2.389998 2.389998 0.263816 0.263816 0.263816
48800 2.389998 2.389998 2.389998 0.263816 0.263816 0.263816
48900 2.389998 2.389998 2.389998 0.263816 0.263816 0.263816
49000 2.389998 2.389998 2.389998 0.263816 0.263816 0.263816
49100 2.389998 2.389998 2.389998 0.263816 0.263816 0.263816
49200 2.389998 2.389998 2.389998 0.263816 0.263816 0.263816
49300 2.389998 2.389998 2.389998 0.263816 0.263816 0.263816
49400 2.389998 2.389998 2.389998 0.263816 0.263816 0.263816
49500 2.389998 2.389998 2.389998 0.263816 0.263816 0.263816
49600 2.389998 2.389998 2.389998 0.263816 0.263816 0.263816
49700 2.389998 2.389998 2.389998 0.263816 0.263816 0.263816
49800 2.389998 2.389998 2.389998 0.263816 0.263816 0.263816
49900 2.389998 2.389998 2.389998 0.263816 0.263816 0.263816
50000 2.389998 2.389998 2.389998 0.263816 0.263816 0.263816
50100 2.389998 2.389998 2.389998 0.263816 0.263816 0.263816
50200 2.389998 2.389998 2.389998 0.263816 0.263816 0.263816
50300 2.389998 2.389998 2.389998 0.263816 0.263816 0.263816
50400 2.389998 2.389998 2.389998 0.263816 0.263816 0.263816
50500 2.389998 2.389998 2.389998 0.263816 0.263816 0.263816
50600 2.389998 2.389998 2.389998 0.263816 0.263816 0.263816
50700 2.389998 2.389998 2.389998 0.263816 0.263816 0.263816
50800 2.389998 2.389998 2.389998 0.263816 0.263816 0.263816
50900 2.389998 2.389998 2.389998 0.263816 0.263816 0.263816
51000 2.389998 2.389998 2.389998 0.263816 0.263816 0.263816
51100 2.389998 2.389998 2.389998 0.263816 0.263816 0.263816
51200 2.389998 2.389998 2.389998 0.263816 0.263816 0.263816
51300 2.389998 2.389998 2.389998 0.263816 0.263816 0.263816
51400 2.389998 2.389998 2.389998 0.263816 0.263816 0.263816
51500 2.389998 2.389998 2.389998 0.263816 0.263816 0.263816
51600 2.389998 2.389998 2.389998 0.263816 0.263816 0.263816
51700 2.389998 2.389998 2.389998 0.263816 0.263816 0.263816
51800 2.389998 2.389998 2.389998 0.263816 0.263816 0.263816
51900 2.389998 2.389998 2.389998 0.263816 0.263816 0.263816
52000 2.389998 2.389998 2.389998 0.263816 0.263816 0.263816
52100 2.389998 2.389998 2.389998 0.263816 0.263816 0.263816
52200 2.389998 2.389998 2.389998 0.263816 0.263816 0.263816
52300 2.389998 2.389998 2.389998 0.263816 0.263816 0.263816
52400 2.389998 2.389998 2.389998 0.263816 0.263816 0.263816
52500 2.389998 2.389998 2.389998 0.263816 0.263816 0.263816
52600 2.389998 2.389998 2.389998 0.263816 0.263816 0.263816
52700 2.389998 2.389998 2.389998 0.263816 0.263816 0.263816
52800 2.389998 2.389998 2.389998 0.263816 0.263816 0.263816
52900 2.389998 2.389998 2.389998 0.263816 0.263816 0.263816
53000 2.389998 2.389998 2.389998 0.263816 0.263816 0.263816
53100 2.389998 2.389998 2.389998 0.263816 0.263816 0.263816
53200 2.389998 2.389998 2.389998 0.263816 0.263816 0.263816
53300 2.389998 2.389998 2.389998 0.263816 0.263816 0.263816
53400 2.389998 2.389998 2.389998 0.263816 0.263816 0.263816
53500 2.389998 2.389998 2.389998 0.263816 0.263816 0.263816
53600 2.389998 2.389998 2.389998 0.263816 0.263816 0.263816
53700 2.389998 2.389998 2.389998 0.263816 0.263816 0.263816
53800 2.389998 2.389998 2.389998 0.263816 0.263816 0.263816
53900 2.389998 2.389998 2.389998 0.263816 0.263816 0.263816
54000 2.389998 2.389998 2.389998 0.263816 0.263816 0.263816
54100 2.389998 2.389998 2.389998 0.263816 0.263816 0.263816
54200 2.389998 2.389998 2.389998 0.263816 0.263816 0.263816
54300 2.389998 2.389998 2.389998 0.263816 0.263816 0.263816
54400 2.389998 2.389998 2.389998 0.263816 0.263816 0.263816
54500 2.389998 2.389998 2.389998 0.263816 0.263816 0.263816
54600 2.389998 2.389998 2.389998 0.263816 0.263816 0.263816
54700 2.389998 2.389998 2.389998 0.263816 0.263816 0.263816
54800 2.389998 2.389998 2.389998 0.263816 0.263816 0.263816
54900 2.389998 2.389998 2.389998 0.263816 0.263816 0.263816
55000 2.389998 2.389998 2.389998 0.263816 0.263816 0.263816
55100 2.389998 2.389998 2.389998 0.263816 0.263816 0.263816
55200 2.389998 2.389998 2.389998 0.263816 0.263816 0.263816
55300 2.389998 2.389998 2.389998 0.263816 0.263816 0.263816
55400 2.389998 2.389998 2.389998 0.263816 0.263816 0.263816
55500 2.389998 2.389998 2.389998 0.263816 0.263816 0.263816
55600 2.389998 2.389998 2.389998 0.263816 0.263816 0.263816
55700 2.389998 2.389998 2.389998 0.263816 0.263816 0.263816
55800 2.389998 2.389998 2.389998 0.263816 0.263816 0.263816
55900 2.389998 2.389998 2.389998 0.263816 0.263816 0.263816
56000 2.389998 2.389998 2.389998 0.263816 0.263816 0.263816
56100 2.389998 2.389998 2.389998 0.263816 0.263816 0.263816
56200 2.389998 2.389998 2.389998 0.263816 0.263816 0.263816
56300 2.389998 2.389998 2.389998 0.263816 0.263816 0.263816
56400 2.389998 2.389998 2.389998 0.263816 0.263816 0.263816
56500 2.389998 2.389998 2.389998 0.263816 0.263816 0.263816
56600 2.389998 2.389998 2.389998 0.263816 0.263816 0.263816
56700 2.389998 2.389998 2.389998 0.263816 0.263816 0.263816
56800 2.389998 2.389998 2.389998 0.263816 0.263816 0.263816
56900 2.389998 2.389998 2.389998 0.263816 0.263816 0.263816
57000 2.389998 2.389998 2.389998 0.263816 0.263816 0.263816
57100 2.389998 2.389998 2.389998 0.263816 0.263816 0.263816
57200 2.389998 2.389998 2.389998 0.263816 0.263816 0.263816
57300 2.389998 2.389998 2.389998 0.263816 0.263816 0.263816
57400 2.389998 2.389998 2.389998 0.263816 0.263816 0.263816
57500 2.389998 2.389998 2.389998 0.263816 0.263816 0.263816
57600 2.389998 2.389998 2.389998 0.263816 0.263816 0.263816
57700 2.389998 2.389998 2.389998 0.263816 0.263816 0.263816
57800 2.389998 2.389998 2.389998 0.263816 0.263816 0.263816
57900 2.389998 2.389998 2.389998 0.263816 0.263816 0.263816
58000 2.389998 2.389998 2.389998 0.263816 0.263816 0.263816
58100 2.389998 2.389998 2.389998 0.263816 0.263816 0.263816
58200 2.389998 2.389998 2.389998 0.263816 0.263816 0.263816
58300 2.389998 2.389998 2.389998 0.263816 0.263816 0.263816
58400 2.389998 2.389998 2.389998 0.263816 0.263816 0.263816
58500 2.389998 2.389998 2.389998 0.263816 0.263816 0.263816
58600 2.389998 2.389998 2.389998 0.263816 0.263816 0.263816
58700 2.389998 2.389998 2.389998 0.263816 0.263816 0.263816
58800 2.389998 2.389998 2.389998 0.263816 0.263816 0.263816
58900 2.389998 2.389998 2.389998 0.263816 0.263816 0.263816
59000 2.389998 2.389998 2.389998 0.263816 0.263816 0.263816
59100 2.389998 2.389998 2.389998 0.263816 0.263816 0.263816
59200 2.389998 2.389998 2.389998 0.263816 0.263816 0.263816
59300 2.389998 2.389998 2.389998 0.263816 0.263816 0.263816
59400 2.389998 2.389998 2.389998 0.263816 0.263816 0.263816
59500 2.389998 2.389998 2.389998 0.263816 0.263816 0.263816
59600 2.389998 2.389998 2.389998 0.263816 0.263816 0.263816
59700 2.389998 2.389998 2.389998 0.263816 0.263816 0.263816
59800 2.389998 2.389998 2.389998 0.263816 0.263816 0.263816
59900 2.389998 2.389998 2.389998 0.263816 0.263816 0.263816
60000 2.389998 2.389998 2.389998 0.263816 0.263816 0.263816
60100 2.389998 2.389998 2.389998 0.263816 0.263816 0.263816
60200 2.389998 2.389998 2.389998 0.263816 0.263816 0.263816
60300 2.389998 2.389998 2.389998 0.263816 0.263816 0.263816
60400 2.389998 2.389998 2.389998 0.263816 0.263816 0.263816
60500 2.389998 2.389998 2.389998 0.263816 0.263816 0.263816
60600 2.389998 2.389998 2.389998 0.263816 0.263816 0.263816
60700 2.389998 2.389998 2.389998 0.263816 0.263816 0.263816
60800 2.389998 2.389998 2.389998 0.263816 0.263816 0.263816
60900 2.389998 2.389998 2.389998 0.263816 0.263816 0.263816
61000 2.389998 2.389998 2.389998 0.263816 0.263816 0.263816
61100 2.389998 2.389998 2.389998 0.263816 0.263816 0.263816
61200 2.389998 2.389998 2.389998 0.263816 0.263816 0.263816
61300 2.389998 2.389998 2.389998 0.263816 0.263816 0.263816
61400 2.389998 2.389998 2.389998 0.263816 0.263816 0.263816
61500 2.389998 2.389998 2.389998 0.263816 0.263816 0.263816
61600 2.389998 2.389998 2.389998 0.263816 0.263816 0.263816
61700 2.389998 2.389998 2.389998 0.263816 0.263816 0.263816
61800 2.389998 2.389998 2.389998 0.263816 0.263816 0.263816
61900 2.389998 2.389998 2.389998 0.263816 0.263816 0.263816
62000 2.389998 2.389998 2.389998 0.263816 0.263816 0.263816
62100 2.389998 2.389998 2.389998 0.263816 0.263816 0.263816
62200 2.389998 2.389998 2.389998 0.263816 0.263816 0.263816
62300 2.389998 2.389998 2.389998 0.263816 0.263816 0.263816
62400 2.389998 2.389998 2.389998 0.263816 0.263816 0.263816
62500 2.389998 2.389998 2.389998 0.263816 0.263816 0.263816
62600 2.389998 2.389998 2.389998 0.263816 0.263816 0.263816
62700 2.389998 2.389998 2.389998 0.263816 0.263816 0.263816
62800 2.389998 2.389998 2.389998 0.263816 0.263816 0.263816
62900 2.389998 2.389998 2.389998 0.263816 0.263816 0.263816
63000 2.389998 2.389998 2.389998 0.263816 0.263816 0.263816
63100 2.389998 2.389998 2.389998 0.263816 0.263816 0.263816
63200 2.389998 2.389998 2.389998 0.263816 0.263816 0.263816
63300 2.389998 2.389998 2.389998 0.263816 0.263816 0.263816
63400 2.389998 2.389998 2.389998 0.263816 0.263816 0.263816
63500 2.389998 2.389998 2.389998 0.263816 0.263816 0.263816
63600 2.389998 2.389998 2.389998 0.263816 0.263816 0.263816
63700 2.389998 2.389998 2.389998 0.263816 0.263816 0.263816
63800 2.389998 2.389998 2.389998 0.263816 0.263816 0.263816
63900 2.389998 2.389998 2.389998 0.263816 0.263816 0.263816
64000 2.389998 2.389998 2.389998 0.263816 0.263816 0.263816
64100 2.389998 2.389998 2.389998 0.263816 0.263816 0.263816
64200 2.389998 2.389998 2.389998 0.263816 0.263816 0.263816
64300 2.389998 2.389998 2.389998 0.263816 0.263816 0.263816
64400 2.389998 2.389998 2.389998 0.263816 0.263816 0.263816
64500 2.389998 2.389998 2.389998 0.263816 0.263816 0.263816
64600 2.389998 2.389998 2.389998 0.263816 0.263816 0.263816
64700 2.389998 2.389998 2.389998 0.263816 0.263816 0.263816
64800 2.389998 2.389998 2.389998 0.263816 0.263816 0.263816
64900 2.389998 2.389998 2.389998 0.263816 0.263816 0.263816
65000 2.389998 2.389998 2.389998 0.263816 0.263816 0.263816
65100 2.389998 2.389998 2.389998 0.263816 0.263816 0.263816
65200 2.389998 2.389998 2.389998 0.263816 0.263816 0.263816
65300 2.389998 2.389998 2.389998 0.263816 0.263816 0.263816
65400 2.389998 2.389998 2.389998 0.263816 0.263816 0.263816
65500 2.389998 2.389998 2.389998 0.263816 0.263816 0.263816
65600 2.389998 2.389998 2.389998 0.263816 0.263816 0.263816
65700 2.389998 2.389998 2.389998 0.263816 0.263816 0.263816
65800 2.389998 2.389998 2.389998 0.263816 0.263816 0.263816
65900 2.389998 2.389998 2.389998 0.263816 0.263816 0.263816
66000 2.389998 2.389998 2.389998 0.263816 0.263816 0.263816
66100 2.389998 2.389998 2.389998 0.263816 0.263816 0.263816
66200 2.389998 2.389998 2.389998 0.263816 0.263816 0.263816
66300 2.389998 2.389998 2.389998 0.263816 0.263816 0.263816
66400 2.389998 2.389998 2.389998 0.263816 0.263816 0.263816
66500 2.389998 2.389998 2.389998 0.263816 0.263816 0.263816
66600 2.389998 2.389998 2.389998 0.263816 0.263816 0.263816
66700 2.389998 2.389998 2.389998 0.263816 0.263816 0.263816
66800 2.389998 2.389998 2.389998 0.263816 0.263816 0.263816
66900 2.389998 2.389998 2.389998 0.263816 0.263816 0.263816
67000 2.389998 2.389998 2.389998 0.263816 0.263816 0.263816
67100 2.389998 2.389998 2.389998 0.263816 0.263816 0.263816
67200 2.389998 2.389998 2.389998 0.263816 0.263816 0.263816
67300 2.389998 2.389998 2.389998 0.263816 0.263816 0.263816
67400 2.389998 2.389998 2.389998 0.263816 0.263816 0.263816
67500 2.389998 2.389998 2.389998 0.263816 0.263816 0.263816
67600 2.389998 2.389998 2.389998 0.263816 0.263816 0.263816
67700 2.389998 2.389998 2.389998 0.263816 0.263816 0.263816
67800 2.389998 2.389998 2.389998 0.263816 0.263816 0.263816
67900 2.389998 2.389998 2.389998 0.263816 0.263816 0.263816
68000 2.389998 2.389998 2.389998 0.263816 0.263816 0.263816
68100 2.389998 2.389998 2.389998 0.263816 0.263816 0.263816
68200 2.389998 2.389998 2.389998 0.263816 0.263816 0.263816
68300 2.389998 2.389998 2.389998 0.263816 0.263816 0.263816
68400 2.389998 2.389998 2.389998 0.263816 0.263816 0.263816
68500 2.389998 2.389998 2.389998 0.263816 0.263816 0.263816
68600 2.389998 2.389998 2.389998 0.263816 0.263816 0.263816
68700 2.389998 2.389998 2.389998 0.263816 0.263816 0.263816
68800 2.389998 2.389998 2.389998 0.263816 0.263816 0.263816
68900 2.389998 2.389998 2.389998 0.263816 0.263816 0.263816
69000 2.389998 2.389998 2.389998 0.263816 0.263816 0.263816
69100 2.389998 2.389998 2.389998 0.263816 0.263816 0.263816
69200 2.389998 2.389998 2.389998 0.263816 0.263816 0.263816
69300 2.389998 2.389998 2.389998 0.263816 0.263816 0.263816
69400 2.389998 2.389998 2.389998 0.263816 0.263816 0.263816
69500 2.389998 2.389998 2.389998 0.263816 0.263816 0.263816
69600 2.389998 2.389998 2.389998 0.263816 0.263816 0.263816
69700 2.389998 2.389998 2.389998 0.263816 0.263816 0.263816
69800 2.389998 2.389998 2.389998 0.263816 0.263816 0.263816
69900 2.389998 2.389998 2.389998 0.263816 0.263816 0.263816
70000 2.389998 2.389998 2.389998 0.263816 0.263816 0.263816
70100 2.389998 2.389998 2.389998 0.263816 0.263816 0.263816
70200 2.389998 2.389998 2.389998 0.263816 0.263816 0.263816
70300 2.389998 2.389998 2.389998 0.263816 0.263816 0.263816
70400 2.389998 2.389998 2.389998 0.263816 0.263816 0.263816
70500 2.389998 2.389998 2.389998 0.263816 0.263816 0.263816
70600 2.389998 2.389998 2.389998 0.263816 0.263816 0.263816
70700 2.389998 2.389998 2.389998 0.263816 0.263816 0.263816
70800 2.389998 2.389998 2.389998 0.263816 0.263816 0.263816
70900 2.389998 2.389998 2.389998 0.263816 0.263816 0.263816
71000 2.389998 2.389998 2.389998 0.263816 0.263816 0.263816
71100 2.389998 2.389998 2.389998 0.263816 0.263816 0.263816
71200 2.389998 2.389998 2.389998 0.263816 0.263816 0.263816
71300 2.389998 2.389998 2.389998 0.263816 0.263816 0.263816
71400 2.389998 2.389998 2.389998 0.263816 0.263816 0.263816
71500 2.389998 2.389998 2.389998 0.263816 0.263816 0.263816
71600 2.389998 2.389998 2.389998 0.263816 0.263816 0.263816
71700 2.389998 2.389998 2.389998 0.263816 0.263816 0.263816
71800 2.389998 2.389998 2.389998 0.263816 0.263816 0.263816
71900 2.389998 2.389998 2.389998 0.263816 0.263816 0.263816
72000 2.389998 2.389998 2.389998 0.263816 0.263816 0.263816
72100 2.389998 2.389998 2.389998 0.263816 0.263816 0.263816
72200 2.389998 2.389998 2.389998 0.263816 0.263816 0.263816
72300 2.389998 2.389998 2.389998 0.263816 0.263816 0.263816
72400 2.389998 2.389998 2.389998 0.263816 0.263816 0.263816
72500 2.389998 2.389998 2.389998 0.263816 0.263816 0.263816
72600 2.389998 2.389998 2.389998 0.263816 0.263816 0.263816
72700 2.389998 2.389998 2.389998 0.263816 0.263816 0.263816
72800 2.389998 2.389998 2.389998 0.263816 0.263816 0.263816
72900 2.389998 2.389998 2.389998 0.263816 0.263816 0.263816
73000 2.389998 2.389998 2.389998 0.263816 0.263816 0.263816
73100 2.389998 2.389998 2.389998 0.263816 0.263816 0.263816
73200 2.389998 2.389998 2.389998 0.263816 0.263816 0.263816
73300 2.389998 2.389998 2.389998 0.263816 0.263816 0.263816
73400 2.389998 2.389998 2.389998 0.263816 0.263816 0.263816
73500 2.389998 2.389998 2.389998 0.263816 0.263816 0.263816
73600 2.389998 2.389998 2.389998 0.263816 0.263816 0.263816
73700 2.389998 2.389998 2.389998 0.263816 0.263816 0.263816
73800 2.389998 2.389998 2.389998 0.263816 0.263816 0.263816
73900 2.389998 2.389998 2.389998 0.263816 0.263816 0.263816
74000 2.389998 2.389998 2.389998 0.263816 0.263816 0.263816
74100 2.389998 2.389998 2.389998 0.263816 0.263816 0.263816
74200 2.389998 2.389998 2.389998 0.263816 0.263816 0.263816
74300 2.389998 2.389998 2.389998 0.263816 0.263816 0.263816
74400 2.389998 2.389998 2.389998 0.263816 0.263816 0.263816
74500 2.389998 2.389998 2.389998 0.263816 0.263816 0.263816
74600 2.389998 2.389998 2.389998 0.263816 0.263816 0.263816
74700 2.389998 2.389998 2.389998 0.263816 0.263816 0.263816
74800 2.389998 2.389998 2.389998 0.263816 0.263816 0.263816
74900 2.389998 2.389998 2.389998 0.263816 0.263816 0.263816
75000 2.389998 2.389998 2.389998 0.263816 0.263816 0.263816
75100 2.389998 2.389998 2.389998 0.263816 0.263816 0.263816
75200 2.389998 2.389998 2.389998 0.263816 0.263816 0.263816
75300 2.389998 2.389998 2.389998 0.263816 0.263816 0.263816
75400 2.389998 2.389998 2.389998 0.263816 0.263816 0.263816
75500 2.389998 2.389998 2.389998 0.263816 0.263816 0.263816
75600 2.389998 2.389998 2.389998 0.263816 0.263816 0.263816
75700 2.389998 2.389998 2.389998 0.263816 0.263816 0.263816
75800 2.389998 2.389998 2.389998 0.263816 0.263816 0.263816
75900 2.389998 2.389998 2.389998 0.263816 0.263816 0.263816
76000 2.389998 2.389998 2.389998 0.263816 0.263816 0.263816
76100 2.389998 2.389998 2.389998 0.263816 0.263816 0.263816
76200 2.389998 2.389998 2.389998 0.263816 0.263816 0.263816
76300 2.389998 2.389998 2.389998 0.263816 0.263816 0.263816
76400 2.389998 2.389998 2.389998 0.263816 0.263816 0.263816
76500 2.389998 2.389998 2.389998 0.263816 0.263816 0.263816
76600 2.389998 2.389998 2.389998 0.263816 0.263816 0.263816
76700 2.389998 2.389998 2.389998 0.263816 0.263816 0.263816
76800 2.389998 2.389998 2.389998 0.263816 0.263816 0.263816
76900 2.389998 2.389998 2.389998 0.263816 0.263816 0.263816
77000 2.389998 2.389998 2.389998 0.263816 0.263816 0.263816
77100 2.389998 2.389998 2.389998 0.263816 0.263816 0.263816
77200 2.389998 2.389998 2.389998 0.263816 0.263816 0.263816
77300 2.389998 2.389998 2.389998 0.263816 0.263816 0.263816
77400 2.389998 2.389998 2.389998 0.263816 0.263816 0.263816
77500 2.389998 2.389998 2.389998 0.263816 0.263816 0.263816
77600 2.389998 2.389998 2.389998 0.263816 0.263816 0.263816
77700 2.389998 2.389998 2.389998 0.263816 0.263816 0.263816
77800 2.389998 2.389998 2.389998 0.263816 0.263816 0.263816
77900 2.389998 2.389998 2.389998 0.263816 0.263816 0.263816
78000 2.389998 2.389998 2.389998 0.263816 0.263816 0.263816
78100 2.389998 2.389998 2.389998 0.263816 0.263816 0.263816
78200 2.389998 2.389998 2.389998 0.263816 0.263816 0.263816
78300 2.389998 2.389998 2.389998 0.263816 0.263816 0.263816
78400 2.389998 2.389998 2.389998 0.263816 0.263816 0.263816
78500 2.389998 2.389998 2.389998 0.263816 0.263816 0.263816
78600 2.389998 2.389998 2.389998 0.263816 0.263816 0.263816
78700 2.389998 2.389998 2.389998 0.263816 0.263816 0.263816
78800 2.389998 2.389998 2.389998 0.263816 0.263816 0.263816
78900 2.389998 2.389998 2.389998 0.263816 0.263816 0.263816
79000 2.389998 2.389998 2.389998 0.263816 0.263816 0.263816
79100 2.389998 2.389998 2.389998 0.263816 0.263816 0.263816
79200 2.389998 2.389998 2.389998 0.263816 0.263816 0.263816
79300 2.389998 2.389998 2.389998 0.263816 0.263816 0.263816
79400 2.389998 2.389998 2.389998 0.263816 0.263816 0.263816
79500 2.389998 2.389998 2.389998 0.263816 0.263816 0.263816
79600 2.389998 2.389998 2.389998 0.263816 0.263816 0.263816
79700 2.389998 2.389998 2.389998 0.263816 0.263816 0.263816
79800 2.389998 2.389998 2.389998 0.263816 0.263816 0.263816
79900 2.389998 2.389998 2.389998 0.263816 0.263816 0.263816
80000 2.389998 2.389998 2.389998 0.263816 0.263816 0.263816
80100 2.389998 2.389998 2.389998 0.263816 0.263816 0.263816
80200 2.389998 2.389998 2.389998 0.263816 0.263816 0.263816
80300 2.389998 2.389998 2.389998 0.263816 0.263816 0.263816
80400 2.389998 2.389998 2.389998 0.263816 0.263816 0.263816
80500 2.389998 2.389998 2.389998 0.263816 0.263816 0.263816
80600 2.389998 2.389998 2.389998 0.263816 0.263816 0.263816
80700 2.389998 2.389998 2.389998 0.263816 0.263816 0.263816
80800 2.389998 2.389998 2.389998 0.263816 0.263816 0.263816
80900 2.389998 2.389998 2.389998 0.263816 0.263816 0.263816
81000 2.389998 2.389998 2.389998 0.263816 0.263816 0.263816
81100 2.389998 2.389998 2.389998 0.263816 0.263816 0.263816
81200 2.389998 2.389998 2.389998 0.263816 0.263816 0.263816
81300 2.389998 2.389998 2.389998 0.263816 0.263816 0.263816
81400 2.389998 2.389998 2.389998 0.263816 0.263816 0.263816
81500 2.389998 2.389998 2.389998 0.263816 0.263816 0.263816
81600 2.389998 2.389998 2.389998 0.263816 0.263816 0.263816
81700 2.389998 2.389998 2.389998 0.263816 0.263816 0.263816
81800 2.389998 2.389998 2.389998 0.263816 0.263816 0.263816
81900 2.389998 2.389998 2.389998 0.263816 0.263816 0.263816
82000 2.389998 2.389998 2.389998 0.263816 0.263816 0.263816
82100 2.389998 2.389998 2.389998 0.263816 0.263816 0.263816
82200 2.389998 2.389998 2.389998 0.263816 0.263816 0.263816
82300 2.389998 2.389998 2.389998 0.263816 0.263816 0.263816
82400 2.389998 2.389998 2.389998 0.263816 0.263816 0.263816
82500 2.389998 2.389998 2.389998 0.263816 0.263816 0.263816
82600 2.389998 2.389998 2.389998 0.263816 0.263816 0.263816
82700 2.389998 2.389998 2.389998 0.263816 0.263816 0.263816
82800 2.389998 2.389998 2.389998 0.263816 0.263816 0.263816
82900 2.389998 2.389998 2.389998 0.263816 0.263816 0.263816
83000 2.389998 2.389998 2.389998 0.263816 0.263816 0.263816
83100 2.389998 2.389998 2.389998 0.263816 0.263816 0.263816
83200 2.389998 2.389998 2.389998 0.263816 0.263816 0.263816
83300 2.389998 2.389998 2.389998 0.263816 0.263816 0.263816
83400 2.389998 2.389998 2.389998 0.263816 0.263816 0.263816
83500 2.389998 2.389998 2.389998 0.263816 0.263816 0.263816
83600 2.389998 2.389998 2.389998 0.263816 0.263816 0.263816
83700 2.389998 2.389998 2.389998 0.263816 0.263816 0.263816
83800 2.389998 2.389998 2.389998 0.263816 0.263816 0.263816
83900 2.389998 2.389998 2.389998 0.263816 0.263816 0.263816
84000 2.389998 2.389998 2.389998 0.263816 0.263816 0.263816
84100 2.389998 2.389998 2.389998 0.263816 0.263816 0.263816
84200 2.389998 2.389998 2.389998 0.263816 0.263816 0.263816
84300 2.389998 2.389998 2.389998 0.263816 0.263816 0.263816
84400 2.389998 2.389998 2.389998 0.263816 0.263816 0.263816
84500 2.389998 2.389998 2.389998 0.263816 0.263816 0.263816
84600 2.389998 2.389998 2.389998 0.263816 0.263816 0.263816
84700 2.389998 2.389998 2.389998 0.263816 0.263816 0.263816
84800 2.389998 2.389998 2.389998 0.263816 0.263816 0.263816
84900 2.389998 2.389998 2.389998 0.263816 0.263816 0.263816
85000 2.389998 2.389998 2.389998 0.263816 0.263816 0.263816
85100 2.389998 2.389998 2.389998 0.263816 0.263816 0.263816
85200 2.389998 2.389998 2.389998 0.263816 0.263816 0.263816
85300 2.389998 2.389998 2.389998 0.263816 0.263816 0.263816
85400 2.389998 2.389998 2.389998 0.263816 0.263816 0.263816
85500 2.389998 2.389998 2.389998 0.263816 0.263816 0.263816
85600 2.389998 2.389998 2.389998 0.263816 0.263816 0.263816
85700 2.389998 2.389998 2.389998 0.263816 0.263816 0.263816
85800 2.389998 2.389998 2.389998 0.263816 0.263816 0.263816
85900 2.389998 2.389998 2.389998 0.263816 0.263816 0.263816
86000 2.389998 2.389998 2.389998 0.263816 0.263816 0.263816
86100 2.389998 2.389998 2.389998 0.263816 0.263816 0.263816
86200 2.389998 2.389998 2.389998 0.263816 0.263816 0.263816
86300 2.389998 2.389998 2.389998 0.263816 0.263816 0.263816
86400 2.389998 2.389998 2.389998 0.263816 0.263816 0.263816
86500 2.389998 2.389998 2.389998 0.263816 0.263816 0.263816
86600 2.389998 2.389998 2.389998 0.263816 0.263816 0.263816
86700 2.389998 2.389998 2.389998 0.263816 0.263816 0.263816
86800 2.389998 2.389998 2.389998 0.263816 0.263816 0.263816
86900 2.389998 2.389998 2.389998 0.263816 0.263816 0.263816
87000 2.389998 2.389998 2.389998 0.263816 0.263816 0.263816
87100 2.389998 2.389998 2.389998 0.263816 0.263816 0.263816
87200 2.389998 2.389998 2.389998 0.263816 0.263816 0.263816
87300 2.389998 2.389998 2.389998 0.263816 0.263816 0.263816
87400 2.389998 2.389998 2.389998 0.263816 0.263816 0.263816
87500 2.389998 2.389998 2.389998 0.263816 0.263816 0.263816
87600 2.389998 2.389998 2.389998 0.263816 0.263816 0.263816
87700 2.389998 2.389998 2.389998 0.263816 0.263816 0.263816
87800 2.389998 2.389998 2.389998 0.263816 0.263816 0.263816
87900 2.389998 2.389998 2.389998 0.263816 0.263816 0.263816
88000 2.389998 2.389998 2.389998 0.263816 0.263816 0.263816
88100 2.389998 2.389998 2.389998 0.263816 0.263816 0.263816
88200 2.389998 2.389998 2.389998 0.263816 0.263816 0.263816
88300 2.389998 2.389998 2.389998 0.263816 0.263816 0.263816
88400 2.389998 2.389998 2.389998 0.263816 0.263816 0.263816
88500 2.389998 2.389998 2.389998 0.263816 0.263816 0.263816
88600 2.389998 2.389998 2.389998 0.263816 0.263816 0.263816
88700 2.389998 2.389998 2.389998 0.263816 0.263816 0.263816
88800 2.389998 2.389998 2.389998 0.263816 0.263816 0.263816
88900 2.389998 2.389998 2.389998 0.263816 0.263816 0.263816
89000 2.389998 2.389998 2.389998 0.263816 0.263816 0.263816
89100 2.389998 2.389998 2.389998 0.263816 0.263816 0.263816
89200 2.389998 2.389998 2.389998 0.263816 0.263816 0.263816
89300 2.389998 2.389998 2.389998 0.263816 0.263816 0.263816
89400 2.389998 2.389998 2.389998 0.263816 0.263816 0.263816
89500 2.389998 2.389998 2.389998 0.263816 0.263816 0.263816
89600 2.389998 2.389998 2.389998 0.263816 0.263816 0.263816
89700 2.389998 2.389998 2.389998 0.263816 0.263816 0.263816
89800 2.389998 2.389998 2.389998 0.263816 0.263816 0.263816
89900 2.389998 2.389998 2.389998 0.263816 0.263816 0.263816
90000 2.389998 2.389998 2.389998 0.263816 0.263816 0.263816
90100 2.389998 2.389998 2.389998 0.263816 0.263816 0.263816
90200 2.389998 2.389998 2.389998 0.263816 0.263816 0.263816
90300 2.389998 2.389998 2.389998 0.263816 0.263816 0.263816
90400 2.389998 2.389998 2.389998 0.263816 0.263816 0.263816
90500 2.389998 2.389998 2.389998 0.263816 0.263816 0.263816
90600 2.389998 2.389998 2.389998 0.263816 0.263816 0.263816
90700 2.389998 2.389998 2.389998 0.263816 0.263816 0.263816
90800 2.389998 2.389998 2.389998 0.263816 0.263816 0.263816
90900 2.389998 2.389998 2.389998 0.263816 0.263816 0.263816
91000 2.389998 2.389998 2.389998 0.263816 0.263816 0.263816
91100 2.389998 2.389998 2.389998 0.263816 0.263816 0.263816
91200 2.389998 2.389998 2.389998 0.263816 0.263816 0.263816
91300 2.389998 2.389998 2.389998 0.263816 0.263816 0.263816
91400 2.389998 2.389998 2.389998 0.263816 0.263816 0.263816
91500 2.389998 2.389998 2.389998 0.263816 0.263816 0.263816
91600 2.389998 2.389998 2.389998 0.263816 0.263816 0.263816
91700 2.389998 2.389998 2.389998 0.263816 0.263816 0.263816
91800 2.389998 2.389998 2.389998 0.263816 0.263816 0.263816
91900 2.389998 2.389998 2.389998 0.263816 0.263816 0.263816
92000 2.389998 2.389998 2.389998 0.263816 0.263816 0.263816
92100 2.389998 2.389998 2.389998 0.263816 0.263816 0.263816
92200 2.389998 2.389998 2.389998 0.263816 0.263816 0.263816
92300 2.389998 2.389998 2.389998 0.263816 0.263816 0.263816
92400 2.389998 2.389998 2.389998 0.263816 0.263816 0.263816
92500 2.389998 2.389998 2.389998 0.263816 0.263816 0.263816
92600 2.389998 2.389998 2.389998 0.263816 0.263816 0.263816
92700 2.389998 2.389998 2.389998 0.263816 0.263816 0.263816
92800 2.389998 2.389998 2.389998 0.263816 0.263816 0.263816
92900 2.389998 2.389998 2.389998 0.263816 0.263816 0.263816
93000 2.389998 2.389998 2.389998 0.263816 0.263816 0.263816
93100 2.389998 2.389998 2.389998 0.263816 0.263816 0.263816
93200 2.389998 2.389998 2.389998 0.263816 0.263816 0.263816
93300 2.389998 2.389998 2.389998 0.263816 0.263816 0.263816
93400 2.389998 2.389998 2.389998 0.263816 0.263816 0.263816
93500 2.389998 2.389998 2.389998 0.263816 0.263816 0.263816
93600 2.389998 2.389998 2.389998 0.263816 0.263816 0.263816
93700 2.389998 2.389998 2.389998 0.263816 0.263816 0.263816
93800 2.389998 2.389998 2.389998 0.263816 0.263816 0.263816
93900 2.389998 2.389998 2.389998 0.263816 0.263816 0.263816
94000 2.389998 2.389998 2.389998 0.263816 0.263816 0.263816
94100 2.389998 2.389998 2.389998 0.263816 0.263816 0.263816
94200 2.389998 2.389998 2.389998 0.263816 0.263816 0.263816
94300 2.389998 2.389998 2.389998 0.263816 0.263816 0.263816
94400 2.389998 2.389998 2.389998 0.263816 0.263816 0.263816
94500 2.389998 2.389998 2.389998 0.263816 0.263816 0.263816
94600 2.389998 2.389998 2.389998 0.263816 0.263816 0.263816
94700 2.389998 2.389998 2.389998 0.263816 0.263816 0.263816
94800 2.389998 2.389998 2.389998 0.263816 0.263816 0.263816
94900 2.389998 2.389998 2.389998 0.263816 0.263816 0.263816
95000 2.389998 2.389998 2.389998 0.263816 0.263816 0.263816
95100 2.389998 2.389998 2.389998 0.263816 0.263816 0.263816
95200 2.389998 2.389998 2.389998 0.263816 0.263816 0.263816
95300 2.389998 2.389998 2.389998 0.263816 0.263816 0.263816
95400 2.389998 2.389998 2.389998 0.263816 0.263816 0.263816
95500 2.389998 2.389998 2.389998 0.263816 0.263816 0.263816
95600 2.389998 2.389998 2.389998 0.263816 0.263816 0.263816
95700 2.389998 2.389998 2.389998 0.263816 0.263816 0.263816
95800 2.389998 2.389998 2.389998 0.263816 0.263816 0.263816
95900 2.389998 2.389998 2.389998 0.263816 0.263816 0.263816
96000 2.389998 2.389998 2.389998 0.263816 0.263816 0.263816
96100 2.389998 2.389998 2.389998 0.263816 0.263816 0.263816
96200 2.389998 2.389998 2.389998 0.263816 0.263816 0.263816
96300 2.389998 2.389998 2.389998 0.263816 0.263816 0.263816
96400 2.389998 2.389998 2.389998 0.263816 0.263816 0.263816
96500 2.389998 2.389998 2.389998 0.263816 0.263816 0.263816
96600 2.389998 2.389998 2.389998 0.263816 0.263816 0.263816
96700 2.389998 2.389998 2.389998 0.263816 0.263816 0.263816
96800 2.389998 2.389998 2.389998 0.263816 0.263816 0.263816
96900 2.389998 2.389998 2.389998 0.263816 0.263816 0.263816
97000 2.389998 2.389998 2.389998 0.263816 0.263816 0.263816
97100 2.389998 2.389998 2.389998 0.263816 0.263816 0.263816
97200 2.389998 2.389998 2.389998 0.263816 0.263816 0.263816
97300 2.389998 2.389998 2.389998 0.263816 0.263816 0.263816
97400 2.389998 2.389998 2.389998 0.263816 0.263816 0.263816
97500 2.389998 2.389998 2.389998 0.263816 0.263816 0.263816
97600 2.389998 2.389998 2.389998 0.263816 0.263816 0.263816
97700 2.389998 2.389998 2.389998 0.263816 0.263816 0.263816
97800 2.389998 2.389998 2.389998 0.263816 0.263816 0.263816
97900 2.389998 2.389998 2.389998 0.263816 0.263816 0.263816
98000 2.389998 2.389998 2.389998 0.263816 0.263816 0.263816
98100 2.389998 2.389998 2.389998 0.263816 0.263816 0.263816
98200 2.389998 2.389998 2.389998 0.263816 0.263816 0.263816
98300 2.389998 2.389998 2.389998 0.263816 0.263816 0.263816
98400 2.389998 2.389998 2.389998 0.263816 0.263816 0.263816
98500 2.389998 2.389998 2.389998 0.263816 0.263816 0.263816
98600 2.389998 2.389998 2.389998 0.263816 0.263816 0.263816
98700 2.389998 2.389998 2.389998 0.263816 0.263816 0.263816
98800 2.389998 2.389998 2.389998 0.263816 0.263816 0.263816
98900 2.389998 2.389998 2.389998 0.263816 0.263816 0.263816
99000 2.389998 2.389998 2.389998 0.263816 0.263816 0.263816
99100 2.389998 2.389998 2.389998 0.263816 0.263816 0.263816
99200 2.389998 2.389998 2.389998 0.263816 0.263816 0.263816
99300 2.389998 2.389998 2.389998 0.263816 0.263816 0.263816
99400 2.389998 2.389998 2.389998 0.263816 0.263816 0.263816
99500 2.389998 2.389998 2.389998 0.263816 0.263816 0.263816
99600 2.389998 2.389998 2.389998 0.263816 0.263816 0.263816
99700 2.389998 2.389998 2.389998 0.263816 0.263816 0.263816
99800 2.389998 2.389998 2.389998 0.263816 0.263816 0.263816
99900 2.389998 2.389998 2.389998 0.263816 0.263816 0.263816
100000 2.389998 2.389998 2.389998 0.263816 0.263816 0.263816
