# generation power_min power_avg power_max util_min util_avg util_max
1 104.624697 134.856663 166.744911 0.344823 0.478716 0.653526
100 85.564100 107.419930 122.465434 0.483955 0.618239 0.750427
200 79.755603 87.117474 95.989037 0.658803 0.717082 0.764779
300 71.768008 77.521882 81.865743 0.732375 0.765549 0.795675
400 71.537579 74.217062 74.447594 0.778053 0.779307 0.804041
500 68.118172 72.032230 74.447594 0.778053 0.791251 0.812773
600 64.625813 68.830275 69.847480 0.810028 0.813199 0.839153
700 63.796053 65.668681 68.118172 0.812054 0.827329 0.841179
800 63.796053 63.840250 65.726452 0.824682 0.840953 0.841179
900 63.796053 63.796053 63.796053 0.841179 0.841179 0.841179
1000 63.796053 63.796053 63.796053 0.841179 0.841179 0.841179
1100 63.796053 63.796053 63.796053 0.841179 0.841179 0.841179
1200 63.796053 63.796053 63.796053 0.841179 0.841179 0.841179
1300 63.796053 63.796053 63.796053 0.841179 0.841179 0.841179
1400 63.796053 63.796053 63.796053 0.841179 0.841179 0.841179
1500 63.796053 63.796053 63.796053 0.841179 0.841179 0.841179
1600 63.796053 63.796053 63.796053 0.841179 0.841179 0.841179
1700 63.796053 63.796053 63.796053 0.841179 0.841179 0.841179
1800 63.796053 63.796053 63.796053 0.841179 0.841179 0.841179
1900 63.796053 63.796053 63.796053 0.841179 0.841179 0.841179
2000 63.796053 63.796053 63.796053 0.841179 0.841179 0.841179
2100 63.796053 63.796053 63.796053 0.841179 0.841179 0.841179
2200 63.796053 63.796053 63.796053 0.841179 0.841179 0.841179
2300 63.796053 63.796053 63.796053 0.841179 0.841179 0.841179
2400 63.796053 63.796053 63.796053 0.841179 0.841179 0.841179
2500 63.796053 63.796053 63.796053 0.841179 0.841179 0.841179
2600 63.796053 63.796053 63.796053 0.841179 0.841179 0.841179
2700 63.796053 63.796053 63.796053 0.841179 0.841179 0.841179
2800 63.796053 63.796053 63.796053 0.841179 0.841179 0.841179
2900 63.796053 63.796053 63.796053 0.841179 0.841179 0.841179
3000 63.796053 63.796053 63.796053 0.841179 0.841179 0.841179
3100 63.796053 63.796053 63.796053 0.841179 0.841179 0.841179
3200 63.796053 63.796053 63.796053 0.841179 0.841179 0.841179
3300 63.796053 63.796053 63.796053 0.841179 0.841179 0.841179
3400 63.796053 63.796053 63.796053 0.841179 0.841179 0.841179
3500 63.796053 63.796053 63.796053 0.841179 0.841179 0.841179
3600 63.796053 63.796053 63.796053 0.841179 0.841179 0.841179
3700 63.796053 63.796053 63.796053 0.841179 0.841179 0.841179
3800 63.796053 63.796053 63.796053 0.841179 0.841179 0.841179
3900 63.796053 63.796053 63.796053 0.841179 0.841179 0.841179
4000 63.796053 63.796053 63.796053 0.841179 0.841179 0.841179
4100 63.796053 63.796053 63.796053 0.841179 0.841179 0.841179
4200 63.796053 63.796053 63.796053 0.841179 0.841179 0.841179
4300 63.796053 63.796053 63.796053 0.841179 0.841179 0.841179
4400 63.796053 63.796053 63.796053 0.841179 0.841179 0.841179
4500 63.796053 63.796053 63.796053 0.841179 0.841179 0.841179
4600 63.796053 63.796053 63.796053 0.841179 0.841179 0.841179
4700 63.796053 63.796053 63.796053 0.841179 0.841179 0.841179
4800 63.796053 63.796053 63.796053 0.841179 0.841179 0.841179
4900 63.796053 63.796053 63.796053 0.841179 0.841179 0.841179
5000 63.796053 63.796053 63.796053 0.841179 0.841179 0.841179
5100 63.796053 63.796053 63.796053 0.841179 0.841179 0.841179
5200 63.796053 63.796053 63.796053 0.841179 0.841179 0.841179
5300 63.796053 63.796053 63.796053 0.841179 0.841179 0.841179
5400 63.796053 63.796053 63.796053 0.841179 0.841179 0.841179
5500 63.796053 63.796053 63.796053 0.841179 0.841179 0.841179
5600 63.796053 63.796053 63.796053 0.841179 0.841179 0.841179
5700 63.796053 63.796053 63.796053 0.841179 0.841179 0.841179
5800 63.796053 63.796053 63.796053 0.841179 0.841179 0.841179
5900 63.796053 63.796053 63.796053 0.841179 0.841179 0.841179
6000 63.796053 63.796053 63.796053 0.841179 0.841179 0.841179
6100 63.796053 63.796053 63.796053 0.841179 0.841179 0.841179
6200 63.796053 63.796053 63.796053 0.841179 0.841179 0.841179
6300 63.796053 63.796053 63.796053 0.841179 0.841179 0.841179
6400 63.796053 63.796053 63.796053 0.841179 0.841179 0.841179
6500 63.796053 63.796053 63.796053 0.841179 0.841179 0.841179
6600 63.796053 63.796053 63.796053 0.841179 0.841179 0.841179
6700 63.796053 63.796053 63.796053 0.841179 0.841179 0.841179
6800 63.796053 63.796053 63.796053 0.841179 0.841179 0.841179
6900 63.796053 63.796053 63.796053 0.841179 0.841179 0.841179
7000 63.796053 63.796053 63.796053 0.841179 0.841179 0.841179
7100 63.796053 63.796053 63.796053 0.841179 0.841179 0.841179
7200 63.796053 63.796053 63.796053 0.841179 0.841179 0.841179
7300 63.796053 63.796053 63.796053 0.841179 0.841179 0.841179
7400 63.796053 63.796053 63.796053 0.841179 0.841179 0.841179
7500 63.796053 63.796053 63.796053 0.841179 0.841179 0.841179
7600 63.796053 63.796053 63.796053 0.841179 0.841179 0.841179
7700 63.796053 63.796053 63.796053 0.841179 0.841179 0.841179
7800 63.796053 63.796053 63.796053 0.841179 0.841179 0.841179
7900 63.796053 63.796053 63.796053 0.841179 0.841179 0.841179
8000 63.796053 63.796053 63.796053 0.841179 0.841179 0.841179
8100 63.796053 63.796053 63.796053 0.841179 0.841179 0.841179
8200 63.796053 63.796053 63.796053 0.841179 0.841179 0.841179
8300 63.796053 63.796053 63.796053 0.841179 0.841179 0.841179
8400 63.796053 63.796053 63.796053 0.841179 0.841179 0.841179
8500 63.796053 63.796053 63.796053 0.841179 0.841179 0.841179
8600 63.796053 63.796053 63.796053 0.841179 0.841179 0.841179
8700 63.796053 63.796053 63.796053 0.841179 0.841179 0.841179
8800 63.796053 63.796053 63.796053 0.841179 0.841179 0.841179
8900 63.796053 63.796053 63.796053 0.841179 0.841179 0.841179
9000 63.796053 63.796053 63.796053 0.841179 0.841179 0.841179
9100 63.796053 63.796053 63.796053 0.841179 0.841179 0.841179
9200 63.796053 63.796053 63.796053 0.841179 0.841179 0.841179
9300 63.796053 63.796053 63.796053 0.841179 0.841179 0.841179
9400 63.796053 63.796053 63.796053 0.841179 0.841179 0.841179
9500 63.796053 63.796053 63.796053 0.841179 0.841179 0.841179
9600 63.796053 63.796053 63.796053 0.841179 0.841179 0.841179
9700 63.796053 63.796053 63.796053 0.841179 0.841179 0.841179
9800 63.796053 63.796053 63.796053 0.841179 0.841179 0.841179
9900 63.796053 63.796053 63.796053 0.841179 0.841179 0.841179
10000 63.796053 63.796053 63.796053 0.841179 0.841179 0.841179
10100 63.796053 63.796053 63.796053 0.841179 0.841179 0.841179
10200 63.796053 63.796053 63.796053 0.841179 0.841179 0.841179
10300 63.796053 63.796053 63.796053 0.841179 0.841179 0.841179
10400 63.796053 63.796053 63.796053 0.841179 0.841179 0.841179
10500 63.796053 63.796053 63.796053 0.841179 0.841179 0.841179
10600 63.796053 63.796053 63.796053 0.841179 0.841179 0.841179
10700 63.796053 63.796053 63.796053 0.841179 0.841179 0.841179
10800 63.796053 63.796053 63.796053 0.841179 0.841179 0.841179
10900 63.796053 63.796053 63.796053 0.841179 0.841179 0.841179
11000 63.796053 63.796053 63.796053 0.841179 0.841179 0.841179
11100 63.796053 63.796053 63.796053 0.841179 0.841179 0.841179
11200 63.796053 63.796053 63.796053 0.841179 0.841179 0.841179
11300 63.796053 63.796053 63.796053 0.841179 0.841179 0.841179
11400 63.796053 63.796053 63.796053 0.841179 0.841179 0.841179
11500 63.796053 63.796053 63.796053 0.841179 0.841179 0.841179
11600 63.796053 63.796053 63.796053 0.841179 0.841179 0.841179
11700 63.796053 63.796053 63.796053 0.841179 0.841179 0.841179
11800 63.796053 63.796053 63.796053 0.841179 0.841179 0.841179
11900 63.796053 63.796053 63.796053 0.841179 0.841179 0.841179
12000 63.796053 63.796053 63.796053 0.841179 0.841179 0.841179
12100 63.796053 63.796053 63.796053 0.841179 0.841179 0.841179
12200 63.796053 63.796053 63.796053 0.841179 0.841179 0.841179
12300 63.796053 63.796053 63.796053 0.841179 0.841179 0.841179
12400 63.796053 63.796053 63.796053 0.841179 0.841179 0.841179
12500 63.796053 63.796053 63.796053 0.841179 0.841179 0.841179
12600 63.796053 63.796053 63.796053 0.841179 0.841179 0.841179
12700 63.796053 63.796053 63.796053 0.841179 0.841179 0.841179
12800 63.796053 63.796053 63.796053 0.841179 0.841179 0.841179
12900 63.796053 63.796053 63.796053 0.841179 0.841179 0.841179
13000 63.796053 63.796053 63.796053 0.841179 0.841179 0.841179
13100 63.796053 63.796053 63.796053 0.841179 0.841179 0.841179
13200 63.796053 63.796053 63.796053 0.841179 0.841179 0.841179
13300 63.796053 63.796053 63.796053 0.841179 0.841179 0.841179
13400 63.796053 63.796053 63.796053 0.841179 0.841179 0.841179
13500 63.796053 63.796053 63.796053 0.841179 0.841179 0.841179
13600 63.796053 63.796053 63.796053 0.841179 0.841179 0.841179
13700 63.796053 63.796053 63.796053 0.841179 0.841179 0.841179
13800 63.796053 63.796053 63.796053 0.841179 0.841179 0.841179
13900 63.796053 63.796053 63.796053 0.841179 0.841179 0.841179
14000 63.796053 63.796053 63.796053 0.841179 0.841179 0.841179
14100 63.796053 63.796053 63.796053 0.841179 0.841179 0.841179
14200 63.796053 63.796053 63.796053 0.841179 0.841179 0.841179
14300 63.796053 63.796053 63.796053 0.841179 0.841179 0.841179
14400 63.796053 63.796053 63.796053 0.841179 0.841179 0.841179
14500 63.796053 63.796053 63.796053 0.841179 0.841179 0.841179
14600 63.796053 63.796053 63.796053 0.841179 0.841179 0.841179
14700 63.796053 63.796053 63.796053 0.841179 0.841179 0.841179
14800 63.796053 63.796053 63.796053 0.841179 0.841179 0.841179
14900 63.796053 63.796053 63.796053 0.841179 0.841179 0.841179
15000 63.796053 63.796053 63.796053 0.841179 0.841179 0.841179
15100 63.796053 63.796053 63.796053 0.841179 0.841179 0.841179
15200 63.796053 63.796053 63.796053 0.841179 0.841179 0.841179
15300 63.796053 63.796053 63.796053 0.841179 0.841179 0.841179
15400 63.796053 63.796053 63.796053 0.841179 0.841179 0.841179
15500 63.796053 63.796053 63.796053 0.841179 0.841179 0.841179
15600 63.796053 63.796053 63.796053 0.841179 0.841179 0.841179
15700 63.796053 63.796053 63.796053 0.841179 0.841179 0.841179
15800 63.796053 63.796053 63.796053 0.841179 0.841179 0.841179
15900 63.796053 63.796053 63.796053 0.841179 0.841179 0.841179
16000 63.796053 63.796053 63.796053 0.841179 0.841179 0.841179
16100 63.796053 63.796053 63.796053 0.841179 0.841179 0.841179
16200 63.796053 63.796053 63.796053 0.841179 0.841179 0.841179
16300 63.796053 63.796053 63.796053 0.841179 0.841179 0.841179
16400 63.796053 63.796053 63.796053 0.841179 0.841179 0.841179
16500 63.796053 63.796053 63.796053 0.841179 0.841179 0.841179
16600 63.796053 63.796053 63.796053 0.841179 0.841179 0.841179
16700 63.796053 63.796053 63.796053 0.841179 0.841179 0.841179
16800 63.796053 63.796053 63.796053 0.841179 0.841179 0.841179
16900 63.796053 63.796053 63.796053 0.841179 0.841179 0.841179
17000 63.796053 63.796053 63.796053 0.841179 0.841179 0.841179
17100 63.796053 63.796053 63.796053 0.841179 0.841179 0.841179
17200 63.796053 63.796053 63.796053 0.841179 0.841179 0.841179
17300 63.796053 63.796053 63.796053 0.841179 0.841179 0.841179
17400 63.796053 63.796053 63.796053 0.841179 0.841179 0.841179
17500 63.796053 63.796053 63.796053 0.841179 0.841179 0.841179
17600 63.796053 63.796053 63.796053 0.841179 0.841179 0.841179
17700 63.796053 63.796053 63.796053 0.841179 0.841179 0.841179
17800 63.796053 63.796053 63.796053 0.841179 0.841179 0.841179
17900 63.796053 63.796053 63.796053 0.841179 0.841179 0.841179
18000 63.796053 63.796053 63.796053 0.841179 0.841179 0.841179
18100 63.796053 63.796053 63.796053 0.841179 0.841179 0.841179
18200 63.796053 63.796053 63.796053 0.841179 0.841179 0.841179
18300 63.796053 63.796053 63.796053 0.841179 0.841179 0.841179
18400 63.796053 63.796053 63.796053 0.841179 0.841179 0.841179
18500 63.796053 63.796053 63.796053 0.841179 0.841179 0.841179
18600 63.796053 63.796053 63.796053 0.841179 0.841179 0.841179
18700 63.796053 63.796053 63.796053 0.841179 0.841179 0.841179
18800 63.796053 63.796053 63.796053 0.841179 0.841179 0.841179
18900 63.796053 63.796053 63.796053 0.841179 0.841179 0.841179
19000 63.796053 63.796053 63.796053 0.841179 0.841179 0.841179
19100 63.796053 63.796053 63.796053 0.841179 0.841179 0.841179
19200 63.796053 63.796053 63.796053 0.841179 0.841179 0.841179
19300 63.796053 63.796053 63.796053 0.841179 0.841179 0.841179
19400 63.796053 63.796053 63.796053 0.841179 0.841179 0.841179
19500 63.796053 63.796053 63.796053 0.841179 0.841179 0.841179
19600 63.796053 63.796053 63.796053 0.841179 0.841179 0.841179
19700 63.796053 63.796053 63.796053 0.841179 0.841179 0.841179
19800 63.796053 63.796053 63.796053 0.841179 0.841179 0.841179
19900 63.796053 63.796053 63.796053 0.841179 0.841179 0.841179
20000 63.796053 63.796053 63.796053 0.841179 0.841179 0.841179
20100 63.796053 63.796053 63.796053 0.841179 0.841179 0.841179
20200 63.796053 63.796053 63.796053 0.841179 0.841179 0.841179
20300 63.796053 63.796053 63.796053 0.841179 0.841179 0.841179
20400 63.796053 63.796053 63.796053 0.841179 0.841179 0.841179
20500 63.796053 63.796053 63.796053 0.841179 0.841179 0.841179
20600 63.796053 63.796053 63.796053 0.841179 0.841179 0.841179
20700 63.796053 63.796053 63.796053 0.841179 0.841179 0.841179
20800 63.796053 63.796053 63.796053 0.841179 0.841179 0.841179
20900 63.796053 63.796053 63.796053 0.841179 0.841179 0.841179
21000 63.796053 63.796053 63.796053 0.841179 0.841179 0.841179
21100 63.796053 63.796053 63.796053 0.841179 0.841179 0.841179
21200 63.796053 63.796053 63.796053 0.841179 0.841179 0.841179
21300 63.796053 63.796053 63.796053 0.841179 0.841179 0.841179
21400 63.796053 63.796053 63.796053 0.841179 0.841179 0.841179
21500 63.796053 63.796053 63.796053 0.841179 0.841179 0.841179
21600 63.796053 63.796053 63.796053 0.841179 0.841179 0.841179
21700 63.796053 63.796053 63.796053 0.841179 0.841179 0.841179
21800 63.796053 63.796053 63.796053 0.841179 0.841179 0.841179
21900 63.796053 63.796053 63.796053 0.841179 0.841179 0.841179
22000 63.796053 63.796053 63.796053 0.841179 0.841179 0.841179
22100 63.796053 63.796053 63.796053 0.841179 0.841179 0.841179
22200 63.796053 63.796053 63.796053 0.841179 0.841179 0.841179
22300 63.796053 63.796053 63.796053 0.841179 0.841179 0.841179
22400 63.796053 63.796053 63.796053 0.841179 0.841179 0.841179
22500 63.796053 63.796053 63.796053 0.841179 0.841179 0.841179
22600 63.796053 63.796053 63.796053 0.841179 0.841179 0.841179
22700 63.796053 63.796053 63.796053 0.841179 0.841179 0.841179
22800 63.796053 63.796053 63.796053 0.841179 0.841179 0.841179
22900 63.796053 63.796053 63.796053 0.841179 0.841179 0.841179
23000 63.796053 63.796053 63.796053 0.841179 0.841179 0.841179
23100 63.796053 63.796053 63.796053 0.841179 0.841179 0.841179
23200 63.796053 63.796053 63.796053 0.841179 0.841179 0.841179
23300 63.796053 63.796053 63.796053 0.841179 0.841179 0.841179
23400 63.796053 63.796053 63.796053 0.841179 0.841179 0.841179
23500 63.796053 63.796053 63.796053 0.841179 0.841179 0.841179
23600 63.796053 63.796053 63.796053 0.841179 0.841179 0.841179
23700 63.796053 63.796053 63.796053 0.841179 0.841179 0.841179
23800 63.796053 63.796053 63.796053 0.841179 0.841179 0.841179
23900 63.796053 63.796053 63.796053 0.841179 0.841179 0.841179
24000 63.796053 63.796053 63.796053 0.841179 0.841179 0.841179
24100 63.796053 63.796053 63.796053 0.841179 0.841179 0.841179
24200 63.796053 63.796053 63.796053 0.841179 0.841179 0.841179
24300 63.796053 63.796053 63.796053 0.841179 0.841179 0.841179
24400 63.796053 63.796053 63.796053 0.841179 0.841179 0.841179
24500 63.796053 63.796053 63.796053 0.841179 0.841179 0.841179
24600 63.796053 63.796053 63.796053 0.841179 0.841179 0.841179
24700 63.796053 63.796053 63.796053 0.841179 0.841179 0.841179
24800 63.796053 63.796053 63.796053 0.841179 0.841179 0.841179
24900 63.796053 63.796053 63.796053 0.841179 0.841179 0.841179
25000 63.796053 63.796053 63.796053 0.841179 0.841179 0.841179
25100 63.796053 63.796053 63.796053 0.841179 0.841179 0.841179
25200 63.796053 63.796053 63.796053 0.841179 0.841179 0.841179
25300 63.796053 63.796053 63.796053 0.841179 0.841179 0.841179
25400 63.796053 63.796053 63.796053 0.841179 0.841179 0.841179
25500 63.796053 63.796053 63.796053 0.841179 0.841179 0.841179
25600 63.796053 63.796053 63.796053 0.841179 0.841179 0.841179
25700 63.796053 63.796053 63.796053 0.841179 0.841179 0.841179
25800 63.796053 63.796053 63.796053 0.841179 0.841179 0.841179
25900 63.796053 63.796053 63.796053 0.841179 0.841179 0.841179
26000 63.796053 63.796053 63.796053 0.841179 0.841179 0.841179
26100 63.796053 63.796053 63.796053 0.841179 0.841179 0.841179
26200 63.796053 63.796053 63.796053 0.841179 0.841179 0.841179
26300 63.796053 63.796053 63.796053 0.841179 0.841179 0.841179
26400 63.796053 63.796053 63.796053 0.841179 0.841179 0.841179
26500 63.796053 63.796053 63.796053 0.841179 0.841179 0.841179
26600 63.796053 63.796053 63.796053 0.841179 0.841179 0.841179
26700 63.796053 63.796053 63.796053 0.841179 0.841179 0.841179
26800 63.796053 63.796053 63.796053 0.841179 0.841179 0.841179
26900 63.796053 63.796053 63.796053 0.841179 0.841179 0.841179
27000 63.796053 63.796053 63.796053 0.841179 0.841179 0.841179
27100 63.796053 63.796053 63.796053 0.841179 0.841179 0.841179
27200 63.796053 63.796053 63.796053 0.841179 0.841179 0.841179
27300 63.796053 63.796053 63.796053 0.841179 0.841179 0.841179
27400 63.796053 63.796053 63.796053 0.841179 0.841179 0.841179
27500 63.796053 63.796053 63.796053 0.841179 0.841179 0.841179
27600 63.796053 63.796053 63.796053 0.841179 0.841179 0.841179
27700 63.796053 63.796053 63.796053 0.841179 0.841179 0.841179
27800 63.796053 63.796053 63.796053 0.841179 0.841179 0.841179
27900 63.796053 63.796053 63.796053 0.841179 0.841179 0.841179
28000 63.796053 63.796053 63.796053 0.841179 0.841179 0.841179
28100 63.796053 63.796053 63.796053 0.841179 0.841179 0.841179
28200 63.796053 63.796053 63.796053 0.841179 0.841179 0.841179
28300 63.796053 63.796053 63.796053 0.841179 0.841179 0.841179
28400 63.796053 63.796053 63.796053 0.841179 0.841179 0.841179
28500 63.796053 63.796053 63.796053 0.841179 0.841179 0.841179
28600 63.796053 63.796053 63.796053 0.841179 0.841179 0.841179
28700 63.796053 63.796053 63.796053 0.841179 0.841179 0.841179
28800 63.796053 63.796053 63.796053 0.841179 0.841179 0.841179
28900 63.796053 63.796053 63.796053 0.841179 0.841179 0.841179
29000 63.796053 63.796053 63.796053 0.841179 0.841179 0.841179
29100 63.796053 63.796053 63.796053 0.841179 0.841179 0.841179
29200 63.796053 63.796053 63.796053 0.841179 0.841179 0.841179
29300 63.796053 63.796053 63.796053 0.841179 0.841179 0.841179
29400 63.796053 63.796053 63.796053 0.841179 0.841179 0.841179
29500 63.796053 63.796053 63.796053 0.841179 0.841179 0.841179
29600 63.796053 63.796053 63.796053 0.841179 0.841179 0.841179
29700 63.796053 63.796053 63.796053 0.841179 0.841179 0.841179
29800 63.796053 63.796053 63.796053 0.841179 0.841179 0.841179
29900 63.796053 63.796053 63.796053 0.841179 0.841179 0.841179
30000 63.796053 63.796053 63.796053 0.841179 0.841179 0.841179
30100 63.796053 63.796053 63.796053 0.841179 0.841179 0.841179
30200 63.796053 63.796053 63.796053 0.841179 0.841179 0.841179
30300 63.796053 63.796053 63.796053 0.841179 0.841179 0.841179
30400 63.796053 63.796053 63.796053 0.841179 0.841179 0.841179
30500 63.796053 63.796053 63.796053 0.841179 0.841179 0.841179
30600 63.796053 63.796053 63.796053 0.841179 0.841179 0.841179
30700 63.796053 63.796053 63.796053 0.841179 0.841179 0.841179
30800 63.796053 63.796053 63.796053 0.841179 0.841179 0.841179
30900 63.796053 63.796053 63.796053 0.841179 0.841179 0.841179
31000 63.796053 63.796053 63.796053 0.841179 0.841179 0.841179
31100 63.796053 63.796053 63.796053 0.841179 0.841179 0.841179
31200 63.796053 63.796053 63.796053 0.841179 0.841179 0.841179
31300 63.796053 63.796053 63.796053 0.841179 0.841179 0.841179
31400 63.796053 63.796053 63.796053 0.841179 0.841179 0.841179
31500 63.796053 63.796053 63.796053 0.841179 0.841179 0.841179
31600 63.796053 63.796053 63.796053 0.841179 0.841179 0.841179
31700 63.796053 63.796053 63.796053 0.841179 0.841179 0.841179
31800 63.796053 63.796053 63.796053 0.841179 0.841179 0.841179
31900 63.796053 63.796053 63.796053 0.841179 0.841179 0.841179
32000 63.796053 63.796053 63.796053 0.841179 0.841179 0.841179
32100 63.796053 63.796053 63.796053 0.841179 0.841179 0.841179
32200 63.796053 63.796053 63.796053 0.841179 0.841179 0.841179
32300 63.796053 63.796053 63.796053 0.841179 0.841179 0.841179
32400 63.796053 63.796053 63.796053 0.841179 0.841179 0.841179
32500 63.796053 63.796053 63.796053 0.841179 0.841179 0.841179
32600 63.796053 63.796053 63.796053 0.841179 0.841179 0.841179
32700 63.796053 63.796053 63.796053 0.841179 0.841179 0.841179
32800 63.796053 63.796053 63.796053 0.841179 0.841179 0.841179
32900 63.796053 63.796053 63.796053 0.841179 0.841179 0.841179
33000 63.796053 63.796053 63.796053 0.841179 0.841179 0.841179
33100 63.796053 63.796053 63.796053 0.841179 0.841179 0.841179
33200 63.796053 63.796053 63.796053 0.841179 0.841179 0.841179
33300 63.796053 63.796053 63.796053 0.841179 0.841179 0.841179
33400 63.796053 63.796053 63.796053 0.841179 0.841179 0.841179
33500 63.796053 63.796053 63.796053 0.841179 0.841179 0.841179
33600 63.796053 63.796053 63.796053 0.841179 0.841179 0.841179
33700 63.796053 63.796053 63.796053 0.841179 0.841179 0.841179
33800 63.796053 63.796053 63.796053 0.841179 0.841179 0.841179
33900 63.796053 63.796053 63.796053 0.841179 0.841179 0.841179
34000 63.796053 63.796053 63.796053 0.841179 0.841179 0.841179
34100 63.796053 63.796053 63.796053 0.841179 0.841179 0.841179
34200 63.796053 63.796053 63.796053 0.841179 0.841179 0.841179
34300 63.796053 63.796053 63.796053 0.841179 0.841179 0.841179
34400 63.796053 63.796053 63.796053 0.841179 0.841179 0.841179
34500 63.796053 63.796053 63.796053 0.841179 0.841179 0.841179
34600 63.796053 63.796053 63.796053 0.841179 0.841179 0.841179
34700 63.796053 63.796053 63.796053 0.841179 0.841179 0.841179
34800 63.796053 63.796053 63.796053 0.841179 0.841179 0.841179
34900 63.796053 63.796053 63.796053 0.841179 0.841179 0.841179
35000 63.796053 63.796053 63.796053 0.841179 0.841179 0.841179
35100 63.796053 63.796053 63.796053 0.841179 0.841179 0.841179
35200 63.796053 63.796053 63.796053 0.841179 0.841179 0.841179
35300 63.796053 63.796053 63.796053 0.841179 0.841179 0.841179
35400 63.796053 63.796053 63.796053 0.841179 0.841179 0.841179
35500 63.796053 63.796053 63.796053 0.841179 0.841179 0.841179
35600 63.796053 63.796053 63.796053 0.841179 0.841179 0.841179
35700 63.796053 63.796053 63.796053 0.841179 0.841179 0.841179
35800 63.796053 63.796053 63.796053 0.841179 0.841179 0.841179
35900 63.796053 63.796053 63.796053 0.841179 0.841179 0.841179
36000 63.796053 63.796053 63.796053 0.841179 0.841179 0.841179
36100 63.796053 63.796053 63.796053 0.841179 0.841179 0.841179
36200 63.796053 63.796053 63.796053 0.841179 0.841179 0.841179
36300 63.796053 63.796053 63.796053 0.841179 0.841179 0.841179
36400 63.796053 63.796053 63.796053 0.841179 0.841179 0.841179
36500 63.796053 63.796053 63.796053 0.841179 0.841179 0.841179
36600 63.796053 63.796053 63.796053 0.841179 0.841179 0.841179
36700 63.796053 63.796053 63.796053 0.841179 0.841179 0.841179
36800 63.796053 63.796053 63.796053 0.841179 0.841179 0.841179
36900 63.796053 63.796053 63.796053 0.841179 0.841179 0.841179
37000 63.796053 63.796053 63.796053 0.841179 0.841179 0.841179
37100 63.796053 63.796053 63.796053 0.841179 0.841179 0.841179
37200 63.796053 63.796053 63.796053 0.841179 0.841179 0.841179
37300 63.796053 63.796053 63.796053 0.841179 0.841179 0.841179
37400 63.796053 63.796053 63.796053 0.841179 0.841179 0.841179
37500 63.796053 63.796053 63.796053 0.841179 0.841179 0.841179
37600 63.796053 63.796053 63.796053 0.841179 0.841179 0.841179
37700 63.796053 63.796053 63.796053 0.841179 0.841179 0.841179
37800 63.796053 63.796053 63.796053 0.841179 0.841179 0.841179
37900 63.796053 63.796053 63.796053 0.841179 0.841179 0.841179
38000 63.796053 63.796053 63.796053 0.841179 0.841179 0.841179
38100 63.796053 63.796053 63.796053 0.841179 0.841179 0.841179
38200 63.796053 63.796053 63.796053 0.841179 0.841179 0.841179
38300 63.796053 63.796053 63.796053 0.841179 0.841179 0.841179
38400 63.796053 63.796053 63.796053 0.841179 0.841179 0.841179
38500 63.796053 63.796053 63.796053 0.841179 0.841179 0.841179
38600 63.796053 63.796053 63.796053 0.841179 0.841179 0.841179
38700 63.796053 63.796053 63.796053 0.841179 0.841179 0.841179
38800 63.796053 63.796053 63.796053 0.841179 0.841179 0.841179
38900 63.796053 63.796053 63.796053 0.841179 0.841179 0.841179
39000 63.796053 63.796053 63.796053 0.841179 0.841179 0.841179
39100 63.796053 63.796053 63.796053 0.841179 0.841179 0.841179
39200 63.796053 63.796053 63.796053 0.841179 0.841179 0.841179
39300 63.796053 63.796053 63.796053 0.841179 0.841179 0.841179
39400 63.796053 63.796053 63.796053 0.841179 0.841179 0.841179
39500 63.796053 63.796053 63.796053 0.841179 0.841179 0.841179
39600 63.796053 63.796053 63.796053 0.841179 0.841179 0.841179
39700 63.796053 63.796053 63.796053 0.841179 0.841179 0.841179
39800 63.796053 63.796053 63.796053 0.841179 0.841179 0.841179
39900 63.796053 63.796053 63.796053 0.841179 0.841179 0.841179
40000 63.796053 63.796053 63.796053 0.841179 0.841179 0.841179
40100 63.796053 63.796053 63.796053 0.841179 0.841179 0.841179
40200 63.796053 63.796053 63.796053 0.841179 0.841179 0.841179
40300 63.796053 63.796053 63.796053 0.841179 0.841179 0.841179
40400 63.796053 63.796053 63.796053 0.841179 0.841179 0.841179
40500 63.796053 63.796053 63.796053 0.841179 0.841179 0.841179
40600 63.796053 63.796053 63.796053 0.841179 0.841179 0.841179
40700 63.796053 63.796053 63.796053 0.841179 0.841179 0.841179
40800 63.796053 63.796053 63.796053 0.841179 0.841179 0.841179
40900 63.796053 63.796053 63.796053 0.841179 0.841179 0.841179
41000 63.796053 63.796053 63.796053 0.841179 0.841179 0.841179
41100 63.796053 63.796053 63.796053 0.841179 0.841179 0.841179
41200 63.796053 63.796053 63.796053 0.841179 0.841179 0.841179
41300 63.796053 63.796053 63.796053 0.841179 0.841179 0.841179
41400 63.796053 63.796053 63.796053 0.841179 0.841179 0.841179
41500 63.796053 63.796053 63.796053 0.841179 0.841179 0.841179
41600 63.796053 63.796053 63.796053 0.841179 0.841179 0.841179
41700 63.796053 63.796053 63.796053 0.841179 0.841179 0.841179
41800 63.796053 63.796053 63.796053 0.841179 0.841179 0.841179
41900 63.796053 63.796053 63.796053 0.841179 0.841179 0.841179
42000 63.796053 63.796053 63.796053 0.841179 0.841179 0.841179
42100 63.796053 63.796053 63.796053 0.841179 0.841179 0.841179
42200 63.796053 63.796053 63.796053 0.841179 0.841179 0.841179
42300 63.796053 63.796053 63.796053 0.841179 0.841179 0.841179
42400 63.796053 63.796053 63.796053 0.841179 0.841179 0.841179
42500 63.796053 63.796053 63.796053 0.841179 0.841179 0.841179
42600 63.796053 63.796053 63.796053 0.841179 0.841179 0.841179
42700 63.796053 63.796053 63.796053 0.841179 0.841179 0.841179
42800 63.796053 63.796053 63.796053 0.841179 0.841179 0.841179
42900 63.796053 63.796053 63.796053 0.841179 0.841179 0.841179
43000 63.796053 63.796053 63.796053 0.841179 0.841179 0.841179
43100 63.796053 63.796053 63.796053 0.841179 0.841179 0.841179
43200 63.796053 63.796053 63.796053 0.841179 0.841179 0.841179
43300 63.796053 63.796053 63.796053 0.841179 0.841179 0.841179
43400 63.796053 63.796053 63.796053 0.841179 0.841179 0.841179
43500 63.796053 63.796053 63.796053 0.841179 0.841179 0.841179
43600 63.796053 63.796053 63.796053 0.841179 0.841179 0.841179
43700 63.796053 63.796053 63.796053 0.841179 0.841179 0.841179
43800 63.796053 63.796053 63.796053 0.841179 0.841179 0.841179
43900 63.796053 63.796053 63.796053 0.841179 0.841179 0.841179
44000 63.796053 63.796053 63.796053 0.841179 0.841179 0.841179
44100 63.796053 63.796053 63.796053 0.841179 0.841179 0.841179
44200 63.796053 63.796053 63.796053 0.841179 0.841179 0.841179
44300 63.796053 63.796053 63.796053 0.841179 0.841179 0.841179
44400 63.796053 63.796053 63.796053 0.841179 0.841179 0.841179
44500 63.796053 63.796053 63.796053 0.841179 0.841179 0.841179
44600 63.796053 63.796053 63.796053 0.841179 0.841179 0.841179
44700 63.796053 63.796053 63.796053 0.841179 0.841179 0.841179
44800 63.796053 63.796053 63.796053 0.841179 0.841179 0.841179
44900 63.796053 63.796053 63.796053 0.841179 0.841179 0.841179
45000 63.796053 63.796053 63.796053 0.841179 0.841179 0.841179
45100 63.796053 63.796053 63.796053 0.841179 0.841179 0.841179
45200 63.796053 63.796053 63.796053 0.841179 0.841179 0.841179
45300 63.796053 63.796053 63.796053 0.841179 0.841179 0.841179
45400 63.796053 63.796053 63.796053 0.841179 0.841179 0.841179
45500 63.796053 63.796053 63.796053 0.841179 0.841179 0.841179
45600 63.796053 63.796053 63.796053 0.841179 0.841179 0.841179
45700 63.796053 63.796053 63.796053 0.841179 0.841179 0.841179
45800 63.796053 63.796053 63.796053 0.841179 0.841179 0.841179
45900 63.796053 63.796053 63.796053 0.841179 0.841179 0.841179
46000 63.796053 63.796053 63.796053 0.841179 0.841179 0.841179
46100 63.796053 63.796053 63.796053 0.841179 0.841179 0.841179
46200 63.796053 63.796053 63.796053 0.841179 0.841179 0.841179
46300 63.796053 63.796053 63.796053 0.841179 0.841179 0.841179
46400 63.796053 63.796053 63.796053 0.841179 0.841179 0.841179
46500 63.796053 63.796053 63.796053 0.841179 0.841179 0.841179
46600 63.796053 63.796053 63.796053 0.841179 0.841179 0.841179
46700 63.796053 63.796053 63.796053 0.841179 0.841179 0.841179
46800 63.796053 63.796053 63.796053 0.841179 0.841179 0.841179
46900 63.796053 63.796053 63.796053 0.841179 0.841179 0.841179
47000 63.796053 63.796053 63.796053 0.841179 0.841179 0.841179
47100 63.796053 63.796053 63.796053 0.841179 0.841179 0.841179
47200 63.796053 63.796053 63.796053 0.841179 0.841179 0.841179
47300 63.796053 63.796053 63.796053 0.841179 0.841179 0.841179
47400 63.796053 63.796053 63.796053 0.841179 0.841179 0.841179
47500 63.796053 63.796053 63.796053 0.841179 0.841179 0.841179
47600 63.796053 63.796053 63.796053 0.841179 0.841179 0.841179
47700 63.796053 63.796053 63.796053 0.841179 0.841179 0.841179
47800 63.796053 63.796053 63.796053 0.841179 0.841179 0.841179
47900 63.796053 63.796053 63.796053 0.841179 0.841179 0.841179
48000 63.796053 63.796053 63.796053 0.841179 0.841179 0.841179
48100 63.796053 63.796053 63.796053 0.841179 0.841179 0.841179
48200 63.796053 63.796053 63.796053 0.841179 0.841179 0.841179
48300 63.796053 63.796053 63.796053 0.841179 0.841179 0.841179
48400 63.796053 63.796053 63.796053 0.841179 0.841179 0.841179
48500 63.796053 63.796053 63.796053 0.841179 0.841179 0.841179
48600 63.796053 63.796053 63.796053 0.841179 0.841179 0.841179
48700 63.796053 63.796053 63.796053 0.841179 0.841179 0.841179
48800 63.796053 63.796053 63.796053 0.841179 0.841179 0.841179
48900 63.796053 63.796053 63.796053 0.841179 0.841179 0.841179
49000 63.796053 63.796053 63.796053 0.841179 0.841179 0.841179
49100 63.796053 63.796053 63.796053 0.841179 0.841179 0.841179
49200 63.796053 63.796053 63.796053 0.841179 0.841179 0.841179
49300 63.796053 63.796053 63.796053 0.841179 0.841179 0.841179
49400 63.796053 63.796053 63.796053 0.841179 0.841179 0.841179
49500 63.796053 63.796053 63.796053 0.841179 0.841179 0.841179
49600 63.796053 63.796053 63.796053 0.841179 0.841179 0.841179
49700 63.796053 63.796053 63.796053 0.841179 0.841179 0.841179
49800 63.796053 63.796053 63.796053 0.841179 0.841179 0.841179
49900 63.796053 63.796053 63.796053 0.841179 0.841179 0.841179
50000 63.796053 63.796053 63.796053 0.841179 0.841179 0.841179
50100 63.796053 63.796053 63.796053 0.841179 0.841179 0.841179
50200 63.796053 63.796053 63.796053 0.841179 0.841179 0.841179
50300 63.796053 63.796053 63.796053 0.841179 0.841179 0.841179
50400 63.796053 63.796053 63.796053 0.841179 0.841179 0.841179
50500 63.796053 63.796053 63.796053 0.841179 0.841179 0.841179
50600 63.796053 63.796053 63.796053 0.841179 0.841179 0.841179
50700 63.796053 63.796053 63.796053 0.841179 0.841179 0.841179
50800 63.796053 63.796053 63.796053 0.841179 0.841179 0.841179
50900 63.796053 63.796053 63.796053 0.841179 0.841179 0.841179
51000 63.796053 63.796053 63.796053 0.841179 0.841179 0.841179
51100 63.796053 63.796053 63.796053 0.841179 0.841179 0.841179
51200 63.796053 63.796053 63.796053 0.841179 0.841179 0.841179
51300 63.796053 63.796053 63.796053 0.841179 0.841179 0.841179
51400 63.796053 63.796053 63.796053 0.841179 0.841179 0.841179
51500 63.796053 63.796053 63.796053 0.841179 0.841179 0.841179
51600 63.796053 63.796053 63.796053 0.841179 0.841179 0.841179
51700 63.796053 63.796053 63.796053 0.841179 0.841179 0.841179
51800 63.796053 63.796053 63.796053 0.841179 0.841179 0.841179
51900 63.796053 63.796053 63.796053 0.841179 0.841179 0.841179
52000 63.796053 63.796053 63.796053 0.841179 0.841179 0.841179
52100 63.796053 63.796053 63.796053 0.841179 0.841179 0.841179
52200 63.796053 63.796053 63.796053 0.841179 0.841179 0.841179
52300 63.796053 63.796053 63.796053 0.841179 0.841179 0.841179
52400 63.796053 63.796053 63.796053 0.841179 0.841179 0.841179
52500 63.796053 63.796053 63.796053 0.841179 0.841179 0.841179
52600 63.796053 63.796053 63.796053 0.841179 0.841179 0.841179
52700 63.796053 63.796053 63.796053 0.841179 0.841179 0.841179
52800 63.796053 63.796053 63.796053 0.841179 0.841179 0.841179
52900 63.796053 63.796053 63.796053 0.841179 0.841179 0.841179
53000 63.796053 63.796053 63.796053 0.841179 0.841179 0.841179
53100 63.796053 63.796053 63.796053 0.841179 0.841179 0.841179
53200 63.796053 63.796053 63.796053 0.841179 0.841179 0.841179
53300 63.796053 63.796053 63.796053 0.841179 0.841179 0.841179
53400 63.796053 63.796053 63.796053 0.841179 0.841179 0.841179
53500 63.796053 63.796053 63.796053 0.841179 0.841179 0.841179
53600 63.796053 63.796053 63.796053 0.841179 0.841179 0.841179
53700 63.796053 63.796053 63.796053 0.841179 0.841179 0.841179
53800 63.796053 63.796053 63.796053 0.841179 0.841179 0.841179
53900 63.796053 63.796053 63.796053 0.841179 0.841179 0.841179
54000 63.796053 63.796053 63.796053 0.841179 0.841179 0.841179
54100 63.796053 63.796053 63.796053 0.841179 0.841179 0.841179
54200 63.796053 63.796053 63.796053 0.841179 0.841179 0.841179
54300 63.796053 63.796053 63.796053 0.841179 0.841179 0.841179
54400 63.796053 63.796053 63.796053 0.841179 0.841179 0.841179
54500 63.796053 63.796053 63.796053 0.841179 0.841179 0.841179
54600 63.796053 63.796053 63.796053 0.841179 0.841179 0.841179
54700 63.796053 63.796053 63.796053 0.841179 0.841179 0.841179
54800 63.796053 63.796053 63.796053 0.841179 0.841179 0.841179
54900 63.796053 63.796053 63.796053 0.841179 0.841179 0.841179
55000 63.796053 63.796053 63.796053 0.841179 0.841179 0.841179
55100 63.796053 63.796053 63.796053 0.841179 0.841179 0.841179
55200 63.796053 63.796053 63.796053 0.841179 0.841179 0.841179
55300 63.796053 63.796053 63.796053 0.841179 0.841179 0.841179
55400 63.796053 63.796053 63.796053 0.841179 0.841179 0.841179
55500 63.796053 63.796053 63.796053 0.841179 0.841179 0.841179
55600 63.796053 63.796053 63.796053 0.841179 0.841179 0.841179
55700 63.796053 63.796053 63.796053 0.841179 0.841179 0.841179
55800 63.796053 63.796053 63.796053 0.841179 0.841179 0.841179
55900 63.796053 63.796053 63.796053 0.841179 0.841179 0.841179
56000 63.796053 63.796053 63.796053 0.841179 0.841179 0.841179
56100 63.796053 63.796053 63.796053 0.841179 0.841179 0.841179
56200 63.796053 63.796053 63.796053 0.841179 0.841179 0.841179
56300 63.796053 63.796053 63.796053 0.841179 0.841179 0.841179
56400 63.796053 63.796053 63.796053 0.841179 0.841179 0.841179
56500 63.796053 63.796053 63.796053 0.841179 0.841179 0.841179
56600 63.796053 63.796053 63.796053 0.841179 0.841179 0.841179
56700 63.796053 63.796053 63.796053 0.841179 0.841179 0.841179
56800 63.796053 63.796053 63.796053 0.841179 0.841179 0.841179
56900 63.796053 63.796053 63.796053 0.841179 0.841179 0.841179
57000 63.796053 63.796053 63.796053 0.841179 0.841179 0.841179
57100 63.796053 63.796053 63.796053 0.841179 0.841179 0.841179
57200 63.796053 63.796053 63.796053 0.841179 0.841179 0.841179
57300 63.796053 63.796053 63.796053 0.841179 0.841179 0.841179
57400 63.796053 63.796053 63.796053 0.841179 0.841179 0.841179
57500 63.796053 63.796053 63.796053 0.841179 0.841179 0.841179
57600 63.796053 63.796053 63.796053 0.841179 0.841179 0.841179
57700 63.796053 63.796053 63.796053 0.841179 0.841179 0.841179
57800 63.796053 63.796053 63.796053 0.841179 0.841179 0.841179
57900 63.796053 63.796053 63.796053 0.841179 0.841179 0.841179
58000 63.796053 63.796053 63.796053 0.841179 0.841179 0.841179
58100 63.796053 63.796053 63.796053 0.841179 0.841179 0.841179
58200 63.796053 63.796053 63.796053 0.841179 0.841179 0.841179
58300 63.796053 63.796053 63.796053 0.841179 0.841179 0.841179
58400 63.796053 63.796053 63.796053 0.841179 0.841179 0.841179
58500 63.796053 63.796053 63.796053 0.841179 0.841179 0.841179
58600 63.796053 63.796053 63.796053 0.841179 0.841179 0.841179
58700 63.796053 63.796053 63.796053 0.841179 0.841179 0.841179
58800 63.796053 63.796053 63.796053 0.841179 0.841179 0.841179
58900 63.796053 63.796053 63.796053 0.841179 0.841179 0.841179
59000 63.796053 63.796053 63.796053 0.841179 0.841179 0.841179
59100 63.796053 63.796053 63.796053 0.841179 0.841179 0.841179
59200 63.796053 63.796053 63.796053 0.841179 0.841179 0.841179
59300 63.796053 63.796053 63.796053 0.841179 0.841179 0.841179
59400 63.796053 63.796053 63.796053 0.841179 0.841179 0.841179
59500 63.796053 63.796053 63.796053 0.841179 0.841179 0.841179
59600 63.796053 63.796053 63.796053 0.841179 0.841179 0.841179
59700 63.796053 63.796053 63.796053 0.841179 0.841179 0.841179
59800 63.796053 63.796053 63.796053 0.841179 0.841179 0.841179
59900 63.796053 63.796053 63.796053 0.841179 0.841179 0.841179
60000 63.796053 63.796053 63.796053 0.841179 0.841179 0.841179
60100 63.796053 63.796053 63.796053 0.841179 0.841179 0.841179
60200 63.796053 63.796053 63.796053 0.841179 0.841179 0.841179
60300 63.796053 63.796053 63.796053 0.841179 0.841179 0.841179
60400 63.796053 63.796053 63.796053 0.841179 0.841179 0.841179
60500 63.796053 63.796053 63.796053 0.841179 0.841179 0.841179
60600 63.796053 63.796053 63.796053 0.841179 0.841179 0.841179
60700 63.796053 63.796053 63.796053 0.841179 0.841179 0.841179
60800 63.796053 63.796053 63.796053 0.841179 0.841179 0.841179
60900 63.796053 63.796053 63.796053 0.841179 0.841179 0.841179
61000 63.796053 63.796053 63.796053 0.841179 0.841179 0.841179
61100 63.796053 63.796053 63.796053 0.841179 0.841179 0.841179
61200 63.796053 63.796053 63.796053 0.841179 0.841179 0.841179
61300 63.796053 63.796053 63.796053 0.841179 0.841179 0.841179
61400 63.796053 63.796053 63.796053 0.841179 0.841179 0.841179
61500 63.796053 63.796053 63.796053 0.841179 0.841179 0.841179
61600 63.796053 63.796053 63.796053 0.841179 0.841179 0.841179
61700 63.796053 63.796053 63.796053 0.841179 0.841179 0.841179
61800 63.796053 63.796053 63.796053 0.841179 0.841179 0.841179
61900 63.796053 63.796053 63.796053 0.841179 0.841179 0.841179
62000 63.796053 63.796053 63.796053 0.841179 0.841179 0.841179
62100 63.796053 63.796053 63.796053 0.841179 0.841179 0.841179
62200 63.796053 63.796053 63.796053 0.841179 0.841179 0.841179
62300 63.796053 63.796053 63.796053 0.841179 0.841179 0.841179
62400 63.796053 63.796053 63.796053 0.841179 0.841179 0.841179
62500 63.796053 63.796053 63.796053 0.841179 0.841179 0.841179
62600 63.796053 63.796053 63.796053 0.841179 0.841179 0.841179
62700 63.796053 63.796053 63.796053 0.841179 0.841179 0.841179
62800 63.796053 63.796053 63.796053 0.841179 0.841179 0.841179
62900 63.796053 63.796053 63.796053 0.841179 0.841179 0.841179
63000 63.796053 63.796053 63.796053 0.841179 0.841179 0.841179
63100 63.796053 63.796053 63.796053 0.841179 0.841179 0.841179
63200 63.796053 63.796053 63.796053 0.841179 0.841179 0.841179
63300 63.796053 63.796053 63.796053 0.841179 0.841179 0.841179
63400 63.796053 63.796053 63.796053 0.841179 0.841179 0.841179
63500 63.796053 63.796053 63.796053 0.841179 0.841179 0.841179
63600 63.796053 63.796053 63.796053 0.841179 0.841179 0.841179
63700 63.796053 63.796053 63.796053 0.841179 0.841179 0.841179
63800 63.796053 63.796053 63.796053 0.841179 0.841179 0.841179
63900 63.796053 63.796053 63.796053 0.841179 0.841179 0.841179
64000 63.796053 63.796053 63.796053 0.841179 0.841179 0.841179
64100 63.796053 63.796053 63.796053 0.841179 0.841179 0.841179
64200 63.796053 63.796053 63.796053 0.841179 0.841179 0.841179
64300 63.796053 63.796053 63.796053 0.841179 0.841179 0.841179
64400 63.796053 63.796053 63.796053 0.841179 0.841179 0.841179
64500 63.796053 63.796053 63.796053 0.841179 0.841179 0.841179
64600 63.796053 63.796053 63.796053 0.841179 0.841179 0.841179
64700 63.796053 63.796053 63.796053 0.841179 0.841179 0.841179
64800 63.796053 63.796053 63.796053 0.841179 0.841179 0.841179
64900 63.796053 63.796053 63.796053 0.841179 0.841179 0.841179
65000 63.796053 63.796053 63.796053 0.841179 0.841179 0.841179
65100 63.796053 63.796053 63.796053 0.841179 0.841179 0.841179
65200 63.796053 63.796053 63.796053 0.841179 0.841179 0.841179
65300 63.796053 63.796053 63.796053 0.841179 0.841179 0.841179
65400 63.796053 63.796053 63.796053 0.841179 0.841179 0.841179
65500 63.796053 63.796053 63.796053 0.841179 0.841179 0.841179
65600 63.796053 63.796053 63.796053 0.841179 0.841179 0.841179
65700 63.796053 63.796053 63.796053 0.841179 0.841179 0.841179
65800 63.796053 63.796053 63.796053 0.841179 0.841179 0.841179
65900 63.796053 63.796053 63.796053 0.841179 0.841179 0.841179
66000 63.796053 63.796053 63.796053 0.841179 0.841179 0.841179
66100 63.796053 63.796053 63.796053 0.841179 0.841179 0.841179
66200 63.796053 63.796053 63.796053 0.841179 0.841179 0.841179
66300 63.796053 63.796053 63.796053 0.841179 0.841179 0.841179
66400 63.796053 63.796053 63.796053 0.841179 0.841179 0.841179
66500 63.796053 63.796053 63.796053 0.841179 0.841179 0.841179
66600 63.796053 63.796053 63.796053 0.841179 0.841179 0.841179
66700 63.796053 63.796053 63.796053 0.841179 0.841179 0.841179
66800 63.796053 63.796053 63.796053 0.841179 0.841179 0.841179
66900 63.796053 63.796053 63.796053 0.841179 0.841179 0.841179
67000 63.796053 63.796053 63.796053 0.841179 0.841179 0.841179
67100 63.796053 63.796053 63.796053 0.841179 0.841179 0.841179
67200 63.796053 63.796053 63.796053 0.841179 0.841179 0.841179
67300 63.796053 63.796053 63.796053 0.841179 0.841179 0.841179
67400 63.796053 63.796053 63.796053 0.841179 0.841179 0.841179
67500 63.796053 63.796053 63.796053 0.841179 0.841179 0.841179
67600 63.796053 63.796053 63.796053 0.841179 0.841179 0.841179
67700 63.796053 63.796053 63.796053 0.841179 0.841179 0.841179
67800 63.796053 63.796053 63.796053 0.841179 0.841179 0.841179
67900 63.796053 63.796053 63.796053 0.841179 0.841179 0.841179
68000 63.796053 63.796053 63.796053 0.841179 0.841179 0.841179
68100 63.796053 63.796053 63.796053 0.841179 0.841179 0.841179
68200 63.796053 63.796053 63.796053 0.841179 0.841179 0.841179
68300 63.796053 63.796053 63.796053 0.841179 0.841179 0.841179
68400 63.796053 63.796053 63.796053 0.841179 0.841179 0.841179
68500 63.796053 63.796053 63.796053 0.841179 0.841179 0.841179
68600 63.796053 63.796053 63.796053 0.841179 0.841179 0.841179
68700 63.796053 63.796053 63.796053 0.841179 0.841179 0.841179
68800 63.796053 63.796053 63.796053 0.841179 0.841179 0.841179
68900 63.796053 63.796053 63.796053 0.841179 0.841179 0.841179
69000 63.796053 63.796053 63.796053 0.841179 0.841179 0.841179
69100 63.796053 63.796053 63.796053 0.841179 0.841179 0.841179
69200 63.796053 63.796053 63.796053 0.841179 0.841179 0.841179
69300 63.796053 63.796053 63.796053 0.841179 0.841179 0.841179
69400 63.796053 63.796053 63.796053 0.841179 0.841179 0.841179
69500 63.796053 63.796053 63.796053 0.841179 0.841179 0.841179
69600 63.796053 63.796053 63.796053 0.841179 0.841179 0.841179
69700 63.796053 63.796053 63.796053 0.841179 0.841179 0.841179
69800 63.796053 63.796053 63.796053 0.841179 0.841179 0.841179
69900 63.796053 63.796053 63.796053 0.841179 0.841179 0.841179
70000 63.796053 63.796053 63.796053 0.841179 0.841179 0.841179
70100 63.796053 63.796053 63.796053 0.841179 0.841179 0.841179
70200 63.796053 63.796053 63.796053 0.841179 0.841179 0.841179
70300 63.796053 63.796053 63.796053 0.841179 0.841179 0.841179
70400 63.796053 63.796053 63.796053 0.841179 0.841179 0.841179
70500 63.796053 63.796053 63.796053 0.841179 0.841179 0.841179
70600 63.796053 63.796053 63.796053 0.841179 0.841179 0.841179
70700 63.796053 63.796053 63.796053 0.841179 0.841179 0.841179
70800 63.796053 63.796053 63.796053 0.841179 0.841179 0.841179
70900 63.796053 63.796053 63.796053 0.841179 0.841179 0.841179
71000 63.796053 63.796053 63.796053 0.841179 0.841179 0.841179
71100 63.796053 63.796053 63.796053 0.841179 0.841179 0.841179
71200 63.796053 63.796053 63.796053 0.841179 0.841179 0.841179
71300 63.796053 63.796053 63.796053 0.841179 0.841179 0.841179
71400 63.796053 63.796053 63.796053 0.841179 0.841179 0.841179
71500 63.796053 63.796053 63.796053 0.841179 0.841179 0.841179
71600 63.796053 63.796053 63.796053 0.841179 0.841179 0.841179
71700 63.796053 63.796053 63.796053 0.841179 0.841179 0.841179
71800 63.796053 63.796053 63.796053 0.841179 0.841179 0.841179
71900 63.796053 63.796053 63.796053 0.841179 0.841179 0.841179
72000 63.796053 63.796053 63.796053 0.841179 0.841179 0.841179
72100 63.796053 63.796053 63.796053 0.841179 0.841179 0.841179
72200 63.796053 63.796053 63.796053 0.841179 0.841179 0.841179
72300 63.796053 63.796053 63.796053 0.841179 0.841179 0.841179
72400 63.796053 63.796053 63.796053 0.841179 0.841179 0.841179
72500 63.796053 63.796053 63.796053 0.841179 0.841179 0.841179
72600 63.796053 63.796053 63.796053 0.841179 0.841179 0.841179
72700 63.796053 63.796053 63.796053 0.841179 0.841179 0.841179
72800 63.796053 63.796053 63.796053 0.841179 0.841179 0.841179
72900 63.796053 63.796053 63.796053 0.841179 0.841179 0.841179
73000 63.796053 63.796053 63.796053 0.841179 0.841179 0.841179
73100 63.796053 63.796053 63.796053 0.841179 0.841179 0.841179
73200 63.796053 63.796053 63.796053 0.841179 0.841179 0.841179
73300 63.796053 63.796053 63.796053 0.841179 0.841179 0.841179
73400 63.796053 63.796053 63.796053 0.841179 0.841179 0.841179
73500 63.796053 63.796053 63.796053 0.841179 0.841179 0.841179
73600 63.796053 63.796053 63.796053 0.841179 0.841179 0.841179
73700 63.796053 63.796053 63.796053 0.841179 0.841179 0.841179
73800 63.796053 63.796053 63.796053 0.841179 0.841179 0.841179
73900 63.796053 63.796053 63.796053 0.841179 0.841179 0.841179
74000 63.796053 63.796053 63.796053 0.841179 0.841179 0.841179
74100 63.796053 63.796053 63.796053 0.841179 0.841179 0.841179
74200 63.796053 63.796053 63.796053 0.841179 0.841179 0.841179
74300 63.796053 63.796053 63.796053 0.841179 0.841179 0.841179
74400 63.796053 63.796053 63.796053 0.841179 0.841179 0.841179
74500 63.796053 63.796053 63.796053 0.841179 0.841179 0.841179
74600 63.796053 63.796053 63.796053 0.841179 0.841179 0.841179
74700 63.796053 63.796053 63.796053 0.841179 0.841179 0.841179
74800 63.796053 63.796053 63.796053 0.841179 0.841179 0.841179
74900 63.796053 63.796053 63.796053 0.841179 0.841179 0.841179
75000 63.796053 63.796053 63.796053 0.841179 0.841179 0.841179
75100 63.796053 63.796053 63.796053 0.841179 0.841179 0.841179
75200 63.796053 63.796053 63.796053 0.841179 0.841179 0.841179
75300 63.796053 63.796053 63.796053 0.841179 0.841179 0.841179
75400 63.796053 63.796053 63.796053 0.841179 0.841179 0.841179
75500 63.796053 63.796053 63.796053 0.841179 0.841179 0.841179
75600 63.796053 63.796053 63.796053 0.841179 0.841179 0.841179
75700 63.796053 63.796053 63.796053 0.841179 0.841179 0.841179
75800 63.796053 63.796053 63.796053 0.841179 0.841179 0.841179
75900 63.796053 63.796053 63.796053 0.841179 0.841179 0.841179
76000 63.796053 63.796053 63.796053 0.841179 0.841179 0.841179
76100 63.796053 63.796053 63.796053 0.841179 0.841179 0.841179
76200 63.796053 63.796053 63.796053 0.841179 0.841179 0.841179
76300 63.796053 63.796053 63.796053 0.841179 0.841179 0.841179
76400 63.796053 63.796053 63.796053 0.841179 0.841179 0.841179
76500 63.796053 63.796053 63.796053 0.841179 0.841179 0.841179
76600 63.796053 63.796053 63.796053 0.841179 0.841179 0.841179
76700 63.796053 63.796053 63.796053 0.841179 0.841179 0.841179
76800 63.796053 63.796053 63.796053 0.841179 0.841179 0.841179
76900 63.796053 63.796053 63.796053 0.841179 0.841179 0.841179
77000 63.796053 63.796053 63.796053 0.841179 0.841179 0.841179
77100 63.796053 63.796053 63.796053 0.841179 0.841179 0.841179
77200 63.796053 63.796053 63.796053 0.841179 0.841179 0.841179
77300 63.796053 63.796053 63.796053 0.841179 0.841179 0.841179
77400 63.796053 63.796053 63.796053 0.841179 0.841179 0.841179
77500 63.796053 63.796053 63.796053 0.841179 0.841179 0.841179
77600 63.796053 63.796053 63.796053 0.841179 0.841179 0.841179
77700 63.796053 63.796053 63.796053 0.841179 0.841179 0.841179
77800 63.796053 63.796053 63.796053 0.841179 0.841179 0.841179
77900 63.796053 63.796053 63.796053 0.841179 0.841179 0.841179
78000 63.796053 63.796053 63.796053 0.841179 0.841179 0.841179
78100 63.796053 63.796053 63.796053 0.841179 0.841179 0.841179
78200 63.796053 63.796053 63.796053 0.841179 0.841179 0.841179
78300 63.796053 63.796053 63.796053 0.841179 0.841179 0.841179
78400 63.796053 63.796053 63.796053 0.841179 0.841179 0.841179
78500 63.796053 63.796053 63.796053 0.841179 0.841179 0.841179
78600 63.796053 63.796053 63.796053 0.841179 0.841179 0.841179
78700 63.796053 63.796053 63.796053 0.841179 0.841179 0.841179
78800 63.796053 63.796053 63.796053 0.841179 0.841179 0.841179
78900 63.796053 63.796053 63.796053 0.841179 0.841179 0.841179
79000 63.796053 63.796053 63.796053 0.841179 0.841179 0.841179
79100 63.796053 63.796053 63.796053 0.841179 0.841179 0.841179
79200 63.796053 63.796053 63.796053 0.841179 0.841179 0.841179
79300 63.796053 63.796053 63.796053 0.841179 0.841179 0.841179
79400 63.796053 63.796053 63.796053 0.841179 0.841179 0.841179
79500 63.796053 63.796053 63.796053 0.841179 0.841179 0.841179
79600 63.796053 63.796053 63.796053 0.841179 0.841179 0.841179
79700 63.796053 63.796053 63.796053 0.841179 0.841179 0.841179
79800 63.796053 63.796053 63.796053 0.841179 0.841179 0.841179
79900 63.796053 63.796053 63.796053 0.841179 0.841179 0.841179
80000 63.796053 63.796053 63.796053 0.841179 0.841179 0.841179
80100 63.796053 63.796053 63.796053 0.841179 0.841179 0.841179
80200 63.796053 63.796053 63.796053 0.841179 0.841179 0.841179
80300 63.796053 63.796053 63.796053 0.841179 0.841179 0.841179
80400 63.796053 63.796053 63.796053 0.841179 0.841179 0.841179
80500 63.796053 63.796053 63.796053 0.841179 0.841179 0.841179
80600 63.796053 63.796053 63.796053 0.841179 0.841179 0.841179
80700 63.796053 63.796053 63.796053 0.841179 0.841179 0.841179
80800 63.796053 63.796053 63.796053 0.841179 0.841179 0.841179
80900 63.796053 63.796053 63.796053 0.841179 0.841179 0.841179
81000 63.796053 63.796053 63.796053 0.841179 0.841179 0.841179
81100 63.796053 63.796053 63.796053 0.841179 0.841179 0.841179
81200 63.796053 63.796053 63.796053 0.841179 0.841179 0.841179
81300 63.796053 63.796053 63.796053 0.841179 0.841179 0.841179
81400 63.796053 63.796053 63.796053 0.841179 0.841179 0.841179
81500 63.796053 63.796053 63.796053 0.841179 0.841179 0.841179
81600 63.796053 63.796053 63.796053 0.841179 0.841179 0.841179
81700 63.796053 63.796053 63.796053 0.841179 0.841179 0.841179
81800 63.796053 63.796053 63.796053 0.841179 0.841179 0.841179
81900 63.796053 63.796053 63.796053 0.841179 0.841179 0.841179
82000 63.796053 63.796053 63.796053 0.841179 0.841179 0.841179
82100 63.796053 63.796053 63.796053 0.841179 0.841179 0.841179
82200 63.796053 63.796053 63.796053 0.841179 0.841179 0.841179
82300 63.796053 63.796053 63.796053 0.841179 0.841179 0.841179
82400 63.796053 63.796053 63.796053 0.841179 0.841179 0.841179
82500 63.796053 63.796053 63.796053 0.841179 0.841179 0.841179
82600 63.796053 63.796053 63.796053 0.841179 0.841179 0.841179
82700 63.796053 63.796053 63.796053 0.841179 0.841179 0.841179
82800 63.796053 63.796053 63.796053 0.841179 0.841179 0.841179
82900 63.796053 63.796053 63.796053 0.841179 0.841179 0.841179
83000 63.796053 63.796053 63.796053 0.841179 0.841179 0.841179
83100 63.796053 63.796053 63.796053 0.841179 0.841179 0.841179
83200 63.796053 63.796053 63.796053 0.841179 0.841179 0.841179
83300 63.796053 63.796053 63.796053 0.841179 0.841179 0.841179
83400 63.796053 63.796053 63.796053 0.841179 0.841179 0.841179
83500 63.796053 63.796053 63.796053 0.841179 0.841179 0.841179
83600 63.796053 63.796053 63.796053 0.841179 0.841179 0.841179
83700 63.796053 63.796053 63.796053 0.841179 0.841179 0.841179
83800 63.796053 63.796053 63.796053 0.841179 0.841179 0.841179
83900 63.796053 63.796053 63.796053 0.841179 0.841179 0.841179
84000 63.796053 63.796053 63.796053 0.841179 0.841179 0.841179
84100 63.796053 63.796053 63.796053 0.841179 0.841179 0.841179
84200 63.796053 63.796053 63.796053 0.841179 0.841179 0.841179
84300 63.796053 63.796053 63.796053 0.841179 0.841179 0.841179
84400 63.796053 63.796053 63.796053 0.841179 0.841179 0.841179
84500 63.796053 63.796053 63.796053 0.841179 0.841179 0.841179
84600 63.796053 63.796053 63.796053 0.841179 0.841179 0.841179
84700 63.796053 63.796053 63.796053 0.841179 0.841179 0.841179
84800 63.796053 63.796053 63.796053 0.841179 0.841179 0.841179
84900 63.796053 63.796053 63.796053 0.841179 0.841179 0.841179
85000 63.796053 63.796053 63.796053 0.841179 0.841179 0.841179
85100 63.796053 63.796053 63.796053 0.841179 0.841179 0.841179
85200 63.796053 63.796053 63.796053 0.841179 0.841179 0.841179
85300 63.796053 63.796053 63.796053 0.841179 0.841179 0.841179
85400 63.796053 63.796053 63.796053 0.841179 0.841179 0.841179
85500 63.796053 63.796053 63.796053 0.841179 0.841179 0.841179
85600 63.796053 63.796053 63.796053 0.841179 0.841179 0.841179
85700 63.796053 63.796053 63.796053 0.841179 0.841179 0.841179
85800 63.796053 63.796053 63.796053 0.841179 0.841179 0.841179
85900 63.796053 63.796053 63.796053 0.841179 0.841179 0.841179
86000 63.796053 63.796053 63.796053 0.841179 0.841179 0.841179
86100 63.796053 63.796053 63.796053 0.841179 0.841179 0.841179
86200 63.796053 63.796053 63.796053 0.841179 0.841179 0.841179
86300 63.796053 63.796053 63.796053 0.841179 0.841179 0.841179
86400 63.796053 63.796053 63.796053 0.841179 0.841179 0.841179
86500 63.796053 63.796053 63.796053 0.841179 0.841179 0.841179
86600 63.796053 63.796053 63.796053 0.841179 0.841179 0.841179
86700 63.796053 63.796053 63.796053 0.841179 0.841179 0.841179
86800 63.796053 63.796053 63.796053 0.841179 0.841179 0.841179
86900 63.796053 63.796053 63.796053 0.841179 0.841179 0.841179
87000 63.796053 63.796053 63.796053 0.841179 0.841179 0.841179
87100 63.796053 63.796053 63.796053 0.841179 0.841179 0.841179
87200 63.796053 63.796053 63.796053 0.841179 0.841179 0.841179
87300 63.796053 63.796053 63.796053 0.841179 0.841179 0.841179
87400 63.796053 63.796053 63.796053 0.841179 0.841179 0.841179
87500 63.796053 63.796053 63.796053 0.841179 0.841179 0.841179
87600 63.796053 63.796053 63.796053 0.841179 0.841179 0.841179
87700 63.796053 63.796053 63.796053 0.841179 0.841179 0.841179
87800 63.796053 63.796053 63.796053 0.841179 0.841179 0.841179
87900 63.796053 63.796053 63.796053 0.841179 0.841179 0.841179
88000 63.796053 63.796053 63.796053 0.841179 0.841179 0.841179
88100 63.796053 63.796053 63.796053 0.841179 0.841179 0.841179
88200 63.796053 63.796053 63.796053 0.841179 0.841179 0.841179
88300 63.796053 63.796053 63.796053 0.841179 0.841179 0.841179
88400 63.796053 63.796053 63.796053 0.841179 0.841179 0.841179
88500 63.796053 63.796053 63.796053 0.841179 0.841179 0.841179
88600 63.796053 63.796053 63.796053 0.841179 0.841179 0.841179
88700 63.796053 63.796053 63.796053 0.841179 0.841179 0.841179
88800 63.796053 63.796053 63.796053 0.841179 0.841179 0.841179
88900 63.796053 63.796053 63.796053 0.841179 0.841179 0.841179
89000 63.796053 63.796053 63.796053 0.841179 0.841179 0.841179
89100 63.796053 63.796053 63.796053 0.841179 0.841179 0.841179
89200 63.796053 63.796053 63.796053 0.841179 0.841179 0.841179
89300 63.796053 63.796053 63.796053 0.841179 0.841179 0.841179
89400 63.796053 63.796053 63.796053 0.841179 0.841179 0.841179
89500 63.796053 63.796053 63.796053 0.841179 0.841179 0.841179
89600 63.796053 63.796053 63.796053 0.841179 0.841179 0.841179
89700 63.796053 63.796053 63.796053 0.841179 0.841179 0.841179
89800 63.796053 63.796053 63.796053 0.841179 0.841179 0.841179
89900 63.796053 63.796053 63.796053 0.841179 0.841179 0.841179
90000 63.796053 63.796053 63.796053 0.841179 0.841179 0.841179
90100 63.796053 63.796053 63.796053 0.841179 0.841179 0.841179
90200 63.796053 63.796053 63.796053 0.841179 0.841179 0.841179
90300 63.796053 63.796053 63.796053 0.841179 0.841179 0.841179
90400 63.796053 63.796053 63.796053 0.841179 0.841179 0.841179
90500 63.796053 63.796053 63.796053 0.841179 0.841179 0.841179
90600 63.796053 63.796053 63.796053 0.841179 0.841179 0.841179
90700 63.796053 63.796053 63.796053 0.841179 0.841179 0.841179
90800 63.796053 63.796053 63.796053 0.841179 0.841179 0.841179
90900 63.796053 63.796053 63.796053 0.841179 0.841179 0.841179
91000 63.796053 63.796053 63.796053 0.841179 0.841179 0.841179
91100 63.796053 63.796053 63.796053 0.841179 0.841179 0.841179
91200 63.796053 63.796053 63.796053 0.841179 0.841179 0.841179
91300 63.796053 63.796053 63.796053 0.841179 0.841179 0.841179
91400 63.796053 63.796053 63.796053 0.841179 0.841179 0.841179
91500 63.796053 63.796053 63.796053 0.841179 0.841179 0.841179
91600 63.796053 63.796053 63.796053 0.841179 0.841179 0.841179
91700 63.796053 63.796053 63.796053 0.841179 0.841179 0.841179
91800 63.796053 63.796053 63.796053 0.841179 0.841179 0.841179
91900 63.796053 63.796053 63.796053 0.841179 0.841179 0.841179
92000 63.796053 63.796053 63.796053 0.841179 0.841179 0.841179
92100 63.796053 63.796053 63.796053 0.841179 0.841179 0.841179
92200 63.796053 63.796053 63.796053 0.841179 0.841179 0.841179
92300 63.796053 63.796053 63.796053 0.841179 0.841179 0.841179
92400 63.796053 63.796053 63.796053 0.841179 0.841179 0.841179
92500 63.796053 63.796053 63.796053 0.841179 0.841179 0.841179
92600 63.796053 63.796053 63.796053 0.841179 0.841179 0.841179
92700 63.796053 63.796053 63.796053 0.841179 0.841179 0.841179
92800 63.796053 63.796053 63.796053 0.841179 0.841179 0.841179
92900 63.796053 63.796053 63.796053 0.841179 0.841179 0.841179
93000 63.796053 63.796053 63.796053 0.841179 0.841179 0.841179
93100 63.796053 63.796053 63.796053 0.841179 0.841179 0.841179
93200 63.796053 63.796053 63.796053 0.841179 0.841179 0.841179
93300 63.796053 63.796053 63.796053 0.841179 0.841179 0.841179
93400 63.796053 63.796053 63.796053 0.841179 0.841179 0.841179
93500 63.796053 63.796053 63.796053 0.841179 0.841179 0.841179
93600 63.796053 63.796053 63.796053 0.841179 0.841179 0.841179
93700 63.796053 63.796053 63.796053 0.841179 0.841179 0.841179
93800 63.796053 63.796053 63.796053 0.841179 0.841179 0.841179
93900 63.796053 63.796053 63.796053 0.841179 0.841179 0.841179
94000 63.796053 63.796053 63.796053 0.841179 0.841179 0.841179
94100 63.796053 63.796053 63.796053 0.841179 0.841179 0.841179
94200 63.796053 63.796053 63.796053 0.841179 0.841179 0.841179
94300 63.796053 63.796053 63.796053 0.841179 0.841179 0.841179
94400 63.796053 63.796053 63.796053 0.841179 0.841179 0.841179
94500 63.796053 63.796053 63.796053 0.841179 0.841179 0.841179
94600 63.796053 63.796053 63.796053 0.841179 0.841179 0.841179
94700 63.796053 63.796053 63.796053 0.841179 0.841179 0.841179
94800 63.796053 63.796053 63.796053 0.841179 0.841179 0.841179
94900 63.796053 63.796053 63.796053 0.841179 0.841179 0.841179
95000 63.796053 63.796053 63.796053 0.841179 0.841179 0.841179
95100 63.796053 63.796053 63.796053 0.841179 0.841179 0.841179
95200 63.796053 63.796053 63.796053 0.841179 0.841179 0.841179
95300 63.796053 63.796053 63.796053 0.841179 0.841179 0.841179
95400 63.796053 63.796053 63.796053 0.841179 0.841179 0.841179
95500 63.796053 63.796053 63.796053 0.841179 0.841179 0.841179
95600 63.796053 63.796053 63.796053 0.841179 0.841179 0.841179
95700 63.796053 63.796053 63.796053 0.841179 0.841179 0.841179
95800 63.796053 63.796053 63.796053 0.841179 0.841179 0.841179
95900 63.796053 63.796053 63.796053 0.841179 0.841179 0.841179
96000 63.796053 63.796053 63.796053 0.841179 0.841179 0.841179
96100 63.796053 63.796053 63.796053 0.841179 0.841179 0.841179
96200 63.796053 63.796053 63.796053 0.841179 0.841179 0.841179
96300 63.796053 63.796053 63.796053 0.841179 0.841179 0.841179
96400 63.796053 63.796053 63.796053 0.841179 0.841179 0.841179
96500 63.796053 63.796053 63.796053 0.841179 0.841179 0.841179
96600 63.796053 63.796053 63.796053 0.841179 0.841179 0.841179
96700 63.796053 63.796053 63.796053 0.841179 0.841179 0.841179
96800 63.796053 63.796053 63.796053 0.841179 0.841179 0.841179
96900 63.796053 63.796053 63.796053 0.841179 0.841179 0.841179
97000 63.796053 63.796053 63.796053 0.841179 0.841179 0.841179
97100 63.796053 63.796053 63.796053 0.841179 0.841179 0.841179
97200 63.796053 63.796053 63.796053 0.841179 0.841179 0.841179
97300 63.796053 63.796053 63.796053 0.841179 0.841179 0.841179
97400 63.796053 63.796053 63.796053 0.841179 0.841179 0.841179
97500 63.796053 63.796053 63.796053 0.841179 0.841179 0.841179
97600 63.796053 63.796053 63.796053 0.841179 0.841179 0.841179
97700 63.796053 63.796053 63.796053 0.841179 0.841179 0.841179
97800 63.796053 63.796053 63.796053 0.841179 0.841179 0.841179
97900 63.796053 63.796053 63.796053 0.841179 0.841179 0.841179
98000 63.796053 63.796053 63.796053 0.841179 0.841179 0.841179
98100 63.796053 63.796053 63.796053 0.841179 0.841179 0.841179
98200 63.796053 63.796053 63.796053 0.841179 0.841179 0.841179
98300 63.796053 63.796053 63.796053 0.841179 0.841179 0.841179
98400 63.796053 63.796053 63.796053 0.841179 0.841179 0.841179
98500 63.796053 63.796053 63.796053 0.841179 0.841179 0.841179
98600 63.796053 63.796053 63.796053 0.841179 0.841179 0.841179
98700 63.796053 63.796053 63.796053 0.841179 0.841179 0.841179
98800 63.796053 63.796053 63.796053 0.841179 0.841179 0.841179
98900 63.796053 63.796053 63.796053 0.841179 0.841179 0.841179
99000 63.796053 63.796053 63.796053 0.841179 0.841179 0.841179
99100 63.796053 63.796053 63.796053 0.841179 0.841179 0.841179
99200 63.796053 63.796053 63.796053 0.841179 0.841179 0.841179
99300 63.796053 63.796053 63.796053 0.841179 0.841179 0.841179
99400 63.796053 63.796053 63.796053 0.841179 0.841179 0.841179
99500 63.796053 63.796053 63.796053 0.841179 0.841179 0.841179
99600 63.796053 63.796053 63.796053 0.841179 0.841179 0.841179
99700 63.796053 63.796053 63.796053 0.841179 0.841179 0.841179
99800 63.796053 63.796053 63.796053 0.841179 0.841179 0.841179
99900 63.796053 63.796053 63.796053 0.841179 0.841179 0.841179
100000 50.479272 50.479272 50.479272 0.841878 0.841878 0.841878
