# generation power_min power_avg power_max util_min util_avg util_max
1 52.728389 52.728389 52.728389 1.385635 1.484297 1.499993
10 53.380032 34.932235 53.380032 0.913634 1.465945 1.499993
20 53.380032 34.670545 53.380032 0.896748 1.444699 1.499847
30 53.380032 34.644458 53.380032 0.785537 1.414245 1.499847
40 53.651164 34.522861 53.651164 0.785537 1.384877 1.499847
50 53.651164 34.435225 53.651164 0.668511 1.339367 1.499257
60 53.651164 32.931576 53.651164 0.668511 1.291181 1.499257
70 53.651164 33.112512 53.651164 0.668511 1.249698 1.499257
80 53.651164 32.643041 53.651164 0.500755 1.192706 1.499257
90 53.651164 31.889578 53.651164 0.486928 1.132595 1.499257
100 53.338414 31.492707 53.338414 0.486928 1.087285 1.499257
110 50.741900 30.967975 50.741900 0.486928 1.033207 1.498946
120 47.545899 30.494226 47.545899 0.486928 0.987310 1.498946
130 46.880631 30.128670 46.880631 0.486928 0.947801 1.498946
140 41.268759 29.866107 41.268759 0.486928 0.909330 1.462439
150 23.927998 29.615547 36.725935 0.486928 0.872514 1.236184
160 23.927998 28.939118 34.243898 0.486928 0.863454 1.114135
170 23.593103 28.231582 32.353464 0.486928 0.854615 1.079900
180 23.593103 27.674931 30.813292 0.486928 0.852701 1.079900
190 23.593103 27.147828 30.102200 0.486928 0.850936 1.079900
200 23.593103 26.711209 29.124293 0.500755 0.858291 1.079900
210 22.002491 26.223177 28.598654 0.500755 0.864703 1.079900
220 22.002491 25.806602 28.072033 0.500755 0.875823 1.079900
230 22.002491 25.515512 27.673035 0.685375 0.876107 1.062277
240 22.002491 25.146398 27.305413 0.685375 0.881879 1.062277
250 22.002491 24.782450 26.594226 0.685375 0.891383 1.062277
260 21.627348 24.499119 26.245353 0.685375 0.894574 1.041487
270 21.627348 24.196921 25.893684 0.685375 0.902344 1.041487
280 21.203432 23.926258 25.432179 0.699935 0.903195 1.041487
290 20.958451 23.658683 25.007013 0.699935 0.904609 1.041487
300 19.988400 23.373200 24.795590 0.736008 0.912900 1.041487
310 19.988400 23.161266 24.533417 0.736008 0.917263 1.033827
320 19.988400 22.900848 24.185691 0.757614 0.917136 1.012358
330 18.940759 22.532885 24.006778 0.782075 0.919889 1.012358
340 18.940759 22.293385 23.747535 0.782075 0.915458 1.031298
350 18.940759 22.010778 23.526377 0.782075 0.920620 1.032056
360 18.940759 21.777288 23.326486 0.782075 0.922168 1.032056
370 18.940759 21.461933 23.119245 0.735699 0.918150 1.032056
380 18.940759 21.205337 22.874103 0.735699 0.919855 1.032056
390 18.939931 20.921657 22.588651 0.735699 0.925741 1.042183
400 18.362123 20.595984 22.165703 0.735699 0.920898 1.042183
410 18.362123 20.293023 21.786051 0.735699 0.922588 1.042183
420 18.362123 20.014272 21.411532 0.735699 0.924836 1.042183
430 17.752495 19.734991 21.083550 0.735699 0.920754 1.042183
440 17.752495 19.532280 20.810110 0.735699 0.920952 1.042183
450 17.752495 19.322716 20.570747 0.735699 0.919126 1.042183
460 17.316324 19.087191 20.409441 0.735699 0.913142 1.042183
470 17.316324 18.895990 20.254781 0.735699 0.909605 1.042183
480 17.316324 18.668501 20.025020 0.743737 0.906174 1.037575
490 17.316324 18.494770 19.645110 0.724312 0.906140 1.037575
500 16.726461 18.314786 19.345716 0.724312 0.901423 1.001958
510 16.726461 18.146052 19.106916 0.724312 0.899578 0.999311
520 16.726461 17.992535 18.921898 0.724312 0.894717 0.999311
530 16.726461 17.847342 18.666593 0.724312 0.888422 0.999311
540 16.586545 17.701566 18.408618 0.721364 0.886495 0.999311
550 16.586545 17.572978 18.333898 0.721364 0.881079 0.999311
560 16.586545 17.447777 18.168529 0.721364 0.876457 1.013819
570 16.586545 17.333899 18.009235 0.721364 0.871369 1.013819
580 16.357582 17.195663 17.874539 0.721364 0.868367 1.013819
590 16.357582 17.085030 17.752495 0.721364 0.872403 1.013819
600 16.354544 16.976626 17.626989 0.721364 0.862288 1.013819
610 16.354544 16.868340 17.489622 0.721364 0.857049 1.013819
620 16.035458 16.763332 17.320582 0.721364 0.851940 1.013819
630 16.035458 16.661188 17.202865 0.730519 0.850015 1.004112
640 16.035458 16.579551 17.051242 0.753542 0.853923 1.004112
650 15.723510 16.492965 16.943125 0.753542 0.853667 0.995285
660 15.383443 16.395068 16.846605 0.753542 0.855092 0.995285
670 15.383443 16.307563 16.763236 0.769762 0.854341 0.995285
680 15.367654 16.214932 16.707675 0.769762 0.852554 0.999595
690 15.367654 16.134623 16.586545 0.769762 0.845172 0.999595
700 15.367654 16.051941 16.516532 0.769762 0.837953 0.999595
710 15.367654 15.976869 16.470229 0.769762 0.834073 0.999595
720 15.367654 15.910524 16.394125 0.769762 0.828302 0.937764
730 15.363071 15.828922 16.354544 0.769762 0.828546 0.937764
740 15.363071 15.762898 16.035458 0.769762 0.822979 0.937764
750 15.363071 15.699994 16.035458 0.769762 0.819380 0.937764
760 15.363071 15.633176 16.035458 0.769762 0.816782 0.937764
770 15.361978 15.566177 16.027640 0.769762 0.814556 0.937764
780 15.361188 15.510276 15.965539 0.769762 0.811991 0.937764
790 15.275588 15.453515 15.723510 0.769762 0.807688 0.937764
800 15.275588 15.418933 15.685327 0.769762 0.802389 0.937764
810 15.275588 15.390542 15.618924 0.769762 0.800142 0.811125
820 15.275588 15.365789 15.383443 0.769762 0.802077 0.811125
830 15.275588 15.363925 15.378860 0.778797 0.805702 0.811125
840 15.275588 15.362350 15.367654 0.778797 0.806761 0.811125
850 15.275588 15.361797 15.367654 0.778797 0.807718 0.811125
860 15.275588 15.361207 15.367654 0.778797 0.808690 0.811125
870 15.273705 15.358143 15.365771 0.778797 0.808656 0.811125
880 15.273705 15.357846 15.363071 0.778797 0.809140 0.811125
890 15.273705 15.355946 15.363071 0.778797 0.808567 0.811125
900 15.273705 15.352353 15.363071 0.778797 0.807339 0.811125
910 15.273705 15.348703 15.363071 0.778797 0.806134 0.811125
920 15.273705 15.347640 15.363071 0.778797 0.805891 0.811125
930 15.273705 15.343152 15.363071 0.778797 0.804355 0.811125
940 15.273705 15.340531 15.361188 0.778797 0.803410 0.811125
950 15.273705 15.333645 15.361188 0.778797 0.800838 0.811125
960 15.273705 15.325048 15.361188 0.778797 0.797620 0.811125
970 15.273705 15.317306 15.361188 0.778797 0.794725 0.811125
980 15.273705 15.308595 15.361188 0.778797 0.791551 0.811125
990 15.273705 15.300741 15.361188 0.778797 0.788700 0.811125
1000 15.273705 15.292068 15.361188 0.778797 0.785511 0.811125
1010 15.273705 15.283338 15.361188 0.778797 0.782344 0.811125
1020 15.273705 15.274590 15.275588 0.778797 0.779184 0.779528
1030 15.273705 15.274420 15.275588 0.778797 0.779250 0.779528
1040 15.273705 15.274232 15.275588 0.778797 0.779323 0.779528
1050 15.273705 15.274063 15.275588 0.778797 0.779389 0.779528
1060 15.273705 15.273874 15.275588 0.778797 0.779462 0.779528
1070 15.273705 15.273705 15.273705 0.779528 0.779528 0.779528
1080 15.273705 15.273705 15.273705 0.779528 0.779528 0.779528
1090 15.273705 15.273705 15.273705 0.779528 0.779528 0.779528
1100 15.273705 15.273705 15.273705 0.779528 0.779528 0.779528
1110 15.273705 15.273705 15.273705 0.779528 0.779528 0.779528
1120 15.273705 15.273705 15.273705 0.779528 0.779528 0.779528
1130 15.273705 15.273705 15.273705 0.779528 0.779528 0.779528
1140 15.273705 15.273705 15.273705 0.779528 0.779528 0.779528
1150 15.273705 15.273705 15.273705 0.779528 0.779528 0.779528
1160 15.273705 15.273705 15.273705 0.779528 0.779528 0.779528
1170 15.273705 15.273705 15.273705 0.779528 0.779528 0.779528
1180 15.273705 15.273705 15.273705 0.779528 0.779528 0.779528
1190 15.273705 15.273705 15.273705 0.779528 0.779528 0.779528
1200 15.273705 15.273705 15.273705 0.779528 0.779528 0.779528
1210 15.273705 15.273705 15.273705 0.779528 0.779528 0.779528
1220 15.273705 15.273705 15.273705 0.779528 0.779528 0.779528
1230 15.273705 15.273705 15.273705 0.779528 0.779528 0.779528
1240 15.273705 15.273705 15.273705 0.779528 0.779528 0.779528
1250 15.273705 15.273705 15.273705 0.779528 0.779528 0.779528
1260 15.273705 15.273705 15.273705 0.779528 0.779528 0.779528
1270 15.273705 15.273705 15.273705 0.779528 0.779528 0.779528
1280 15.273705 15.273705 15.273705 0.779528 0.779528 0.779528
1290 15.273705 15.273705 15.273705 0.779528 0.779528 0.779528
1300 15.273705 15.273705 15.273705 0.779528 0.779528 0.779528
1310 15.273705 15.273705 15.273705 0.779528 0.779528 0.779528
1320 15.273705 15.273705 15.273705 0.779528 0.779528 0.779528
1330 15.273705 15.273705 15.273705 0.779528 0.779528 0.779528
1340 15.273705 15.273705 15.273705 0.779528 0.779528 0.779528
1350 15.273705 15.273705 15.273705 0.779528 0.779528 0.779528
1360 15.273705 15.273705 15.273705 0.779528 0.779528 0.779528
1370 15.273705 15.273705 15.273705 0.779528 0.779528 0.779528
1380 15.273705 15.273705 15.273705 0.779528 0.779528 0.779528
1390 15.273705 15.273705 15.273705 0.779528 0.779528 0.779528
1400 15.273705 15.273705 15.273705 0.779528 0.779528 0.779528
1410 15.273705 15.273705 15.273705 0.779528 0.779528 0.779528
1420 15.273705 15.273705 15.273705 0.779528 0.779528 0.779528
1430 15.273705 15.273705 15.273705 0.779528 0.779528 0.779528
1440 15.273705 15.273705 15.273705 0.779528 0.779528 0.779528
1450 15.273705 15.273705 15.273705 0.779528 0.779528 0.779528
1460 15.273705 15.273705 15.273705 0.779528 0.779528 0.779528
1470 15.273705 15.273705 15.273705 0.779528 0.779528 0.779528
1480 15.273705 15.273705 15.273705 0.779528 0.779528 0.779528
1490 15.273705 15.273705 15.273705 0.779528 0.779528 0.779528
1500 15.273705 15.273705 15.273705 0.779528 0.779528 0.779528
1510 15.273705 15.273705 15.273705 0.779528 0.779528 0.779528
1520 15.273705 15.273705 15.273705 0.779528 0.779528 0.779528
1530 15.273705 15.273705 15.273705 0.779528 0.779528 0.779528
1540 15.273705 15.273705 15.273705 0.779528 0.779528 0.779528
1550 15.273705 15.273705 15.273705 0.779528 0.779528 0.779528
1560 15.273705 15.273705 15.273705 0.779528 0.779528 0.779528
1570 15.273705 15.273705 15.273705 0.779528 0.779528 0.779528
1580 15.273705 15.273705 15.273705 0.779528 0.779528 0.779528
1590 15.273705 15.273705 15.273705 0.779528 0.779528 0.779528
1600 15.273705 15.273705 15.273705 0.779528 0.779528 0.779528
1610 15.273705 15.273705 15.273705 0.779528 0.779528 0.779528
1620 15.273705 15.273705 15.273705 0.779528 0.779528 0.779528
1630 15.273705 15.273705 15.273705 0.779528 0.779528 0.779528
1640 15.273705 15.273705 15.273705 0.779528 0.779528 0.779528
1650 15.273705 15.273705 15.273705 0.779528 0.779528 0.779528
1660 15.273705 15.273705 15.273705 0.779528 0.779528 0.779528
1670 15.273705 15.273705 15.273705 0.779528 0.779528 0.779528
1680 15.273705 15.273705 15.273705 0.779528 0.779528 0.779528
1690 15.273705 15.273705 15.273705 0.779528 0.779528 0.779528
1700 15.273705 15.273705 15.273705 0.779528 0.779528 0.779528
1710 15.273705 15.273705 15.273705 0.779528 0.779528 0.779528
1720 15.273705 15.273705 15.273705 0.779528 0.779528 0.779528
1730 15.273705 15.273705 15.273705 0.779528 0.779528 0.779528
1740 15.273705 15.273705 15.273705 0.779528 0.779528 0.779528
1750 15.273705 15.273705 15.273705 0.779528 0.779528 0.779528
1760 15.273705 15.273705 15.273705 0.779528 0.779528 0.779528
1770 15.273705 15.273705 15.273705 0.779528 0.779528 0.779528
1780 15.273705 15.273705 15.273705 0.779528 0.779528 0.779528
1790 15.273705 15.273705 15.273705 0.779528 0.779528 0.779528
1800 15.273705 15.273705 15.273705 0.779528 0.779528 0.779528
1810 15.273705 15.273705 15.273705 0.779528 0.779528 0.779528
1820 15.273705 15.273705 15.273705 0.779528 0.779528 0.779528
1830 15.273705 15.273705 15.273705 0.779528 0.779528 0.779528
1840 15.273705 15.273705 15.273705 0.779528 0.779528 0.779528
1850 15.273705 15.273705 15.273705 0.779528 0.779528 0.779528
1860 15.273705 15.273705 15.273705 0.779528 0.779528 0.779528
1870 15.273705 15.273705 15.273705 0.779528 0.779528 0.779528
1880 15.273705 15.273705 15.273705 0.779528 0.779528 0.779528
1890 15.273705 15.273705 15.273705 0.779528 0.779528 0.779528
1900 15.273705 15.273705 15.273705 0.779528 0.779528 0.779528
1910 15.273705 15.273705 15.273705 0.779528 0.779528 0.779528
1920 15.273705 15.273705 15.273705 0.779528 0.779528 0.779528
1930 15.273705 15.273705 15.273705 0.779528 0.779528 0.779528
1940 15.273705 15.273705 15.273705 0.779528 0.779528 0.779528
1950 15.273705 15.273705 15.273705 0.779528 0.779528 0.779528
1960 15.273705 15.273705 15.273705 0.779528 0.779528 0.779528
1970 15.273705 15.273705 15.273705 0.779528 0.779528 0.779528
1980 15.273705 15.273705 15.273705 0.779528 0.779528 0.779528
1990 15.273705 15.273705 15.273705 0.779528 0.779528 0.779528
2000 15.273705 15.273705 15.273705 0.779528 0.779528 0.779528
2010 15.273705 15.273705 15.273705 0.779528 0.779528 0.779528
2020 15.273705 15.273705 15.273705 0.779528 0.779528 0.779528
2030 15.273705 15.273705 15.273705 0.779528 0.779528 0.779528
2040 15.273705 15.273705 15.273705 0.779528 0.779528 0.779528
2050 15.273705 15.273705 15.273705 0.779528 0.779528 0.779528
2060 15.273705 15.273705 15.273705 0.779528 0.779528 0.779528
2070 15.273705 15.273705 15.273705 0.779528 0.779528 0.779528
2080 15.273705 15.273705 15.273705 0.779528 0.779528 0.779528
2090 15.273705 15.273705 15.273705 0.779528 0.779528 0.779528
2100 15.273705 15.273705 15.273705 0.779528 0.779528 0.779528
2110 15.273705 15.273705 15.273705 0.779528 0.779528 0.779528
2120 15.273705 15.273705 15.273705 0.779528 0.779528 0.779528
2130 15.273705 15.273705 15.273705 0.779528 0.779528 0.779528
2140 15.273705 15.273705 15.273705 0.779528 0.779528 0.779528
2150 15.273705 15.273705 15.273705 0.779528 0.779528 0.779528
2160 15.273705 15.273705 15.273705 0.779528 0.779528 0.779528
2170 15.273705 15.273705 15.273705 0.779528 0.779528 0.779528
2180 15.273705 15.273705 15.273705 0.779528 0.779528 0.779528
2190 15.273705 15.273705 15.273705 0.779528 0.779528 0.779528
2200 15.273705 15.273705 15.273705 0.779528 0.779528 0.779528
2210 15.273705 15.273705 15.273705 0.779528 0.779528 0.779528
2220 15.273705 15.273705 15.273705 0.779528 0.779528 0.779528
2230 15.273705 15.273705 15.273705 0.779528 0.779528 0.779528
2240 15.273705 15.273705 15.273705 0.779528 0.779528 0.779528
2250 15.273705 15.273705 15.273705 0.779528 0.779528 0.779528
2260 15.273705 15.273705 15.273705 0.779528 0.779528 0.779528
2270 15.273705 15.273705 15.273705 0.779528 0.779528 0.779528
2280 15.273705 15.273705 15.273705 0.779528 0.779528 0.779528
2290 15.273705 15.273705 15.273705 0.779528 0.779528 0.779528
2300 15.273705 15.273705 15.273705 0.779528 0.779528 0.779528
2310 15.273705 15.273705 15.273705 0.779528 0.779528 0.779528
2320 15.273705 15.273705 15.273705 0.779528 0.779528 0.779528
2330 15.273705 15.273705 15.273705 0.779528 0.779528 0.779528
2340 15.273705 15.273705 15.273705 0.779528 0.779528 0.779528
2350 15.273705 15.273705 15.273705 0.779528 0.779528 0.779528
2360 15.273705 15.273705 15.273705 0.779528 0.779528 0.779528
2370 15.273705 15.273705 15.273705 0.779528 0.779528 0.779528
2380 15.273705 15.273705 15.273705 0.779528 0.779528 0.779528
2390 15.273705 15.273705 15.273705 0.779528 0.779528 0.779528
2400 15.273705 15.273705 15.273705 0.779528 0.779528 0.779528
2410 15.273705 15.273705 15.273705 0.779528 0.779528 0.779528
2420 15.273705 15.273705 15.273705 0.779528 0.779528 0.779528
2430 15.273705 15.273705 15.273705 0.779528 0.779528 0.779528
2440 15.273705 15.273705 15.273705 0.779528 0.779528 0.779528
2450 15.273705 15.273705 15.273705 0.779528 0.779528 0.779528
2460 15.273705 15.273705 15.273705 0.779528 0.779528 0.779528
2470 15.273705 15.273705 15.273705 0.779528 0.779528 0.779528
2480 15.273705 15.273705 15.273705 0.779528 0.779528 0.779528
2490 15.273705 15.273705 15.273705 0.779528 0.779528 0.779528
2500 15.273705 15.273705 15.273705 0.779528 0.779528 0.779528
2510 15.273705 15.273705 15.273705 0.779528 0.779528 0.779528
2520 15.273705 15.273705 15.273705 0.779528 0.779528 0.779528
2530 15.273705 15.273705 15.273705 0.779528 0.779528 0.779528
2540 15.273705 15.273705 15.273705 0.779528 0.779528 0.779528
2550 15.273705 15.273705 15.273705 0.779528 0.779528 0.779528
2560 15.273705 15.273705 15.273705 0.779528 0.779528 0.779528
2570 15.273705 15.273705 15.273705 0.779528 0.779528 0.779528
2580 15.273705 15.273705 15.273705 0.779528 0.779528 0.779528
2590 15.273705 15.273705 15.273705 0.779528 0.779528 0.779528
2600 15.273705 15.273705 15.273705 0.779528 0.779528 0.779528
2610 15.273705 15.273705 15.273705 0.779528 0.779528 0.779528
2620 15.273705 15.273705 15.273705 0.779528 0.779528 0.779528
2630 15.273705 15.273705 15.273705 0.779528 0.779528 0.779528
2640 15.273705 15.273705 15.273705 0.779528 0.779528 0.779528
2650 15.273705 15.273705 15.273705 0.779528 0.779528 0.779528
2660 15.273705 15.273705 15.273705 0.779528 0.779528 0.779528
2670 15.273705 15.273705 15.273705 0.779528 0.779528 0.779528
2680 15.273705 15.273705 15.273705 0.779528 0.779528 0.779528
2690 15.273705 15.273705 15.273705 0.779528 0.779528 0.779528
2700 15.273705 15.273705 15.273705 0.779528 0.779528 0.779528
2710 15.273705 15.273705 15.273705 0.779528 0.779528 0.779528
2720 15.273705 15.273705 15.273705 0.779528 0.779528 0.779528
2730 15.273705 15.273705 15.273705 0.779528 0.779528 0.779528
2740 15.273705 15.273705 15.273705 0.779528 0.779528 0.779528
2750 15.273705 15.273705 15.273705 0.779528 0.779528 0.779528
2760 15.273705 15.273705 15.273705 0.779528 0.779528 0.779528
2770 15.273705 15.273705 15.273705 0.779528 0.779528 0.779528
2780 15.273705 15.273705 15.273705 0.779528 0.779528 0.779528
2790 15.273705 15.273705 15.273705 0.779528 0.779528 0.779528
2800 15.273705 15.273705 15.273705 0.779528 0.779528 0.779528
2810 15.273705 15.273705 15.273705 0.779528 0.779528 0.779528
2820 15.273705 15.273705 15.273705 0.779528 0.779528 0.779528
2830 15.273705 15.273705 15.273705 0.779528 0.779528 0.779528
2840 15.273705 15.273705 15.273705 0.779528 0.779528 0.779528
2850 15.273705 15.273705 15.273705 0.779528 0.779528 0.779528
2860 15.273705 15.273705 15.273705 0.779528 0.779528 0.779528
2870 15.273705 15.273705 15.273705 0.779528 0.779528 0.779528
2880 15.273705 15.273705 15.273705 0.779528 0.779528 0.779528
2890 15.273705 15.273705 15.273705 0.779528 0.779528 0.779528
2900 15.273705 15.273705 15.273705 0.779528 0.779528 0.779528
2910 15.273705 15.273705 15.273705 0.779528 0.779528 0.779528
2920 15.273705 15.273705 15.273705 0.779528 0.779528 0.779528
2930 15.273705 15.273705 15.273705 0.779528 0.779528 0.779528
2940 15.273705 15.273705 15.273705 0.779528 0.779528 0.779528
2950 15.273705 15.273705 15.273705 0.779528 0.779528 0.779528
2960 15.273705 15.273705 15.273705 0.779528 0.779528 0.779528
2970 15.273705 15.273705 15.273705 0.779528 0.779528 0.779528
2980 15.273705 15.273705 15.273705 0.779528 0.779528 0.779528
2990 15.273705 15.273705 15.273705 0.779528 0.779528 0.779528
3000 15.273705 15.273705 15.273705 0.779528 0.779528 0.779528
3010 15.273705 15.273705 15.273705 0.779528 0.779528 0.779528
3020 15.273705 15.273705 15.273705 0.779528 0.779528 0.779528
3030 15.273705 15.273705 15.273705 0.779528 0.779528 0.779528
3040 15.273705 15.273705 15.273705 0.779528 0.779528 0.779528
3050 15.273705 15.273705 15.273705 0.779528 0.779528 0.779528
3060 15.273705 15.273705 15.273705 0.779528 0.779528 0.779528
3070 15.273705 15.273705 15.273705 0.779528 0.779528 0.779528
3080 15.273705 15.273705 15.273705 0.779528 0.779528 0.779528
3090 15.273705 15.273705 15.273705 0.779528 0.779528 0.779528
3100 15.273705 15.273705 15.273705 0.779528 0.779528 0.779528
3110 15.273705 15.273705 15.273705 0.779528 0.779528 0.779528
3120 15.273705 15.273705 15.273705 0.779528 0.779528 0.779528
3130 15.273705 15.273705 15.273705 0.779528 0.779528 0.779528
3140 15.273705 15.273705 15.273705 0.779528 0.779528 0.779528
3150 15.273705 15.273705 15.273705 0.779528 0.779528 0.779528
3160 15.273705 15.273705 15.273705 0.779528 0.779528 0.779528
3170 15.273705 15.273705 15.273705 0.779528 0.779528 0.779528
3180 15.273705 15.273705 15.273705 0.779528 0.779528 0.779528
3190 15.273705 15.273705 15.273705 0.779528 0.779528 0.779528
3200 15.273705 15.273705 15.273705 0.779528 0.779528 0.779528
3210 15.273705 15.273705 15.273705 0.779528 0.779528 0.779528
3220 15.273705 15.273705 15.273705 0.779528 0.779528 0.779528
3230 15.273705 15.273705 15.273705 0.779528 0.779528 0.779528
3240 15.273705 15.273705 15.273705 0.779528 0.779528 0.779528
3250 15.273705 15.273705 15.273705 0.779528 0.779528 0.779528
3260 15.273705 15.273705 15.273705 0.779528 0.779528 0.779528
3270 15.273705 15.273705 15.273705 0.779528 0.779528 0.779528
3280 15.273705 15.273705 15.273705 0.779528 0.779528 0.779528
3290 15.273705 15.273705 15.273705 0.779528 0.779528 0.779528
3300 15.273705 15.273705 15.273705 0.779528 0.779528 0.779528
3310 15.273705 15.273705 15.273705 0.779528 0.779528 0.779528
3320 15.273705 15.273705 15.273705 0.779528 0.779528 0.779528
3330 15.273705 15.273705 15.273705 0.779528 0.779528 0.779528
3340 15.273705 15.273705 15.273705 0.779528 0.779528 0.779528
3350 15.273705 15.273705 15.273705 0.779528 0.779528 0.779528
3360 15.273705 15.273705 15.273705 0.779528 0.779528 0.779528
3370 15.273705 15.273705 15.273705 0.779528 0.779528 0.779528
3380 15.273705 15.273705 15.273705 0.779528 0.779528 0.779528
3390 15.273705 15.273705 15.273705 0.779528 0.779528 0.779528
3400 15.273705 15.273705 15.273705 0.779528 0.779528 0.779528
3410 15.273705 15.273705 15.273705 0.779528 0.779528 0.779528
3420 15.273705 15.273705 15.273705 0.779528 0.779528 0.779528
3430 15.273705 15.273705 15.273705 0.779528 0.779528 0.779528
3440 15.273705 15.273705 15.273705 0.779528 0.779528 0.779528
3450 15.273705 15.273705 15.273705 0.779528 0.779528 0.779528
3460 15.273705 15.273705 15.273705 0.779528 0.779528 0.779528
3470 15.273705 15.273705 15.273705 0.779528 0.779528 0.779528
3480 15.273705 15.273705 15.273705 0.779528 0.779528 0.779528
3490 15.273705 15.273705 15.273705 0.779528 0.779528 0.779528
3500 15.273705 15.273705 15.273705 0.779528 0.779528 0.779528
3510 15.273705 15.273705 15.273705 0.779528 0.779528 0.779528
3520 15.273705 15.273705 15.273705 0.779528 0.779528 0.779528
3530 15.273705 15.273705 15.273705 0.779528 0.779528 0.779528
3540 15.273705 15.273705 15.273705 0.779528 0.779528 0.779528
3550 15.273705 15.273705 15.273705 0.779528 0.779528 0.779528
3560 15.273705 15.273705 15.273705 0.779528 0.779528 0.779528
3570 15.273705 15.273705 15.273705 0.779528 0.779528 0.779528
3580 15.273705 15.273705 15.273705 0.779528 0.779528 0.779528
3590 15.273705 15.273705 15.273705 0.779528 0.779528 0.779528
3600 15.273705 15.273705 15.273705 0.779528 0.779528 0.779528
3610 15.273705 15.273705 15.273705 0.779528 0.779528 0.779528
3620 15.273705 15.273705 15.273705 0.779528 0.779528 0.779528
3630 15.273705 15.273705 15.273705 0.779528 0.779528 0.779528
3640 15.273705 15.273705 15.273705 0.779528 0.779528 0.779528
3650 15.273705 15.273705 15.273705 0.779528 0.779528 0.779528
3660 15.273705 15.273705 15.273705 0.779528 0.779528 0.779528
3670 15.273705 15.273705 15.273705 0.779528 0.779528 0.779528
3680 15.273705 15.273705 15.273705 0.779528 0.779528 0.779528
3690 15.273705 15.273705 15.273705 0.779528 0.779528 0.779528
3700 15.273705 15.273705 15.273705 0.779528 0.779528 0.779528
3710 15.273705 15.273705 15.273705 0.779528 0.779528 0.779528
3720 15.273705 15.273705 15.273705 0.779528 0.779528 0.779528
3730 15.273705 15.273705 15.273705 0.779528 0.779528 0.779528
3740 15.273705 15.273705 15.273705 0.779528 0.779528 0.779528
3750 15.273705 15.273705 15.273705 0.779528 0.779528 0.779528
3760 15.273705 15.273705 15.273705 0.779528 0.779528 0.779528
3770 15.273705 15.273705 15.273705 0.779528 0.779528 0.779528
3780 15.273705 15.273705 15.273705 0.779528 0.779528 0.779528
3790 15.273705 15.273705 15.273705 0.779528 0.779528 0.779528
3800 15.273705 15.273705 15.273705 0.779528 0.779528 0.779528
3810 15.273705 15.273705 15.273705 0.779528 0.779528 0.779528
3820 15.273705 15.273705 15.273705 0.779528 0.779528 0.779528
3830 15.273705 15.273705 15.273705 0.779528 0.779528 0.779528
3840 15.273705 15.273705 15.273705 0.779528 0.779528 0.779528
3850 15.273705 15.273705 15.273705 0.779528 0.779528 0.779528
3860 15.273705 15.273705 15.273705 0.779528 0.779528 0.779528
3870 15.273705 15.273705 15.273705 0.779528 0.779528 0.779528
3880 15.273705 15.273705 15.273705 0.779528 0.779528 0.779528
3890 15.273705 15.273705 15.273705 0.779528 0.779528 0.779528
3900 15.273705 15.273705 15.273705 0.779528 0.779528 0.779528
3910 15.273705 15.273705 15.273705 0.779528 0.779528 0.779528
3920 15.273705 15.273705 15.273705 0.779528 0.779528 0.779528
3930 15.273705 15.273705 15.273705 0.779528 0.779528 0.779528
3940 15.273705 15.273705 15.273705 0.779528 0.779528 0.779528
3950 15.273705 15.273705 15.273705 0.779528 0.779528 0.779528
3960 15.273705 15.273705 15.273705 0.779528 0.779528 0.779528
3970 15.273705 15.273705 15.273705 0.779528 0.779528 0.779528
3980 15.273705 15.273705 15.273705 0.779528 0.779528 0.779528
3990 15.273705 15.273705 15.273705 0.779528 0.779528 0.779528
4000 15.273705 15.273705 15.273705 0.779528 0.779528 0.779528
4010 15.273705 15.273705 15.273705 0.779528 0.779528 0.779528
4020 15.273705 15.273705 15.273705 0.779528 0.779528 0.779528
4030 15.273705 15.273705 15.273705 0.779528 0.779528 0.779528
4040 15.273705 15.273705 15.273705 0.779528 0.779528 0.779528
4050 15.273705 15.273705 15.273705 0.779528 0.779528 0.779528
4060 15.273705 15.273705 15.273705 0.779528 0.779528 0.779528
4070 15.273705 15.273705 15.273705 0.779528 0.779528 0.779528
4080 15.273705 15.273705 15.273705 0.779528 0.779528 0.779528
4090 15.273705 15.273705 15.273705 0.779528 0.779528 0.779528
4100 15.273705 15.273705 15.273705 0.779528 0.779528 0.779528
4110 15.273705 15.273705 15.273705 0.779528 0.779528 0.779528
4120 15.273705 15.273705 15.273705 0.779528 0.779528 0.779528
4130 15.273705 15.273705 15.273705 0.779528 0.779528 0.779528
4140 15.273705 15.273705 15.273705 0.779528 0.779528 0.779528
4150 15.273705 15.273705 15.273705 0.779528 0.779528 0.779528
4160 15.273705 15.273705 15.273705 0.779528 0.779528 0.779528
4170 15.273705 15.273705 15.273705 0.779528 0.779528 0.779528
4180 15.273705 15.273705 15.273705 0.779528 0.779528 0.779528
4190 15.273705 15.273705 15.273705 0.779528 0.779528 0.779528
4200 15.273705 15.273705 15.273705 0.779528 0.779528 0.779528
4210 15.273705 15.273705 15.273705 0.779528 0.779528 0.779528
4220 15.273705 15.273705 15.273705 0.779528 0.779528 0.779528
4230 15.273705 15.273705 15.273705 0.779528 0.779528 0.779528
4240 15.273705 15.273705 15.273705 0.779528 0.779528 0.779528
4250 15.273705 15.273705 15.273705 0.779528 0.779528 0.779528
4260 15.273705 15.273705 15.273705 0.779528 0.779528 0.779528
4270 15.273705 15.273705 15.273705 0.779528 0.779528 0.779528
4280 15.273705 15.273705 15.273705 0.779528 0.779528 0.779528
4290 15.273705 15.273705 15.273705 0.779528 0.779528 0.779528
4300 15.273705 15.273705 15.273705 0.779528 0.779528 0.779528
4310 15.273705 15.273705 15.273705 0.779528 0.779528 0.779528
4320 15.273705 15.273705 15.273705 0.779528 0.779528 0.779528
4330 15.273705 15.273705 15.273705 0.779528 0.779528 0.779528
4340 15.273705 15.273705 15.273705 0.779528 0.779528 0.779528
4350 15.273705 15.273705 15.273705 0.779528 0.779528 0.779528
4360 15.273705 15.273705 15.273705 0.779528 0.779528 0.779528
4370 15.273705 15.273705 15.273705 0.779528 0.779528 0.779528
4380 15.273705 15.273705 15.273705 0.779528 0.779528 0.779528
4390 15.273705 15.273705 15.273705 0.779528 0.779528 0.779528
4400 15.273705 15.273705 15.273705 0.779528 0.779528 0.779528
4410 15.273705 15.273705 15.273705 0.779528 0.779528 0.779528
4420 15.273705 15.273705 15.273705 0.779528 0.779528 0.779528
4430 15.273705 15.273705 15.273705 0.779528 0.779528 0.779528
4440 15.273705 15.273705 15.273705 0.779528 0.779528 0.779528
4450 15.273705 15.273705 15.273705 0.779528 0.779528 0.779528
4460 15.273705 15.273705 15.273705 0.779528 0.779528 0.779528
4470 15.273705 15.273705 15.273705 0.779528 0.779528 0.779528
4480 15.273705 15.273705 15.273705 0.779528 0.779528 0.779528
4490 15.273705 15.273705 15.273705 0.779528 0.779528 0.779528
4500 15.273705 15.273705 15.273705 0.779528 0.779528 0.779528
4510 15.273705 15.273705 15.273705 0.779528 0.779528 0.779528
4520 15.273705 15.273705 15.273705 0.779528 0.779528 0.779528
4530 15.273705 15.273705 15.273705 0.779528 0.779528 0.779528
4540 15.273705 15.273705 15.273705 0.779528 0.779528 0.779528
4550 15.273705 15.273705 15.273705 0.779528 0.779528 0.779528
4560 15.273705 15.273705 15.273705 0.779528 0.779528 0.779528
4570 15.273705 15.273705 15.273705 0.779528 0.779528 0.779528
4580 15.273705 15.273705 15.273705 0.779528 0.779528 0.779528
4590 15.273705 15.273705 15.273705 0.779528 0.779528 0.779528
4600 15.273705 15.273705 15.273705 0.779528 0.779528 0.779528
4610 15.273705 15.273705 15.273705 0.779528 0.779528 0.779528
4620 15.273705 15.273705 15.273705 0.779528 0.779528 0.779528
4630 15.273705 15.273705 15.273705 0.779528 0.779528 0.779528
4640 15.273705 15.273705 15.273705 0.779528 0.779528 0.779528
4650 15.273705 15.273705 15.273705 0.779528 0.779528 0.779528
4660 15.273705 15.273705 15.273705 0.779528 0.779528 0.779528
4670 15.273705 15.273705 15.273705 0.779528 0.779528 0.779528
4680 15.273705 15.273705 15.273705 0.779528 0.779528 0.779528
4690 15.273705 15.273705 15.273705 0.779528 0.779528 0.779528
4700 15.273705 15.273705 15.273705 0.779528 0.779528 0.779528
4710 15.273705 15.273705 15.273705 0.779528 0.779528 0.779528
4720 15.273705 15.273705 15.273705 0.779528 0.779528 0.779528
4730 15.273705 15.273705 15.273705 0.779528 0.779528 0.779528
4740 15.273705 15.273705 15.273705 0.779528 0.779528 0.779528
4750 15.273705 15.273705 15.273705 0.779528 0.779528 0.779528
4760 15.273705 15.273705 15.273705 0.779528 0.779528 0.779528
4770 15.273705 15.273705 15.273705 0.779528 0.779528 0.779528
4780 15.273705 15.273705 15.273705 0.779528 0.779528 0.779528
4790 15.273705 15.273705 15.273705 0.779528 0.779528 0.779528
4800 15.273705 15.273705 15.273705 0.779528 0.779528 0.779528
4810 15.273705 15.273705 15.273705 0.779528 0.779528 0.779528
4820 15.273705 15.273705 15.273705 0.779528 0.779528 0.779528
4830 15.273705 15.273705 15.273705 0.779528 0.779528 0.779528
4840 15.273705 15.273705 15.273705 0.779528 0.779528 0.779528
4850 15.273705 15.273705 15.273705 0.779528 0.779528 0.779528
4860 15.273705 15.273705 15.273705 0.779528 0.779528 0.779528
4870 15.273705 15.273705 15.273705 0.779528 0.779528 0.779528
4880 15.273705 15.273705 15.273705 0.779528 0.779528 0.779528
4890 15.273705 15.273705 15.273705 0.779528 0.779528 0.779528
4900 15.273705 15.273705 15.273705 0.779528 0.779528 0.779528
4910 15.273705 15.273705 15.273705 0.779528 0.779528 0.779528
4920 15.273705 15.273705 15.273705 0.779528 0.779528 0.779528
4930 15.273705 15.273705 15.273705 0.779528 0.779528 0.779528
4940 15.273705 15.273705 15.273705 0.779528 0.779528 0.779528
4950 15.273705 15.273705 15.273705 0.779528 0.779528 0.779528
4960 15.273705 15.273705 15.273705 0.779528 0.779528 0.779528
4970 15.273705 15.273705 15.273705 0.779528 0.779528 0.779528
4980 15.273705 15.273705 15.273705 0.779528 0.779528 0.779528
4990 15.273705 15.273705 15.273705 0.779528 0.779528 0.779528
5000 15.273705 15.273705 15.273705 0.779528 0.779528 0.779528
5010 15.273705 15.273705 15.273705 0.779528 0.779528 0.779528
5020 15.273705 15.273705 15.273705 0.779528 0.779528 0.779528
5030 15.273705 15.273705 15.273705 0.779528 0.779528 0.779528
5040 15.273705 15.273705 15.273705 0.779528 0.779528 0.779528
5050 15.273705 15.273705 15.273705 0.779528 0.779528 0.779528
5060 15.273705 15.273705 15.273705 0.779528 0.779528 0.779528
5070 15.273705 15.273705 15.273705 0.779528 0.779528 0.779528
5080 15.273705 15.273705 15.273705 0.779528 0.779528 0.779528
5090 15.273705 15.273705 15.273705 0.779528 0.779528 0.779528
5100 15.273705 15.273705 15.273705 0.779528 0.779528 0.779528
5110 15.273705 15.273705 15.273705 0.779528 0.779528 0.779528
5120 15.273705 15.273705 15.273705 0.779528 0.779528 0.779528
5130 15.273705 15.273705 15.273705 0.779528 0.779528 0.779528
5140 15.273705 15.273705 15.273705 0.779528 0.779528 0.779528
5150 15.273705 15.273705 15.273705 0.779528 0.779528 0.779528
5160 15.273705 15.273705 15.273705 0.779528 0.779528 0.779528
5170 15.273705 15.273705 15.273705 0.779528 0.779528 0.779528
5180 15.273705 15.273705 15.273705 0.779528 0.779528 0.779528
5190 15.273705 15.273705 15.273705 0.779528 0.779528 0.779528
5200 15.273705 15.273705 15.273705 0.779528 0.779528 0.779528
5210 15.273705 15.273705 15.273705 0.779528 0.779528 0.779528
5220 15.273705 15.273705 15.273705 0.779528 0.779528 0.779528
5230 15.273705 15.273705 15.273705 0.779528 0.779528 0.779528
5240 15.273705 15.273705 15.273705 0.779528 0.779528 0.779528
5250 15.273705 15.273705 15.273705 0.779528 0.779528 0.779528
5260 15.273705 15.273705 15.273705 0.779528 0.779528 0.779528
5270 15.273705 15.273705 15.273705 0.779528 0.779528 0.779528
5280 15.273705 15.273705 15.273705 0.779528 0.779528 0.779528
5290 15.273705 15.273705 15.273705 0.779528 0.779528 0.779528
5300 15.273705 15.273705 15.273705 0.779528 0.779528 0.779528
5310 15.273705 15.273705 15.273705 0.779528 0.779528 0.779528
5320 15.273705 15.273705 15.273705 0.779528 0.779528 0.779528
5330 15.273705 15.273705 15.273705 0.779528 0.779528 0.779528
5340 15.273705 15.273705 15.273705 0.779528 0.779528 0.779528
5350 15.273705 15.273705 15.273705 0.779528 0.779528 0.779528
5360 15.273705 15.273705 15.273705 0.779528 0.779528 0.779528
5370 15.273705 15.273705 15.273705 0.779528 0.779528 0.779528
5380 15.273705 15.273705 15.273705 0.779528 0.779528 0.779528
5390 15.273705 15.273705 15.273705 0.779528 0.779528 0.779528
5400 15.273705 15.273705 15.273705 0.779528 0.779528 0.779528
5410 15.273705 15.273705 15.273705 0.779528 0.779528 0.779528
5420 15.273705 15.273705 15.273705 0.779528 0.779528 0.779528
5430 15.273705 15.273705 15.273705 0.779528 0.779528 0.779528
5440 15.273705 15.273705 15.273705 0.779528 0.779528 0.779528
5450 15.273705 15.273705 15.273705 0.779528 0.779528 0.779528
5460 15.273705 15.273705 15.273705 0.779528 0.779528 0.779528
5470 15.273705 15.273705 15.273705 0.779528 0.779528 0.779528
5480 15.273705 15.273705 15.273705 0.779528 0.779528 0.779528
5490 15.273705 15.273705 15.273705 0.779528 0.779528 0.779528
5500 15.273705 15.273705 15.273705 0.779528 0.779528 0.779528
5510 15.273705 15.273705 15.273705 0.779528 0.779528 0.779528
5520 15.273705 15.273705 15.273705 0.779528 0.779528 0.779528
5530 15.273705 15.273705 15.273705 0.779528 0.779528 0.779528
5540 15.273705 15.273705 15.273705 0.779528 0.779528 0.779528
5550 15.273705 15.273705 15.273705 0.779528 0.779528 0.779528
5560 15.273705 15.273705 15.273705 0.779528 0.779528 0.779528
5570 15.273705 15.273705 15.273705 0.779528 0.779528 0.779528
5580 15.273705 15.273705 15.273705 0.779528 0.779528 0.779528
5590 15.273705 15.273705 15.273705 0.779528 0.779528 0.779528
5600 15.273705 15.273705 15.273705 0.779528 0.779528 0.779528
5610 15.273705 15.273705 15.273705 0.779528 0.779528 0.779528
5620 15.273705 15.273705 15.273705 0.779528 0.779528 0.779528
5630 15.273705 15.273705 15.273705 0.779528 0.779528 0.779528
5640 15.273705 15.273705 15.273705 0.779528 0.779528 0.779528
5650 15.273705 15.273705 15.273705 0.779528 0.779528 0.779528
5660 15.273705 15.273705 15.273705 0.779528 0.779528 0.779528
5670 15.273705 15.273705 15.273705 0.779528 0.779528 0.779528
5680 15.273705 15.273705 15.273705 0.779528 0.779528 0.779528
5690 15.273705 15.273705 15.273705 0.779528 0.779528 0.779528
5700 15.273705 15.273705 15.273705 0.779528 0.779528 0.779528
5710 15.273705 15.273705 15.273705 0.779528 0.779528 0.779528
5720 15.273705 15.273705 15.273705 0.779528 0.779528 0.779528
5730 15.273705 15.273705 15.273705 0.779528 0.779528 0.779528
5740 15.273705 15.273705 15.273705 0.779528 0.779528 0.779528
5750 15.273705 15.273705 15.273705 0.779528 0.779528 0.779528
5760 15.273705 15.273705 15.273705 0.779528 0.779528 0.779528
5770 15.273705 15.273705 15.273705 0.779528 0.779528 0.779528
5780 15.273705 15.273705 15.273705 0.779528 0.779528 0.779528
5790 15.273705 15.273705 15.273705 0.779528 0.779528 0.779528
5800 15.273705 15.273705 15.273705 0.779528 0.779528 0.779528
5810 15.273705 15.273705 15.273705 0.779528 0.779528 0.779528
5820 15.273705 15.273705 15.273705 0.779528 0.779528 0.779528
5830 15.273705 15.273705 15.273705 0.779528 0.779528 0.779528
5840 15.273705 15.273705 15.273705 0.779528 0.779528 0.779528
5850 15.273705 15.273705 15.273705 0.779528 0.779528 0.779528
5860 15.273705 15.273705 15.273705 0.779528 0.779528 0.779528
5870 15.273705 15.273705 15.273705 0.779528 0.779528 0.779528
5880 15.273705 15.273705 15.273705 0.779528 0.779528 0.779528
5890 15.273705 15.273705 15.273705 0.779528 0.779528 0.779528
5900 15.273705 15.273705 15.273705 0.779528 0.779528 0.779528
5910 15.273705 15.273705 15.273705 0.779528 0.779528 0.779528
5920 15.273705 15.273705 15.273705 0.779528 0.779528 0.779528
5930 15.273705 15.273705 15.273705 0.779528 0.779528 0.779528
5940 15.273705 15.273705 15.273705 0.779528 0.779528 0.779528
5950 15.273705 15.273705 15.273705 0.779528 0.779528 0.779528
5960 15.273705 15.273705 15.273705 0.779528 0.779528 0.779528
5970 15.273705 15.273705 15.273705 0.779528 0.779528 0.779528
5980 15.273705 15.273705 15.273705 0.779528 0.779528 0.779528
5990 15.273705 15.273705 15.273705 0.779528 0.779528 0.779528
6000 15.273705 15.273705 15.273705 0.779528 0.779528 0.779528
6010 15.273705 15.273705 15.273705 0.779528 0.779528 0.779528
6020 15.273705 15.273705 15.273705 0.779528 0.779528 0.779528
6030 15.273705 15.273705 15.273705 0.779528 0.779528 0.779528
6040 15.273705 15.273705 15.273705 0.779528 0.779528 0.779528
6050 15.273705 15.273705 15.273705 0.779528 0.779528 0.779528
6060 15.273705 15.273705 15.273705 0.779528 0.779528 0.779528
6070 15.273705 15.273705 15.273705 0.779528 0.779528 0.779528
6080 15.273705 15.273705 15.273705 0.779528 0.779528 0.779528
6090 15.273705 15.273705 15.273705 0.779528 0.779528 0.779528
6100 15.273705 15.273705 15.273705 0.779528 0.779528 0.779528
6110 15.273705 15.273705 15.273705 0.779528 0.779528 0.779528
6120 15.273705 15.273705 15.273705 0.779528 0.779528 0.779528
6130 15.273705 15.273705 15.273705 0.779528 0.779528 0.779528
6140 15.273705 15.273705 15.273705 0.779528 0.779528 0.779528
6150 15.273705 15.273705 15.273705 0.779528 0.779528 0.779528
6160 15.273705 15.273705 15.273705 0.779528 0.779528 0.779528
6170 15.273705 15.273705 15.273705 0.779528 0.779528 0.779528
6180 15.273705 15.273705 15.273705 0.779528 0.779528 0.779528
6190 15.273705 15.273705 15.273705 0.779528 0.779528 0.779528
6200 15.273705 15.273705 15.273705 0.779528 0.779528 0.779528
6210 15.273705 15.273705 15.273705 0.779528 0.779528 0.779528
6220 15.273705 15.273705 15.273705 0.779528 0.779528 0.779528
6230 15.273705 15.273705 15.273705 0.779528 0.779528 0.779528
6240 15.273705 15.273705 15.273705 0.779528 0.779528 0.779528
6250 15.273705 15.273705 15.273705 0.779528 0.779528 0.779528
6260 15.273705 15.273705 15.273705 0.779528 0.779528 0.779528
6270 15.273705 15.273705 15.273705 0.779528 0.779528 0.779528
6280 15.273705 15.273705 15.273705 0.779528 0.779528 0.779528
6290 15.273705 15.273705 15.273705 0.779528 0.779528 0.779528
6300 15.273705 15.273705 15.273705 0.779528 0.779528 0.779528
6310 15.273705 15.273705 15.273705 0.779528 0.779528 0.779528
6320 15.273705 15.273705 15.273705 0.779528 0.779528 0.779528
6330 15.273705 15.273705 15.273705 0.779528 0.779528 0.779528
6340 15.273705 15.273705 15.273705 0.779528 0.779528 0.779528
6350 15.273705 15.273705 15.273705 0.779528 0.779528 0.779528
6360 15.273705 15.273705 15.273705 0.779528 0.779528 0.779528
6370 15.273705 15.273705 15.273705 0.779528 0.779528 0.779528
6380 15.273705 15.273705 15.273705 0.779528 0.779528 0.779528
6390 15.273705 15.273705 15.273705 0.779528 0.779528 0.779528
6400 15.273705 15.273705 15.273705 0.779528 0.779528 0.779528
6410 15.273705 15.273705 15.273705 0.779528 0.779528 0.779528
6420 15.273705 15.273705 15.273705 0.779528 0.779528 0.779528
6430 15.273705 15.273705 15.273705 0.779528 0.779528 0.779528
6440 15.273705 15.273705 15.273705 0.779528 0.779528 0.779528
6450 15.273705 15.273705 15.273705 0.779528 0.779528 0.779528
6460 15.273705 15.273705 15.273705 0.779528 0.779528 0.779528
6470 15.273705 15.273705 15.273705 0.779528 0.779528 0.779528
6480 15.273705 15.273705 15.273705 0.779528 0.779528 0.779528
6490 15.273705 15.273705 15.273705 0.779528 0.779528 0.779528
6500 15.273705 15.273705 15.273705 0.779528 0.779528 0.779528
6510 15.273705 15.273705 15.273705 0.779528 0.779528 0.779528
6520 15.273705 15.273705 15.273705 0.779528 0.779528 0.779528
6530 15.273705 15.273705 15.273705 0.779528 0.779528 0.779528
6540 15.273705 15.273705 15.273705 0.779528 0.779528 0.779528
6550 15.273705 15.273705 15.273705 0.779528 0.779528 0.779528
6560 15.273705 15.273705 15.273705 0.779528 0.779528 0.779528
6570 15.273705 15.273705 15.273705 0.779528 0.779528 0.779528
6580 15.273705 15.273705 15.273705 0.779528 0.779528 0.779528
6590 15.273705 15.273705 15.273705 0.779528 0.779528 0.779528
6600 15.273705 15.273705 15.273705 0.779528 0.779528 0.779528
6610 15.273705 15.273705 15.273705 0.779528 0.779528 0.779528
6620 15.273705 15.273705 15.273705 0.779528 0.779528 0.779528
6630 15.273705 15.273705 15.273705 0.779528 0.779528 0.779528
6640 15.273705 15.273705 15.273705 0.779528 0.779528 0.779528
6650 15.273705 15.273705 15.273705 0.779528 0.779528 0.779528
6660 15.273705 15.273705 15.273705 0.779528 0.779528 0.779528
6670 15.273705 15.273705 15.273705 0.779528 0.779528 0.779528
6680 15.273705 15.273705 15.273705 0.779528 0.779528 0.779528
6690 15.273705 15.273705 15.273705 0.779528 0.779528 0.779528
6700 15.273705 15.273705 15.273705 0.779528 0.779528 0.779528
6710 15.273705 15.273705 15.273705 0.779528 0.779528 0.779528
6720 15.273705 15.273705 15.273705 0.779528 0.779528 0.779528
6730 15.273705 15.273705 15.273705 0.779528 0.779528 0.779528
6740 15.273705 15.273705 15.273705 0.779528 0.779528 0.779528
6750 15.273705 15.273705 15.273705 0.779528 0.779528 0.779528
6760 15.273705 15.273705 15.273705 0.779528 0.779528 0.779528
6770 15.273705 15.273705 15.273705 0.779528 0.779528 0.779528
6780 15.273705 15.273705 15.273705 0.779528 0.779528 0.779528
6790 15.273705 15.273705 15.273705 0.779528 0.779528 0.779528
6800 15.273705 15.273705 15.273705 0.779528 0.779528 0.779528
6810 15.273705 15.273705 15.273705 0.779528 0.779528 0.779528
6820 15.273705 15.273705 15.273705 0.779528 0.779528 0.779528
6830 15.273705 15.273705 15.273705 0.779528 0.779528 0.779528
6840 15.273705 15.273705 15.273705 0.779528 0.779528 0.779528
6850 15.273705 15.273705 15.273705 0.779528 0.779528 0.779528
6860 15.273705 15.273705 15.273705 0.779528 0.779528 0.779528
6870 15.273705 15.273705 15.273705 0.779528 0.779528 0.779528
6880 15.273705 15.273705 15.273705 0.779528 0.779528 0.779528
6890 15.273705 15.273705 15.273705 0.779528 0.779528 0.779528
6900 15.273705 15.273705 15.273705 0.779528 0.779528 0.779528
6910 15.273705 15.273705 15.273705 0.779528 0.779528 0.779528
6920 15.273705 15.273705 15.273705 0.779528 0.779528 0.779528
6930 15.273705 15.273705 15.273705 0.779528 0.779528 0.779528
6940 15.273705 15.273705 15.273705 0.779528 0.779528 0.779528
6950 15.273705 15.273705 15.273705 0.779528 0.779528 0.779528
6960 15.273705 15.273705 15.273705 0.779528 0.779528 0.779528
6970 15.273705 15.273705 15.273705 0.779528 0.779528 0.779528
6980 15.273705 15.273705 15.273705 0.779528 0.779528 0.779528
6990 15.273705 15.273705 15.273705 0.779528 0.779528 0.779528
7000 15.273705 15.273705 15.273705 0.779528 0.779528 0.779528
7010 15.273705 15.273705 15.273705 0.779528 0.779528 0.779528
7020 15.273705 15.273705 15.273705 0.779528 0.779528 0.779528
7030 15.273705 15.273705 15.273705 0.779528 0.779528 0.779528
7040 15.273705 15.273705 15.273705 0.779528 0.779528 0.779528
7050 15.273705 15.273705 15.273705 0.779528 0.779528 0.779528
7060 15.273705 15.273705 15.273705 0.779528 0.779528 0.779528
7070 15.273705 15.273705 15.273705 0.779528 0.779528 0.779528
7080 15.273705 15.273705 15.273705 0.779528 0.779528 0.779528
7090 15.273705 15.273705 15.273705 0.779528 0.779528 0.779528
7100 15.273705 15.273705 15.273705 0.779528 0.779528 0.779528
7110 15.273705 15.273705 15.273705 0.779528 0.779528 0.779528
7120 15.273705 15.273705 15.273705 0.779528 0.779528 0.779528
7130 15.273705 15.273705 15.273705 0.779528 0.779528 0.779528
7140 15.273705 15.273705 15.273705 0.779528 0.779528 0.779528
7150 15.273705 15.273705 15.273705 0.779528 0.779528 0.779528
7160 15.273705 15.273705 15.273705 0.779528 0.779528 0.779528
7170 15.273705 15.273705 15.273705 0.779528 0.779528 0.779528
7180 15.273705 15.273705 15.273705 0.779528 0.779528 0.779528
7190 15.273705 15.273705 15.273705 0.779528 0.779528 0.779528
7200 15.273705 15.273705 15.273705 0.779528 0.779528 0.779528
7210 15.273705 15.273705 15.273705 0.779528 0.779528 0.779528
7220 15.273705 15.273705 15.273705 0.779528 0.779528 0.779528
7230 15.273705 15.273705 15.273705 0.779528 0.779528 0.779528
7240 15.273705 15.273705 15.273705 0.779528 0.779528 0.779528
7250 15.273705 15.273705 15.273705 0.779528 0.779528 0.779528
7260 15.273705 15.273705 15.273705 0.779528 0.779528 0.779528
7270 15.273705 15.273705 15.273705 0.779528 0.779528 0.779528
7280 15.273705 15.273705 15.273705 0.779528 0.779528 0.779528
7290 15.273705 15.273705 15.273705 0.779528 0.779528 0.779528
7300 15.273705 15.273705 15.273705 0.779528 0.779528 0.779528
7310 15.273705 15.273705 15.273705 0.779528 0.779528 0.779528
7320 15.273705 15.273705 15.273705 0.779528 0.779528 0.779528
7330 15.273705 15.273705 15.273705 0.779528 0.779528 0.779528
7340 15.273705 15.273705 15.273705 0.779528 0.779528 0.779528
7350 15.273705 15.273705 15.273705 0.779528 0.779528 0.779528
7360 15.273705 15.273705 15.273705 0.779528 0.779528 0.779528
7370 15.273705 15.273705 15.273705 0.779528 0.779528 0.779528
7380 15.273705 15.273705 15.273705 0.779528 0.779528 0.779528
7390 15.273705 15.273705 15.273705 0.779528 0.779528 0.779528
7400 15.273705 15.273705 15.273705 0.779528 0.779528 0.779528
7410 15.273705 15.273705 15.273705 0.779528 0.779528 0.779528
7420 15.273705 15.273705 15.273705 0.779528 0.779528 0.779528
7430 15.273705 15.273705 15.273705 0.779528 0.779528 0.779528
7440 15.273705 15.273705 15.273705 0.779528 0.779528 0.779528
7450 15.273705 15.273705 15.273705 0.779528 0.779528 0.779528
7460 15.273705 15.273705 15.273705 0.779528 0.779528 0.779528
7470 15.273705 15.273705 15.273705 0.779528 0.779528 0.779528
7480 15.273705 15.273705 15.273705 0.779528 0.779528 0.779528
7490 15.273705 15.273705 15.273705 0.779528 0.779528 0.779528
7500 15.273705 15.273705 15.273705 0.779528 0.779528 0.779528
7510 15.273705 15.273705 15.273705 0.779528 0.779528 0.779528
7520 15.273705 15.273705 15.273705 0.779528 0.779528 0.779528
7530 15.273705 15.273705 15.273705 0.779528 0.779528 0.779528
7540 15.273705 15.273705 15.273705 0.779528 0.779528 0.779528
7550 15.273705 15.273705 15.273705 0.779528 0.779528 0.779528
7560 15.273705 15.273705 15.273705 0.779528 0.779528 0.779528
7570 15.273705 15.273705 15.273705 0.779528 0.779528 0.779528
7580 15.273705 15.273705 15.273705 0.779528 0.779528 0.779528
7590 15.273705 15.273705 15.273705 0.779528 0.779528 0.779528
7600 15.273705 15.273705 15.273705 0.779528 0.779528 0.779528
7610 15.273705 15.273705 15.273705 0.779528 0.779528 0.779528
7620 15.273705 15.273705 15.273705 0.779528 0.779528 0.779528
7630 15.273705 15.273705 15.273705 0.779528 0.779528 0.779528
7640 15.273705 15.273705 15.273705 0.779528 0.779528 0.779528
7650 15.273705 15.273705 15.273705 0.779528 0.779528 0.779528
7660 15.273705 15.273705 15.273705 0.779528 0.779528 0.779528
7670 15.273705 15.273705 15.273705 0.779528 0.779528 0.779528
7680 15.273705 15.273705 15.273705 0.779528 0.779528 0.779528
7690 15.273705 15.273705 15.273705 0.779528 0.779528 0.779528
7700 15.273705 15.273705 15.273705 0.779528 0.779528 0.779528
7710 15.273705 15.273705 15.273705 0.779528 0.779528 0.779528
7720 15.273705 15.273705 15.273705 0.779528 0.779528 0.779528
7730 15.273705 15.273705 15.273705 0.779528 0.779528 0.779528
7740 15.273705 15.273705 15.273705 0.779528 0.779528 0.779528
7750 15.273705 15.273705 15.273705 0.779528 0.779528 0.779528
7760 15.273705 15.273705 15.273705 0.779528 0.779528 0.779528
7770 15.273705 15.273705 15.273705 0.779528 0.779528 0.779528
7780 15.273705 15.273705 15.273705 0.779528 0.779528 0.779528
7790 15.273705 15.273705 15.273705 0.779528 0.779528 0.779528
7800 15.273705 15.273705 15.273705 0.779528 0.779528 0.779528
7810 15.273705 15.273705 15.273705 0.779528 0.779528 0.779528
7820 15.273705 15.273705 15.273705 0.779528 0.779528 0.779528
7830 15.273705 15.273705 15.273705 0.779528 0.779528 0.779528
7840 15.273705 15.273705 15.273705 0.779528 0.779528 0.779528
7850 15.273705 15.273705 15.273705 0.779528 0.779528 0.779528
7860 15.273705 15.273705 15.273705 0.779528 0.779528 0.779528
7870 15.273705 15.273705 15.273705 0.779528 0.779528 0.779528
7880 15.273705 15.273705 15.273705 0.779528 0.779528 0.779528
7890 15.273705 15.273705 15.273705 0.779528 0.779528 0.779528
7900 15.273705 15.273705 15.273705 0.779528 0.779528 0.779528
7910 15.273705 15.273705 15.273705 0.779528 0.779528 0.779528
7920 15.273705 15.273705 15.273705 0.779528 0.779528 0.779528
7930 15.273705 15.273705 15.273705 0.779528 0.779528 0.779528
7940 15.273705 15.273705 15.273705 0.779528 0.779528 0.779528
7950 15.273705 15.273705 15.273705 0.779528 0.779528 0.779528
7960 15.273705 15.273705 15.273705 0.779528 0.779528 0.779528
7970 15.273705 15.273705 15.273705 0.779528 0.779528 0.779528
7980 15.273705 15.273705 15.273705 0.779528 0.779528 0.779528
7990 15.273705 15.273705 15.273705 0.779528 0.779528 0.779528
8000 15.273705 15.273705 15.273705 0.779528 0.779528 0.779528
8010 15.273705 15.273705 15.273705 0.779528 0.779528 0.779528
8020 15.273705 15.273705 15.273705 0.779528 0.779528 0.779528
8030 15.273705 15.273705 15.273705 0.779528 0.779528 0.779528
8040 15.273705 15.273705 15.273705 0.779528 0.779528 0.779528
8050 15.273705 15.273705 15.273705 0.779528 0.779528 0.779528
8060 15.273705 15.273705 15.273705 0.779528 0.779528 0.779528
8070 15.273705 15.273705 15.273705 0.779528 0.779528 0.779528
8080 15.273705 15.273705 15.273705 0.779528 0.779528 0.779528
8090 15.273705 15.273705 15.273705 0.779528 0.779528 0.779528
8100 15.273705 15.273705 15.273705 0.779528 0.779528 0.779528
8110 15.273705 15.273705 15.273705 0.779528 0.779528 0.779528
8120 15.273705 15.273705 15.273705 0.779528 0.779528 0.779528
8130 15.273705 15.273705 15.273705 0.779528 0.779528 0.779528
8140 15.273705 15.273705 15.273705 0.779528 0.779528 0.779528
8150 15.273705 15.273705 15.273705 0.779528 0.779528 0.779528
8160 15.273705 15.273705 15.273705 0.779528 0.779528 0.779528
8170 15.273705 15.273705 15.273705 0.779528 0.779528 0.779528
8180 15.273705 15.273705 15.273705 0.779528 0.779528 0.779528
8190 15.273705 15.273705 15.273705 0.779528 0.779528 0.779528
8200 15.273705 15.273705 15.273705 0.779528 0.779528 0.779528
8210 15.273705 15.273705 15.273705 0.779528 0.779528 0.779528
8220 15.273705 15.273705 15.273705 0.779528 0.779528 0.779528
8230 15.273705 15.273705 15.273705 0.779528 0.779528 0.779528
8240 15.273705 15.273705 15.273705 0.779528 0.779528 0.779528
8250 15.273705 15.273705 15.273705 0.779528 0.779528 0.779528
8260 15.273705 15.273705 15.273705 0.779528 0.779528 0.779528
8270 15.273705 15.273705 15.273705 0.779528 0.779528 0.779528
8280 15.273705 15.273705 15.273705 0.779528 0.779528 0.779528
8290 15.273705 15.273705 15.273705 0.779528 0.779528 0.779528
8300 15.273705 15.273705 15.273705 0.779528 0.779528 0.779528
8310 15.273705 15.273705 15.273705 0.779528 0.779528 0.779528
8320 15.273705 15.273705 15.273705 0.779528 0.779528 0.779528
8330 15.273705 15.273705 15.273705 0.779528 0.779528 0.779528
8340 15.273705 15.273705 15.273705 0.779528 0.779528 0.779528
8350 15.273705 15.273705 15.273705 0.779528 0.779528 0.779528
8360 15.273705 15.273705 15.273705 0.779528 0.779528 0.779528
8370 15.273705 15.273705 15.273705 0.779528 0.779528 0.779528
8380 15.273705 15.273705 15.273705 0.779528 0.779528 0.779528
8390 15.273705 15.273705 15.273705 0.779528 0.779528 0.779528
8400 15.273705 15.273705 15.273705 0.779528 0.779528 0.779528
8410 15.273705 15.273705 15.273705 0.779528 0.779528 0.779528
8420 15.273705 15.273705 15.273705 0.779528 0.779528 0.779528
8430 15.273705 15.273705 15.273705 0.779528 0.779528 0.779528
8440 15.273705 15.273705 15.273705 0.779528 0.779528 0.779528
8450 15.273705 15.273705 15.273705 0.779528 0.779528 0.779528
8460 15.273705 15.273705 15.273705 0.779528 0.779528 0.779528
8470 15.273705 15.273705 15.273705 0.779528 0.779528 0.779528
8480 15.273705 15.273705 15.273705 0.779528 0.779528 0.779528
8490 15.273705 15.273705 15.273705 0.779528 0.779528 0.779528
8500 15.273705 15.273705 15.273705 0.779528 0.779528 0.779528
8510 15.273705 15.273705 15.273705 0.779528 0.779528 0.779528
8520 15.273705 15.273705 15.273705 0.779528 0.779528 0.779528
8530 15.273705 15.273705 15.273705 0.779528 0.779528 0.779528
8540 15.273705 15.273705 15.273705 0.779528 0.779528 0.779528
8550 15.273705 15.273705 15.273705 0.779528 0.779528 0.779528
8560 15.273705 15.273705 15.273705 0.779528 0.779528 0.779528
8570 15.273705 15.273705 15.273705 0.779528 0.779528 0.779528
8580 15.273705 15.273705 15.273705 0.779528 0.779528 0.779528
8590 15.273705 15.273705 15.273705 0.779528 0.779528 0.779528
8600 15.273705 15.273705 15.273705 0.779528 0.779528 0.779528
8610 15.273705 15.273705 15.273705 0.779528 0.779528 0.779528
8620 15.273705 15.273705 15.273705 0.779528 0.779528 0.779528
8630 15.273705 15.273705 15.273705 0.779528 0.779528 0.779528
8640 15.273705 15.273705 15.273705 0.779528 0.779528 0.779528
8650 15.273705 15.273705 15.273705 0.779528 0.779528 0.779528
8660 15.273705 15.273705 15.273705 0.779528 0.779528 0.779528
8670 15.273705 15.273705 15.273705 0.779528 0.779528 0.779528
8680 15.273705 15.273705 15.273705 0.779528 0.779528 0.779528
8690 15.273705 15.273705 15.273705 0.779528 0.779528 0.779528
8700 15.273705 15.273705 15.273705 0.779528 0.779528 0.779528
8710 15.273705 15.273705 15.273705 0.779528 0.779528 0.779528
8720 15.273705 15.273705 15.273705 0.779528 0.779528 0.779528
8730 15.273705 15.273705 15.273705 0.779528 0.779528 0.779528
8740 15.273705 15.273705 15.273705 0.779528 0.779528 0.779528
8750 15.273705 15.273705 15.273705 0.779528 0.779528 0.779528
8760 15.273705 15.273705 15.273705 0.779528 0.779528 0.779528
8770 15.273705 15.273705 15.273705 0.779528 0.779528 0.779528
8780 15.273705 15.273705 15.273705 0.779528 0.779528 0.779528
8790 15.273705 15.273705 15.273705 0.779528 0.779528 0.779528
8800 15.273705 15.273705 15.273705 0.779528 0.779528 0.779528
8810 15.273705 15.273705 15.273705 0.779528 0.779528 0.779528
8820 15.273705 15.273705 15.273705 0.779528 0.779528 0.779528
8830 15.273705 15.273705 15.273705 0.779528 0.779528 0.779528
8840 15.273705 15.273705 15.273705 0.779528 0.779528 0.779528
8850 15.273705 15.273705 15.273705 0.779528 0.779528 0.779528
8860 15.273705 15.273705 15.273705 0.779528 0.779528 0.779528
8870 15.273705 15.273705 15.273705 0.779528 0.779528 0.779528
8880 15.273705 15.273705 15.273705 0.779528 0.779528 0.779528
8890 15.273705 15.273705 15.273705 0.779528 0.779528 0.779528
8900 15.273705 15.273705 15.273705 0.779528 0.779528 0.779528
8910 15.273705 15.273705 15.273705 0.779528 0.779528 0.779528
8920 15.273705 15.273705 15.273705 0.779528 0.779528 0.779528
8930 15.273705 15.273705 15.273705 0.779528 0.779528 0.779528
8940 15.273705 15.273705 15.273705 0.779528 0.779528 0.779528
8950 15.273705 15.273705 15.273705 0.779528 0.779528 0.779528
8960 15.273705 15.273705 15.273705 0.779528 0.779528 0.779528
8970 15.273705 15.273705 15.273705 0.779528 0.779528 0.779528
8980 15.273705 15.273705 15.273705 0.779528 0.779528 0.779528
8990 15.273705 15.273705 15.273705 0.779528 0.779528 0.779528
9000 15.273705 15.273705 15.273705 0.779528 0.779528 0.779528
9010 15.273705 15.273705 15.273705 0.779528 0.779528 0.779528
9020 15.273705 15.273705 15.273705 0.779528 0.779528 0.779528
9030 15.273705 15.273705 15.273705 0.779528 0.779528 0.779528
9040 15.273705 15.273705 15.273705 0.779528 0.779528 0.779528
9050 15.273705 15.273705 15.273705 0.779528 0.779528 0.779528
9060 15.273705 15.273705 15.273705 0.779528 0.779528 0.779528
9070 15.273705 15.273705 15.273705 0.779528 0.779528 0.779528
9080 15.273705 15.273705 15.273705 0.779528 0.779528 0.779528
9090 15.273705 15.273705 15.273705 0.779528 0.779528 0.779528
9100 15.273705 15.273705 15.273705 0.779528 0.779528 0.779528
9110 15.273705 15.273705 15.273705 0.779528 0.779528 0.779528
9120 15.273705 15.273705 15.273705 0.779528 0.779528 0.779528
9130 15.273705 15.273705 15.273705 0.779528 0.779528 0.779528
9140 15.273705 15.273705 15.273705 0.779528 0.779528 0.779528
9150 15.273705 15.273705 15.273705 0.779528 0.779528 0.779528
9160 15.273705 15.273705 15.273705 0.779528 0.779528 0.779528
9170 15.273705 15.273705 15.273705 0.779528 0.779528 0.779528
9180 15.273705 15.273705 15.273705 0.779528 0.779528 0.779528
9190 15.273705 15.273705 15.273705 0.779528 0.779528 0.779528
9200 15.273705 15.273705 15.273705 0.779528 0.779528 0.779528
9210 15.273705 15.273705 15.273705 0.779528 0.779528 0.779528
9220 15.273705 15.273705 15.273705 0.779528 0.779528 0.779528
9230 15.273705 15.273705 15.273705 0.779528 0.779528 0.779528
9240 15.273705 15.273705 15.273705 0.779528 0.779528 0.779528
9250 15.273705 15.273705 15.273705 0.779528 0.779528 0.779528
9260 15.273705 15.273705 15.273705 0.779528 0.779528 0.779528
9270 15.273705 15.273705 15.273705 0.779528 0.779528 0.779528
9280 15.273705 15.273705 15.273705 0.779528 0.779528 0.779528
9290 15.273705 15.273705 15.273705 0.779528 0.779528 0.779528
9300 15.273705 15.273705 15.273705 0.779528 0.779528 0.779528
9310 15.273705 15.273705 15.273705 0.779528 0.779528 0.779528
9320 15.273705 15.273705 15.273705 0.779528 0.779528 0.779528
9330 15.273705 15.273705 15.273705 0.779528 0.779528 0.779528
9340 15.273705 15.273705 15.273705 0.779528 0.779528 0.779528
9350 15.273705 15.273705 15.273705 0.779528 0.779528 0.779528
9360 15.273705 15.273705 15.273705 0.779528 0.779528 0.779528
9370 15.273705 15.273705 15.273705 0.779528 0.779528 0.779528
9380 15.273705 15.273705 15.273705 0.779528 0.779528 0.779528
9390 15.273705 15.273705 15.273705 0.779528 0.779528 0.779528
9400 15.273705 15.273705 15.273705 0.779528 0.779528 0.779528
9410 15.273705 15.273705 15.273705 0.779528 0.779528 0.779528
9420 15.273705 15.273705 15.273705 0.779528 0.779528 0.779528
9430 15.273705 15.273705 15.273705 0.779528 0.779528 0.779528
9440 15.273705 15.273705 15.273705 0.779528 0.779528 0.779528
9450 15.273705 15.273705 15.273705 0.779528 0.779528 0.779528
9460 15.273705 15.273705 15.273705 0.779528 0.779528 0.779528
9470 15.273705 15.273705 15.273705 0.779528 0.779528 0.779528
9480 15.273705 15.273705 15.273705 0.779528 0.779528 0.779528
9490 15.273705 15.273705 15.273705 0.779528 0.779528 0.779528
9500 15.273705 15.273705 15.273705 0.779528 0.779528 0.779528
9510 15.273705 15.273705 15.273705 0.779528 0.779528 0.779528
9520 15.273705 15.273705 15.273705 0.779528 0.779528 0.779528
9530 15.273705 15.273705 15.273705 0.779528 0.779528 0.779528
9540 15.273705 15.273705 15.273705 0.779528 0.779528 0.779528
9550 15.273705 15.273705 15.273705 0.779528 0.779528 0.779528
9560 15.273705 15.273705 15.273705 0.779528 0.779528 0.779528
9570 15.273705 15.273705 15.273705 0.779528 0.779528 0.779528
9580 15.273705 15.273705 15.273705 0.779528 0.779528 0.779528
9590 15.273705 15.273705 15.273705 0.779528 0.779528 0.779528
9600 15.273705 15.273705 15.273705 0.779528 0.779528 0.779528
9610 15.273705 15.273705 15.273705 0.779528 0.779528 0.779528
9620 15.273705 15.273705 15.273705 0.779528 0.779528 0.779528
9630 15.273705 15.273705 15.273705 0.779528 0.779528 0.779528
9640 15.273705 15.273705 15.273705 0.779528 0.779528 0.779528
9650 15.273705 15.273705 15.273705 0.779528 0.779528 0.779528
9660 15.273705 15.273705 15.273705 0.779528 0.779528 0.779528
9670 15.273705 15.273705 15.273705 0.779528 0.779528 0.779528
9680 15.273705 15.273705 15.273705 0.779528 0.779528 0.779528
9690 15.273705 15.273705 15.273705 0.779528 0.779528 0.779528
9700 15.273705 15.273705 15.273705 0.779528 0.779528 0.779528
9710 15.273705 15.273705 15.273705 0.779528 0.779528 0.779528
9720 15.273705 15.273705 15.273705 0.779528 0.779528 0.779528
9730 15.273705 15.273705 15.273705 0.779528 0.779528 0.779528
9740 15.273705 15.273705 15.273705 0.779528 0.779528 0.779528
9750 15.273705 15.273705 15.273705 0.779528 0.779528 0.779528
9760 15.273705 15.273705 15.273705 0.779528 0.779528 0.779528
9770 15.273705 15.273705 15.273705 0.779528 0.779528 0.779528
9780 15.273705 15.273705 15.273705 0.779528 0.779528 0.779528
9790 15.273705 15.273705 15.273705 0.779528 0.779528 0.779528
9800 15.273705 15.273705 15.273705 0.779528 0.779528 0.779528
9810 15.273705 15.273705 15.273705 0.779528 0.779528 0.779528
9820 15.273705 15.273705 15.273705 0.779528 0.779528 0.779528
9830 15.273705 15.273705 15.273705 0.779528 0.779528 0.779528
9840 15.273705 15.273705 15.273705 0.779528 0.779528 0.779528
9850 15.273705 15.273705 15.273705 0.779528 0.779528 0.779528
9860 15.273705 15.273705 15.273705 0.779528 0.779528 0.779528
9870 15.273705 15.273705 15.273705 0.779528 0.779528 0.779528
9880 15.273705 15.273705 15.273705 0.779528 0.779528 0.779528
9890 15.273705 15.273705 15.273705 0.779528 0.779528 0.779528
9900 15.273705 15.273705 15.273705 0.779528 0.779528 0.779528
9910 15.273705 15.273705 15.273705 0.779528 0.779528 0.779528
9920 15.273705 15.273705 15.273705 0.779528 0.779528 0.779528
9930 15.273705 15.273705 15.273705 0.779528 0.779528 0.779528
9940 15.273705 15.273705 15.273705 0.779528 0.779528 0.779528
9950 15.273705 15.273705 15.273705 0.779528 0.779528 0.779528
9960 15.273705 15.273705 15.273705 0.779528 0.779528 0.779528
9970 15.273705 15.273705 15.273705 0.779528 0.779528 0.779528
9980 15.273705 15.273705 15.273705 0.779528 0.779528 0.779528
9990 15.273705 15.273705 15.273705 0.779528 0.779528 0.779528
10000 15.273705 15.273705 15.273705 0.779528 0.779528 0.779528
