# generation power_min power_avg power_max util_min util_avg util_max
1 17.292960 15.418013 17.292960 0.619522 0.901815 1.358823
100 12.727166 13.903760 14.780730 0.718805 0.885287 1.025291
200 12.167509 12.782361 13.303794 0.680148 0.913396 1.013802
300 11.470501 12.006807 12.365981 0.751662 0.912204 1.002009
400 11.678677 11.389830 11.678677 0.806852 0.931738 1.007381
500 10.593208 10.961320 11.159460 0.822625 0.962115 1.007381
600 10.805215 10.619439 10.805215 0.896514 0.969476 1.006554
700 10.520798 10.450433 10.520798 0.961418 0.989266 1.003056
800 10.405340 10.387484 10.405340 0.985230 0.996977 1.001285
900 10.379694 10.377905 10.379694 0.998764 0.999466 1.000232
1000 10.377778 10.377778 10.377778 0.999469 0.999654 1.000086
1100 10.374384 10.374384 10.374384 1.000086 1.000086 1.000086
1200 10.374384 10.374384 10.374384 1.000086 1.000086 1.000086
1300 10.374384 10.374384 10.374384 1.000086 1.000086 1.000086
1400 10.374384 10.374384 10.374384 1.000086 1.000086 1.000086
1500 10.374384 10.374384 10.374384 1.000086 1.000086 1.000086
1600 10.374384 10.374384 10.374384 1.000086 1.000086 1.000086
1700 10.374384 10.374384 10.374384 1.000086 1.000086 1.000086
1800 10.374384 10.374384 10.374384 1.000086 1.000086 1.000086
1900 10.374384 10.374384 10.374384 1.000086 1.000086 1.000086
2000 10.374384 10.374384 10.374384 1.000086 1.000086 1.000086
2100 10.374384 10.374384 10.374384 1.000086 1.000086 1.000086
2200 10.374384 10.374384 10.374384 1.000086 1.000086 1.000086
2300 10.374384 10.374384 10.374384 1.000086 1.000086 1.000086
2400 10.374384 10.374384 10.374384 1.000086 1.000086 1.000086
2500 10.374384 10.374384 10.374384 1.000086 1.000086 1.000086
2600 10.374384 10.374384 10.374384 1.000086 1.000086 1.000086
2700 10.374384 10.374384 10.374384 1.000086 1.000086 1.000086
2800 10.374384 10.374384 10.374384 1.000086 1.000086 1.000086
2900 10.374384 10.374384 10.374384 1.000086 1.000086 1.000086
3000 10.374384 10.374384 10.374384 1.000086 1.000086 1.000086
3100 10.374384 10.374384 10.374384 1.000086 1.000086 1.000086
3200 10.374384 10.374384 10.374384 1.000086 1.000086 1.000086
3300 10.374384 10.374384 10.374384 1.000086 1.000086 1.000086
3400 10.374384 10.374384 10.374384 1.000086 1.000086 1.000086
3500 10.374384 10.374384 10.374384 1.000086 1.000086 1.000086
3600 10.374384 10.374384 10.374384 1.000086 1.000086 1.000086
3700 10.374384 10.374384 10.374384 1.000086 1.000086 1.000086
3800 10.374384 10.374384 10.374384 1.000086 1.000086 1.000086
3900 10.374384 10.374384 10.374384 1.000086 1.000086 1.000086
4000 10.374384 10.374384 10.374384 1.000086 1.000086 1.000086
4100 10.374384 10.374384 10.374384 1.000086 1.000086 1.000086
4200 10.374384 10.374384 10.374384 1.000086 1.000086 1.000086
4300 10.374384 10.374384 10.374384 1.000086 1.000086 1.000086
4400 10.374384 10.374384 10.374384 1.000086 1.000086 1.000086
4500 10.374384 10.374384 10.374384 1.000086 1.000086 1.000086
4600 10.374384 10.374384 10.374384 1.000086 1.000086 1.000086
4700 10.374384 10.374384 10.374384 1.000086 1.000086 1.000086
4800 10.374384 10.374384 10.374384 1.000086 1.000086 1.000086
4900 10.374384 10.374384 10.374384 1.000086 1.000086 1.000086
5000 10.374384 10.374384 10.374384 1.000086 1.000086 1.000086
5100 10.374384 10.374384 10.374384 1.000086 1.000086 1.000086
5200 10.374384 10.374384 10.374384 1.000086 1.000086 1.000086
5300 10.374384 10.374384 10.374384 1.000086 1.000086 1.000086
5400 10.374384 10.374384 10.374384 1.000086 1.000086 1.000086
5500 10.374384 10.374384 10.374384 1.000086 1.000086 1.000086
5600 10.374384 10.374384 10.374384 1.000086 1.000086 1.000086
5700 10.374384 10.374384 10.374384 1.000086 1.000086 1.000086
5800 10.374384 10.374384 10.374384 1.000086 1.000086 1.000086
5900 10.374384 10.374384 10.374384 1.000086 1.000086 1.000086
6000 10.374384 10.374384 10.374384 1.000086 1.000086 1.000086
6100 10.374384 10.374384 10.374384 1.000086 1.000086 1.000086
6200 10.374384 10.374384 10.374384 1.000086 1.000086 1.000086
6300 10.374384 10.374384 10.374384 1.000086 1.000086 1.000086
6400 10.374384 10.374384 10.374384 1.000086 1.000086 1.000086
6500 10.374384 10.374384 10.374384 1.000086 1.000086 1.000086
6600 10.374384 10.374384 10.374384 1.000086 1.000086 1.000086
6700 10.374384 10.374384 10.374384 1.000086 1.000086 1.000086
6800 10.374384 10.374384 10.374384 1.000086 1.000086 1.000086
6900 10.374384 10.374384 10.374384 1.000086 1.000086 1.000086
7000 10.374384 10.374384 10.374384 1.000086 1.000086 1.000086
7100 10.374384 10.374384 10.374384 1.000086 1.000086 1.000086
7200 10.374384 10.374384 10.374384 1.000086 1.000086 1.000086
7300 10.374384 10.374384 10.374384 1.000086 1.000086 1.000086
7400 10.374384 10.374384 10.374384 1.000086 1.000086 1.000086
7500 10.374384 10.374384 10.374384 1.000086 1.000086 1.000086
7600 10.374384 10.374384 10.374384 1.000086 1.000086 1.000086
7700 10.374384 10.374384 10.374384 1.000086 1.000086 1.000086
7800 10.374384 10.374384 10.374384 1.000086 1.000086 1.000086
7900 10.374384 10.374384 10.374384 1.000086 1.000086 1.000086
8000 10.374384 10.374384 10.374384 1.000086 1.000086 1.000086
8100 10.374384 10.374384 10.374384 1.000086 1.000086 1.000086
8200 10.374384 10.374384 10.374384 1.000086 1.000086 1.000086
8300 10.374384 10.374384 10.374384 1.000086 1.000086 1.000086
8400 10.374384 10.374384 10.374384 1.000086 1.000086 1.000086
8500 10.374384 10.374384 10.374384 1.000086 1.000086 1.000086
8600 10.374384 10.374384 10.374384 1.000086 1.000086 1.000086
8700 10.374384 10.374384 10.374384 1.000086 1.000086 1.000086
8800 10.374384 10.374384 10.374384 1.000086 1.000086 1.000086
8900 10.374384 10.374384 10.374384 1.000086 1.000086 1.000086
9000 10.374384 10.374384 10.374384 1.000086 1.000086 1.000086
9100 10.374384 10.374384 10.374384 1.000086 1.000086 1.000086
9200 10.374384 10.374384 10.374384 1.000086 1.000086 1.000086
9300 10.374384 10.374384 10.374384 1.000086 1.000086 1.000086
9400 10.374384 10.374384 10.374384 1.000086 1.000086 1.000086
9500 10.374384 10.374384 10.374384 1.000086 1.000086 1.000086
9600 10.374384 10.374384 10.374384 1.000086 1.000086 1.000086
9700 10.374384 10.374384 10.374384 1.000086 1.000086 1.000086
9800 10.374384 10.374384 10.374384 1.000086 1.000086 1.000086
9900 10.374384 10.374384 10.374384 1.000086 1.000086 1.000086
10000 10.374384 10.374384 10.374384 1.000086 1.000086 1.000086
10100 10.374384 10.374384 10.374384 1.000086 1.000086 1.000086
10200 10.374384 10.374384 10.374384 1.000086 1.000086 1.000086
10300 10.374384 10.374384 10.374384 1.000086 1.000086 1.000086
10400 10.374384 10.374384 10.374384 1.000086 1.000086 1.000086
10500 10.374384 10.374384 10.374384 1.000086 1.000086 1.000086
10600 10.374384 10.374384 10.374384 1.000086 1.000086 1.000086
10700 10.374384 10.374384 10.374384 1.000086 1.000086 1.000086
10800 10.374384 10.374384 10.374384 1.000086 1.000086 1.000086
10900 10.374384 10.374384 10.374384 1.000086 1.000086 1.000086
11000 10.374384 10.374384 10.374384 1.000086 1.000086 1.000086
11100 10.374384 10.374384 10.374384 1.000086 1.000086 1.000086
11200 10.374384 10.374384 10.374384 1.000086 1.000086 1.000086
11300 10.374384 10.374384 10.374384 1.000086 1.000086 1.000086
11400 10.374384 10.374384 10.374384 1.000086 1.000086 1.000086
11500 10.374384 10.374384 10.374384 1.000086 1.000086 1.000086
11600 10.374384 10.374384 10.374384 1.000086 1.000086 1.000086
11700 10.374384 10.374384 10.374384 1.000086 1.000086 1.000086
11800 10.374384 10.374384 10.374384 1.000086 1.000086 1.000086
11900 10.374384 10.374384 10.374384 1.000086 1.000086 1.000086
12000 10.374384 10.374384 10.374384 1.000086 1.000086 1.000086
12100 10.374384 10.374384 10.374384 1.000086 1.000086 1.000086
12200 10.374384 10.374384 10.374384 1.000086 1.000086 1.000086
12300 10.374384 10.374384 10.374384 1.000086 1.000086 1.000086
12400 10.374384 10.374384 10.374384 1.000086 1.000086 1.000086
12500 10.374384 10.374384 10.374384 1.000086 1.000086 1.000086
12600 10.374384 10.374384 10.374384 1.000086 1.000086 1.000086
12700 10.374384 10.374384 10.374384 1.000086 1.000086 1.000086
12800 10.374384 10.374384 10.374384 1.000086 1.000086 1.000086
12900 10.374384 10.374384 10.374384 1.000086 1.000086 1.000086
13000 10.374384 10.374384 10.374384 1.000086 1.000086 1.000086
13100 10.374384 10.374384 10.374384 1.000086 1.000086 1.000086
13200 10.374384 10.374384 10.374384 1.000086 1.000086 1.000086
13300 10.374384 10.374384 10.374384 1.000086 1.000086 1.000086
13400 10.374384 10.374384 10.374384 1.000086 1.000086 1.000086
13500 10.374384 10.374384 10.374384 1.000086 1.000086 1.000086
13600 10.374384 10.374384 10.374384 1.000086 1.000086 1.000086
13700 10.374384 10.374384 10.374384 1.000086 1.000086 1.000086
13800 10.374384 10.374384 10.374384 1.000086 1.000086 1.000086
13900 10.374384 10.374384 10.374384 1.000086 1.000086 1.000086
14000 10.374384 10.374384 10.374384 1.000086 1.000086 1.000086
14100 10.374384 10.374384 10.374384 1.000086 1.000086 1.000086
14200 10.374384 10.374384 10.374384 1.000086 1.000086 1.000086
14300 10.374384 10.374384 10.374384 1.000086 1.000086 1.000086
14400 10.374384 10.374384 10.374384 1.000086 1.000086 1.000086
14500 10.374384 10.374384 10.374384 1.000086 1.000086 1.000086
14600 10.374384 10.374384 10.374384 1.000086 1.000086 1.000086
14700 10.374384 10.374384 10.374384 1.000086 1.000086 1.000086
14800 10.374384 10.374384 10.374384 1.000086 1.000086 1.000086
14900 10.374384 10.374384 10.374384 1.000086 1.000086 1.000086
15000 10.374384 10.374384 10.374384 1.000086 1.000086 1.000086
15100 10.374384 10.374384 10.374384 1.000086 1.000086 1.000086
15200 10.374384 10.374384 10.374384 1.000086 1.000086 1.000086
15300 10.374384 10.374384 10.374384 1.000086 1.000086 1.000086
15400 10.374384 10.374384 10.374384 1.000086 1.000086 1.000086
15500 10.374384 10.374384 10.374384 1.000086 1.000086 1.000086
15600 10.374384 10.374384 10.374384 1.000086 1.000086 1.000086
15700 10.374384 10.374384 10.374384 1.000086 1.000086 1.000086
15800 10.374384 10.374384 10.374384 1.000086 1.000086 1.000086
15900 10.374384 10.374384 10.374384 1.000086 1.000086 1.000086
16000 10.374384 10.374384 10.374384 1.000086 1.000086 1.000086
16100 10.374384 10.374384 10.374384 1.000086 1.000086 1.000086
16200 10.374384 10.374384 10.374384 1.000086 1.000086 1.000086
16300 10.374384 10.374384 10.374384 1.000086 1.000086 1.000086
16400 10.374384 10.374384 10.374384 1.000086 1.000086 1.000086
16500 10.374384 10.374384 10.374384 1.000086 1.000086 1.000086
16600 10.374384 10.374384 10.374384 1.000086 1.000086 1.000086
16700 10.374384 10.374384 10.374384 1.000086 1.000086 1.000086
16800 10.374384 10.374384 10.374384 1.000086 1.000086 1.000086
16900 10.374384 10.374384 10.374384 1.000086 1.000086 1.000086
17000 10.374384 10.374384 10.374384 1.000086 1.000086 1.000086
17100 10.374384 10.374384 10.374384 1.000086 1.000086 1.000086
17200 10.374384 10.374384 10.374384 1.000086 1.000086 1.000086
17300 10.374384 10.374384 10.374384 1.000086 1.000086 1.000086
17400 10.374384 10.374384 10.374384 1.000086 1.000086 1.000086
17500 10.374384 10.374384 10.374384 1.000086 1.000086 1.000086
17600 10.374384 10.374384 10.374384 1.000086 1.000086 1.000086
17700 10.374384 10.374384 10.374384 1.000086 1.000086 1.000086
17800 10.374384 10.374384 10.374384 1.000086 1.000086 1.000086
17900 10.374384 10.374384 10.374384 1.000086 1.000086 1.000086
18000 10.374384 10.374384 10.374384 1.000086 1.000086 1.000086
18100 10.374384 10.374384 10.374384 1.000086 1.000086 1.000086
18200 10.374384 10.374384 10.374384 1.000086 1.000086 1.000086
18300 10.374384 10.374384 10.374384 1.000086 1.000086 1.000086
18400 10.374384 10.374384 10.374384 1.000086 1.000086 1.000086
18500 10.374384 10.374384 10.374384 1.000086 1.000086 1.000086
18600 10.374384 10.374384 10.374384 1.000086 1.000086 1.000086
18700 10.374384 10.374384 10.374384 1.000086 1.000086 1.000086
18800 10.374384 10.374384 10.374384 1.000086 1.000086 1.000086
18900 10.374384 10.374384 10.374384 1.000086 1.000086 1.000086
19000 10.374384 10.374384 10.374384 1.000086 1.000086 1.000086
19100 10.374384 10.374384 10.374384 1.000086 1.000086 1.000086
19200 10.374384 10.374384 10.374384 1.000086 1.000086 1.000086
19300 10.374384 10.374384 10.374384 1.000086 1.000086 1.000086
19400 10.374384 10.374384 10.374384 1.000086 1.000086 1.000086
19500 10.374384 10.374384 10.374384 1.000086 1.000086 1.000086
19600 10.374384 10.374384 10.374384 1.000086 1.000086 1.000086
19700 10.374384 10.374384 10.374384 1.000086 1.000086 1.000086
19800 10.374384 10.374384 10.374384 1.000086 1.000086 1.000086
19900 10.374384 10.374384 10.374384 1.000086 1.000086 1.000086
20000 10.374384 10.374384 10.374384 1.000086 1.000086 1.000086
20100 10.374384 10.374384 10.374384 1.000086 1.000086 1.000086
20200 10.374384 10.374384 10.374384 1.000086 1.000086 1.000086
20300 10.374384 10.374384 10.374384 1.000086 1.000086 1.000086
20400 10.374384 10.374384 10.374384 1.000086 1.000086 1.000086
20500 10.374384 10.374384 10.374384 1.000086 1.000086 1.000086
20600 10.374384 10.374384 10.374384 1.000086 1.000086 1.000086
20700 10.374384 10.374384 10.374384 1.000086 1.000086 1.000086
20800 10.374384 10.374384 10.374384 1.000086 1.000086 1.000086
20900 10.374384 10.374384 10.374384 1.000086 1.000086 1.000086
21000 10.374384 10.374384 10.374384 1.000086 1.000086 1.000086
21100 10.374384 10.374384 10.374384 1.000086 1.000086 1.000086
21200 10.374384 10.374384 10.374384 1.000086 1.000086 1.000086
21300 10.374384 10.374384 10.374384 1.000086 1.000086 1.000086
21400 10.374384 10.374384 10.374384 1.000086 1.000086 1.000086
21500 10.374384 10.374384 10.374384 1.000086 1.000086 1.000086
21600 10.374384 10.374384 10.374384 1.000086 1.000086 1.000086
21700 10.374384 10.374384 10.374384 1.000086 1.000086 1.000086
21800 10.374384 10.374384 10.374384 1.000086 1.000086 1.000086
21900 10.374384 10.374384 10.374384 1.000086 1.000086 1.000086
22000 10.374384 10.374384 10.374384 1.000086 1.000086 1.000086
22100 10.374384 10.374384 10.374384 1.000086 1.000086 1.000086
22200 10.374384 10.374384 10.374384 1.000086 1.000086 1.000086
22300 10.374384 10.374384 10.374384 1.000086 1.000086 1.000086
22400 10.374384 10.374384 10.374384 1.000086 1.000086 1.000086
22500 10.374384 10.374384 10.374384 1.000086 1.000086 1.000086
22600 10.374384 10.374384 10.374384 1.000086 1.000086 1.000086
22700 10.374384 10.374384 10.374384 1.000086 1.000086 1.000086
22800 10.374384 10.374384 10.374384 1.000086 1.000086 1.000086
22900 10.374384 10.374384 10.374384 1.000086 1.000086 1.000086
23000 10.374384 10.374384 10.374384 1.000086 1.000086 1.000086
23100 10.374384 10.374384 10.374384 1.000086 1.000086 1.000086
23200 10.374384 10.374384 10.374384 1.000086 1.000086 1.000086
23300 10.374384 10.374384 10.374384 1.000086 1.000086 1.000086
23400 10.374384 10.374384 10.374384 1.000086 1.000086 1.000086
23500 10.374384 10.374384 10.374384 1.000086 1.000086 1.000086
23600 10.374384 10.374384 10.374384 1.000086 1.000086 1.000086
23700 10.374384 10.374384 10.374384 1.000086 1.000086 1.000086
23800 10.374384 10.374384 10.374384 1.000086 1.000086 1.000086
23900 10.374384 10.374384 10.374384 1.000086 1.000086 1.000086
24000 10.374384 10.374384 10.374384 1.000086 1.000086 1.000086
24100 10.374384 10.374384 10.374384 1.000086 1.000086 1.000086
24200 10.374384 10.374384 10.374384 1.000086 1.000086 1.000086
24300 10.374384 10.374384 10.374384 1.000086 1.000086 1.000086
24400 10.374384 10.374384 10.374384 1.000086 1.000086 1.000086
24500 10.374384 10.374384 10.374384 1.000086 1.000086 1.000086
24600 10.374384 10.374384 10.374384 1.000086 1.000086 1.000086
24700 10.374384 10.374384 10.374384 1.000086 1.000086 1.000086
24800 10.374384 10.374384 10.374384 1.000086 1.000086 1.000086
24900 10.374384 10.374384 10.374384 1.000086 1.000086 1.000086
25000 10.374384 10.374384 10.374384 1.000086 1.000086 1.000086
25100 10.374384 10.374384 10.374384 1.000086 1.000086 1.000086
25200 10.374384 10.374384 10.374384 1.000086 1.000086 1.000086
25300 10.374384 10.374384 10.374384 1.000086 1.000086 1.000086
25400 10.374384 10.374384 10.374384 1.000086 1.000086 1.000086
25500 10.374384 10.374384 10.374384 1.000086 1.000086 1.000086
25600 10.374384 10.374384 10.374384 1.000086 1.000086 1.000086
25700 10.374384 10.374384 10.374384 1.000086 1.000086 1.000086
25800 10.374384 10.374384 10.374384 1.000086 1.000086 1.000086
25900 10.374384 10.374384 10.374384 1.000086 1.000086 1.000086
26000 10.374384 10.374384 10.374384 1.000086 1.000086 1.000086
26100 10.374384 10.374384 10.374384 1.000086 1.000086 1.000086
26200 10.374384 10.374384 10.374384 1.000086 1.000086 1.000086
26300 10.374384 10.374384 10.374384 1.000086 1.000086 1.000086
26400 10.374384 10.374384 10.374384 1.000086 1.000086 1.000086
26500 10.374384 10.374384 10.374384 1.000086 1.000086 1.000086
26600 10.374384 10.374384 10.374384 1.000086 1.000086 1.000086
26700 10.374384 10.374384 10.374384 1.000086 1.000086 1.000086
26800 10.374384 10.374384 10.374384 1.000086 1.000086 1.000086
26900 10.374384 10.374384 10.374384 1.000086 1.000086 1.000086
27000 10.374384 10.374384 10.374384 1.000086 1.000086 1.000086
27100 10.374384 10.374384 10.374384 1.000086 1.000086 1.000086
27200 10.374384 10.374384 10.374384 1.000086 1.000086 1.000086
27300 10.374384 10.374384 10.374384 1.000086 1.000086 1.000086
27400 10.374384 10.374384 10.374384 1.000086 1.000086 1.000086
27500 10.374384 10.374384 10.374384 1.000086 1.000086 1.000086
27600 10.374384 10.374384 10.374384 1.000086 1.000086 1.000086
27700 10.374384 10.374384 10.374384 1.000086 1.000086 1.000086
27800 10.374384 10.374384 10.374384 1.000086 1.000086 1.000086
27900 10.374384 10.374384 10.374384 1.000086 1.000086 1.000086
28000 10.374384 10.374384 10.374384 1.000086 1.000086 1.000086
28100 10.374384 10.374384 10.374384 1.000086 1.000086 1.000086
28200 10.374384 10.374384 10.374384 1.000086 1.000086 1.000086
28300 10.374384 10.374384 10.374384 1.000086 1.000086 1.000086
28400 10.374384 10.374384 10.374384 1.000086 1.000086 1.000086
28500 10.374384 10.374384 10.374384 1.000086 1.000086 1.000086
28600 10.374384 10.374384 10.374384 1.000086 1.000086 1.000086
28700 10.374384 10.374384 10.374384 1.000086 1.000086 1.000086
28800 10.374384 10.374384 10.374384 1.000086 1.000086 1.000086
28900 10.374384 10.374384 10.374384 1.000086 1.000086 1.000086
29000 10.374384 10.374384 10.374384 1.000086 1.000086 1.000086
29100 10.374384 10.374384 10.374384 1.000086 1.000086 1.000086
29200 10.374384 10.374384 10.374384 1.000086 1.000086 1.000086
29300 10.374384 10.374384 10.374384 1.000086 1.000086 1.000086
29400 10.374384 10.374384 10.374384 1.000086 1.000086 1.000086
29500 10.374384 10.374384 10.374384 1.000086 1.000086 1.000086
29600 10.374384 10.374384 10.374384 1.000086 1.000086 1.000086
29700 10.374384 10.374384 10.374384 1.000086 1.000086 1.000086
29800 10.374384 10.374384 10.374384 1.000086 1.000086 1.000086
29900 10.374384 10.374384 10.374384 1.000086 1.000086 1.000086
30000 10.374384 10.374384 10.374384 1.000086 1.000086 1.000086
30100 10.374384 10.374384 10.374384 1.000086 1.000086 1.000086
30200 10.374384 10.374384 10.374384 1.000086 1.000086 1.000086
30300 10.374384 10.374384 10.374384 1.000086 1.000086 1.000086
30400 10.374384 10.374384 10.374384 1.000086 1.000086 1.000086
30500 10.374384 10.374384 10.374384 1.000086 1.000086 1.000086
30600 10.374384 10.374384 10.374384 1.000086 1.000086 1.000086
30700 10.374384 10.374384 10.374384 1.000086 1.000086 1.000086
30800 10.374384 10.374384 10.374384 1.000086 1.000086 1.000086
30900 10.374384 10.374384 10.374384 1.000086 1.000086 1.000086
31000 10.374384 10.374384 10.374384 1.000086 1.000086 1.000086
31100 10.374384 10.374384 10.374384 1.000086 1.000086 1.000086
31200 10.374384 10.374384 10.374384 1.000086 1.000086 1.000086
31300 10.374384 10.374384 10.374384 1.000086 1.000086 1.000086
31400 10.374384 10.374384 10.374384 1.000086 1.000086 1.000086
31500 10.374384 10.374384 10.374384 1.000086 1.000086 1.000086
31600 10.374384 10.374384 10.374384 1.000086 1.000086 1.000086
31700 10.374384 10.374384 10.374384 1.000086 1.000086 1.000086
31800 10.374384 10.374384 10.374384 1.000086 1.000086 1.000086
31900 10.374384 10.374384 10.374384 1.000086 1.000086 1.000086
32000 10.374384 10.374384 10.374384 1.000086 1.000086 1.000086
32100 10.374384 10.374384 10.374384 1.000086 1.000086 1.000086
32200 10.374384 10.374384 10.374384 1.000086 1.000086 1.000086
32300 10.374384 10.374384 10.374384 1.000086 1.000086 1.000086
32400 10.374384 10.374384 10.374384 1.000086 1.000086 1.000086
32500 10.374384 10.374384 10.374384 1.000086 1.000086 1.000086
32600 10.374384 10.374384 10.374384 1.000086 1.000086 1.000086
32700 10.374384 10.374384 10.374384 1.000086 1.000086 1.000086
32800 10.374384 10.374384 10.374384 1.000086 1.000086 1.000086
32900 10.374384 10.374384 10.374384 1.000086 1.000086 1.000086
33000 10.374384 10.374384 10.374384 1.000086 1.000086 1.000086
33100 10.374384 10.374384 10.374384 1.000086 1.000086 1.000086
33200 10.374384 10.374384 10.374384 1.000086 1.000086 1.000086
33300 10.374384 10.374384 10.374384 1.000086 1.000086 1.000086
33400 10.374384 10.374384 10.374384 1.000086 1.000086 1.000086
33500 10.374384 10.374384 10.374384 1.000086 1.000086 1.000086
33600 10.374384 10.374384 10.374384 1.000086 1.000086 1.000086
33700 10.374384 10.374384 10.374384 1.000086 1.000086 1.000086
33800 10.374384 10.374384 10.374384 1.000086 1.000086 1.000086
33900 10.374384 10.374384 10.374384 1.000086 1.000086 1.000086
34000 10.374384 10.374384 10.374384 1.000086 1.000086 1.000086
34100 10.374384 10.374384 10.374384 1.000086 1.000086 1.000086
34200 10.374384 10.374384 10.374384 1.000086 1.000086 1.000086
34300 10.374384 10.374384 10.374384 1.000086 1.000086 1.000086
34400 10.374384 10.374384 10.374384 1.000086 1.000086 1.000086
34500 10.374384 10.374384 10.374384 1.000086 1.000086 1.000086
34600 10.374384 10.374384 10.374384 1.000086 1.000086 1.000086
34700 10.374384 10.374384 10.374384 1.000086 1.000086 1.000086
34800 10.374384 10.374384 10.374384 1.000086 1.000086 1.000086
34900 10.374384 10.374384 10.374384 1.000086 1.000086 1.000086
35000 10.374384 10.374384 10.374384 1.000086 1.000086 1.000086
35100 10.374384 10.374384 10.374384 1.000086 1.000086 1.000086
35200 10.374384 10.374384 10.374384 1.000086 1.000086 1.000086
35300 10.374384 10.374384 10.374384 1.000086 1.000086 1.000086
35400 10.374384 10.374384 10.374384 1.000086 1.000086 1.000086
35500 10.374384 10.374384 10.374384 1.000086 1.000086 1.000086
35600 10.374384 10.374384 10.374384 1.000086 1.000086 1.000086
35700 10.374384 10.374384 10.374384 1.000086 1.000086 1.000086
35800 10.374384 10.374384 10.374384 1.000086 1.000086 1.000086
35900 10.374384 10.374384 10.374384 1.000086 1.000086 1.000086
36000 10.374384 10.374384 10.374384 1.000086 1.000086 1.000086
36100 10.374384 10.374384 10.374384 1.000086 1.000086 1.000086
36200 10.374384 10.374384 10.374384 1.000086 1.000086 1.000086
36300 10.374384 10.374384 10.374384 1.000086 1.000086 1.000086
36400 10.374384 10.374384 10.374384 1.000086 1.000086 1.000086
36500 10.374384 10.374384 10.374384 1.000086 1.000086 1.000086
36600 10.374384 10.374384 10.374384 1.000086 1.000086 1.000086
36700 10.374384 10.374384 10.374384 1.000086 1.000086 1.000086
36800 10.374384 10.374384 10.374384 1.000086 1.000086 1.000086
36900 10.374384 10.374384 10.374384 1.000086 1.000086 1.000086
37000 10.374384 10.374384 10.374384 1.000086 1.000086 1.000086
37100 10.374384 10.374384 10.374384 1.000086 1.000086 1.000086
37200 10.374384 10.374384 10.374384 1.000086 1.000086 1.000086
37300 10.374384 10.374384 10.374384 1.000086 1.000086 1.000086
37400 10.374384 10.374384 10.374384 1.000086 1.000086 1.000086
37500 10.374384 10.374384 10.374384 1.000086 1.000086 1.000086
37600 10.374384 10.374384 10.374384 1.000086 1.000086 1.000086
37700 10.374384 10.374384 10.374384 1.000086 1.000086 1.000086
37800 10.374384 10.374384 10.374384 1.000086 1.000086 1.000086
37900 10.374384 10.374384 10.374384 1.000086 1.000086 1.000086
38000 10.374384 10.374384 10.374384 1.000086 1.000086 1.000086
38100 10.374384 10.374384 10.374384 1.000086 1.000086 1.000086
38200 10.374384 10.374384 10.374384 1.000086 1.000086 1.000086
38300 10.374384 10.374384 10.374384 1.000086 1.000086 1.000086
38400 10.374384 10.374384 10.374384 1.000086 1.000086 1.000086
38500 10.374384 10.374384 10.374384 1.000086 1.000086 1.000086
38600 10.374384 10.374384 10.374384 1.000086 1.000086 1.000086
38700 10.374384 10.374384 10.374384 1.000086 1.000086 1.000086
38800 10.374384 10.374384 10.374384 1.000086 1.000086 1.000086
38900 10.374384 10.374384 10.374384 1.000086 1.000086 1.000086
39000 10.374384 10.374384 10.374384 1.000086 1.000086 1.000086
39100 10.374384 10.374384 10.374384 1.000086 1.000086 1.000086
39200 10.374384 10.374384 10.374384 1.000086 1.000086 1.000086
39300 10.374384 10.374384 10.374384 1.000086 1.000086 1.000086
39400 10.374384 10.374384 10.374384 1.000086 1.000086 1.000086
39500 10.374384 10.374384 10.374384 1.000086 1.000086 1.000086
39600 10.374384 10.374384 10.374384 1.000086 1.000086 1.000086
39700 10.374384 10.374384 10.374384 1.000086 1.000086 1.000086
39800 10.374384 10.374384 10.374384 1.000086 1.000086 1.000086
39900 10.374384 10.374384 10.374384 1.000086 1.000086 1.000086
40000 10.374384 10.374384 10.374384 1.000086 1.000086 1.000086
40100 10.374384 10.374384 10.374384 1.000086 1.000086 1.000086
40200 10.374384 10.374384 10.374384 1.000086 1.000086 1.000086
40300 10.374384 10.374384 10.374384 1.000086 1.000086 1.000086
40400 10.374384 10.374384 10.374384 1.000086 1.000086 1.000086
40500 10.374384 10.374384 10.374384 1.000086 1.000086 1.000086
40600 10.374384 10.374384 10.374384 1.000086 1.000086 1.000086
40700 10.374384 10.374384 10.374384 1.000086 1.000086 1.000086
40800 10.374384 10.374384 10.374384 1.000086 1.000086 1.000086
40900 10.374384 10.374384 10.374384 1.000086 1.000086 1.000086
41000 10.374384 10.374384 10.374384 1.000086 1.000086 1.000086
41100 10.374384 10.374384 10.374384 1.000086 1.000086 1.000086
41200 10.374384 10.374384 10.374384 1.000086 1.000086 1.000086
41300 10.374384 10.374384 10.374384 1.000086 1.000086 1.000086
41400 10.374384 10.374384 10.374384 1.000086 1.000086 1.000086
41500 10.374384 10.374384 10.374384 1.000086 1.000086 1.000086
41600 10.374384 10.374384 10.374384 1.000086 1.000086 1.000086
41700 10.374384 10.374384 10.374384 1.000086 1.000086 1.000086
41800 10.374384 10.374384 10.374384 1.000086 1.000086 1.000086
41900 10.374384 10.374384 10.374384 1.000086 1.000086 1.000086
42000 10.374384 10.374384 10.374384 1.000086 1.000086 1.000086
42100 10.374384 10.374384 10.374384 1.000086 1.000086 1.000086
42200 10.374384 10.374384 10.374384 1.000086 1.000086 1.000086
42300 10.374384 10.374384 10.374384 1.000086 1.000086 1.000086
42400 10.374384 10.374384 10.374384 1.000086 1.000086 1.000086
42500 10.374384 10.374384 10.374384 1.000086 1.000086 1.000086
42600 10.374384 10.374384 10.374384 1.000086 1.000086 1.000086
42700 10.374384 10.374384 10.374384 1.000086 1.000086 1.000086
42800 10.374384 10.374384 10.374384 1.000086 1.000086 1.000086
42900 10.374384 10.374384 10.374384 1.000086 1.000086 1.000086
43000 10.374384 10.374384 10.374384 1.000086 1.000086 1.000086
43100 10.374384 10.374384 10.374384 1.000086 1.000086 1.000086
43200 10.374384 10.374384 10.374384 1.000086 1.000086 1.000086
43300 10.374384 10.374384 10.374384 1.000086 1.000086 1.000086
43400 10.374384 10.374384 10.374384 1.000086 1.000086 1.000086
43500 10.374384 10.374384 10.374384 1.000086 1.000086 1.000086
43600 10.374384 10.374384 10.374384 1.000086 1.000086 1.000086
43700 10.374384 10.374384 10.374384 1.000086 1.000086 1.000086
43800 10.374384 10.374384 10.374384 1.000086 1.000086 1.000086
43900 10.374384 10.374384 10.374384 1.000086 1.000086 1.000086
44000 10.374384 10.374384 10.374384 1.000086 1.000086 1.000086
44100 10.374384 10.374384 10.374384 1.000086 1.000086 1.000086
44200 10.374384 10.374384 10.374384 1.000086 1.000086 1.000086
44300 10.374384 10.374384 10.374384 1.000086 1.000086 1.000086
44400 10.374384 10.374384 10.374384 1.000086 1.000086 1.000086
44500 10.374384 10.374384 10.374384 1.000086 1.000086 1.000086
44600 10.374384 10.374384 10.374384 1.000086 1.000086 1.000086
44700 10.374384 10.374384 10.374384 1.000086 1.000086 1.000086
44800 10.374384 10.374384 10.374384 1.000086 1.000086 1.000086
44900 10.374384 10.374384 10.374384 1.000086 1.000086 1.000086
45000 10.374384 10.374384 10.374384 1.000086 1.000086 1.000086
45100 10.374384 10.374384 10.374384 1.000086 1.000086 1.000086
45200 10.374384 10.374384 10.374384 1.000086 1.000086 1.000086
45300 10.374384 10.374384 10.374384 1.000086 1.000086 1.000086
45400 10.374384 10.374384 10.374384 1.000086 1.000086 1.000086
45500 10.374384 10.374384 10.374384 1.000086 1.000086 1.000086
45600 10.374384 10.374384 10.374384 1.000086 1.000086 1.000086
45700 10.374384 10.374384 10.374384 1.000086 1.000086 1.000086
45800 10.374384 10.374384 10.374384 1.000086 1.000086 1.000086
45900 10.374384 10.374384 10.374384 1.000086 1.000086 1.000086
46000 10.374384 10.374384 10.374384 1.000086 1.000086 1.000086
46100 10.374384 10.374384 10.374384 1.000086 1.000086 1.000086
46200 10.374384 10.374384 10.374384 1.000086 1.000086 1.000086
46300 10.374384 10.374384 10.374384 1.000086 1.000086 1.000086
46400 10.374384 10.374384 10.374384 1.000086 1.000086 1.000086
46500 10.374384 10.374384 10.374384 1.000086 1.000086 1.000086
46600 10.374384 10.374384 10.374384 1.000086 1.000086 1.000086
46700 10.374384 10.374384 10.374384 1.000086 1.000086 1.000086
46800 10.374384 10.374384 10.374384 1.000086 1.000086 1.000086
46900 10.374384 10.374384 10.374384 1.000086 1.000086 1.000086
47000 10.374384 10.374384 10.374384 1.000086 1.000086 1.000086
47100 10.374384 10.374384 10.374384 1.000086 1.000086 1.000086
47200 10.374384 10.374384 10.374384 1.000086 1.000086 1.000086
47300 10.374384 10.374384 10.374384 1.000086 1.000086 1.000086
47400 10.374384 10.374384 10.374384 1.000086 1.000086 1.000086
47500 10.374384 10.374384 10.374384 1.000086 1.000086 1.000086
47600 10.374384 10.374384 10.374384 1.000086 1.000086 1.000086
47700 10.374384 10.374384 10.374384 1.000086 1.000086 1.000086
47800 10.374384 10.374384 10.374384 1.000086 1.000086 1.000086
47900 10.374384 10.374384 10.374384 1.000086 1.000086 1.000086
48000 10.374384 10.374384 10.374384 1.000086 1.000086 1.000086
48100 10.374384 10.374384 10.374384 1.000086 1.000086 1.000086
48200 10.374384 10.374384 10.374384 1.000086 1.000086 1.000086
48300 10.374384 10.374384 10.374384 1.000086 1.000086 1.000086
48400 10.374384 10.374384 10.374384 1.000086 1.000086 1.000086
48500 10.374384 10.374384 10.374384 1.000086 1.000086 1.000086
48600 10.374384 10.374384 10.374384 1.000086 1.000086 1.000086
48700 10.374384 10.374384 10.374384 1.000086 1.000086 1.000086
48800 10.374384 10.374384 10.374384 1.000086 1.000086 1.000086
48900 10.374384 10.374384 10.374384 1.000086 1.000086 1.000086
49000 10.374384 10.374384 10.374384 1.000086 1.000086 1.000086
49100 10.374384 10.374384 10.374384 1.000086 1.000086 1.000086
49200 10.374384 10.374384 10.374384 1.000086 1.000086 1.000086
49300 10.374384 10.374384 10.374384 1.000086 1.000086 1.000086
49400 10.374384 10.374384 10.374384 1.000086 1.000086 1.000086
49500 10.374384 10.374384 10.374384 1.000086 1.000086 1.000086
49600 10.374384 10.374384 10.374384 1.000086 1.000086 1.000086
49700 10.374384 10.374384 10.374384 1.000086 1.000086 1.000086
49800 10.374384 10.374384 10.374384 1.000086 1.000086 1.000086
49900 10.374384 10.374384 10.374384 1.000086 1.000086 1.000086
50000 10.374384 10.374384 10.374384 1.000086 1.000086 1.000086
50100 10.374384 10.374384 10.374384 1.000086 1.000086 1.000086
50200 10.374384 10.374384 10.374384 1.000086 1.000086 1.000086
50300 10.374384 10.374384 10.374384 1.000086 1.000086 1.000086
50400 10.374384 10.374384 10.374384 1.000086 1.000086 1.000086
50500 10.374384 10.374384 10.374384 1.000086 1.000086 1.000086
50600 10.374384 10.374384 10.374384 1.000086 1.000086 1.000086
50700 10.374384 10.374384 10.374384 1.000086 1.000086 1.000086
50800 10.374384 10.374384 10.374384 1.000086 1.000086 1.000086
50900 10.374384 10.374384 10.374384 1.000086 1.000086 1.000086
51000 10.374384 10.374384 10.374384 1.000086 1.000086 1.000086
51100 10.374384 10.374384 10.374384 1.000086 1.000086 1.000086
51200 10.374384 10.374384 10.374384 1.000086 1.000086 1.000086
51300 10.374384 10.374384 10.374384 1.000086 1.000086 1.000086
51400 10.374384 10.374384 10.374384 1.000086 1.000086 1.000086
51500 10.374384 10.374384 10.374384 1.000086 1.000086 1.000086
51600 10.374384 10.374384 10.374384 1.000086 1.000086 1.000086
51700 10.374384 10.374384 10.374384 1.000086 1.000086 1.000086
51800 10.374384 10.374384 10.374384 1.000086 1.000086 1.000086
51900 10.374384 10.374384 10.374384 1.000086 1.000086 1.000086
52000 10.374384 10.374384 10.374384 1.000086 1.000086 1.000086
52100 10.374384 10.374384 10.374384 1.000086 1.000086 1.000086
52200 10.374384 10.374384 10.374384 1.000086 1.000086 1.000086
52300 10.374384 10.374384 10.374384 1.000086 1.000086 1.000086
52400 10.374384 10.374384 10.374384 1.000086 1.000086 1.000086
52500 10.374384 10.374384 10.374384 1.000086 1.000086 1.000086
52600 10.374384 10.374384 10.374384 1.000086 1.000086 1.000086
52700 10.374384 10.374384 10.374384 1.000086 1.000086 1.000086
52800 10.374384 10.374384 10.374384 1.000086 1.000086 1.000086
52900 10.374384 10.374384 10.374384 1.000086 1.000086 1.000086
53000 10.374384 10.374384 10.374384 1.000086 1.000086 1.000086
53100 10.374384 10.374384 10.374384 1.000086 1.000086 1.000086
53200 10.374384 10.374384 10.374384 1.000086 1.000086 1.000086
53300 10.374384 10.374384 10.374384 1.000086 1.000086 1.000086
53400 10.374384 10.374384 10.374384 1.000086 1.000086 1.000086
53500 10.374384 10.374384 10.374384 1.000086 1.000086 1.000086
53600 10.374384 10.374384 10.374384 1.000086 1.000086 1.000086
53700 10.374384 10.374384 10.374384 1.000086 1.000086 1.000086
53800 10.374384 10.374384 10.374384 1.000086 1.000086 1.000086
53900 10.374384 10.374384 10.374384 1.000086 1.000086 1.000086
54000 10.374384 10.374384 10.374384 1.000086 1.000086 1.000086
54100 10.374384 10.374384 10.374384 1.000086 1.000086 1.000086
54200 10.374384 10.374384 10.374384 1.000086 1.000086 1.000086
54300 10.374384 10.374384 10.374384 1.000086 1.000086 1.000086
54400 10.374384 10.374384 10.374384 1.000086 1.000086 1.000086
54500 10.374384 10.374384 10.374384 1.000086 1.000086 1.000086
54600 10.374384 10.374384 10.374384 1.000086 1.000086 1.000086
54700 10.374384 10.374384 10.374384 1.000086 1.000086 1.000086
54800 10.374384 10.374384 10.374384 1.000086 1.000086 1.000086
54900 10.374384 10.374384 10.374384 1.000086 1.000086 1.000086
55000 10.374384 10.374384 10.374384 1.000086 1.000086 1.000086
55100 10.374384 10.374384 10.374384 1.000086 1.000086 1.000086
55200 10.374384 10.374384 10.374384 1.000086 1.000086 1.000086
55300 10.374384 10.374384 10.374384 1.000086 1.000086 1.000086
55400 10.374384 10.374384 10.374384 1.000086 1.000086 1.000086
55500 10.374384 10.374384 10.374384 1.000086 1.000086 1.000086
55600 10.374384 10.374384 10.374384 1.000086 1.000086 1.000086
55700 10.374384 10.374384 10.374384 1.000086 1.000086 1.000086
55800 10.374384 10.374384 10.374384 1.000086 1.000086 1.000086
55900 10.374384 10.374384 10.374384 1.000086 1.000086 1.000086
56000 10.374384 10.374384 10.374384 1.000086 1.000086 1.000086
56100 10.374384 10.374384 10.374384 1.000086 1.000086 1.000086
56200 10.374384 10.374384 10.374384 1.000086 1.000086 1.000086
56300 10.374384 10.374384 10.374384 1.000086 1.000086 1.000086
56400 10.374384 10.374384 10.374384 1.000086 1.000086 1.000086
56500 10.374384 10.374384 10.374384 1.000086 1.000086 1.000086
56600 10.374384 10.374384 10.374384 1.000086 1.000086 1.000086
56700 10.374384 10.374384 10.374384 1.000086 1.000086 1.000086
56800 10.374384 10.374384 10.374384 1.000086 1.000086 1.000086
56900 10.374384 10.374384 10.374384 1.000086 1.000086 1.000086
57000 10.374384 10.374384 10.374384 1.000086 1.000086 1.000086
57100 10.374384 10.374384 10.374384 1.000086 1.000086 1.000086
57200 10.374384 10.374384 10.374384 1.000086 1.000086 1.000086
57300 10.374384 10.374384 10.374384 1.000086 1.000086 1.000086
57400 10.374384 10.374384 10.374384 1.000086 1.000086 1.000086
57500 10.374384 10.374384 10.374384 1.000086 1.000086 1.000086
57600 10.374384 10.374384 10.374384 1.000086 1.000086 1.000086
57700 10.374384 10.374384 10.374384 1.000086 1.000086 1.000086
57800 10.374384 10.374384 10.374384 1.000086 1.000086 1.000086
57900 10.374384 10.374384 10.374384 1.000086 1.000086 1.000086
58000 10.374384 10.374384 10.374384 1.000086 1.000086 1.000086
58100 10.374384 10.374384 10.374384 1.000086 1.000086 1.000086
58200 10.374384 10.374384 10.374384 1.000086 1.000086 1.000086
58300 10.374384 10.374384 10.374384 1.000086 1.000086 1.000086
58400 10.374384 10.374384 10.374384 1.000086 1.000086 1.000086
58500 10.374384 10.374384 10.374384 1.000086 1.000086 1.000086
58600 10.374384 10.374384 10.374384 1.000086 1.000086 1.000086
58700 10.374384 10.374384 10.374384 1.000086 1.000086 1.000086
58800 10.374384 10.374384 10.374384 1.000086 1.000086 1.000086
58900 10.374384 10.374384 10.374384 1.000086 1.000086 1.000086
59000 10.374384 10.374384 10.374384 1.000086 1.000086 1.000086
59100 10.374384 10.374384 10.374384 1.000086 1.000086 1.000086
59200 10.374384 10.374384 10.374384 1.000086 1.000086 1.000086
59300 10.374384 10.374384 10.374384 1.000086 1.000086 1.000086
59400 10.374384 10.374384 10.374384 1.000086 1.000086 1.000086
59500 10.374384 10.374384 10.374384 1.000086 1.000086 1.000086
59600 10.374384 10.374384 10.374384 1.000086 1.000086 1.000086
59700 10.374384 10.374384 10.374384 1.000086 1.000086 1.000086
59800 10.374384 10.374384 10.374384 1.000086 1.000086 1.000086
59900 10.374384 10.374384 10.374384 1.000086 1.000086 1.000086
60000 10.374384 10.374384 10.374384 1.000086 1.000086 1.000086
60100 10.374384 10.374384 10.374384 1.000086 1.000086 1.000086
60200 10.374384 10.374384 10.374384 1.000086 1.000086 1.000086
60300 10.374384 10.374384 10.374384 1.000086 1.000086 1.000086
60400 10.374384 10.374384 10.374384 1.000086 1.000086 1.000086
60500 10.374384 10.374384 10.374384 1.000086 1.000086 1.000086
60600 10.374384 10.374384 10.374384 1.000086 1.000086 1.000086
60700 10.374384 10.374384 10.374384 1.000086 1.000086 1.000086
60800 10.374384 10.374384 10.374384 1.000086 1.000086 1.000086
60900 10.374384 10.374384 10.374384 1.000086 1.000086 1.000086
61000 10.374384 10.374384 10.374384 1.000086 1.000086 1.000086
61100 10.374384 10.374384 10.374384 1.000086 1.000086 1.000086
61200 10.374384 10.374384 10.374384 1.000086 1.000086 1.000086
61300 10.374384 10.374384 10.374384 1.000086 1.000086 1.000086
61400 10.374384 10.374384 10.374384 1.000086 1.000086 1.000086
61500 10.374384 10.374384 10.374384 1.000086 1.000086 1.000086
61600 10.374384 10.374384 10.374384 1.000086 1.000086 1.000086
61700 10.374384 10.374384 10.374384 1.000086 1.000086 1.000086
61800 10.374384 10.374384 10.374384 1.000086 1.000086 1.000086
61900 10.374384 10.374384 10.374384 1.000086 1.000086 1.000086
62000 10.374384 10.374384 10.374384 1.000086 1.000086 1.000086
62100 10.374384 10.374384 10.374384 1.000086 1.000086 1.000086
62200 10.374384 10.374384 10.374384 1.000086 1.000086 1.000086
62300 10.374384 10.374384 10.374384 1.000086 1.000086 1.000086
62400 10.374384 10.374384 10.374384 1.000086 1.000086 1.000086
62500 10.374384 10.374384 10.374384 1.000086 1.000086 1.000086
62600 10.374384 10.374384 10.374384 1.000086 1.000086 1.000086
62700 10.374384 10.374384 10.374384 1.000086 1.000086 1.000086
62800 10.374384 10.374384 10.374384 1.000086 1.000086 1.000086
62900 10.374384 10.374384 10.374384 1.000086 1.000086 1.000086
63000 10.374384 10.374384 10.374384 1.000086 1.000086 1.000086
63100 10.374384 10.374384 10.374384 1.000086 1.000086 1.000086
63200 10.374384 10.374384 10.374384 1.000086 1.000086 1.000086
63300 10.374384 10.374384 10.374384 1.000086 1.000086 1.000086
63400 10.374384 10.374384 10.374384 1.000086 1.000086 1.000086
63500 10.374384 10.374384 10.374384 1.000086 1.000086 1.000086
63600 10.374384 10.374384 10.374384 1.000086 1.000086 1.000086
63700 10.374384 10.374384 10.374384 1.000086 1.000086 1.000086
63800 10.374384 10.374384 10.374384 1.000086 1.000086 1.000086
63900 10.374384 10.374384 10.374384 1.000086 1.000086 1.000086
64000 10.374384 10.374384 10.374384 1.000086 1.000086 1.000086
64100 10.374384 10.374384 10.374384 1.000086 1.000086 1.000086
64200 10.374384 10.374384 10.374384 1.000086 1.000086 1.000086
64300 10.374384 10.374384 10.374384 1.000086 1.000086 1.000086
64400 10.374384 10.374384 10.374384 1.000086 1.000086 1.000086
64500 10.374384 10.374384 10.374384 1.000086 1.000086 1.000086
64600 10.374384 10.374384 10.374384 1.000086 1.000086 1.000086
64700 10.374384 10.374384 10.374384 1.000086 1.000086 1.000086
64800 10.374384 10.374384 10.374384 1.000086 1.000086 1.000086
64900 10.374384 10.374384 10.374384 1.000086 1.000086 1.000086
65000 10.374384 10.374384 10.374384 1.000086 1.000086 1.000086
65100 10.374384 10.374384 10.374384 1.000086 1.000086 1.000086
65200 10.374384 10.374384 10.374384 1.000086 1.000086 1.000086
65300 10.374384 10.374384 10.374384 1.000086 1.000086 1.000086
65400 10.374384 10.374384 10.374384 1.000086 1.000086 1.000086
65500 10.374384 10.374384 10.374384 1.000086 1.000086 1.000086
65600 10.374384 10.374384 10.374384 1.000086 1.000086 1.000086
65700 10.374384 10.374384 10.374384 1.000086 1.000086 1.000086
65800 10.374384 10.374384 10.374384 1.000086 1.000086 1.000086
65900 10.374384 10.374384 10.374384 1.000086 1.000086 1.000086
66000 10.374384 10.374384 10.374384 1.000086 1.000086 1.000086
66100 10.374384 10.374384 10.374384 1.000086 1.000086 1.000086
66200 10.374384 10.374384 10.374384 1.000086 1.000086 1.000086
66300 10.374384 10.374384 10.374384 1.000086 1.000086 1.000086
66400 10.374384 10.374384 10.374384 1.000086 1.000086 1.000086
66500 10.374384 10.374384 10.374384 1.000086 1.000086 1.000086
66600 10.374384 10.374384 10.374384 1.000086 1.000086 1.000086
66700 10.374384 10.374384 10.374384 1.000086 1.000086 1.000086
66800 10.374384 10.374384 10.374384 1.000086 1.000086 1.000086
66900 10.374384 10.374384 10.374384 1.000086 1.000086 1.000086
67000 10.374384 10.374384 10.374384 1.000086 1.000086 1.000086
67100 10.374384 10.374384 10.374384 1.000086 1.000086 1.000086
67200 10.374384 10.374384 10.374384 1.000086 1.000086 1.000086
67300 10.374384 10.374384 10.374384 1.000086 1.000086 1.000086
67400 10.374384 10.374384 10.374384 1.000086 1.000086 1.000086
67500 10.374384 10.374384 10.374384 1.000086 1.000086 1.000086
67600 10.374384 10.374384 10.374384 1.000086 1.000086 1.000086
67700 10.374384 10.374384 10.374384 1.000086 1.000086 1.000086
67800 10.374384 10.374384 10.374384 1.000086 1.000086 1.000086
67900 10.374384 10.374384 10.374384 1.000086 1.000086 1.000086
68000 10.374384 10.374384 10.374384 1.000086 1.000086 1.000086
68100 10.374384 10.374384 10.374384 1.000086 1.000086 1.000086
68200 10.374384 10.374384 10.374384 1.000086 1.000086 1.000086
68300 10.374384 10.374384 10.374384 1.000086 1.000086 1.000086
68400 10.374384 10.374384 10.374384 1.000086 1.000086 1.000086
68500 10.374384 10.374384 10.374384 1.000086 1.000086 1.000086
68600 10.374384 10.374384 10.374384 1.000086 1.000086 1.000086
68700 10.374384 10.374384 10.374384 1.000086 1.000086 1.000086
68800 10.374384 10.374384 10.374384 1.000086 1.000086 1.000086
68900 10.374384 10.374384 10.374384 1.000086 1.000086 1.000086
69000 10.374384 10.374384 10.374384 1.000086 1.000086 1.000086
69100 10.374384 10.374384 10.374384 1.000086 1.000086 1.000086
69200 10.374384 10.374384 10.374384 1.000086 1.000086 1.000086
69300 10.374384 10.374384 10.374384 1.000086 1.000086 1.000086
69400 10.374384 10.374384 10.374384 1.000086 1.000086 1.000086
69500 10.374384 10.374384 10.374384 1.000086 1.000086 1.000086
69600 10.374384 10.374384 10.374384 1.000086 1.000086 1.000086
69700 10.374384 10.374384 10.374384 1.000086 1.000086 1.000086
69800 10.374384 10.374384 10.374384 1.000086 1.000086 1.000086
69900 10.374384 10.374384 10.374384 1.000086 1.000086 1.000086
70000 10.374384 10.374384 10.374384 1.000086 1.000086 1.000086
70100 10.374384 10.374384 10.374384 1.000086 1.000086 1.000086
70200 10.374384 10.374384 10.374384 1.000086 1.000086 1.000086
70300 10.374384 10.374384 10.374384 1.000086 1.000086 1.000086
70400 10.374384 10.374384 10.374384 1.000086 1.000086 1.000086
70500 10.374384 10.374384 10.374384 1.000086 1.000086 1.000086
70600 10.374384 10.374384 10.374384 1.000086 1.000086 1.000086
70700 10.374384 10.374384 10.374384 1.000086 1.000086 1.000086
70800 10.374384 10.374384 10.374384 1.000086 1.000086 1.000086
70900 10.374384 10.374384 10.374384 1.000086 1.000086 1.000086
71000 10.374384 10.374384 10.374384 1.000086 1.000086 1.000086
71100 10.374384 10.374384 10.374384 1.000086 1.000086 1.000086
71200 10.374384 10.374384 10.374384 1.000086 1.000086 1.000086
71300 10.374384 10.374384 10.374384 1.000086 1.000086 1.000086
71400 10.374384 10.374384 10.374384 1.000086 1.000086 1.000086
71500 10.374384 10.374384 10.374384 1.000086 1.000086 1.000086
71600 10.374384 10.374384 10.374384 1.000086 1.000086 1.000086
71700 10.374384 10.374384 10.374384 1.000086 1.000086 1.000086
71800 10.374384 10.374384 10.374384 1.000086 1.000086 1.000086
71900 10.374384 10.374384 10.374384 1.000086 1.000086 1.000086
72000 10.374384 10.374384 10.374384 1.000086 1.000086 1.000086
72100 10.374384 10.374384 10.374384 1.000086 1.000086 1.000086
72200 10.374384 10.374384 10.374384 1.000086 1.000086 1.000086
72300 10.374384 10.374384 10.374384 1.000086 1.000086 1.000086
72400 10.374384 10.374384 10.374384 1.000086 1.000086 1.000086
72500 10.374384 10.374384 10.374384 1.000086 1.000086 1.000086
72600 10.374384 10.374384 10.374384 1.000086 1.000086 1.000086
72700 10.374384 10.374384 10.374384 1.000086 1.000086 1.000086
72800 10.374384 10.374384 10.374384 1.000086 1.000086 1.000086
72900 10.374384 10.374384 10.374384 1.000086 1.000086 1.000086
73000 10.374384 10.374384 10.374384 1.000086 1.000086 1.000086
73100 10.374384 10.374384 10.374384 1.000086 1.000086 1.000086
73200 10.374384 10.374384 10.374384 1.000086 1.000086 1.000086
73300 10.374384 10.374384 10.374384 1.000086 1.000086 1.000086
73400 10.374384 10.374384 10.374384 1.000086 1.000086 1.000086
73500 10.374384 10.374384 10.374384 1.000086 1.000086 1.000086
73600 10.374384 10.374384 10.374384 1.000086 1.000086 1.000086
73700 10.374384 10.374384 10.374384 1.000086 1.000086 1.000086
73800 10.374384 10.374384 10.374384 1.000086 1.000086 1.000086
73900 10.374384 10.374384 10.374384 1.000086 1.000086 1.000086
74000 10.374384 10.374384 10.374384 1.000086 1.000086 1.000086
74100 10.374384 10.374384 10.374384 1.000086 1.000086 1.000086
74200 10.374384 10.374384 10.374384 1.000086 1.000086 1.000086
74300 10.374384 10.374384 10.374384 1.000086 1.000086 1.000086
74400 10.374384 10.374384 10.374384 1.000086 1.000086 1.000086
74500 10.374384 10.374384 10.374384 1.000086 1.000086 1.000086
74600 10.374384 10.374384 10.374384 1.000086 1.000086 1.000086
74700 10.374384 10.374384 10.374384 1.000086 1.000086 1.000086
74800 10.374384 10.374384 10.374384 1.000086 1.000086 1.000086
74900 10.374384 10.374384 10.374384 1.000086 1.000086 1.000086
75000 10.374384 10.374384 10.374384 1.000086 1.000086 1.000086
75100 10.374384 10.374384 10.374384 1.000086 1.000086 1.000086
75200 10.374384 10.374384 10.374384 1.000086 1.000086 1.000086
75300 10.374384 10.374384 10.374384 1.000086 1.000086 1.000086
75400 10.374384 10.374384 10.374384 1.000086 1.000086 1.000086
75500 10.374384 10.374384 10.374384 1.000086 1.000086 1.000086
75600 10.374384 10.374384 10.374384 1.000086 1.000086 1.000086
75700 10.374384 10.374384 10.374384 1.000086 1.000086 1.000086
75800 10.374384 10.374384 10.374384 1.000086 1.000086 1.000086
75900 10.374384 10.374384 10.374384 1.000086 1.000086 1.000086
76000 10.374384 10.374384 10.374384 1.000086 1.000086 1.000086
76100 10.374384 10.374384 10.374384 1.000086 1.000086 1.000086
76200 10.374384 10.374384 10.374384 1.000086 1.000086 1.000086
76300 10.374384 10.374384 10.374384 1.000086 1.000086 1.000086
76400 10.374384 10.374384 10.374384 1.000086 1.000086 1.000086
76500 10.374384 10.374384 10.374384 1.000086 1.000086 1.000086
76600 10.374384 10.374384 10.374384 1.000086 1.000086 1.000086
76700 10.374384 10.374384 10.374384 1.000086 1.000086 1.000086
76800 10.374384 10.374384 10.374384 1.000086 1.000086 1.000086
76900 10.374384 10.374384 10.374384 1.000086 1.000086 1.000086
77000 10.374384 10.374384 10.374384 1.000086 1.000086 1.000086
77100 10.374384 10.374384 10.374384 1.000086 1.000086 1.000086
77200 10.374384 10.374384 10.374384 1.000086 1.000086 1.000086
77300 10.374384 10.374384 10.374384 1.000086 1.000086 1.000086
77400 10.374384 10.374384 10.374384 1.000086 1.000086 1.000086
77500 10.374384 10.374384 10.374384 1.000086 1.000086 1.000086
77600 10.374384 10.374384 10.374384 1.000086 1.000086 1.000086
77700 10.374384 10.374384 10.374384 1.000086 1.000086 1.000086
77800 10.374384 10.374384 10.374384 1.000086 1.000086 1.000086
77900 10.374384 10.374384 10.374384 1.000086 1.000086 1.000086
78000 10.374384 10.374384 10.374384 1.000086 1.000086 1.000086
78100 10.374384 10.374384 10.374384 1.000086 1.000086 1.000086
78200 10.374384 10.374384 10.374384 1.000086 1.000086 1.000086
78300 10.374384 10.374384 10.374384 1.000086 1.000086 1.000086
78400 10.374384 10.374384 10.374384 1.000086 1.000086 1.000086
78500 10.374384 10.374384 10.374384 1.000086 1.000086 1.000086
78600 10.374384 10.374384 10.374384 1.000086 1.000086 1.000086
78700 10.374384 10.374384 10.374384 1.000086 1.000086 1.000086
78800 10.374384 10.374384 10.374384 1.000086 1.000086 1.000086
78900 10.374384 10.374384 10.374384 1.000086 1.000086 1.000086
79000 10.374384 10.374384 10.374384 1.000086 1.000086 1.000086
79100 10.374384 10.374384 10.374384 1.000086 1.000086 1.000086
79200 10.374384 10.374384 10.374384 1.000086 1.000086 1.000086
79300 10.374384 10.374384 10.374384 1.000086 1.000086 1.000086
79400 10.374384 10.374384 10.374384 1.000086 1.000086 1.000086
79500 10.374384 10.374384 10.374384 1.000086 1.000086 1.000086
79600 10.374384 10.374384 10.374384 1.000086 1.000086 1.000086
79700 10.374384 10.374384 10.374384 1.000086 1.000086 1.000086
79800 10.374384 10.374384 10.374384 1.000086 1.000086 1.000086
79900 10.374384 10.374384 10.374384 1.000086 1.000086 1.000086
80000 10.374384 10.374384 10.374384 1.000086 1.000086 1.000086
80100 10.374384 10.374384 10.374384 1.000086 1.000086 1.000086
80200 10.374384 10.374384 10.374384 1.000086 1.000086 1.000086
80300 10.374384 10.374384 10.374384 1.000086 1.000086 1.000086
80400 10.374384 10.374384 10.374384 1.000086 1.000086 1.000086
80500 10.374384 10.374384 10.374384 1.000086 1.000086 1.000086
80600 10.374384 10.374384 10.374384 1.000086 1.000086 1.000086
80700 10.374384 10.374384 10.374384 1.000086 1.000086 1.000086
80800 10.374384 10.374384 10.374384 1.000086 1.000086 1.000086
80900 10.374384 10.374384 10.374384 1.000086 1.000086 1.000086
81000 10.374384 10.374384 10.374384 1.000086 1.000086 1.000086
81100 10.374384 10.374384 10.374384 1.000086 1.000086 1.000086
81200 10.374384 10.374384 10.374384 1.000086 1.000086 1.000086
81300 10.374384 10.374384 10.374384 1.000086 1.000086 1.000086
81400 10.374384 10.374384 10.374384 1.000086 1.000086 1.000086
81500 10.374384 10.374384 10.374384 1.000086 1.000086 1.000086
81600 10.374384 10.374384 10.374384 1.000086 1.000086 1.000086
81700 10.374384 10.374384 10.374384 1.000086 1.000086 1.000086
81800 10.374384 10.374384 10.374384 1.000086 1.000086 1.000086
81900 10.374384 10.374384 10.374384 1.000086 1.000086 1.000086
82000 10.374384 10.374384 10.374384 1.000086 1.000086 1.000086
82100 10.374384 10.374384 10.374384 1.000086 1.000086 1.000086
82200 10.374384 10.374384 10.374384 1.000086 1.000086 1.000086
82300 10.374384 10.374384 10.374384 1.000086 1.000086 1.000086
82400 10.374384 10.374384 10.374384 1.000086 1.000086 1.000086
82500 10.374384 10.374384 10.374384 1.000086 1.000086 1.000086
82600 10.374384 10.374384 10.374384 1.000086 1.000086 1.000086
82700 10.374384 10.374384 10.374384 1.000086 1.000086 1.000086
82800 10.374384 10.374384 10.374384 1.000086 1.000086 1.000086
82900 10.374384 10.374384 10.374384 1.000086 1.000086 1.000086
83000 10.374384 10.374384 10.374384 1.000086 1.000086 1.000086
83100 10.374384 10.374384 10.374384 1.000086 1.000086 1.000086
83200 10.374384 10.374384 10.374384 1.000086 1.000086 1.000086
83300 10.374384 10.374384 10.374384 1.000086 1.000086 1.000086
83400 10.374384 10.374384 10.374384 1.000086 1.000086 1.000086
83500 10.374384 10.374384 10.374384 1.000086 1.000086 1.000086
83600 10.374384 10.374384 10.374384 1.000086 1.000086 1.000086
83700 10.374384 10.374384 10.374384 1.000086 1.000086 1.000086
83800 10.374384 10.374384 10.374384 1.000086 1.000086 1.000086
83900 10.374384 10.374384 10.374384 1.000086 1.000086 1.000086
84000 10.374384 10.374384 10.374384 1.000086 1.000086 1.000086
84100 10.374384 10.374384 10.374384 1.000086 1.000086 1.000086
84200 10.374384 10.374384 10.374384 1.000086 1.000086 1.000086
84300 10.374384 10.374384 10.374384 1.000086 1.000086 1.000086
84400 10.374384 10.374384 10.374384 1.000086 1.000086 1.000086
84500 10.374384 10.374384 10.374384 1.000086 1.000086 1.000086
84600 10.374384 10.374384 10.374384 1.000086 1.000086 1.000086
84700 10.374384 10.374384 10.374384 1.000086 1.000086 1.000086
84800 10.374384 10.374384 10.374384 1.000086 1.000086 1.000086
84900 10.374384 10.374384 10.374384 1.000086 1.000086 1.000086
85000 10.374384 10.374384 10.374384 1.000086 1.000086 1.000086
85100 10.374384 10.374384 10.374384 1.000086 1.000086 1.000086
85200 10.374384 10.374384 10.374384 1.000086 1.000086 1.000086
85300 10.374384 10.374384 10.374384 1.000086 1.000086 1.000086
85400 10.374384 10.374384 10.374384 1.000086 1.000086 1.000086
85500 10.374384 10.374384 10.374384 1.000086 1.000086 1.000086
85600 10.374384 10.374384 10.374384 1.000086 1.000086 1.000086
85700 10.374384 10.374384 10.374384 1.000086 1.000086 1.000086
85800 10.374384 10.374384 10.374384 1.000086 1.000086 1.000086
85900 10.374384 10.374384 10.374384 1.000086 1.000086 1.000086
86000 10.374384 10.374384 10.374384 1.000086 1.000086 1.000086
86100 10.374384 10.374384 10.374384 1.000086 1.000086 1.000086
86200 10.374384 10.374384 10.374384 1.000086 1.000086 1.000086
86300 10.374384 10.374384 10.374384 1.000086 1.000086 1.000086
86400 10.374384 10.374384 10.374384 1.000086 1.000086 1.000086
86500 10.374384 10.374384 10.374384 1.000086 1.000086 1.000086
86600 10.374384 10.374384 10.374384 1.000086 1.000086 1.000086
86700 10.374384 10.374384 10.374384 1.000086 1.000086 1.000086
86800 10.374384 10.374384 10.374384 1.000086 1.000086 1.000086
86900 10.374384 10.374384 10.374384 1.000086 1.000086 1.000086
87000 10.374384 10.374384 10.374384 1.000086 1.000086 1.000086
87100 10.374384 10.374384 10.374384 1.000086 1.000086 1.000086
87200 10.374384 10.374384 10.374384 1.000086 1.000086 1.000086
87300 10.374384 10.374384 10.374384 1.000086 1.000086 1.000086
87400 10.374384 10.374384 10.374384 1.000086 1.000086 1.000086
87500 10.374384 10.374384 10.374384 1.000086 1.000086 1.000086
87600 10.374384 10.374384 10.374384 1.000086 1.000086 1.000086
87700 10.374384 10.374384 10.374384 1.000086 1.000086 1.000086
87800 10.374384 10.374384 10.374384 1.000086 1.000086 1.000086
87900 10.374384 10.374384 10.374384 1.000086 1.000086 1.000086
88000 10.374384 10.374384 10.374384 1.000086 1.000086 1.000086
88100 10.374384 10.374384 10.374384 1.000086 1.000086 1.000086
88200 10.374384 10.374384 10.374384 1.000086 1.000086 1.000086
88300 10.374384 10.374384 10.374384 1.000086 1.000086 1.000086
88400 10.374384 10.374384 10.374384 1.000086 1.000086 1.000086
88500 10.374384 10.374384 10.374384 1.000086 1.000086 1.000086
88600 10.374384 10.374384 10.374384 1.000086 1.000086 1.000086
88700 10.374384 10.374384 10.374384 1.000086 1.000086 1.000086
88800 10.374384 10.374384 10.374384 1.000086 1.000086 1.000086
88900 10.374384 10.374384 10.374384 1.000086 1.000086 1.000086
89000 10.374384 10.374384 10.374384 1.000086 1.000086 1.000086
89100 10.374384 10.374384 10.374384 1.000086 1.000086 1.000086
89200 10.374384 10.374384 10.374384 1.000086 1.000086 1.000086
89300 10.374384 10.374384 10.374384 1.000086 1.000086 1.000086
89400 10.374384 10.374384 10.374384 1.000086 1.000086 1.000086
89500 10.374384 10.374384 10.374384 1.000086 1.000086 1.000086
89600 10.374384 10.374384 10.374384 1.000086 1.000086 1.000086
89700 10.374384 10.374384 10.374384 1.000086 1.000086 1.000086
89800 10.374384 10.374384 10.374384 1.000086 1.000086 1.000086
89900 10.374384 10.374384 10.374384 1.000086 1.000086 1.000086
90000 10.374384 10.374384 10.374384 1.000086 1.000086 1.000086
90100 10.374384 10.374384 10.374384 1.000086 1.000086 1.000086
90200 10.374384 10.374384 10.374384 1.000086 1.000086 1.000086
90300 10.374384 10.374384 10.374384 1.000086 1.000086 1.000086
90400 10.374384 10.374384 10.374384 1.000086 1.000086 1.000086
90500 10.374384 10.374384 10.374384 1.000086 1.000086 1.000086
90600 10.374384 10.374384 10.374384 1.000086 1.000086 1.000086
90700 10.374384 10.374384 10.374384 1.000086 1.000086 1.000086
90800 10.374384 10.374384 10.374384 1.000086 1.000086 1.000086
90900 10.374384 10.374384 10.374384 1.000086 1.000086 1.000086
91000 10.374384 10.374384 10.374384 1.000086 1.000086 1.000086
91100 10.374384 10.374384 10.374384 1.000086 1.000086 1.000086
91200 10.374384 10.374384 10.374384 1.000086 1.000086 1.000086
91300 10.374384 10.374384 10.374384 1.000086 1.000086 1.000086
91400 10.374384 10.374384 10.374384 1.000086 1.000086 1.000086
91500 10.374384 10.374384 10.374384 1.000086 1.000086 1.000086
91600 10.374384 10.374384 10.374384 1.000086 1.000086 1.000086
91700 10.374384 10.374384 10.374384 1.000086 1.000086 1.000086
91800 10.374384 10.374384 10.374384 1.000086 1.000086 1.000086
91900 10.374384 10.374384 10.374384 1.000086 1.000086 1.000086
92000 10.374384 10.374384 10.374384 1.000086 1.000086 1.000086
92100 10.374384 10.374384 10.374384 1.000086 1.000086 1.000086
92200 10.374384 10.374384 10.374384 1.000086 1.000086 1.000086
92300 10.374384 10.374384 10.374384 1.000086 1.000086 1.000086
92400 10.374384 10.374384 10.374384 1.000086 1.000086 1.000086
92500 10.374384 10.374384 10.374384 1.000086 1.000086 1.000086
92600 10.374384 10.374384 10.374384 1.000086 1.000086 1.000086
92700 10.374384 10.374384 10.374384 1.000086 1.000086 1.000086
92800 10.374384 10.374384 10.374384 1.000086 1.000086 1.000086
92900 10.374384 10.374384 10.374384 1.000086 1.000086 1.000086
93000 10.374384 10.374384 10.374384 1.000086 1.000086 1.000086
93100 10.374384 10.374384 10.374384 1.000086 1.000086 1.000086
93200 10.374384 10.374384 10.374384 1.000086 1.000086 1.000086
93300 10.374384 10.374384 10.374384 1.000086 1.000086 1.000086
93400 10.374384 10.374384 10.374384 1.000086 1.000086 1.000086
93500 10.374384 10.374384 10.374384 1.000086 1.000086 1.000086
93600 10.374384 10.374384 10.374384 1.000086 1.000086 1.000086
93700 10.374384 10.374384 10.374384 1.000086 1.000086 1.000086
93800 10.374384 10.374384 10.374384 1.000086 1.000086 1.000086
93900 10.374384 10.374384 10.374384 1.000086 1.000086 1.000086
94000 10.374384 10.374384 10.374384 1.000086 1.000086 1.000086
94100 10.374384 10.374384 10.374384 1.000086 1.000086 1.000086
94200 10.374384 10.374384 10.374384 1.000086 1.000086 1.000086
94300 10.374384 10.374384 10.374384 1.000086 1.000086 1.000086
94400 10.374384 10.374384 10.374384 1.000086 1.000086 1.000086
94500 10.374384 10.374384 10.374384 1.000086 1.000086 1.000086
94600 10.374384 10.374384 10.374384 1.000086 1.000086 1.000086
94700 10.374384 10.374384 10.374384 1.000086 1.000086 1.000086
94800 10.374384 10.374384 10.374384 1.000086 1.000086 1.000086
94900 10.374384 10.374384 10.374384 1.000086 1.000086 1.000086
95000 10.374384 10.374384 10.374384 1.000086 1.000086 1.000086
95100 10.374384 10.374384 10.374384 1.000086 1.000086 1.000086
95200 10.374384 10.374384 10.374384 1.000086 1.000086 1.000086
95300 10.374384 10.374384 10.374384 1.000086 1.000086 1.000086
95400 10.374384 10.374384 10.374384 1.000086 1.000086 1.000086
95500 10.374384 10.374384 10.374384 1.000086 1.000086 1.000086
95600 10.374384 10.374384 10.374384 1.000086 1.000086 1.000086
95700 10.374384 10.374384 10.374384 1.000086 1.000086 1.000086
95800 10.374384 10.374384 10.374384 1.000086 1.000086 1.000086
95900 10.374384 10.374384 10.374384 1.000086 1.000086 1.000086
96000 10.374384 10.374384 10.374384 1.000086 1.000086 1.000086
96100 10.374384 10.374384 10.374384 1.000086 1.000086 1.000086
96200 10.374384 10.374384 10.374384 1.000086 1.000086 1.000086
96300 10.374384 10.374384 10.374384 1.000086 1.000086 1.000086
96400 10.374384 10.374384 10.374384 1.000086 1.000086 1.000086
96500 10.374384 10.374384 10.374384 1.000086 1.000086 1.000086
96600 10.374384 10.374384 10.374384 1.000086 1.000086 1.000086
96700 10.374384 10.374384 10.374384 1.000086 1.000086 1.000086
96800 10.374384 10.374384 10.374384 1.000086 1.000086 1.000086
96900 10.374384 10.374384 10.374384 1.000086 1.000086 1.000086
97000 10.374384 10.374384 10.374384 1.000086 1.000086 1.000086
97100 10.374384 10.374384 10.374384 1.000086 1.000086 1.000086
97200 10.374384 10.374384 10.374384 1.000086 1.000086 1.000086
97300 10.374384 10.374384 10.374384 1.000086 1.000086 1.000086
97400 10.374384 10.374384 10.374384 1.000086 1.000086 1.000086
97500 10.374384 10.374384 10.374384 1.000086 1.000086 1.000086
97600 10.374384 10.374384 10.374384 1.000086 1.000086 1.000086
97700 10.374384 10.374384 10.374384 1.000086 1.000086 1.000086
97800 10.374384 10.374384 10.374384 1.000086 1.000086 1.000086
97900 10.374384 10.374384 10.374384 1.000086 1.000086 1.000086
98000 10.374384 10.374384 10.374384 1.000086 1.000086 1.000086
98100 10.374384 10.374384 10.374384 1.000086 1.000086 1.000086
98200 10.374384 10.374384 10.374384 1.000086 1.000086 1.000086
98300 10.374384 10.374384 10.374384 1.000086 1.000086 1.000086
98400 10.374384 10.374384 10.374384 1.000086 1.000086 1.000086
98500 10.374384 10.374384 10.374384 1.000086 1.000086 1.000086
98600 10.374384 10.374384 10.374384 1.000086 1.000086 1.000086
98700 10.374384 10.374384 10.374384 1.000086 1.000086 1.000086
98800 10.374384 10.374384 10.374384 1.000086 1.000086 1.000086
98900 10.374384 10.374384 10.374384 1.000086 1.000086 1.000086
99000 10.374384 10.374384 10.374384 1.000086 1.000086 1.000086
99100 10.374384 10.374384 10.374384 1.000086 1.000086 1.000086
99200 10.374384 10.374384 10.374384 1.000086 1.000086 1.000086
99300 10.374384 10.374384 10.374384 1.000086 1.000086 1.000086
99400 10.374384 10.374384 10.374384 1.000086 1.000086 1.000086
99500 10.374384 10.374384 10.374384 1.000086 1.000086 1.000086
99600 10.374384 10.374384 10.374384 1.000086 1.000086 1.000086
99700 10.374384 10.374384 10.374384 1.000086 1.000086 1.000086
99800 10.374384 10.374384 10.374384 1.000086 1.000086 1.000086
99900 10.374384 10.374384 10.374384 1.000086 1.000086 1.000086
100000 10.431668 10.431668 10.431668 1.010601 1.010601 1.010601
