# generation power_min power_avg power_max util_min util_avg util_max
1 30.269703 37.191353 46.413601 0.392714 0.545205 0.744294
100 25.766145 30.391633 33.647443 0.295960 0.397271 0.468127
200 20.387874 24.637578 27.650067 0.179743 0.272006 0.336665
300 18.739804 20.322650 21.254878 0.143644 0.178438 0.198148
400 17.287302 18.761862 18.853273 0.112550 0.145026 0.147049
500 17.215115 17.915501 18.853273 0.111161 0.126377 0.147049
600 17.215115 17.259149 17.287302 0.111161 0.112008 0.112550
700 17.215115 17.215115 17.215115 0.111161 0.111161 0.111161
800 17.215115 17.215115 17.215115 0.111161 0.111161 0.111161
900 17.215115 17.215115 17.215115 0.111161 0.111161 0.111161
1000 17.215115 17.215115 17.215115 0.111161 0.111161 0.111161
1100 17.215115 17.215115 17.215115 0.111161 0.111161 0.111161
1200 17.215115 17.215115 17.215115 0.111161 0.111161 0.111161
1300 17.215115 17.215115 17.215115 0.111161 0.111161 0.111161
1400 17.215115 17.215115 17.215115 0.111161 0.111161 0.111161
1500 17.215115 17.215115 17.215115 0.111161 0.111161 0.111161
1600 17.215115 17.215115 17.215115 0.111161 0.111161 0.111161
1700 17.215115 17.215115 17.215115 0.111161 0.111161 0.111161
1800 17.215115 17.215115 17.215115 0.111161 0.111161 0.111161
1900 17.215115 17.215115 17.215115 0.111161 0.111161 0.111161
2000 17.215115 17.215115 17.215115 0.111161 0.111161 0.111161
2100 17.215115 17.215115 17.215115 0.111161 0.111161 0.111161
2200 17.215115 17.215115 17.215115 0.111161 0.111161 0.111161
2300 17.215115 17.215115 17.215115 0.111161 0.111161 0.111161
2400 17.215115 17.215115 17.215115 0.111161 0.111161 0.111161
2500 17.215115 17.215115 17.215115 0.111161 0.111161 0.111161
2600 17.215115 17.215115 17.215115 0.111161 0.111161 0.111161
2700 17.215115 17.215115 17.215115 0.111161 0.111161 0.111161
2800 17.215115 17.215115 17.215115 0.111161 0.111161 0.111161
2900 17.215115 17.215115 17.215115 0.111161 0.111161 0.111161
3000 17.215115 17.215115 17.215115 0.111161 0.111161 0.111161
3100 17.215115 17.215115 17.215115 0.111161 0.111161 0.111161
3200 17.215115 17.215115 17.215115 0.111161 0.111161 0.111161
3300 17.215115 17.215115 17.215115 0.111161 0.111161 0.111161
3400 17.215115 17.215115 17.215115 0.111161 0.111161 0.111161
3500 17.215115 17.215115 17.215115 0.111161 0.111161 0.111161
3600 17.215115 17.215115 17.215115 0.111161 0.111161 0.111161
3700 17.215115 17.215115 17.215115 0.111161 0.111161 0.111161
3800 17.215115 17.215115 17.215115 0.111161 0.111161 0.111161
3900 17.215115 17.215115 17.215115 0.111161 0.111161 0.111161
4000 17.215115 17.215115 17.215115 0.111161 0.111161 0.111161
4100 17.215115 17.215115 17.215115 0.111161 0.111161 0.111161
4200 17.215115 17.215115 17.215115 0.111161 0.111161 0.111161
4300 17.215115 17.215115 17.215115 0.111161 0.111161 0.111161
4400 17.215115 17.215115 17.215115 0.111161 0.111161 0.111161
4500 17.215115 17.215115 17.215115 0.111161 0.111161 0.111161
4600 17.215115 17.215115 17.215115 0.111161 0.111161 0.111161
4700 17.215115 17.215115 17.215115 0.111161 0.111161 0.111161
4800 17.215115 17.215115 17.215115 0.111161 0.111161 0.111161
4900 17.215115 17.215115 17.215115 0.111161 0.111161 0.111161
5000 17.215115 17.215115 17.215115 0.111161 0.111161 0.111161
5100 17.215115 17.215115 17.215115 0.111161 0.111161 0.111161
5200 17.215115 17.215115 17.215115 0.111161 0.111161 0.111161
5300 17.215115 17.215115 17.215115 0.111161 0.111161 0.111161
5400 17.215115 17.215115 17.215115 0.111161 0.111161 0.111161
5500 17.215115 17.215115 17.215115 0.111161 0.111161 0.111161
5600 17.215115 17.215115 17.215115 0.111161 0.111161 0.111161
5700 17.215115 17.215115 17.215115 0.111161 0.111161 0.111161
5800 17.215115 17.215115 17.215115 0.111161 0.111161 0.111161
5900 17.215115 17.215115 17.215115 0.111161 0.111161 0.111161
6000 17.215115 17.215115 17.215115 0.111161 0.111161 0.111161
6100 17.215115 17.215115 17.215115 0.111161 0.111161 0.111161
6200 17.215115 17.215115 17.215115 0.111161 0.111161 0.111161
6300 17.215115 17.215115 17.215115 0.111161 0.111161 0.111161
6400 17.215115 17.215115 17.215115 0.111161 0.111161 0.111161
6500 17.215115 17.215115 17.215115 0.111161 0.111161 0.111161
6600 17.215115 17.215115 17.215115 0.111161 0.111161 0.111161
6700 17.215115 17.215115 17.215115 0.111161 0.111161 0.111161
6800 17.215115 17.215115 17.215115 0.111161 0.111161 0.111161
6900 17.215115 17.215115 17.215115 0.111161 0.111161 0.111161
7000 17.215115 17.215115 17.215115 0.111161 0.111161 0.111161
7100 17.215115 17.215115 17.215115 0.111161 0.111161 0.111161
7200 17.215115 17.215115 17.215115 0.111161 0.111161 0.111161
7300 17.215115 17.215115 17.215115 0.111161 0.111161 0.111161
7400 17.215115 17.215115 17.215115 0.111161 0.111161 0.111161
7500 17.215115 17.215115 17.215115 0.111161 0.111161 0.111161
7600 17.215115 17.215115 17.215115 0.111161 0.111161 0.111161
7700 17.215115 17.215115 17.215115 0.111161 0.111161 0.111161
7800 17.215115 17.215115 17.215115 0.111161 0.111161 0.111161
7900 17.215115 17.215115 17.215115 0.111161 0.111161 0.111161
8000 17.215115 17.215115 17.215115 0.111161 0.111161 0.111161
8100 17.215115 17.215115 17.215115 0.111161 0.111161 0.111161
8200 17.215115 17.215115 17.215115 0.111161 0.111161 0.111161
8300 17.215115 17.215115 17.215115 0.111161 0.111161 0.111161
8400 17.215115 17.215115 17.215115 0.111161 0.111161 0.111161
8500 17.215115 17.215115 17.215115 0.111161 0.111161 0.111161
8600 17.215115 17.215115 17.215115 0.111161 0.111161 0.111161
8700 17.215115 17.215115 17.215115 0.111161 0.111161 0.111161
8800 17.215115 17.215115 17.215115 0.111161 0.111161 0.111161
8900 17.215115 17.215115 17.215115 0.111161 0.111161 0.111161
9000 17.215115 17.215115 17.215115 0.111161 0.111161 0.111161
9100 17.215115 17.215115 17.215115 0.111161 0.111161 0.111161
9200 17.215115 17.215115 17.215115 0.111161 0.111161 0.111161
9300 17.215115 17.215115 17.215115 0.111161 0.111161 0.111161
9400 17.215115 17.215115 17.215115 0.111161 0.111161 0.111161
9500 17.215115 17.215115 17.215115 0.111161 0.111161 0.111161
9600 17.215115 17.215115 17.215115 0.111161 0.111161 0.111161
9700 17.215115 17.215115 17.215115 0.111161 0.111161 0.111161
9800 17.215115 17.215115 17.215115 0.111161 0.111161 0.111161
9900 17.215115 17.215115 17.215115 0.111161 0.111161 0.111161
10000 17.215115 17.215115 17.215115 0.111161 0.111161 0.111161
10100 17.215115 17.215115 17.215115 0.111161 0.111161 0.111161
10200 17.215115 17.215115 17.215115 0.111161 0.111161 0.111161
10300 17.215115 17.215115 17.215115 0.111161 0.111161 0.111161
10400 17.215115 17.215115 17.215115 0.111161 0.111161 0.111161
10500 17.215115 17.215115 17.215115 0.111161 0.111161 0.111161
10600 17.215115 17.215115 17.215115 0.111161 0.111161 0.111161
10700 17.215115 17.215115 17.215115 0.111161 0.111161 0.111161
10800 17.215115 17.215115 17.215115 0.111161 0.111161 0.111161
10900 17.215115 17.215115 17.215115 0.111161 0.111161 0.111161
11000 17.215115 17.215115 17.215115 0.111161 0.111161 0.111161
11100 17.215115 17.215115 17.215115 0.111161 0.111161 0.111161
11200 17.215115 17.215115 17.215115 0.111161 0.111161 0.111161
11300 17.215115 17.215115 17.215115 0.111161 0.111161 0.111161
11400 17.215115 17.215115 17.215115 0.111161 0.111161 0.111161
11500 17.215115 17.215115 17.215115 0.111161 0.111161 0.111161
11600 17.215115 17.215115 17.215115 0.111161 0.111161 0.111161
11700 17.215115 17.215115 17.215115 0.111161 0.111161 0.111161
11800 17.215115 17.215115 17.215115 0.111161 0.111161 0.111161
11900 17.215115 17.215115 17.215115 0.111161 0.111161 0.111161
12000 17.215115 17.215115 17.215115 0.111161 0.111161 0.111161
12100 17.215115 17.215115 17.215115 0.111161 0.111161 0.111161
12200 17.215115 17.215115 17.215115 0.111161 0.111161 0.111161
12300 17.215115 17.215115 17.215115 0.111161 0.111161 0.111161
12400 17.215115 17.215115 17.215115 0.111161 0.111161 0.111161
12500 17.215115 17.215115 17.215115 0.111161 0.111161 0.111161
12600 17.215115 17.215115 17.215115 0.111161 0.111161 0.111161
12700 17.215115 17.215115 17.215115 0.111161 0.111161 0.111161
12800 17.215115 17.215115 17.215115 0.111161 0.111161 0.111161
12900 17.215115 17.215115 17.215115 0.111161 0.111161 0.111161
13000 17.215115 17.215115 17.215115 0.111161 0.111161 0.111161
13100 17.215115 17.215115 17.215115 0.111161 0.111161 0.111161
13200 17.215115 17.215115 17.215115 0.111161 0.111161 0.111161
13300 17.215115 17.215115 17.215115 0.111161 0.111161 0.111161
13400 17.215115 17.215115 17.215115 0.111161 0.111161 0.111161
13500 17.215115 17.215115 17.215115 0.111161 0.111161 0.111161
13600 17.215115 17.215115 17.215115 0.111161 0.111161 0.111161
13700 17.215115 17.215115 17.215115 0.111161 0.111161 0.111161
13800 17.215115 17.215115 17.215115 0.111161 0.111161 0.111161
13900 17.215115 17.215115 17.215115 0.111161 0.111161 0.111161
14000 17.215115 17.215115 17.215115 0.111161 0.111161 0.111161
14100 17.215115 17.215115 17.215115 0.111161 0.111161 0.111161
14200 17.215115 17.215115 17.215115 0.111161 0.111161 0.111161
14300 17.215115 17.215115 17.215115 0.111161 0.111161 0.111161
14400 17.215115 17.215115 17.215115 0.111161 0.111161 0.111161
14500 17.215115 17.215115 17.215115 0.111161 0.111161 0.111161
14600 17.215115 17.215115 17.215115 0.111161 0.111161 0.111161
14700 17.215115 17.215115 17.215115 0.111161 0.111161 0.111161
14800 17.215115 17.215115 17.215115 0.111161 0.111161 0.111161
14900 17.215115 17.215115 17.215115 0.111161 0.111161 0.111161
15000 17.215115 17.215115 17.215115 0.111161 0.111161 0.111161
15100 17.215115 17.215115 17.215115 0.111161 0.111161 0.111161
15200 17.215115 17.215115 17.215115 0.111161 0.111161 0.111161
15300 17.215115 17.215115 17.215115 0.111161 0.111161 0.111161
15400 17.215115 17.215115 17.215115 0.111161 0.111161 0.111161
15500 17.215115 17.215115 17.215115 0.111161 0.111161 0.111161
15600 17.215115 17.215115 17.215115 0.111161 0.111161 0.111161
15700 17.215115 17.215115 17.215115 0.111161 0.111161 0.111161
15800 17.215115 17.215115 17.215115 0.111161 0.111161 0.111161
15900 17.215115 17.215115 17.215115 0.111161 0.111161 0.111161
16000 17.215115 17.215115 17.215115 0.111161 0.111161 0.111161
16100 17.215115 17.215115 17.215115 0.111161 0.111161 0.111161
16200 17.215115 17.215115 17.215115 0.111161 0.111161 0.111161
16300 17.215115 17.215115 17.215115 0.111161 0.111161 0.111161
16400 17.215115 17.215115 17.215115 0.111161 0.111161 0.111161
16500 17.215115 17.215115 17.215115 0.111161 0.111161 0.111161
16600 17.215115 17.215115 17.215115 0.111161 0.111161 0.111161
16700 17.215115 17.215115 17.215115 0.111161 0.111161 0.111161
16800 17.215115 17.215115 17.215115 0.111161 0.111161 0.111161
16900 17.215115 17.215115 17.215115 0.111161 0.111161 0.111161
17000 17.215115 17.215115 17.215115 0.111161 0.111161 0.111161
17100 17.215115 17.215115 17.215115 0.111161 0.111161 0.111161
17200 17.215115 17.215115 17.215115 0.111161 0.111161 0.111161
17300 17.215115 17.215115 17.215115 0.111161 0.111161 0.111161
17400 17.215115 17.215115 17.215115 0.111161 0.111161 0.111161
17500 17.215115 17.215115 17.215115 0.111161 0.111161 0.111161
17600 17.215115 17.215115 17.215115 0.111161 0.111161 0.111161
17700 17.215115 17.215115 17.215115 0.111161 0.111161 0.111161
17800 17.215115 17.215115 17.215115 0.111161 0.111161 0.111161
17900 17.215115 17.215115 17.215115 0.111161 0.111161 0.111161
18000 17.215115 17.215115 17.215115 0.111161 0.111161 0.111161
18100 17.215115 17.215115 17.215115 0.111161 0.111161 0.111161
18200 17.215115 17.215115 17.215115 0.111161 0.111161 0.111161
18300 17.215115 17.215115 17.215115 0.111161 0.111161 0.111161
18400 17.215115 17.215115 17.215115 0.111161 0.111161 0.111161
18500 17.215115 17.215115 17.215115 0.111161 0.111161 0.111161
18600 17.215115 17.215115 17.215115 0.111161 0.111161 0.111161
18700 17.215115 17.215115 17.215115 0.111161 0.111161 0.111161
18800 17.215115 17.215115 17.215115 0.111161 0.111161 0.111161
18900 17.215115 17.215115 17.215115 0.111161 0.111161 0.111161
19000 17.215115 17.215115 17.215115 0.111161 0.111161 0.111161
19100 17.215115 17.215115 17.215115 0.111161 0.111161 0.111161
19200 17.215115 17.215115 17.215115 0.111161 0.111161 0.111161
19300 17.215115 17.215115 17.215115 0.111161 0.111161 0.111161
19400 17.215115 17.215115 17.215115 0.111161 0.111161 0.111161
19500 17.215115 17.215115 17.215115 0.111161 0.111161 0.111161
19600 17.215115 17.215115 17.215115 0.111161 0.111161 0.111161
19700 17.215115 17.215115 17.215115 0.111161 0.111161 0.111161
19800 17.215115 17.215115 17.215115 0.111161 0.111161 0.111161
19900 17.215115 17.215115 17.215115 0.111161 0.111161 0.111161
20000 17.215115 17.215115 17.215115 0.111161 0.111161 0.111161
20100 17.215115 17.215115 17.215115 0.111161 0.111161 0.111161
20200 17.215115 17.215115 17.215115 0.111161 0.111161 0.111161
20300 17.215115 17.215115 17.215115 0.111161 0.111161 0.111161
20400 17.215115 17.215115 17.215115 0.111161 0.111161 0.111161
20500 17.215115 17.215115 17.215115 0.111161 0.111161 0.111161
20600 17.215115 17.215115 17.215115 0.111161 0.111161 0.111161
20700 17.215115 17.215115 17.215115 0.111161 0.111161 0.111161
20800 17.215115 17.215115 17.215115 0.111161 0.111161 0.111161
20900 17.215115 17.215115 17.215115 0.111161 0.111161 0.111161
21000 17.215115 17.215115 17.215115 0.111161 0.111161 0.111161
21100 17.215115 17.215115 17.215115 0.111161 0.111161 0.111161
21200 17.215115 17.215115 17.215115 0.111161 0.111161 0.111161
21300 17.215115 17.215115 17.215115 0.111161 0.111161 0.111161
21400 17.215115 17.215115 17.215115 0.111161 0.111161 0.111161
21500 17.215115 17.215115 17.215115 0.111161 0.111161 0.111161
21600 17.215115 17.215115 17.215115 0.111161 0.111161 0.111161
21700 17.215115 17.215115 17.215115 0.111161 0.111161 0.111161
21800 17.215115 17.215115 17.215115 0.111161 0.111161 0.111161
21900 17.215115 17.215115 17.215115 0.111161 0.111161 0.111161
22000 17.215115 17.215115 17.215115 0.111161 0.111161 0.111161
22100 17.215115 17.215115 17.215115 0.111161 0.111161 0.111161
22200 17.215115 17.215115 17.215115 0.111161 0.111161 0.111161
22300 17.215115 17.215115 17.215115 0.111161 0.111161 0.111161
22400 17.215115 17.215115 17.215115 0.111161 0.111161 0.111161
22500 17.215115 17.215115 17.215115 0.111161 0.111161 0.111161
22600 17.215115 17.215115 17.215115 0.111161 0.111161 0.111161
22700 17.215115 17.215115 17.215115 0.111161 0.111161 0.111161
22800 17.215115 17.215115 17.215115 0.111161 0.111161 0.111161
22900 17.215115 17.215115 17.215115 0.111161 0.111161 0.111161
23000 17.215115 17.215115 17.215115 0.111161 0.111161 0.111161
23100 17.215115 17.215115 17.215115 0.111161 0.111161 0.111161
23200 17.215115 17.215115 17.215115 0.111161 0.111161 0.111161
23300 17.215115 17.215115 17.215115 0.111161 0.111161 0.111161
23400 17.215115 17.215115 17.215115 0.111161 0.111161 0.111161
23500 17.215115 17.215115 17.215115 0.111161 0.111161 0.111161
23600 17.215115 17.215115 17.215115 0.111161 0.111161 0.111161
23700 17.215115 17.215115 17.215115 0.111161 0.111161 0.111161
23800 17.215115 17.215115 17.215115 0.111161 0.111161 0.111161
23900 17.215115 17.215115 17.215115 0.111161 0.111161 0.111161
24000 17.215115 17.215115 17.215115 0.111161 0.111161 0.111161
24100 17.215115 17.215115 17.215115 0.111161 0.111161 0.111161
24200 17.215115 17.215115 17.215115 0.111161 0.111161 0.111161
24300 17.215115 17.215115 17.215115 0.111161 0.111161 0.111161
24400 17.215115 17.215115 17.215115 0.111161 0.111161 0.111161
24500 17.215115 17.215115 17.215115 0.111161 0.111161 0.111161
24600 17.215115 17.215115 17.215115 0.111161 0.111161 0.111161
24700 17.215115 17.215115 17.215115 0.111161 0.111161 0.111161
24800 17.215115 17.215115 17.215115 0.111161 0.111161 0.111161
24900 17.215115 17.215115 17.215115 0.111161 0.111161 0.111161
25000 17.215115 17.215115 17.215115 0.111161 0.111161 0.111161
25100 17.215115 17.215115 17.215115 0.111161 0.111161 0.111161
25200 17.215115 17.215115 17.215115 0.111161 0.111161 0.111161
25300 17.215115 17.215115 17.215115 0.111161 0.111161 0.111161
25400 17.215115 17.215115 17.215115 0.111161 0.111161 0.111161
25500 17.215115 17.215115 17.215115 0.111161 0.111161 0.111161
25600 17.215115 17.215115 17.215115 0.111161 0.111161 0.111161
25700 17.215115 17.215115 17.215115 0.111161 0.111161 0.111161
25800 17.215115 17.215115 17.215115 0.111161 0.111161 0.111161
25900 17.215115 17.215115 17.215115 0.111161 0.111161 0.111161
26000 17.215115 17.215115 17.215115 0.111161 0.111161 0.111161
26100 17.215115 17.215115 17.215115 0.111161 0.111161 0.111161
26200 17.215115 17.215115 17.215115 0.111161 0.111161 0.111161
26300 17.215115 17.215115 17.215115 0.111161 0.111161 0.111161
26400 17.215115 17.215115 17.215115 0.111161 0.111161 0.111161
26500 17.215115 17.215115 17.215115 0.111161 0.111161 0.111161
26600 17.215115 17.215115 17.215115 0.111161 0.111161 0.111161
26700 17.215115 17.215115 17.215115 0.111161 0.111161 0.111161
26800 17.215115 17.215115 17.215115 0.111161 0.111161 0.111161
26900 17.215115 17.215115 17.215115 0.111161 0.111161 0.111161
27000 17.215115 17.215115 17.215115 0.111161 0.111161 0.111161
27100 17.215115 17.215115 17.215115 0.111161 0.111161 0.111161
27200 17.215115 17.215115 17.215115 0.111161 0.111161 0.111161
27300 17.215115 17.215115 17.215115 0.111161 0.111161 0.111161
27400 17.215115 17.215115 17.215115 0.111161 0.111161 0.111161
27500 17.215115 17.215115 17.215115 0.111161 0.111161 0.111161
27600 17.215115 17.215115 17.215115 0.111161 0.111161 0.111161
27700 17.215115 17.215115 17.215115 0.111161 0.111161 0.111161
27800 17.215115 17.215115 17.215115 0.111161 0.111161 0.111161
27900 17.215115 17.215115 17.215115 0.111161 0.111161 0.111161
28000 17.215115 17.215115 17.215115 0.111161 0.111161 0.111161
28100 17.215115 17.215115 17.215115 0.111161 0.111161 0.111161
28200 17.215115 17.215115 17.215115 0.111161 0.111161 0.111161
28300 17.215115 17.215115 17.215115 0.111161 0.111161 0.111161
28400 17.215115 17.215115 17.215115 0.111161 0.111161 0.111161
28500 17.215115 17.215115 17.215115 0.111161 0.111161 0.111161
28600 17.215115 17.215115 17.215115 0.111161 0.111161 0.111161
28700 17.215115 17.215115 17.215115 0.111161 0.111161 0.111161
28800 17.215115 17.215115 17.215115 0.111161 0.111161 0.111161
28900 17.215115 17.215115 17.215115 0.111161 0.111161 0.111161
29000 17.215115 17.215115 17.215115 0.111161 0.111161 0.111161
29100 17.215115 17.215115 17.215115 0.111161 0.111161 0.111161
29200 17.215115 17.215115 17.215115 0.111161 0.111161 0.111161
29300 17.215115 17.215115 17.215115 0.111161 0.111161 0.111161
29400 17.215115 17.215115 17.215115 0.111161 0.111161 0.111161
29500 17.215115 17.215115 17.215115 0.111161 0.111161 0.111161
29600 17.215115 17.215115 17.215115 0.111161 0.111161 0.111161
29700 17.215115 17.215115 17.215115 0.111161 0.111161 0.111161
29800 17.215115 17.215115 17.215115 0.111161 0.111161 0.111161
29900 17.215115 17.215115 17.215115 0.111161 0.111161 0.111161
30000 17.215115 17.215115 17.215115 0.111161 0.111161 0.111161
30100 17.215115 17.215115 17.215115 0.111161 0.111161 0.111161
30200 17.215115 17.215115 17.215115 0.111161 0.111161 0.111161
30300 17.215115 17.215115 17.215115 0.111161 0.111161 0.111161
30400 17.215115 17.215115 17.215115 0.111161 0.111161 0.111161
30500 17.215115 17.215115 17.215115 0.111161 0.111161 0.111161
30600 17.215115 17.215115 17.215115 0.111161 0.111161 0.111161
30700 17.215115 17.215115 17.215115 0.111161 0.111161 0.111161
30800 17.215115 17.215115 17.215115 0.111161 0.111161 0.111161
30900 17.215115 17.215115 17.215115 0.111161 0.111161 0.111161
31000 17.215115 17.215115 17.215115 0.111161 0.111161 0.111161
31100 17.215115 17.215115 17.215115 0.111161 0.111161 0.111161
31200 17.215115 17.215115 17.215115 0.111161 0.111161 0.111161
31300 17.215115 17.215115 17.215115 0.111161 0.111161 0.111161
31400 17.215115 17.215115 17.215115 0.111161 0.111161 0.111161
31500 17.215115 17.215115 17.215115 0.111161 0.111161 0.111161
31600 17.215115 17.215115 17.215115 0.111161 0.111161 0.111161
31700 17.215115 17.215115 17.215115 0.111161 0.111161 0.111161
31800 17.215115 17.215115 17.215115 0.111161 0.111161 0.111161
31900 17.215115 17.215115 17.215115 0.111161 0.111161 0.111161
32000 17.215115 17.215115 17.215115 0.111161 0.111161 0.111161
32100 17.215115 17.215115 17.215115 0.111161 0.111161 0.111161
32200 17.215115 17.215115 17.215115 0.111161 0.111161 0.111161
32300 17.215115 17.215115 17.215115 0.111161 0.111161 0.111161
32400 17.215115 17.215115 17.215115 0.111161 0.111161 0.111161
32500 17.215115 17.215115 17.215115 0.111161 0.111161 0.111161
32600 17.215115 17.215115 17.215115 0.111161 0.111161 0.111161
32700 17.215115 17.215115 17.215115 0.111161 0.111161 0.111161
32800 17.215115 17.215115 17.215115 0.111161 0.111161 0.111161
32900 17.215115 17.215115 17.215115 0.111161 0.111161 0.111161
33000 17.215115 17.215115 17.215115 0.111161 0.111161 0.111161
33100 17.215115 17.215115 17.215115 0.111161 0.111161 0.111161
33200 17.215115 17.215115 17.215115 0.111161 0.111161 0.111161
33300 17.215115 17.215115 17.215115 0.111161 0.111161 0.111161
33400 17.215115 17.215115 17.215115 0.111161 0.111161 0.111161
33500 17.215115 17.215115 17.215115 0.111161 0.111161 0.111161
33600 17.215115 17.215115 17.215115 0.111161 0.111161 0.111161
33700 17.215115 17.215115 17.215115 0.111161 0.111161 0.111161
33800 17.215115 17.215115 17.215115 0.111161 0.111161 0.111161
33900 17.215115 17.215115 17.215115 0.111161 0.111161 0.111161
34000 17.215115 17.215115 17.215115 0.111161 0.111161 0.111161
34100 17.215115 17.215115 17.215115 0.111161 0.111161 0.111161
34200 17.215115 17.215115 17.215115 0.111161 0.111161 0.111161
34300 17.215115 17.215115 17.215115 0.111161 0.111161 0.111161
34400 17.215115 17.215115 17.215115 0.111161 0.111161 0.111161
34500 17.215115 17.215115 17.215115 0.111161 0.111161 0.111161
34600 17.215115 17.215115 17.215115 0.111161 0.111161 0.111161
34700 17.215115 17.215115 17.215115 0.111161 0.111161 0.111161
34800 17.215115 17.215115 17.215115 0.111161 0.111161 0.111161
34900 17.215115 17.215115 17.215115 0.111161 0.111161 0.111161
35000 17.215115 17.215115 17.215115 0.111161 0.111161 0.111161
35100 17.215115 17.215115 17.215115 0.111161 0.111161 0.111161
35200 17.215115 17.215115 17.215115 0.111161 0.111161 0.111161
35300 17.215115 17.215115 17.215115 0.111161 0.111161 0.111161
35400 17.215115 17.215115 17.215115 0.111161 0.111161 0.111161
35500 17.215115 17.215115 17.215115 0.111161 0.111161 0.111161
35600 17.215115 17.215115 17.215115 0.111161 0.111161 0.111161
35700 17.215115 17.215115 17.215115 0.111161 0.111161 0.111161
35800 17.215115 17.215115 17.215115 0.111161 0.111161 0.111161
35900 17.215115 17.215115 17.215115 0.111161 0.111161 0.111161
36000 17.215115 17.215115 17.215115 0.111161 0.111161 0.111161
36100 17.215115 17.215115 17.215115 0.111161 0.111161 0.111161
36200 17.215115 17.215115 17.215115 0.111161 0.111161 0.111161
36300 17.215115 17.215115 17.215115 0.111161 0.111161 0.111161
36400 17.215115 17.215115 17.215115 0.111161 0.111161 0.111161
36500 17.215115 17.215115 17.215115 0.111161 0.111161 0.111161
36600 17.215115 17.215115 17.215115 0.111161 0.111161 0.111161
36700 17.215115 17.215115 17.215115 0.111161 0.111161 0.111161
36800 17.215115 17.215115 17.215115 0.111161 0.111161 0.111161
36900 17.215115 17.215115 17.215115 0.111161 0.111161 0.111161
37000 17.215115 17.215115 17.215115 0.111161 0.111161 0.111161
37100 17.215115 17.215115 17.215115 0.111161 0.111161 0.111161
37200 17.215115 17.215115 17.215115 0.111161 0.111161 0.111161
37300 17.215115 17.215115 17.215115 0.111161 0.111161 0.111161
37400 17.215115 17.215115 17.215115 0.111161 0.111161 0.111161
37500 17.215115 17.215115 17.215115 0.111161 0.111161 0.111161
37600 17.215115 17.215115 17.215115 0.111161 0.111161 0.111161
37700 17.215115 17.215115 17.215115 0.111161 0.111161 0.111161
37800 17.215115 17.215115 17.215115 0.111161 0.111161 0.111161
37900 17.215115 17.215115 17.215115 0.111161 0.111161 0.111161
38000 17.215115 17.215115 17.215115 0.111161 0.111161 0.111161
38100 17.215115 17.215115 17.215115 0.111161 0.111161 0.111161
38200 17.215115 17.215115 17.215115 0.111161 0.111161 0.111161
38300 17.215115 17.215115 17.215115 0.111161 0.111161 0.111161
38400 17.215115 17.215115 17.215115 0.111161 0.111161 0.111161
38500 17.215115 17.215115 17.215115 0.111161 0.111161 0.111161
38600 17.215115 17.215115 17.215115 0.111161 0.111161 0.111161
38700 17.215115 17.215115 17.215115 0.111161 0.111161 0.111161
38800 17.215115 17.215115 17.215115 0.111161 0.111161 0.111161
38900 17.215115 17.215115 17.215115 0.111161 0.111161 0.111161
39000 17.215115 17.215115 17.215115 0.111161 0.111161 0.111161
39100 17.215115 17.215115 17.215115 0.111161 0.111161 0.111161
39200 17.215115 17.215115 17.215115 0.111161 0.111161 0.111161
39300 17.215115 17.215115 17.215115 0.111161 0.111161 0.111161
39400 17.215115 17.215115 17.215115 0.111161 0.111161 0.111161
39500 17.215115 17.215115 17.215115 0.111161 0.111161 0.111161
39600 17.215115 17.215115 17.215115 0.111161 0.111161 0.111161
39700 17.215115 17.215115 17.215115 0.111161 0.111161 0.111161
39800 17.215115 17.215115 17.215115 0.111161 0.111161 0.111161
39900 17.215115 17.215115 17.215115 0.111161 0.111161 0.111161
40000 17.215115 17.215115 17.215115 0.111161 0.111161 0.111161
40100 17.215115 17.215115 17.215115 0.111161 0.111161 0.111161
40200 17.215115 17.215115 17.215115 0.111161 0.111161 0.111161
40300 17.215115 17.215115 17.215115 0.111161 0.111161 0.111161
40400 17.215115 17.215115 17.215115 0.111161 0.111161 0.111161
40500 17.215115 17.215115 17.215115 0.111161 0.111161 0.111161
40600 17.215115 17.215115 17.215115 0.111161 0.111161 0.111161
40700 17.215115 17.215115 17.215115 0.111161 0.111161 0.111161
40800 17.215115 17.215115 17.215115 0.111161 0.111161 0.111161
40900 17.215115 17.215115 17.215115 0.111161 0.111161 0.111161
41000 17.215115 17.215115 17.215115 0.111161 0.111161 0.111161
41100 17.215115 17.215115 17.215115 0.111161 0.111161 0.111161
41200 17.215115 17.215115 17.215115 0.111161 0.111161 0.111161
41300 17.215115 17.215115 17.215115 0.111161 0.111161 0.111161
41400 17.215115 17.215115 17.215115 0.111161 0.111161 0.111161
41500 17.215115 17.215115 17.215115 0.111161 0.111161 0.111161
41600 17.215115 17.215115 17.215115 0.111161 0.111161 0.111161
41700 17.215115 17.215115 17.215115 0.111161 0.111161 0.111161
41800 17.215115 17.215115 17.215115 0.111161 0.111161 0.111161
41900 17.215115 17.215115 17.215115 0.111161 0.111161 0.111161
42000 17.215115 17.215115 17.215115 0.111161 0.111161 0.111161
42100 17.215115 17.215115 17.215115 0.111161 0.111161 0.111161
42200 17.215115 17.215115 17.215115 0.111161 0.111161 0.111161
42300 17.215115 17.215115 17.215115 0.111161 0.111161 0.111161
42400 17.215115 17.215115 17.215115 0.111161 0.111161 0.111161
42500 17.215115 17.215115 17.215115 0.111161 0.111161 0.111161
42600 17.215115 17.215115 17.215115 0.111161 0.111161 0.111161
42700 17.215115 17.215115 17.215115 0.111161 0.111161 0.111161
42800 17.215115 17.215115 17.215115 0.111161 0.111161 0.111161
42900 17.215115 17.215115 17.215115 0.111161 0.111161 0.111161
43000 17.215115 17.215115 17.215115 0.111161 0.111161 0.111161
43100 17.215115 17.215115 17.215115 0.111161 0.111161 0.111161
43200 17.215115 17.215115 17.215115 0.111161 0.111161 0.111161
43300 17.215115 17.215115 17.215115 0.111161 0.111161 0.111161
43400 17.215115 17.215115 17.215115 0.111161 0.111161 0.111161
43500 17.215115 17.215115 17.215115 0.111161 0.111161 0.111161
43600 17.215115 17.215115 17.215115 0.111161 0.111161 0.111161
43700 17.215115 17.215115 17.215115 0.111161 0.111161 0.111161
43800 17.215115 17.215115 17.215115 0.111161 0.111161 0.111161
43900 17.215115 17.215115 17.215115 0.111161 0.111161 0.111161
44000 17.215115 17.215115 17.215115 0.111161 0.111161 0.111161
44100 17.215115 17.215115 17.215115 0.111161 0.111161 0.111161
44200 17.215115 17.215115 17.215115 0.111161 0.111161 0.111161
44300 17.215115 17.215115 17.215115 0.111161 0.111161 0.111161
44400 17.215115 17.215115 17.215115 0.111161 0.111161 0.111161
44500 17.215115 17.215115 17.215115 0.111161 0.111161 0.111161
44600 17.215115 17.215115 17.215115 0.111161 0.111161 0.111161
44700 17.215115 17.215115 17.215115 0.111161 0.111161 0.111161
44800 17.215115 17.215115 17.215115 0.111161 0.111161 0.111161
44900 17.215115 17.215115 17.215115 0.111161 0.111161 0.111161
45000 17.215115 17.215115 17.215115 0.111161 0.111161 0.111161
45100 17.215115 17.215115 17.215115 0.111161 0.111161 0.111161
45200 17.215115 17.215115 17.215115 0.111161 0.111161 0.111161
45300 17.215115 17.215115 17.215115 0.111161 0.111161 0.111161
45400 17.215115 17.215115 17.215115 0.111161 0.111161 0.111161
45500 17.215115 17.215115 17.215115 0.111161 0.111161 0.111161
45600 17.215115 17.215115 17.215115 0.111161 0.111161 0.111161
45700 17.215115 17.215115 17.215115 0.111161 0.111161 0.111161
45800 17.215115 17.215115 17.215115 0.111161 0.111161 0.111161
45900 17.215115 17.215115 17.215115 0.111161 0.111161 0.111161
46000 17.215115 17.215115 17.215115 0.111161 0.111161 0.111161
46100 17.215115 17.215115 17.215115 0.111161 0.111161 0.111161
46200 17.215115 17.215115 17.215115 0.111161 0.111161 0.111161
46300 17.215115 17.215115 17.215115 0.111161 0.111161 0.111161
46400 17.215115 17.215115 17.215115 0.111161 0.111161 0.111161
46500 17.215115 17.215115 17.215115 0.111161 0.111161 0.111161
46600 17.215115 17.215115 17.215115 0.111161 0.111161 0.111161
46700 17.215115 17.215115 17.215115 0.111161 0.111161 0.111161
46800 17.215115 17.215115 17.215115 0.111161 0.111161 0.111161
46900 17.215115 17.215115 17.215115 0.111161 0.111161 0.111161
47000 17.215115 17.215115 17.215115 0.111161 0.111161 0.111161
47100 17.215115 17.215115 17.215115 0.111161 0.111161 0.111161
47200 17.215115 17.215115 17.215115 0.111161 0.111161 0.111161
47300 17.215115 17.215115 17.215115 0.111161 0.111161 0.111161
47400 17.215115 17.215115 17.215115 0.111161 0.111161 0.111161
47500 17.215115 17.215115 17.215115 0.111161 0.111161 0.111161
47600 17.215115 17.215115 17.215115 0.111161 0.111161 0.111161
47700 17.215115 17.215115 17.215115 0.111161 0.111161 0.111161
47800 17.215115 17.215115 17.215115 0.111161 0.111161 0.111161
47900 17.215115 17.215115 17.215115 0.111161 0.111161 0.111161
48000 17.215115 17.215115 17.215115 0.111161 0.111161 0.111161
48100 17.215115 17.215115 17.215115 0.111161 0.111161 0.111161
48200 17.215115 17.215115 17.215115 0.111161 0.111161 0.111161
48300 17.215115 17.215115 17.215115 0.111161 0.111161 0.111161
48400 17.215115 17.215115 17.215115 0.111161 0.111161 0.111161
48500 17.215115 17.215115 17.215115 0.111161 0.111161 0.111161
48600 17.215115 17.215115 17.215115 0.111161 0.111161 0.111161
48700 17.215115 17.215115 17.215115 0.111161 0.111161 0.111161
48800 17.215115 17.215115 17.215115 0.111161 0.111161 0.111161
48900 17.215115 17.215115 17.215115 0.111161 0.111161 0.111161
49000 17.215115 17.215115 17.215115 0.111161 0.111161 0.111161
49100 17.215115 17.215115 17.215115 0.111161 0.111161 0.111161
49200 17.215115 17.215115 17.215115 0.111161 0.111161 0.111161
49300 17.215115 17.215115 17.215115 0.111161 0.111161 0.111161
49400 17.215115 17.215115 17.215115 0.111161 0.111161 0.111161
49500 17.215115 17.215115 17.215115 0.111161 0.111161 0.111161
49600 17.215115 17.215115 17.215115 0.111161 0.111161 0.111161
49700 17.215115 17.215115 17.215115 0.111161 0.111161 0.111161
49800 17.215115 17.215115 17.215115 0.111161 0.111161 0.111161
49900 17.215115 17.215115 17.215115 0.111161 0.111161 0.111161
50000 17.215115 17.215115 17.215115 0.111161 0.111161 0.111161
50100 17.215115 17.215115 17.215115 0.111161 0.111161 0.111161
50200 17.215115 17.215115 17.215115 0.111161 0.111161 0.111161
50300 17.215115 17.215115 17.215115 0.111161 0.111161 0.111161
50400 17.215115 17.215115 17.215115 0.111161 0.111161 0.111161
50500 17.215115 17.215115 17.215115 0.111161 0.111161 0.111161
50600 17.215115 17.215115 17.215115 0.111161 0.111161 0.111161
50700 17.215115 17.215115 17.215115 0.111161 0.111161 0.111161
50800 17.215115 17.215115 17.215115 0.111161 0.111161 0.111161
50900 17.215115 17.215115 17.215115 0.111161 0.111161 0.111161
51000 17.215115 17.215115 17.215115 0.111161 0.111161 0.111161
51100 17.215115 17.215115 17.215115 0.111161 0.111161 0.111161
51200 17.215115 17.215115 17.215115 0.111161 0.111161 0.111161
51300 17.215115 17.215115 17.215115 0.111161 0.111161 0.111161
51400 17.215115 17.215115 17.215115 0.111161 0.111161 0.111161
51500 17.215115 17.215115 17.215115 0.111161 0.111161 0.111161
51600 17.215115 17.215115 17.215115 0.111161 0.111161 0.111161
51700 17.215115 17.215115 17.215115 0.111161 0.111161 0.111161
51800 17.215115 17.215115 17.215115 0.111161 0.111161 0.111161
51900 17.215115 17.215115 17.215115 0.111161 0.111161 0.111161
52000 17.215115 17.215115 17.215115 0.111161 0.111161 0.111161
52100 17.215115 17.215115 17.215115 0.111161 0.111161 0.111161
52200 17.215115 17.215115 17.215115 0.111161 0.111161 0.111161
52300 17.215115 17.215115 17.215115 0.111161 0.111161 0.111161
52400 17.215115 17.215115 17.215115 0.111161 0.111161 0.111161
52500 17.215115 17.215115 17.215115 0.111161 0.111161 0.111161
52600 17.215115 17.215115 17.215115 0.111161 0.111161 0.111161
52700 17.215115 17.215115 17.215115 0.111161 0.111161 0.111161
52800 17.215115 17.215115 17.215115 0.111161 0.111161 0.111161
52900 17.215115 17.215115 17.215115 0.111161 0.111161 0.111161
53000 17.215115 17.215115 17.215115 0.111161 0.111161 0.111161
53100 17.215115 17.215115 17.215115 0.111161 0.111161 0.111161
53200 17.215115 17.215115 17.215115 0.111161 0.111161 0.111161
53300 17.215115 17.215115 17.215115 0.111161 0.111161 0.111161
53400 17.215115 17.215115 17.215115 0.111161 0.111161 0.111161
53500 17.215115 17.215115 17.215115 0.111161 0.111161 0.111161
53600 17.215115 17.215115 17.215115 0.111161 0.111161 0.111161
53700 17.215115 17.215115 17.215115 0.111161 0.111161 0.111161
53800 17.215115 17.215115 17.215115 0.111161 0.111161 0.111161
53900 17.215115 17.215115 17.215115 0.111161 0.111161 0.111161
54000 17.215115 17.215115 17.215115 0.111161 0.111161 0.111161
54100 17.215115 17.215115 17.215115 0.111161 0.111161 0.111161
54200 17.215115 17.215115 17.215115 0.111161 0.111161 0.111161
54300 17.215115 17.215115 17.215115 0.111161 0.111161 0.111161
54400 17.215115 17.215115 17.215115 0.111161 0.111161 0.111161
54500 17.215115 17.215115 17.215115 0.111161 0.111161 0.111161
54600 17.215115 17.215115 17.215115 0.111161 0.111161 0.111161
54700 17.215115 17.215115 17.215115 0.111161 0.111161 0.111161
54800 17.215115 17.215115 17.215115 0.111161 0.111161 0.111161
54900 17.215115 17.215115 17.215115 0.111161 0.111161 0.111161
55000 17.215115 17.215115 17.215115 0.111161 0.111161 0.111161
55100 17.215115 17.215115 17.215115 0.111161 0.111161 0.111161
55200 17.215115 17.215115 17.215115 0.111161 0.111161 0.111161
55300 17.215115 17.215115 17.215115 0.111161 0.111161 0.111161
55400 17.215115 17.215115 17.215115 0.111161 0.111161 0.111161
55500 17.215115 17.215115 17.215115 0.111161 0.111161 0.111161
55600 17.215115 17.215115 17.215115 0.111161 0.111161 0.111161
55700 17.215115 17.215115 17.215115 0.111161 0.111161 0.111161
55800 17.215115 17.215115 17.215115 0.111161 0.111161 0.111161
55900 17.215115 17.215115 17.215115 0.111161 0.111161 0.111161
56000 17.215115 17.215115 17.215115 0.111161 0.111161 0.111161
56100 17.215115 17.215115 17.215115 0.111161 0.111161 0.111161
56200 17.215115 17.215115 17.215115 0.111161 0.111161 0.111161
56300 17.215115 17.215115 17.215115 0.111161 0.111161 0.111161
56400 17.215115 17.215115 17.215115 0.111161 0.111161 0.111161
56500 17.215115 17.215115 17.215115 0.111161 0.111161 0.111161
56600 17.215115 17.215115 17.215115 0.111161 0.111161 0.111161
56700 17.215115 17.215115 17.215115 0.111161 0.111161 0.111161
56800 17.215115 17.215115 17.215115 0.111161 0.111161 0.111161
56900 17.215115 17.215115 17.215115 0.111161 0.111161 0.111161
57000 17.215115 17.215115 17.215115 0.111161 0.111161 0.111161
57100 17.215115 17.215115 17.215115 0.111161 0.111161 0.111161
57200 17.215115 17.215115 17.215115 0.111161 0.111161 0.111161
57300 17.215115 17.215115 17.215115 0.111161 0.111161 0.111161
57400 17.215115 17.215115 17.215115 0.111161 0.111161 0.111161
57500 17.215115 17.215115 17.215115 0.111161 0.111161 0.111161
57600 17.215115 17.215115 17.215115 0.111161 0.111161 0.111161
57700 17.215115 17.215115 17.215115 0.111161 0.111161 0.111161
57800 17.215115 17.215115 17.215115 0.111161 0.111161 0.111161
57900 17.215115 17.215115 17.215115 0.111161 0.111161 0.111161
58000 17.215115 17.215115 17.215115 0.111161 0.111161 0.111161
58100 17.215115 17.215115 17.215115 0.111161 0.111161 0.111161
58200 17.215115 17.215115 17.215115 0.111161 0.111161 0.111161
58300 17.215115 17.215115 17.215115 0.111161 0.111161 0.111161
58400 17.215115 17.215115 17.215115 0.111161 0.111161 0.111161
58500 17.215115 17.215115 17.215115 0.111161 0.111161 0.111161
58600 17.215115 17.215115 17.215115 0.111161 0.111161 0.111161
58700 17.215115 17.215115 17.215115 0.111161 0.111161 0.111161
58800 17.215115 17.215115 17.215115 0.111161 0.111161 0.111161
58900 17.215115 17.215115 17.215115 0.111161 0.111161 0.111161
59000 17.215115 17.215115 17.215115 0.111161 0.111161 0.111161
59100 17.215115 17.215115 17.215115 0.111161 0.111161 0.111161
59200 17.215115 17.215115 17.215115 0.111161 0.111161 0.111161
59300 17.215115 17.215115 17.215115 0.111161 0.111161 0.111161
59400 17.215115 17.215115 17.215115 0.111161 0.111161 0.111161
59500 17.215115 17.215115 17.215115 0.111161 0.111161 0.111161
59600 17.215115 17.215115 17.215115 0.111161 0.111161 0.111161
59700 17.215115 17.215115 17.215115 0.111161 0.111161 0.111161
59800 17.215115 17.215115 17.215115 0.111161 0.111161 0.111161
59900 17.215115 17.215115 17.215115 0.111161 0.111161 0.111161
60000 17.215115 17.215115 17.215115 0.111161 0.111161 0.111161
60100 17.215115 17.215115 17.215115 0.111161 0.111161 0.111161
60200 17.215115 17.215115 17.215115 0.111161 0.111161 0.111161
60300 17.215115 17.215115 17.215115 0.111161 0.111161 0.111161
60400 17.215115 17.215115 17.215115 0.111161 0.111161 0.111161
60500 17.215115 17.215115 17.215115 0.111161 0.111161 0.111161
60600 17.215115 17.215115 17.215115 0.111161 0.111161 0.111161
60700 17.215115 17.215115 17.215115 0.111161 0.111161 0.111161
60800 17.215115 17.215115 17.215115 0.111161 0.111161 0.111161
60900 17.215115 17.215115 17.215115 0.111161 0.111161 0.111161
61000 17.215115 17.215115 17.215115 0.111161 0.111161 0.111161
61100 17.215115 17.215115 17.215115 0.111161 0.111161 0.111161
61200 17.215115 17.215115 17.215115 0.111161 0.111161 0.111161
61300 17.215115 17.215115 17.215115 0.111161 0.111161 0.111161
61400 17.215115 17.215115 17.215115 0.111161 0.111161 0.111161
61500 17.215115 17.215115 17.215115 0.111161 0.111161 0.111161
61600 17.215115 17.215115 17.215115 0.111161 0.111161 0.111161
61700 17.215115 17.215115 17.215115 0.111161 0.111161 0.111161
61800 17.215115 17.215115 17.215115 0.111161 0.111161 0.111161
61900 17.215115 17.215115 17.215115 0.111161 0.111161 0.111161
62000 17.215115 17.215115 17.215115 0.111161 0.111161 0.111161
62100 17.215115 17.215115 17.215115 0.111161 0.111161 0.111161
62200 17.215115 17.215115 17.215115 0.111161 0.111161 0.111161
62300 17.215115 17.215115 17.215115 0.111161 0.111161 0.111161
62400 17.215115 17.215115 17.215115 0.111161 0.111161 0.111161
62500 17.215115 17.215115 17.215115 0.111161 0.111161 0.111161
62600 17.215115 17.215115 17.215115 0.111161 0.111161 0.111161
62700 17.215115 17.215115 17.215115 0.111161 0.111161 0.111161
62800 17.215115 17.215115 17.215115 0.111161 0.111161 0.111161
62900 17.215115 17.215115 17.215115 0.111161 0.111161 0.111161
63000 17.215115 17.215115 17.215115 0.111161 0.111161 0.111161
63100 17.215115 17.215115 17.215115 0.111161 0.111161 0.111161
63200 17.215115 17.215115 17.215115 0.111161 0.111161 0.111161
63300 17.215115 17.215115 17.215115 0.111161 0.111161 0.111161
63400 17.215115 17.215115 17.215115 0.111161 0.111161 0.111161
63500 17.215115 17.215115 17.215115 0.111161 0.111161 0.111161
63600 17.215115 17.215115 17.215115 0.111161 0.111161 0.111161
63700 17.215115 17.215115 17.215115 0.111161 0.111161 0.111161
63800 17.215115 17.215115 17.215115 0.111161 0.111161 0.111161
63900 17.215115 17.215115 17.215115 0.111161 0.111161 0.111161
64000 17.215115 17.215115 17.215115 0.111161 0.111161 0.111161
64100 17.215115 17.215115 17.215115 0.111161 0.111161 0.111161
64200 17.215115 17.215115 17.215115 0.111161 0.111161 0.111161
64300 17.215115 17.215115 17.215115 0.111161 0.111161 0.111161
64400 17.215115 17.215115 17.215115 0.111161 0.111161 0.111161
64500 17.215115 17.215115 17.215115 0.111161 0.111161 0.111161
64600 17.215115 17.215115 17.215115 0.111161 0.111161 0.111161
64700 17.215115 17.215115 17.215115 0.111161 0.111161 0.111161
64800 17.215115 17.215115 17.215115 0.111161 0.111161 0.111161
64900 17.215115 17.215115 17.215115 0.111161 0.111161 0.111161
65000 17.215115 17.215115 17.215115 0.111161 0.111161 0.111161
65100 17.215115 17.215115 17.215115 0.111161 0.111161 0.111161
65200 17.215115 17.215115 17.215115 0.111161 0.111161 0.111161
65300 17.215115 17.215115 17.215115 0.111161 0.111161 0.111161
65400 17.215115 17.215115 17.215115 0.111161 0.111161 0.111161
65500 17.215115 17.215115 17.215115 0.111161 0.111161 0.111161
65600 17.215115 17.215115 17.215115 0.111161 0.111161 0.111161
65700 17.215115 17.215115 17.215115 0.111161 0.111161 0.111161
65800 17.215115 17.215115 17.215115 0.111161 0.111161 0.111161
65900 17.215115 17.215115 17.215115 0.111161 0.111161 0.111161
66000 17.215115 17.215115 17.215115 0.111161 0.111161 0.111161
66100 17.215115 17.215115 17.215115 0.111161 0.111161 0.111161
66200 17.215115 17.215115 17.215115 0.111161 0.111161 0.111161
66300 17.215115 17.215115 17.215115 0.111161 0.111161 0.111161
66400 17.215115 17.215115 17.215115 0.111161 0.111161 0.111161
66500 17.215115 17.215115 17.215115 0.111161 0.111161 0.111161
66600 17.215115 17.215115 17.215115 0.111161 0.111161 0.111161
66700 17.215115 17.215115 17.215115 0.111161 0.111161 0.111161
66800 17.215115 17.215115 17.215115 0.111161 0.111161 0.111161
66900 17.215115 17.215115 17.215115 0.111161 0.111161 0.111161
67000 17.215115 17.215115 17.215115 0.111161 0.111161 0.111161
67100 17.215115 17.215115 17.215115 0.111161 0.111161 0.111161
67200 17.215115 17.215115 17.215115 0.111161 0.111161 0.111161
67300 17.215115 17.215115 17.215115 0.111161 0.111161 0.111161
67400 17.215115 17.215115 17.215115 0.111161 0.111161 0.111161
67500 17.215115 17.215115 17.215115 0.111161 0.111161 0.111161
67600 17.215115 17.215115 17.215115 0.111161 0.111161 0.111161
67700 17.215115 17.215115 17.215115 0.111161 0.111161 0.111161
67800 17.215115 17.215115 17.215115 0.111161 0.111161 0.111161
67900 17.215115 17.215115 17.215115 0.111161 0.111161 0.111161
68000 17.215115 17.215115 17.215115 0.111161 0.111161 0.111161
68100 17.215115 17.215115 17.215115 0.111161 0.111161 0.111161
68200 17.215115 17.215115 17.215115 0.111161 0.111161 0.111161
68300 17.215115 17.215115 17.215115 0.111161 0.111161 0.111161
68400 17.215115 17.215115 17.215115 0.111161 0.111161 0.111161
68500 17.215115 17.215115 17.215115 0.111161 0.111161 0.111161
68600 17.215115 17.215115 17.215115 0.111161 0.111161 0.111161
68700 17.215115 17.215115 17.215115 0.111161 0.111161 0.111161
68800 17.215115 17.215115 17.215115 0.111161 0.111161 0.111161
68900 17.215115 17.215115 17.215115 0.111161 0.111161 0.111161
69000 17.215115 17.215115 17.215115 0.111161 0.111161 0.111161
69100 17.215115 17.215115 17.215115 0.111161 0.111161 0.111161
69200 17.215115 17.215115 17.215115 0.111161 0.111161 0.111161
69300 17.215115 17.215115 17.215115 0.111161 0.111161 0.111161
69400 17.215115 17.215115 17.215115 0.111161 0.111161 0.111161
69500 17.215115 17.215115 17.215115 0.111161 0.111161 0.111161
69600 17.215115 17.215115 17.215115 0.111161 0.111161 0.111161
69700 17.215115 17.215115 17.215115 0.111161 0.111161 0.111161
69800 17.215115 17.215115 17.215115 0.111161 0.111161 0.111161
69900 17.215115 17.215115 17.215115 0.111161 0.111161 0.111161
70000 17.215115 17.215115 17.215115 0.111161 0.111161 0.111161
70100 17.215115 17.215115 17.215115 0.111161 0.111161 0.111161
70200 17.215115 17.215115 17.215115 0.111161 0.111161 0.111161
70300 17.215115 17.215115 17.215115 0.111161 0.111161 0.111161
70400 17.215115 17.215115 17.215115 0.111161 0.111161 0.111161
70500 17.215115 17.215115 17.215115 0.111161 0.111161 0.111161
70600 17.215115 17.215115 17.215115 0.111161 0.111161 0.111161
70700 17.215115 17.215115 17.215115 0.111161 0.111161 0.111161
70800 17.215115 17.215115 17.215115 0.111161 0.111161 0.111161
70900 17.215115 17.215115 17.215115 0.111161 0.111161 0.111161
71000 17.215115 17.215115 17.215115 0.111161 0.111161 0.111161
71100 17.215115 17.215115 17.215115 0.111161 0.111161 0.111161
71200 17.215115 17.215115 17.215115 0.111161 0.111161 0.111161
71300 17.215115 17.215115 17.215115 0.111161 0.111161 0.111161
71400 17.215115 17.215115 17.215115 0.111161 0.111161 0.111161
71500 17.215115 17.215115 17.215115 0.111161 0.111161 0.111161
71600 17.215115 17.215115 17.215115 0.111161 0.111161 0.111161
71700 17.215115 17.215115 17.215115 0.111161 0.111161 0.111161
71800 17.215115 17.215115 17.215115 0.111161 0.111161 0.111161
71900 17.215115 17.215115 17.215115 0.111161 0.111161 0.111161
72000 17.215115 17.215115 17.215115 0.111161 0.111161 0.111161
72100 17.215115 17.215115 17.215115 0.111161 0.111161 0.111161
72200 17.215115 17.215115 17.215115 0.111161 0.111161 0.111161
72300 17.215115 17.215115 17.215115 0.111161 0.111161 0.111161
72400 17.215115 17.215115 17.215115 0.111161 0.111161 0.111161
72500 17.215115 17.215115 17.215115 0.111161 0.111161 0.111161
72600 17.215115 17.215115 17.215115 0.111161 0.111161 0.111161
72700 17.215115 17.215115 17.215115 0.111161 0.111161 0.111161
72800 17.215115 17.215115 17.215115 0.111161 0.111161 0.111161
72900 17.215115 17.215115 17.215115 0.111161 0.111161 0.111161
73000 17.215115 17.215115 17.215115 0.111161 0.111161 0.111161
73100 17.215115 17.215115 17.215115 0.111161 0.111161 0.111161
73200 17.215115 17.215115 17.215115 0.111161 0.111161 0.111161
73300 17.215115 17.215115 17.215115 0.111161 0.111161 0.111161
73400 17.215115 17.215115 17.215115 0.111161 0.111161 0.111161
73500 17.215115 17.215115 17.215115 0.111161 0.111161 0.111161
73600 17.215115 17.215115 17.215115 0.111161 0.111161 0.111161
73700 17.215115 17.215115 17.215115 0.111161 0.111161 0.111161
73800 17.215115 17.215115 17.215115 0.111161 0.111161 0.111161
73900 17.215115 17.215115 17.215115 0.111161 0.111161 0.111161
74000 17.215115 17.215115 17.215115 0.111161 0.111161 0.111161
74100 17.215115 17.215115 17.215115 0.111161 0.111161 0.111161
74200 17.215115 17.215115 17.215115 0.111161 0.111161 0.111161
74300 17.215115 17.215115 17.215115 0.111161 0.111161 0.111161
74400 17.215115 17.215115 17.215115 0.111161 0.111161 0.111161
74500 17.215115 17.215115 17.215115 0.111161 0.111161 0.111161
74600 17.215115 17.215115 17.215115 0.111161 0.111161 0.111161
74700 17.215115 17.215115 17.215115 0.111161 0.111161 0.111161
74800 17.215115 17.215115 17.215115 0.111161 0.111161 0.111161
74900 17.215115 17.215115 17.215115 0.111161 0.111161 0.111161
75000 17.215115 17.215115 17.215115 0.111161 0.111161 0.111161
75100 17.215115 17.215115 17.215115 0.111161 0.111161 0.111161
75200 17.215115 17.215115 17.215115 0.111161 0.111161 0.111161
75300 17.215115 17.215115 17.215115 0.111161 0.111161 0.111161
75400 17.215115 17.215115 17.215115 0.111161 0.111161 0.111161
75500 17.215115 17.215115 17.215115 0.111161 0.111161 0.111161
75600 17.215115 17.215115 17.215115 0.111161 0.111161 0.111161
75700 17.215115 17.215115 17.215115 0.111161 0.111161 0.111161
75800 17.215115 17.215115 17.215115 0.111161 0.111161 0.111161
75900 17.215115 17.215115 17.215115 0.111161 0.111161 0.111161
76000 17.215115 17.215115 17.215115 0.111161 0.111161 0.111161
76100 17.215115 17.215115 17.215115 0.111161 0.111161 0.111161
76200 17.215115 17.215115 17.215115 0.111161 0.111161 0.111161
76300 17.215115 17.215115 17.215115 0.111161 0.111161 0.111161
76400 17.215115 17.215115 17.215115 0.111161 0.111161 0.111161
76500 17.215115 17.215115 17.215115 0.111161 0.111161 0.111161
76600 17.215115 17.215115 17.215115 0.111161 0.111161 0.111161
76700 17.215115 17.215115 17.215115 0.111161 0.111161 0.111161
76800 17.215115 17.215115 17.215115 0.111161 0.111161 0.111161
76900 17.215115 17.215115 17.215115 0.111161 0.111161 0.111161
77000 17.215115 17.215115 17.215115 0.111161 0.111161 0.111161
77100 17.215115 17.215115 17.215115 0.111161 0.111161 0.111161
77200 17.215115 17.215115 17.215115 0.111161 0.111161 0.111161
77300 17.215115 17.215115 17.215115 0.111161 0.111161 0.111161
77400 17.215115 17.215115 17.215115 0.111161 0.111161 0.111161
77500 17.215115 17.215115 17.215115 0.111161 0.111161 0.111161
77600 17.215115 17.215115 17.215115 0.111161 0.111161 0.111161
77700 17.215115 17.215115 17.215115 0.111161 0.111161 0.111161
77800 17.215115 17.215115 17.215115 0.111161 0.111161 0.111161
77900 17.215115 17.215115 17.215115 0.111161 0.111161 0.111161
78000 17.215115 17.215115 17.215115 0.111161 0.111161 0.111161
78100 17.215115 17.215115 17.215115 0.111161 0.111161 0.111161
78200 17.215115 17.215115 17.215115 0.111161 0.111161 0.111161
78300 17.215115 17.215115 17.215115 0.111161 0.111161 0.111161
78400 17.215115 17.215115 17.215115 0.111161 0.111161 0.111161
78500 17.215115 17.215115 17.215115 0.111161 0.111161 0.111161
78600 17.215115 17.215115 17.215115 0.111161 0.111161 0.111161
78700 17.215115 17.215115 17.215115 0.111161 0.111161 0.111161
78800 17.215115 17.215115 17.215115 0.111161 0.111161 0.111161
78900 17.215115 17.215115 17.215115 0.111161 0.111161 0.111161
79000 17.215115 17.215115 17.215115 0.111161 0.111161 0.111161
79100 17.215115 17.215115 17.215115 0.111161 0.111161 0.111161
79200 17.215115 17.215115 17.215115 0.111161 0.111161 0.111161
79300 17.215115 17.215115 17.215115 0.111161 0.111161 0.111161
79400 17.215115 17.215115 17.215115 0.111161 0.111161 0.111161
79500 17.215115 17.215115 17.215115 0.111161 0.111161 0.111161
79600 17.215115 17.215115 17.215115 0.111161 0.111161 0.111161
79700 17.215115 17.215115 17.215115 0.111161 0.111161 0.111161
79800 17.215115 17.215115 17.215115 0.111161 0.111161 0.111161
79900 17.215115 17.215115 17.215115 0.111161 0.111161 0.111161
80000 17.215115 17.215115 17.215115 0.111161 0.111161 0.111161
80100 17.215115 17.215115 17.215115 0.111161 0.111161 0.111161
80200 17.215115 17.215115 17.215115 0.111161 0.111161 0.111161
80300 17.215115 17.215115 17.215115 0.111161 0.111161 0.111161
80400 17.215115 17.215115 17.215115 0.111161 0.111161 0.111161
80500 17.215115 17.215115 17.215115 0.111161 0.111161 0.111161
80600 17.215115 17.215115 17.215115 0.111161 0.111161 0.111161
80700 17.215115 17.215115 17.215115 0.111161 0.111161 0.111161
80800 17.215115 17.215115 17.215115 0.111161 0.111161 0.111161
80900 17.215115 17.215115 17.215115 0.111161 0.111161 0.111161
81000 17.215115 17.215115 17.215115 0.111161 0.111161 0.111161
81100 17.215115 17.215115 17.215115 0.111161 0.111161 0.111161
81200 17.215115 17.215115 17.215115 0.111161 0.111161 0.111161
81300 17.215115 17.215115 17.215115 0.111161 0.111161 0.111161
81400 17.215115 17.215115 17.215115 0.111161 0.111161 0.111161
81500 17.215115 17.215115 17.215115 0.111161 0.111161 0.111161
81600 17.215115 17.215115 17.215115 0.111161 0.111161 0.111161
81700 17.215115 17.215115 17.215115 0.111161 0.111161 0.111161
81800 17.215115 17.215115 17.215115 0.111161 0.111161 0.111161
81900 17.215115 17.215115 17.215115 0.111161 0.111161 0.111161
82000 17.215115 17.215115 17.215115 0.111161 0.111161 0.111161
82100 17.215115 17.215115 17.215115 0.111161 0.111161 0.111161
82200 17.215115 17.215115 17.215115 0.111161 0.111161 0.111161
82300 17.215115 17.215115 17.215115 0.111161 0.111161 0.111161
82400 17.215115 17.215115 17.215115 0.111161 0.111161 0.111161
82500 17.215115 17.215115 17.215115 0.111161 0.111161 0.111161
82600 17.215115 17.215115 17.215115 0.111161 0.111161 0.111161
82700 17.215115 17.215115 17.215115 0.111161 0.111161 0.111161
82800 17.215115 17.215115 17.215115 0.111161 0.111161 0.111161
82900 17.215115 17.215115 17.215115 0.111161 0.111161 0.111161
83000 17.215115 17.215115 17.215115 0.111161 0.111161 0.111161
83100 17.215115 17.215115 17.215115 0.111161 0.111161 0.111161
83200 17.215115 17.215115 17.215115 0.111161 0.111161 0.111161
83300 17.215115 17.215115 17.215115 0.111161 0.111161 0.111161
83400 17.215115 17.215115 17.215115 0.111161 0.111161 0.111161
83500 17.215115 17.215115 17.215115 0.111161 0.111161 0.111161
83600 17.215115 17.215115 17.215115 0.111161 0.111161 0.111161
83700 17.215115 17.215115 17.215115 0.111161 0.111161 0.111161
83800 17.215115 17.215115 17.215115 0.111161 0.111161 0.111161
83900 17.215115 17.215115 17.215115 0.111161 0.111161 0.111161
84000 17.215115 17.215115 17.215115 0.111161 0.111161 0.111161
84100 17.215115 17.215115 17.215115 0.111161 0.111161 0.111161
84200 17.215115 17.215115 17.215115 0.111161 0.111161 0.111161
84300 17.215115 17.215115 17.215115 0.111161 0.111161 0.111161
84400 17.215115 17.215115 17.215115 0.111161 0.111161 0.111161
84500 17.215115 17.215115 17.215115 0.111161 0.111161 0.111161
84600 17.215115 17.215115 17.215115 0.111161 0.111161 0.111161
84700 17.215115 17.215115 17.215115 0.111161 0.111161 0.111161
84800 17.215115 17.215115 17.215115 0.111161 0.111161 0.111161
84900 17.215115 17.215115 17.215115 0.111161 0.111161 0.111161
85000 17.215115 17.215115 17.215115 0.111161 0.111161 0.111161
85100 17.215115 17.215115 17.215115 0.111161 0.111161 0.111161
85200 17.215115 17.215115 17.215115 0.111161 0.111161 0.111161
85300 17.215115 17.215115 17.215115 0.111161 0.111161 0.111161
85400 17.215115 17.215115 17.215115 0.111161 0.111161 0.111161
85500 17.215115 17.215115 17.215115 0.111161 0.111161 0.111161
85600 17.215115 17.215115 17.215115 0.111161 0.111161 0.111161
85700 17.215115 17.215115 17.215115 0.111161 0.111161 0.111161
85800 17.215115 17.215115 17.215115 0.111161 0.111161 0.111161
85900 17.215115 17.215115 17.215115 0.111161 0.111161 0.111161
86000 17.215115 17.215115 17.215115 0.111161 0.111161 0.111161
86100 17.215115 17.215115 17.215115 0.111161 0.111161 0.111161
86200 17.215115 17.215115 17.215115 0.111161 0.111161 0.111161
86300 17.215115 17.215115 17.215115 0.111161 0.111161 0.111161
86400 17.215115 17.215115 17.215115 0.111161 0.111161 0.111161
86500 17.215115 17.215115 17.215115 0.111161 0.111161 0.111161
86600 17.215115 17.215115 17.215115 0.111161 0.111161 0.111161
86700 17.215115 17.215115 17.215115 0.111161 0.111161 0.111161
86800 17.215115 17.215115 17.215115 0.111161 0.111161 0.111161
86900 17.215115 17.215115 17.215115 0.111161 0.111161 0.111161
87000 17.215115 17.215115 17.215115 0.111161 0.111161 0.111161
87100 17.215115 17.215115 17.215115 0.111161 0.111161 0.111161
87200 17.215115 17.215115 17.215115 0.111161 0.111161 0.111161
87300 17.215115 17.215115 17.215115 0.111161 0.111161 0.111161
87400 17.215115 17.215115 17.215115 0.111161 0.111161 0.111161
87500 17.215115 17.215115 17.215115 0.111161 0.111161 0.111161
87600 17.215115 17.215115 17.215115 0.111161 0.111161 0.111161
87700 17.215115 17.215115 17.215115 0.111161 0.111161 0.111161
87800 17.215115 17.215115 17.215115 0.111161 0.111161 0.111161
87900 17.215115 17.215115 17.215115 0.111161 0.111161 0.111161
88000 17.215115 17.215115 17.215115 0.111161 0.111161 0.111161
88100 17.215115 17.215115 17.215115 0.111161 0.111161 0.111161
88200 17.215115 17.215115 17.215115 0.111161 0.111161 0.111161
88300 17.215115 17.215115 17.215115 0.111161 0.111161 0.111161
88400 17.215115 17.215115 17.215115 0.111161 0.111161 0.111161
88500 17.215115 17.215115 17.215115 0.111161 0.111161 0.111161
88600 17.215115 17.215115 17.215115 0.111161 0.111161 0.111161
88700 17.215115 17.215115 17.215115 0.111161 0.111161 0.111161
88800 17.215115 17.215115 17.215115 0.111161 0.111161 0.111161
88900 17.215115 17.215115 17.215115 0.111161 0.111161 0.111161
89000 17.215115 17.215115 17.215115 0.111161 0.111161 0.111161
89100 17.215115 17.215115 17.215115 0.111161 0.111161 0.111161
89200 17.215115 17.215115 17.215115 0.111161 0.111161 0.111161
89300 17.215115 17.215115 17.215115 0.111161 0.111161 0.111161
89400 17.215115 17.215115 17.215115 0.111161 0.111161 0.111161
89500 17.215115 17.215115 17.215115 0.111161 0.111161 0.111161
89600 17.215115 17.215115 17.215115 0.111161 0.111161 0.111161
89700 17.215115 17.215115 17.215115 0.111161 0.111161 0.111161
89800 17.215115 17.215115 17.215115 0.111161 0.111161 0.111161
89900 17.215115 17.215115 17.215115 0.111161 0.111161 0.111161
90000 17.215115 17.215115 17.215115 0.111161 0.111161 0.111161
90100 17.215115 17.215115 17.215115 0.111161 0.111161 0.111161
90200 17.215115 17.215115 17.215115 0.111161 0.111161 0.111161
90300 17.215115 17.215115 17.215115 0.111161 0.111161 0.111161
90400 17.215115 17.215115 17.215115 0.111161 0.111161 0.111161
90500 17.215115 17.215115 17.215115 0.111161 0.111161 0.111161
90600 17.215115 17.215115 17.215115 0.111161 0.111161 0.111161
90700 17.215115 17.215115 17.215115 0.111161 0.111161 0.111161
90800 17.215115 17.215115 17.215115 0.111161 0.111161 0.111161
90900 17.215115 17.215115 17.215115 0.111161 0.111161 0.111161
91000 17.215115 17.215115 17.215115 0.111161 0.111161 0.111161
91100 17.215115 17.215115 17.215115 0.111161 0.111161 0.111161
91200 17.215115 17.215115 17.215115 0.111161 0.111161 0.111161
91300 17.215115 17.215115 17.215115 0.111161 0.111161 0.111161
91400 17.215115 17.215115 17.215115 0.111161 0.111161 0.111161
91500 17.215115 17.215115 17.215115 0.111161 0.111161 0.111161
91600 17.215115 17.215115 17.215115 0.111161 0.111161 0.111161
91700 17.215115 17.215115 17.215115 0.111161 0.111161 0.111161
91800 17.215115 17.215115 17.215115 0.111161 0.111161 0.111161
91900 17.215115 17.215115 17.215115 0.111161 0.111161 0.111161
92000 17.215115 17.215115 17.215115 0.111161 0.111161 0.111161
92100 17.215115 17.215115 17.215115 0.111161 0.111161 0.111161
92200 17.215115 17.215115 17.215115 0.111161 0.111161 0.111161
92300 17.215115 17.215115 17.215115 0.111161 0.111161 0.111161
92400 17.215115 17.215115 17.215115 0.111161 0.111161 0.111161
92500 17.215115 17.215115 17.215115 0.111161 0.111161 0.111161
92600 17.215115 17.215115 17.215115 0.111161 0.111161 0.111161
92700 17.215115 17.215115 17.215115 0.111161 0.111161 0.111161
92800 17.215115 17.215115 17.215115 0.111161 0.111161 0.111161
92900 17.215115 17.215115 17.215115 0.111161 0.111161 0.111161
93000 17.215115 17.215115 17.215115 0.111161 0.111161 0.111161
93100 17.215115 17.215115 17.215115 0.111161 0.111161 0.111161
93200 17.215115 17.215115 17.215115 0.111161 0.111161 0.111161
93300 17.215115 17.215115 17.215115 0.111161 0.111161 0.111161
93400 17.215115 17.215115 17.215115 0.111161 0.111161 0.111161
93500 17.215115 17.215115 17.215115 0.111161 0.111161 0.111161
93600 17.215115 17.215115 17.215115 0.111161 0.111161 0.111161
93700 17.215115 17.215115 17.215115 0.111161 0.111161 0.111161
93800 17.215115 17.215115 17.215115 0.111161 0.111161 0.111161
93900 17.215115 17.215115 17.215115 0.111161 0.111161 0.111161
94000 17.215115 17.215115 17.215115 0.111161 0.111161 0.111161
94100 17.215115 17.215115 17.215115 0.111161 0.111161 0.111161
94200 17.215115 17.215115 17.215115 0.111161 0.111161 0.111161
94300 17.215115 17.215115 17.215115 0.111161 0.111161 0.111161
94400 17.215115 17.215115 17.215115 0.111161 0.111161 0.111161
94500 17.215115 17.215115 17.215115 0.111161 0.111161 0.111161
94600 17.215115 17.215115 17.215115 0.111161 0.111161 0.111161
94700 17.215115 17.215115 17.215115 0.111161 0.111161 0.111161
94800 17.215115 17.215115 17.215115 0.111161 0.111161 0.111161
94900 17.215115 17.215115 17.215115 0.111161 0.111161 0.111161
95000 17.215115 17.215115 17.215115 0.111161 0.111161 0.111161
95100 17.215115 17.215115 17.215115 0.111161 0.111161 0.111161
95200 17.215115 17.215115 17.215115 0.111161 0.111161 0.111161
95300 17.215115 17.215115 17.215115 0.111161 0.111161 0.111161
95400 17.215115 17.215115 17.215115 0.111161 0.111161 0.111161
95500 17.215115 17.215115 17.215115 0.111161 0.111161 0.111161
95600 17.215115 17.215115 17.215115 0.111161 0.111161 0.111161
95700 17.215115 17.215115 17.215115 0.111161 0.111161 0.111161
95800 17.215115 17.215115 17.215115 0.111161 0.111161 0.111161
95900 17.215115 17.215115 17.215115 0.111161 0.111161 0.111161
96000 17.215115 17.215115 17.215115 0.111161 0.111161 0.111161
96100 17.215115 17.215115 17.215115 0.111161 0.111161 0.111161
96200 17.215115 17.215115 17.215115 0.111161 0.111161 0.111161
96300 17.215115 17.215115 17.215115 0.111161 0.111161 0.111161
96400 17.215115 17.215115 17.215115 0.111161 0.111161 0.111161
96500 17.215115 17.215115 17.215115 0.111161 0.111161 0.111161
96600 17.215115 17.215115 17.215115 0.111161 0.111161 0.111161
96700 17.215115 17.215115 17.215115 0.111161 0.111161 0.111161
96800 17.215115 17.215115 17.215115 0.111161 0.111161 0.111161
96900 17.215115 17.215115 17.215115 0.111161 0.111161 0.111161
97000 17.215115 17.215115 17.215115 0.111161 0.111161 0.111161
97100 17.215115 17.215115 17.215115 0.111161 0.111161 0.111161
97200 17.215115 17.215115 17.215115 0.111161 0.111161 0.111161
97300 17.215115 17.215115 17.215115 0.111161 0.111161 0.111161
97400 17.215115 17.215115 17.215115 0.111161 0.111161 0.111161
97500 17.215115 17.215115 17.215115 0.111161 0.111161 0.111161
97600 17.215115 17.215115 17.215115 0.111161 0.111161 0.111161
97700 17.215115 17.215115 17.215115 0.111161 0.111161 0.111161
97800 17.215115 17.215115 17.215115 0.111161 0.111161 0.111161
97900 17.215115 17.215115 17.215115 0.111161 0.111161 0.111161
98000 17.215115 17.215115 17.215115 0.111161 0.111161 0.111161
98100 17.215115 17.215115 17.215115 0.111161 0.111161 0.111161
98200 17.215115 17.215115 17.215115 0.111161 0.111161 0.111161
98300 17.215115 17.215115 17.215115 0.111161 0.111161 0.111161
98400 17.215115 17.215115 17.215115 0.111161 0.111161 0.111161
98500 17.215115 17.215115 17.215115 0.111161 0.111161 0.111161
98600 17.215115 17.215115 17.215115 0.111161 0.111161 0.111161
98700 17.215115 17.215115 17.215115 0.111161 0.111161 0.111161
98800 17.215115 17.215115 17.215115 0.111161 0.111161 0.111161
98900 17.215115 17.215115 17.215115 0.111161 0.111161 0.111161
99000 17.215115 17.215115 17.215115 0.111161 0.111161 0.111161
99100 17.215115 17.215115 17.215115 0.111161 0.111161 0.111161
99200 17.215115 17.215115 17.215115 0.111161 0.111161 0.111161
99300 17.215115 17.215115 17.215115 0.111161 0.111161 0.111161
99400 17.215115 17.215115 17.215115 0.111161 0.111161 0.111161
99500 17.215115 17.215115 17.215115 0.111161 0.111161 0.111161
99600 17.215115 17.215115 17.215115 0.111161 0.111161 0.111161
99700 17.215115 17.215115 17.215115 0.111161 0.111161 0.111161
99800 17.215115 17.215115 17.215115 0.111161 0.111161 0.111161
99900 17.215115 17.215115 17.215115 0.111161 0.111161 0.111161
100000 17.763577 17.763577 17.763577 0.122241 0.122241 0.122241
