# generation power_min power_avg power_max util_min util_avg util_max
1 11.274782 13.822813 16.057298 0.553675 0.827277 1.103620
10 11.025898 13.626045 15.183462 0.553675 0.809690 1.046794
20 10.778143 13.373249 14.622148 0.553675 0.812804 1.046794
30 10.778143 13.152803 14.344512 0.497913 0.812871 1.046794
40 10.778143 12.965065 14.155274 0.497913 0.813570 1.018325
50 10.778143 12.757263 13.820809 0.497913 0.812087 1.018325
60 10.778143 12.555679 13.548555 0.497913 0.806955 1.018325
70 10.778143 12.378213 13.363175 0.497913 0.803804 1.018325
80 10.659014 12.193584 13.199100 0.497913 0.800958 1.018325
90 10.659014 12.007682 12.984365 0.497913 0.785611 1.018325
100 10.548782 11.839150 12.842155 0.497913 0.776605 1.013681
110 10.465710 11.642360 12.733756 0.497913 0.767186 1.013681
120 9.899852 11.428698 12.525643 0.497913 0.752960 1.013681
130 9.899852 11.256666 12.302685 0.497913 0.745018 1.013681
140 9.899852 11.114437 12.166485 0.472967 0.735980 0.972331
150 9.777402 10.925560 11.749992 0.472967 0.719678 0.972331
160 9.467742 10.764158 11.625974 0.472967 0.713887 0.910062
170 9.347861 10.591016 11.445636 0.472967 0.706769 0.895343
180 9.347861 10.439867 11.275264 0.468807 0.696949 0.895343
190 9.275778 10.298773 11.076731 0.468807 0.695310 0.895343
200 9.161141 10.160403 10.925183 0.468807 0.702857 0.895343
210 9.051527 10.012608 10.787387 0.468807 0.702358 0.895343
220 8.874018 9.865647 10.633713 0.468807 0.692669 0.890903
230 8.836988 9.746091 10.479217 0.468807 0.696858 0.890903
240 8.728080 9.602078 10.321067 0.468807 0.688342 0.890903
250 8.728080 9.478911 10.113482 0.468807 0.682816 0.890903
260 8.476357 9.357873 10.025985 0.468807 0.681760 0.890903
270 8.476357 9.244692 9.936546 0.468807 0.678364 0.867379
280 8.238183 9.124550 9.781769 0.468807 0.678316 0.867379
290 8.181878 9.006235 9.657686 0.480127 0.685828 0.899223
300 8.172339 8.896815 9.480512 0.480127 0.690154 0.902394
310 8.172339 8.799488 9.365105 0.480127 0.695003 0.902394
320 8.112183 8.702596 9.275778 0.480127 0.706912 0.902394
330 8.108825 8.614348 9.089352 0.480127 0.720719 0.923020
340 7.963262 8.534033 8.996216 0.480127 0.731632 0.946312
350 7.919319 8.455628 8.902260 0.569671 0.740698 0.946312
360 7.871617 8.377581 8.828917 0.569671 0.748508 0.946312
370 7.688103 8.304157 8.735136 0.609021 0.755658 0.946312
380 7.688103 8.231468 8.644671 0.612703 0.763581 0.946312
390 7.688103 8.165107 8.507340 0.567924 0.766712 0.946312
400 7.585827 8.100713 8.423805 0.567924 0.762608 0.946312
410 7.585827 8.051720 8.341273 0.567924 0.765197 0.946312
420 7.466239 7.994307 8.260978 0.567924 0.766020 0.946312
430 7.410294 7.931137 8.222999 0.567924 0.760535 0.932203
440 7.398605 7.865605 8.172339 0.567924 0.756210 0.932203
450 7.304884 7.810200 8.125139 0.567924 0.754612 0.932203
460 7.220370 7.749333 8.087516 0.567924 0.752058 0.932203
470 7.082895 7.682404 7.996415 0.567924 0.744268 0.928814
480 7.082895 7.621678 7.968633 0.567924 0.736612 0.873726
490 7.031315 7.562217 7.919319 0.567924 0.734986 0.873726
500 7.004299 7.505926 7.849814 0.575601 0.737676 0.873726
510 6.828681 7.444885 7.773110 0.575601 0.737164 0.873726
520 6.828681 7.394928 7.672568 0.592393 0.742488 0.873726
530 6.828681 7.339380 7.604016 0.592393 0.742526 0.853536
540 6.828681 7.291225 7.549089 0.619405 0.749551 0.853536
550 6.810788 7.236733 7.512219 0.619405 0.749625 0.853536
560 6.810788 7.185964 7.467451 0.619405 0.749733 0.853536
570 6.788713 7.138093 7.428505 0.619405 0.749605 0.853536
580 6.788713 7.091666 7.385798 0.619405 0.747256 0.853536
590 6.694708 7.036978 7.313927 0.649437 0.749850 0.853536
600 6.638104 6.984916 7.289364 0.649437 0.748335 0.853536
610 6.621082 6.934336 7.229304 0.649437 0.750083 0.853536
620 6.621082 6.886978 7.151074 0.665452 0.748158 0.853536
630 6.621082 6.844757 7.089393 0.665452 0.746606 0.853536
640 6.621082 6.812127 7.026444 0.665452 0.748282 0.853536
650 6.566139 6.778398 6.994645 0.665452 0.742774 0.853536
660 6.481275 6.744128 6.921233 0.665452 0.740172 0.845624
670 6.481275 6.718278 6.873122 0.665452 0.737488 0.845624
680 6.481275 6.696242 6.824125 0.665452 0.731173 0.829939
690 6.481275 6.675276 6.797291 0.665452 0.726245 0.829939
700 6.481275 6.653657 6.769827 0.667811 0.724540 0.826254
710 6.475806 6.635625 6.736911 0.667811 0.718567 0.826254
720 6.434484 6.616755 6.711193 0.647831 0.714294 0.826254
730 6.434484 6.598303 6.693525 0.647831 0.706110 0.785997
740 6.410316 6.578977 6.665391 0.647831 0.709742 0.789375
750 6.410316 6.561808 6.663989 0.647831 0.714842 0.790144
760 6.410316 6.540170 6.654126 0.647831 0.718652 0.790144
770 6.410316 6.524719 6.626007 0.647831 0.716499 0.790144
780 6.410316 6.507353 6.621082 0.647831 0.714995 0.790144
790 6.395839 6.492328 6.582217 0.647831 0.713901 0.790144
800 6.367829 6.476057 6.568661 0.647831 0.708884 0.790144
810 6.366699 6.460965 6.541919 0.647831 0.706840 0.790144
820 6.366699 6.447733 6.538749 0.647831 0.704383 0.790144
830 6.366686 6.434533 6.494675 0.647831 0.704677 0.790144
840 6.366686 6.425937 6.484367 0.647831 0.697541 0.790144
850 6.352453 6.415843 6.479873 0.648101 0.696731 0.790144
860 6.352453 6.406033 6.475806 0.648101 0.695915 0.790144
870 6.352453 6.396838 6.457431 0.648101 0.692600 0.790144
880 6.352453 6.390165 6.424503 0.648101 0.689471 0.773404
890 6.349921 6.385014 6.413253 0.648101 0.685165 0.738070
900 6.349921 6.380364 6.410316 0.648101 0.683208 0.738070
910 6.349921 6.375516 6.410083 0.648101 0.680888 0.738070
920 6.349921 6.371251 6.402022 0.648101 0.678465 0.738070
930 6.349921 6.367497 6.395200 0.648101 0.677611 0.682593
940 6.349688 6.364632 6.372168 0.648101 0.677615 0.682593
950 6.342088 6.362972 6.367829 0.648101 0.675286 0.682593
960 6.342088 6.361857 6.366699 0.646536 0.673225 0.682593
970 6.342088 6.360616 6.366699 0.646536 0.671144 0.682593
980 6.339974 6.358928 6.366699 0.646536 0.668422 0.682593
990 6.325310 6.356547 6.366686 0.615018 0.664657 0.682567
1000 6.325091 6.354065 6.366686 0.615018 0.660886 0.682567
1010 6.325091 6.351715 6.366467 0.615018 0.657716 0.682567
1020 6.325091 6.348686 6.366467 0.615018 0.652941 0.682567
1030 6.325091 6.346114 6.366467 0.615018 0.649096 0.682567
1040 6.325091 6.343886 6.352453 0.615018 0.645378 0.649174
1050 6.325091 6.342062 6.349921 0.615018 0.644019 0.649174
1060 6.325091 6.340344 6.349921 0.615018 0.642291 0.649174
1070 6.325091 6.338904 6.349907 0.615018 0.641191 0.649174
1080 6.325091 6.337631 6.349688 0.615018 0.640403 0.649174
1090 6.325091 6.336360 6.342088 0.615018 0.639007 0.649174
1100 6.325091 6.335124 6.341869 0.615018 0.636567 0.649174
1110 6.325091 6.334026 6.339974 0.615018 0.634292 0.647035
1120 6.325091 6.332835 6.339974 0.615018 0.631744 0.647035
1130 6.325091 6.331347 6.339974 0.615018 0.628558 0.647035
1140 6.325091 6.329858 6.339974 0.615018 0.625373 0.647035
1150 6.325091 6.328370 6.339974 0.615018 0.622188 0.647035
1160 6.325091 6.326882 6.339974 0.615018 0.619002 0.647035
1170 6.325091 6.325393 6.339974 0.615018 0.615817 0.647035
1180 6.325091 6.325091 6.325091 0.615181 0.615181 0.615181
1190 6.325091 6.325091 6.325091 0.615181 0.615181 0.615181
1200 6.325091 6.325091 6.325091 0.615181 0.615181 0.615181
1210 6.325091 6.325091 6.325091 0.615181 0.615181 0.615181
1220 6.325091 6.325091 6.325091 0.615181 0.615181 0.615181
1230 6.325091 6.325091 6.325091 0.615181 0.615181 0.615181
1240 6.325091 6.325091 6.325091 0.615181 0.615181 0.615181
1250 6.325091 6.325091 6.325091 0.615181 0.615181 0.615181
1260 6.325091 6.325091 6.325091 0.615181 0.615181 0.615181
1270 6.325091 6.325091 6.325091 0.615181 0.615181 0.615181
1280 6.325091 6.325091 6.325091 0.615181 0.615181 0.615181
1290 6.325091 6.325091 6.325091 0.615181 0.615181 0.615181
1300 6.325091 6.325091 6.325091 0.615181 0.615181 0.615181
1310 6.325091 6.325091 6.325091 0.615181 0.615181 0.615181
1320 6.325091 6.325091 6.325091 0.615181 0.615181 0.615181
1330 6.325091 6.325091 6.325091 0.615181 0.615181 0.615181
1340 6.325091 6.325091 6.325091 0.615181 0.615181 0.615181
1350 6.325091 6.325091 6.325091 0.615181 0.615181 0.615181
1360 6.325091 6.325091 6.325091 0.615181 0.615181 0.615181
1370 6.325091 6.325091 6.325091 0.615181 0.615181 0.615181
1380 6.325091 6.325091 6.325091 0.615181 0.615181 0.615181
1390 6.325091 6.325091 6.325091 0.615181 0.615181 0.615181
1400 6.325091 6.325091 6.325091 0.615181 0.615181 0.615181
1410 6.325091 6.325091 6.325091 0.615181 0.615181 0.615181
1420 6.325091 6.325091 6.325091 0.615181 0.615181 0.615181
1430 6.325091 6.325091 6.325091 0.615181 0.615181 0.615181
1440 6.325091 6.325091 6.325091 0.615181 0.615181 0.615181
1450 6.325091 6.325091 6.325091 0.615181 0.615181 0.615181
1460 6.325091 6.325091 6.325091 0.615181 0.615181 0.615181
1470 6.325091 6.325091 6.325091 0.615181 0.615181 0.615181
1480 6.325091 6.325091 6.325091 0.615181 0.615181 0.615181
1490 6.325091 6.325091 6.325091 0.615181 0.615181 0.615181
1500 6.325091 6.325091 6.325091 0.615181 0.615181 0.615181
1510 6.325091 6.325091 6.325091 0.615181 0.615181 0.615181
1520 6.325091 6.325091 6.325091 0.615181 0.615181 0.615181
1530 6.325091 6.325091 6.325091 0.615181 0.615181 0.615181
1540 6.325091 6.325091 6.325091 0.615181 0.615181 0.615181
1550 6.325091 6.325091 6.325091 0.615181 0.615181 0.615181
1560 6.325091 6.325091 6.325091 0.615181 0.615181 0.615181
1570 6.325091 6.325091 6.325091 0.615181 0.615181 0.615181
1580 6.325091 6.325091 6.325091 0.615181 0.615181 0.615181
1590 6.325091 6.325091 6.325091 0.615181 0.615181 0.615181
1600 6.325091 6.325091 6.325091 0.615181 0.615181 0.615181
1610 6.325091 6.325091 6.325091 0.615181 0.615181 0.615181
1620 6.325091 6.325091 6.325091 0.615181 0.615181 0.615181
1630 6.325091 6.325091 6.325091 0.615181 0.615181 0.615181
1640 6.325091 6.325091 6.325091 0.615181 0.615181 0.615181
1650 6.325091 6.325091 6.325091 0.615181 0.615181 0.615181
1660 6.325091 6.325091 6.325091 0.615181 0.615181 0.615181
1670 6.325091 6.325091 6.325091 0.615181 0.615181 0.615181
1680 6.325091 6.325091 6.325091 0.615181 0.615181 0.615181
1690 6.325091 6.325091 6.325091 0.615181 0.615181 0.615181
1700 6.325091 6.325091 6.325091 0.615181 0.615181 0.615181
1710 6.325091 6.325091 6.325091 0.615181 0.615181 0.615181
1720 6.325091 6.325091 6.325091 0.615181 0.615181 0.615181
1730 6.325091 6.325091 6.325091 0.615181 0.615181 0.615181
1740 6.325091 6.325091 6.325091 0.615181 0.615181 0.615181
1750 6.325091 6.325091 6.325091 0.615181 0.615181 0.615181
1760 6.325091 6.325091 6.325091 0.615181 0.615181 0.615181
1770 6.325091 6.325091 6.325091 0.615181 0.615181 0.615181
1780 6.325091 6.325091 6.325091 0.615181 0.615181 0.615181
1790 6.325091 6.325091 6.325091 0.615181 0.615181 0.615181
1800 6.325091 6.325091 6.325091 0.615181 0.615181 0.615181
1810 6.325091 6.325091 6.325091 0.615181 0.615181 0.615181
1820 6.325091 6.325091 6.325091 0.615181 0.615181 0.615181
1830 6.325091 6.325091 6.325091 0.615181 0.615181 0.615181
1840 6.325091 6.325091 6.325091 0.615181 0.615181 0.615181
1850 6.325091 6.325091 6.325091 0.615181 0.615181 0.615181
1860 6.325091 6.325091 6.325091 0.615181 0.615181 0.615181
1870 6.325091 6.325091 6.325091 0.615181 0.615181 0.615181
1880 6.325091 6.325091 6.325091 0.615181 0.615181 0.615181
1890 6.325091 6.325091 6.325091 0.615181 0.615181 0.615181
1900 6.325091 6.325091 6.325091 0.615181 0.615181 0.615181
1910 6.325091 6.325091 6.325091 0.615181 0.615181 0.615181
1920 6.325091 6.325091 6.325091 0.615181 0.615181 0.615181
1930 6.325091 6.325091 6.325091 0.615181 0.615181 0.615181
1940 6.325091 6.325091 6.325091 0.615181 0.615181 0.615181
1950 6.325091 6.325091 6.325091 0.615181 0.615181 0.615181
1960 6.325091 6.325091 6.325091 0.615181 0.615181 0.615181
1970 6.325091 6.325091 6.325091 0.615181 0.615181 0.615181
1980 6.325091 6.325091 6.325091 0.615181 0.615181 0.615181
1990 6.325091 6.325091 6.325091 0.615181 0.615181 0.615181
2000 6.325091 6.325091 6.325091 0.615181 0.615181 0.615181
2010 6.325091 6.325091 6.325091 0.615181 0.615181 0.615181
2020 6.325091 6.325091 6.325091 0.615181 0.615181 0.615181
2030 6.325091 6.325091 6.325091 0.615181 0.615181 0.615181
2040 6.325091 6.325091 6.325091 0.615181 0.615181 0.615181
2050 6.325091 6.325091 6.325091 0.615181 0.615181 0.615181
2060 6.325091 6.325091 6.325091 0.615181 0.615181 0.615181
2070 6.325091 6.325091 6.325091 0.615181 0.615181 0.615181
2080 6.325091 6.325091 6.325091 0.615181 0.615181 0.615181
2090 6.325091 6.325091 6.325091 0.615181 0.615181 0.615181
2100 6.325091 6.325091 6.325091 0.615181 0.615181 0.615181
2110 6.325091 6.325091 6.325091 0.615181 0.615181 0.615181
2120 6.325091 6.325091 6.325091 0.615181 0.615181 0.615181
2130 6.325091 6.325091 6.325091 0.615181 0.615181 0.615181
2140 6.325091 6.325091 6.325091 0.615181 0.615181 0.615181
2150 6.325091 6.325091 6.325091 0.615181 0.615181 0.615181
2160 6.325091 6.325091 6.325091 0.615181 0.615181 0.615181
2170 6.325091 6.325091 6.325091 0.615181 0.615181 0.615181
2180 6.325091 6.325091 6.325091 0.615181 0.615181 0.615181
2190 6.325091 6.325091 6.325091 0.615181 0.615181 0.615181
2200 6.325091 6.325091 6.325091 0.615181 0.615181 0.615181
2210 6.325091 6.325091 6.325091 0.615181 0.615181 0.615181
2220 6.325091 6.325091 6.325091 0.615181 0.615181 0.615181
2230 6.325091 6.325091 6.325091 0.615181 0.615181 0.615181
2240 6.325091 6.325091 6.325091 0.615181 0.615181 0.615181
2250 6.325091 6.325091 6.325091 0.615181 0.615181 0.615181
2260 6.325091 6.325091 6.325091 0.615181 0.615181 0.615181
2270 6.325091 6.325091 6.325091 0.615181 0.615181 0.615181
2280 6.325091 6.325091 6.325091 0.615181 0.615181 0.615181
2290 6.325091 6.325091 6.325091 0.615181 0.615181 0.615181
2300 6.325091 6.325091 6.325091 0.615181 0.615181 0.615181
2310 6.325091 6.325091 6.325091 0.615181 0.615181 0.615181
2320 6.325091 6.325091 6.325091 0.615181 0.615181 0.615181
2330 6.325091 6.325091 6.325091 0.615181 0.615181 0.615181
2340 6.325091 6.325091 6.325091 0.615181 0.615181 0.615181
2350 6.325091 6.325091 6.325091 0.615181 0.615181 0.615181
2360 6.325091 6.325091 6.325091 0.615181 0.615181 0.615181
2370 6.325091 6.325091 6.325091 0.615181 0.615181 0.615181
2380 6.325091 6.325091 6.325091 0.615181 0.615181 0.615181
2390 6.325091 6.325091 6.325091 0.615181 0.615181 0.615181
2400 6.325091 6.325091 6.325091 0.615181 0.615181 0.615181
2410 6.325091 6.325091 6.325091 0.615181 0.615181 0.615181
2420 6.325091 6.325091 6.325091 0.615181 0.615181 0.615181
2430 6.325091 6.325091 6.325091 0.615181 0.615181 0.615181
2440 6.325091 6.325091 6.325091 0.615181 0.615181 0.615181
2450 6.325091 6.325091 6.325091 0.615181 0.615181 0.615181
2460 6.325091 6.325091 6.325091 0.615181 0.615181 0.615181
2470 6.325091 6.325091 6.325091 0.615181 0.615181 0.615181
2480 6.325091 6.325091 6.325091 0.615181 0.615181 0.615181
2490 6.325091 6.325091 6.325091 0.615181 0.615181 0.615181
2500 6.325091 6.325091 6.325091 0.615181 0.615181 0.615181
2510 6.325091 6.325091 6.325091 0.615181 0.615181 0.615181
2520 6.325091 6.325091 6.325091 0.615181 0.615181 0.615181
2530 6.325091 6.325091 6.325091 0.615181 0.615181 0.615181
2540 6.325091 6.325091 6.325091 0.615181 0.615181 0.615181
2550 6.325091 6.325091 6.325091 0.615181 0.615181 0.615181
2560 6.325091 6.325091 6.325091 0.615181 0.615181 0.615181
2570 6.325091 6.325091 6.325091 0.615181 0.615181 0.615181
2580 6.325091 6.325091 6.325091 0.615181 0.615181 0.615181
2590 6.325091 6.325091 6.325091 0.615181 0.615181 0.615181
2600 6.325091 6.325091 6.325091 0.615181 0.615181 0.615181
2610 6.325091 6.325091 6.325091 0.615181 0.615181 0.615181
2620 6.325091 6.325091 6.325091 0.615181 0.615181 0.615181
2630 6.325091 6.325091 6.325091 0.615181 0.615181 0.615181
2640 6.325091 6.325091 6.325091 0.615181 0.615181 0.615181
2650 6.325091 6.325091 6.325091 0.615181 0.615181 0.615181
2660 6.325091 6.325091 6.325091 0.615181 0.615181 0.615181
2670 6.325091 6.325091 6.325091 0.615181 0.615181 0.615181
2680 6.325091 6.325091 6.325091 0.615181 0.615181 0.615181
2690 6.325091 6.325091 6.325091 0.615181 0.615181 0.615181
2700 6.325091 6.325091 6.325091 0.615181 0.615181 0.615181
2710 6.325091 6.325091 6.325091 0.615181 0.615181 0.615181
2720 6.325091 6.325091 6.325091 0.615181 0.615181 0.615181
2730 6.325091 6.325091 6.325091 0.615181 0.615181 0.615181
2740 6.325091 6.325091 6.325091 0.615181 0.615181 0.615181
2750 6.325091 6.325091 6.325091 0.615181 0.615181 0.615181
2760 6.325091 6.325091 6.325091 0.615181 0.615181 0.615181
2770 6.325091 6.325091 6.325091 0.615181 0.615181 0.615181
2780 6.325091 6.325091 6.325091 0.615181 0.615181 0.615181
2790 6.325091 6.325091 6.325091 0.615181 0.615181 0.615181
2800 6.325091 6.325091 6.325091 0.615181 0.615181 0.615181
2810 6.325091 6.325091 6.325091 0.615181 0.615181 0.615181
2820 6.325091 6.325091 6.325091 0.615181 0.615181 0.615181
2830 6.325091 6.325091 6.325091 0.615181 0.615181 0.615181
2840 6.325091 6.325091 6.325091 0.615181 0.615181 0.615181
2850 6.325091 6.325091 6.325091 0.615181 0.615181 0.615181
2860 6.325091 6.325091 6.325091 0.615181 0.615181 0.615181
2870 6.325091 6.325091 6.325091 0.615181 0.615181 0.615181
2880 6.325091 6.325091 6.325091 0.615181 0.615181 0.615181
2890 6.325091 6.325091 6.325091 0.615181 0.615181 0.615181
2900 6.325091 6.325091 6.325091 0.615181 0.615181 0.615181
2910 6.325091 6.325091 6.325091 0.615181 0.615181 0.615181
2920 6.325091 6.325091 6.325091 0.615181 0.615181 0.615181
2930 6.325091 6.325091 6.325091 0.615181 0.615181 0.615181
2940 6.325091 6.325091 6.325091 0.615181 0.615181 0.615181
2950 6.325091 6.325091 6.325091 0.615181 0.615181 0.615181
2960 6.325091 6.325091 6.325091 0.615181 0.615181 0.615181
2970 6.325091 6.325091 6.325091 0.615181 0.615181 0.615181
2980 6.325091 6.325091 6.325091 0.615181 0.615181 0.615181
2990 6.325091 6.325091 6.325091 0.615181 0.615181 0.615181
3000 6.325091 6.325091 6.325091 0.615181 0.615181 0.615181
3010 6.325091 6.325091 6.325091 0.615181 0.615181 0.615181
3020 6.325091 6.325091 6.325091 0.615181 0.615181 0.615181
3030 6.325091 6.325091 6.325091 0.615181 0.615181 0.615181
3040 6.325091 6.325091 6.325091 0.615181 0.615181 0.615181
3050 6.325091 6.325091 6.325091 0.615181 0.615181 0.615181
3060 6.325091 6.325091 6.325091 0.615181 0.615181 0.615181
3070 6.325091 6.325091 6.325091 0.615181 0.615181 0.615181
3080 6.325091 6.325091 6.325091 0.615181 0.615181 0.615181
3090 6.325091 6.325091 6.325091 0.615181 0.615181 0.615181
3100 6.325091 6.325091 6.325091 0.615181 0.615181 0.615181
3110 6.325091 6.325091 6.325091 0.615181 0.615181 0.615181
3120 6.325091 6.325091 6.325091 0.615181 0.615181 0.615181
3130 6.325091 6.325091 6.325091 0.615181 0.615181 0.615181
3140 6.325091 6.325091 6.325091 0.615181 0.615181 0.615181
3150 6.325091 6.325091 6.325091 0.615181 0.615181 0.615181
3160 6.325091 6.325091 6.325091 0.615181 0.615181 0.615181
3170 6.325091 6.325091 6.325091 0.615181 0.615181 0.615181
3180 6.325091 6.325091 6.325091 0.615181 0.615181 0.615181
3190 6.325091 6.325091 6.325091 0.615181 0.615181 0.615181
3200 6.325091 6.325091 6.325091 0.615181 0.615181 0.615181
3210 6.325091 6.325091 6.325091 0.615181 0.615181 0.615181
3220 6.325091 6.325091 6.325091 0.615181 0.615181 0.615181
3230 6.325091 6.325091 6.325091 0.615181 0.615181 0.615181
3240 6.325091 6.325091 6.325091 0.615181 0.615181 0.615181
3250 6.325091 6.325091 6.325091 0.615181 0.615181 0.615181
3260 6.325091 6.325091 6.325091 0.615181 0.615181 0.615181
3270 6.325091 6.325091 6.325091 0.615181 0.615181 0.615181
3280 6.325091 6.325091 6.325091 0.615181 0.615181 0.615181
3290 6.325091 6.325091 6.325091 0.615181 0.615181 0.615181
3300 6.325091 6.325091 6.325091 0.615181 0.615181 0.615181
3310 6.325091 6.325091 6.325091 0.615181 0.615181 0.615181
3320 6.325091 6.325091 6.325091 0.615181 0.615181 0.615181
3330 6.325091 6.325091 6.325091 0.615181 0.615181 0.615181
3340 6.325091 6.325091 6.325091 0.615181 0.615181 0.615181
3350 6.325091 6.325091 6.325091 0.615181 0.615181 0.615181
3360 6.325091 6.325091 6.325091 0.615181 0.615181 0.615181
3370 6.325091 6.325091 6.325091 0.615181 0.615181 0.615181
3380 6.325091 6.325091 6.325091 0.615181 0.615181 0.615181
3390 6.325091 6.325091 6.325091 0.615181 0.615181 0.615181
3400 6.325091 6.325091 6.325091 0.615181 0.615181 0.615181
3410 6.325091 6.325091 6.325091 0.615181 0.615181 0.615181
3420 6.325091 6.325091 6.325091 0.615181 0.615181 0.615181
3430 6.325091 6.325091 6.325091 0.615181 0.615181 0.615181
3440 6.325091 6.325091 6.325091 0.615181 0.615181 0.615181
3450 6.325091 6.325091 6.325091 0.615181 0.615181 0.615181
3460 6.325091 6.325091 6.325091 0.615181 0.615181 0.615181
3470 6.325091 6.325091 6.325091 0.615181 0.615181 0.615181
3480 6.325091 6.325091 6.325091 0.615181 0.615181 0.615181
3490 6.325091 6.325091 6.325091 0.615181 0.615181 0.615181
3500 6.325091 6.325091 6.325091 0.615181 0.615181 0.615181
3510 6.325091 6.325091 6.325091 0.615181 0.615181 0.615181
3520 6.325091 6.325091 6.325091 0.615181 0.615181 0.615181
3530 6.325091 6.325091 6.325091 0.615181 0.615181 0.615181
3540 6.325091 6.325091 6.325091 0.615181 0.615181 0.615181
3550 6.325091 6.325091 6.325091 0.615181 0.615181 0.615181
3560 6.325091 6.325091 6.325091 0.615181 0.615181 0.615181
3570 6.325091 6.325091 6.325091 0.615181 0.615181 0.615181
3580 6.325091 6.325091 6.325091 0.615181 0.615181 0.615181
3590 6.325091 6.325091 6.325091 0.615181 0.615181 0.615181
3600 6.325091 6.325091 6.325091 0.615181 0.615181 0.615181
3610 6.325091 6.325091 6.325091 0.615181 0.615181 0.615181
3620 6.325091 6.325091 6.325091 0.615181 0.615181 0.615181
3630 6.325091 6.325091 6.325091 0.615181 0.615181 0.615181
3640 6.325091 6.325091 6.325091 0.615181 0.615181 0.615181
3650 6.325091 6.325091 6.325091 0.615181 0.615181 0.615181
3660 6.325091 6.325091 6.325091 0.615181 0.615181 0.615181
3670 6.325091 6.325091 6.325091 0.615181 0.615181 0.615181
3680 6.325091 6.325091 6.325091 0.615181 0.615181 0.615181
3690 6.325091 6.325091 6.325091 0.615181 0.615181 0.615181
3700 6.325091 6.325091 6.325091 0.615181 0.615181 0.615181
3710 6.325091 6.325091 6.325091 0.615181 0.615181 0.615181
3720 6.325091 6.325091 6.325091 0.615181 0.615181 0.615181
3730 6.325091 6.325091 6.325091 0.615181 0.615181 0.615181
3740 6.325091 6.325091 6.325091 0.615181 0.615181 0.615181
3750 6.325091 6.325091 6.325091 0.615181 0.615181 0.615181
3760 6.325091 6.325091 6.325091 0.615181 0.615181 0.615181
3770 6.325091 6.325091 6.325091 0.615181 0.615181 0.615181
3780 6.325091 6.325091 6.325091 0.615181 0.615181 0.615181
3790 6.325091 6.325091 6.325091 0.615181 0.615181 0.615181
3800 6.325091 6.325091 6.325091 0.615181 0.615181 0.615181
3810 6.325091 6.325091 6.325091 0.615181 0.615181 0.615181
3820 6.325091 6.325091 6.325091 0.615181 0.615181 0.615181
3830 6.325091 6.325091 6.325091 0.615181 0.615181 0.615181
3840 6.325091 6.325091 6.325091 0.615181 0.615181 0.615181
3850 6.325091 6.325091 6.325091 0.615181 0.615181 0.615181
3860 6.325091 6.325091 6.325091 0.615181 0.615181 0.615181
3870 6.325091 6.325091 6.325091 0.615181 0.615181 0.615181
3880 6.325091 6.325091 6.325091 0.615181 0.615181 0.615181
3890 6.325091 6.325091 6.325091 0.615181 0.615181 0.615181
3900 6.325091 6.325091 6.325091 0.615181 0.615181 0.615181
3910 6.325091 6.325091 6.325091 0.615181 0.615181 0.615181
3920 6.325091 6.325091 6.325091 0.615181 0.615181 0.615181
3930 6.325091 6.325091 6.325091 0.615181 0.615181 0.615181
3940 6.325091 6.325091 6.325091 0.615181 0.615181 0.615181
3950 6.325091 6.325091 6.325091 0.615181 0.615181 0.615181
3960 6.325091 6.325091 6.325091 0.615181 0.615181 0.615181
3970 6.325091 6.325091 6.325091 0.615181 0.615181 0.615181
3980 6.325091 6.325091 6.325091 0.615181 0.615181 0.615181
3990 6.325091 6.325091 6.325091 0.615181 0.615181 0.615181
4000 6.325091 6.325091 6.325091 0.615181 0.615181 0.615181
4010 6.325091 6.325091 6.325091 0.615181 0.615181 0.615181
4020 6.325091 6.325091 6.325091 0.615181 0.615181 0.615181
4030 6.325091 6.325091 6.325091 0.615181 0.615181 0.615181
4040 6.325091 6.325091 6.325091 0.615181 0.615181 0.615181
4050 6.325091 6.325091 6.325091 0.615181 0.615181 0.615181
4060 6.325091 6.325091 6.325091 0.615181 0.615181 0.615181
4070 6.325091 6.325091 6.325091 0.615181 0.615181 0.615181
4080 6.325091 6.325091 6.325091 0.615181 0.615181 0.615181
4090 6.325091 6.325091 6.325091 0.615181 0.615181 0.615181
4100 6.325091 6.325091 6.325091 0.615181 0.615181 0.615181
4110 6.325091 6.325091 6.325091 0.615181 0.615181 0.615181
4120 6.325091 6.325091 6.325091 0.615181 0.615181 0.615181
4130 6.325091 6.325091 6.325091 0.615181 0.615181 0.615181
4140 6.325091 6.325091 6.325091 0.615181 0.615181 0.615181
4150 6.325091 6.325091 6.325091 0.615181 0.615181 0.615181
4160 6.325091 6.325091 6.325091 0.615181 0.615181 0.615181
4170 6.325091 6.325091 6.325091 0.615181 0.615181 0.615181
4180 6.325091 6.325091 6.325091 0.615181 0.615181 0.615181
4190 6.325091 6.325091 6.325091 0.615181 0.615181 0.615181
4200 6.325091 6.325091 6.325091 0.615181 0.615181 0.615181
4210 6.325091 6.325091 6.325091 0.615181 0.615181 0.615181
4220 6.325091 6.325091 6.325091 0.615181 0.615181 0.615181
4230 6.325091 6.325091 6.325091 0.615181 0.615181 0.615181
4240 6.325091 6.325091 6.325091 0.615181 0.615181 0.615181
4250 6.325091 6.325091 6.325091 0.615181 0.615181 0.615181
4260 6.325091 6.325091 6.325091 0.615181 0.615181 0.615181
4270 6.325091 6.325091 6.325091 0.615181 0.615181 0.615181
4280 6.325091 6.325091 6.325091 0.615181 0.615181 0.615181
4290 6.325091 6.325091 6.325091 0.615181 0.615181 0.615181
4300 6.325091 6.325091 6.325091 0.615181 0.615181 0.615181
4310 6.325091 6.325091 6.325091 0.615181 0.615181 0.615181
4320 6.325091 6.325091 6.325091 0.615181 0.615181 0.615181
4330 6.325091 6.325091 6.325091 0.615181 0.615181 0.615181
4340 6.325091 6.325091 6.325091 0.615181 0.615181 0.615181
4350 6.325091 6.325091 6.325091 0.615181 0.615181 0.615181
4360 6.325091 6.325091 6.325091 0.615181 0.615181 0.615181
4370 6.325091 6.325091 6.325091 0.615181 0.615181 0.615181
4380 6.325091 6.325091 6.325091 0.615181 0.615181 0.615181
4390 6.325091 6.325091 6.325091 0.615181 0.615181 0.615181
4400 6.325091 6.325091 6.325091 0.615181 0.615181 0.615181
4410 6.325091 6.325091 6.325091 0.615181 0.615181 0.615181
4420 6.325091 6.325091 6.325091 0.615181 0.615181 0.615181
4430 6.325091 6.325091 6.325091 0.615181 0.615181 0.615181
4440 6.325091 6.325091 6.325091 0.615181 0.615181 0.615181
4450 6.325091 6.325091 6.325091 0.615181 0.615181 0.615181
4460 6.325091 6.325091 6.325091 0.615181 0.615181 0.615181
4470 6.325091 6.325091 6.325091 0.615181 0.615181 0.615181
4480 6.325091 6.325091 6.325091 0.615181 0.615181 0.615181
4490 6.325091 6.325091 6.325091 0.615181 0.615181 0.615181
4500 6.325091 6.325091 6.325091 0.615181 0.615181 0.615181
4510 6.325091 6.325091 6.325091 0.615181 0.615181 0.615181
4520 6.325091 6.325091 6.325091 0.615181 0.615181 0.615181
4530 6.325091 6.325091 6.325091 0.615181 0.615181 0.615181
4540 6.325091 6.325091 6.325091 0.615181 0.615181 0.615181
4550 6.325091 6.325091 6.325091 0.615181 0.615181 0.615181
4560 6.325091 6.325091 6.325091 0.615181 0.615181 0.615181
4570 6.325091 6.325091 6.325091 0.615181 0.615181 0.615181
4580 6.325091 6.325091 6.325091 0.615181 0.615181 0.615181
4590 6.325091 6.325091 6.325091 0.615181 0.615181 0.615181
4600 6.325091 6.325091 6.325091 0.615181 0.615181 0.615181
4610 6.325091 6.325091 6.325091 0.615181 0.615181 0.615181
4620 6.325091 6.325091 6.325091 0.615181 0.615181 0.615181
4630 6.325091 6.325091 6.325091 0.615181 0.615181 0.615181
4640 6.325091 6.325091 6.325091 0.615181 0.615181 0.615181
4650 6.325091 6.325091 6.325091 0.615181 0.615181 0.615181
4660 6.325091 6.325091 6.325091 0.615181 0.615181 0.615181
4670 6.325091 6.325091 6.325091 0.615181 0.615181 0.615181
4680 6.325091 6.325091 6.325091 0.615181 0.615181 0.615181
4690 6.325091 6.325091 6.325091 0.615181 0.615181 0.615181
4700 6.325091 6.325091 6.325091 0.615181 0.615181 0.615181
4710 6.325091 6.325091 6.325091 0.615181 0.615181 0.615181
4720 6.325091 6.325091 6.325091 0.615181 0.615181 0.615181
4730 6.325091 6.325091 6.325091 0.615181 0.615181 0.615181
4740 6.325091 6.325091 6.325091 0.615181 0.615181 0.615181
4750 6.325091 6.325091 6.325091 0.615181 0.615181 0.615181
4760 6.325091 6.325091 6.325091 0.615181 0.615181 0.615181
4770 6.325091 6.325091 6.325091 0.615181 0.615181 0.615181
4780 6.325091 6.325091 6.325091 0.615181 0.615181 0.615181
4790 6.325091 6.325091 6.325091 0.615181 0.615181 0.615181
4800 6.325091 6.325091 6.325091 0.615181 0.615181 0.615181
4810 6.325091 6.325091 6.325091 0.615181 0.615181 0.615181
4820 6.325091 6.325091 6.325091 0.615181 0.615181 0.615181
4830 6.325091 6.325091 6.325091 0.615181 0.615181 0.615181
4840 6.325091 6.325091 6.325091 0.615181 0.615181 0.615181
4850 6.325091 6.325091 6.325091 0.615181 0.615181 0.615181
4860 6.325091 6.325091 6.325091 0.615181 0.615181 0.615181
4870 6.325091 6.325091 6.325091 0.615181 0.615181 0.615181
4880 6.325091 6.325091 6.325091 0.615181 0.615181 0.615181
4890 6.325091 6.325091 6.325091 0.615181 0.615181 0.615181
4900 6.325091 6.325091 6.325091 0.615181 0.615181 0.615181
4910 6.325091 6.325091 6.325091 0.615181 0.615181 0.615181
4920 6.325091 6.325091 6.325091 0.615181 0.615181 0.615181
4930 6.325091 6.325091 6.325091 0.615181 0.615181 0.615181
4940 6.325091 6.325091 6.325091 0.615181 0.615181 0.615181
4950 6.325091 6.325091 6.325091 0.615181 0.615181 0.615181
4960 6.325091 6.325091 6.325091 0.615181 0.615181 0.615181
4970 6.325091 6.325091 6.325091 0.615181 0.615181 0.615181
4980 6.325091 6.325091 6.325091 0.615181 0.615181 0.615181
4990 6.325091 6.325091 6.325091 0.615181 0.615181 0.615181
5000 6.325091 6.325091 6.325091 0.615181 0.615181 0.615181
5010 6.325091 6.325091 6.325091 0.615181 0.615181 0.615181
5020 6.325091 6.325091 6.325091 0.615181 0.615181 0.615181
5030 6.325091 6.325091 6.325091 0.615181 0.615181 0.615181
5040 6.325091 6.325091 6.325091 0.615181 0.615181 0.615181
5050 6.325091 6.325091 6.325091 0.615181 0.615181 0.615181
5060 6.325091 6.325091 6.325091 0.615181 0.615181 0.615181
5070 6.325091 6.325091 6.325091 0.615181 0.615181 0.615181
5080 6.325091 6.325091 6.325091 0.615181 0.615181 0.615181
5090 6.325091 6.325091 6.325091 0.615181 0.615181 0.615181
5100 6.325091 6.325091 6.325091 0.615181 0.615181 0.615181
5110 6.325091 6.325091 6.325091 0.615181 0.615181 0.615181
5120 6.325091 6.325091 6.325091 0.615181 0.615181 0.615181
5130 6.325091 6.325091 6.325091 0.615181 0.615181 0.615181
5140 6.325091 6.325091 6.325091 0.615181 0.615181 0.615181
5150 6.325091 6.325091 6.325091 0.615181 0.615181 0.615181
5160 6.325091 6.325091 6.325091 0.615181 0.615181 0.615181
5170 6.325091 6.325091 6.325091 0.615181 0.615181 0.615181
5180 6.325091 6.325091 6.325091 0.615181 0.615181 0.615181
5190 6.325091 6.325091 6.325091 0.615181 0.615181 0.615181
5200 6.325091 6.325091 6.325091 0.615181 0.615181 0.615181
5210 6.325091 6.325091 6.325091 0.615181 0.615181 0.615181
5220 6.325091 6.325091 6.325091 0.615181 0.615181 0.615181
5230 6.325091 6.325091 6.325091 0.615181 0.615181 0.615181
5240 6.325091 6.325091 6.325091 0.615181 0.615181 0.615181
5250 6.325091 6.325091 6.325091 0.615181 0.615181 0.615181
5260 6.325091 6.325091 6.325091 0.615181 0.615181 0.615181
5270 6.325091 6.325091 6.325091 0.615181 0.615181 0.615181
5280 6.325091 6.325091 6.325091 0.615181 0.615181 0.615181
5290 6.325091 6.325091 6.325091 0.615181 0.615181 0.615181
5300 6.325091 6.325091 6.325091 0.615181 0.615181 0.615181
5310 6.325091 6.325091 6.325091 0.615181 0.615181 0.615181
5320 6.325091 6.325091 6.325091 0.615181 0.615181 0.615181
5330 6.325091 6.325091 6.325091 0.615181 0.615181 0.615181
5340 6.325091 6.325091 6.325091 0.615181 0.615181 0.615181
5350 6.325091 6.325091 6.325091 0.615181 0.615181 0.615181
5360 6.325091 6.325091 6.325091 0.615181 0.615181 0.615181
5370 6.325091 6.325091 6.325091 0.615181 0.615181 0.615181
5380 6.325091 6.325091 6.325091 0.615181 0.615181 0.615181
5390 6.325091 6.325091 6.325091 0.615181 0.615181 0.615181
5400 6.325091 6.325091 6.325091 0.615181 0.615181 0.615181
5410 6.325091 6.325091 6.325091 0.615181 0.615181 0.615181
5420 6.325091 6.325091 6.325091 0.615181 0.615181 0.615181
5430 6.325091 6.325091 6.325091 0.615181 0.615181 0.615181
5440 6.325091 6.325091 6.325091 0.615181 0.615181 0.615181
5450 6.325091 6.325091 6.325091 0.615181 0.615181 0.615181
5460 6.325091 6.325091 6.325091 0.615181 0.615181 0.615181
5470 6.325091 6.325091 6.325091 0.615181 0.615181 0.615181
5480 6.325091 6.325091 6.325091 0.615181 0.615181 0.615181
5490 6.325091 6.325091 6.325091 0.615181 0.615181 0.615181
5500 6.325091 6.325091 6.325091 0.615181 0.615181 0.615181
5510 6.325091 6.325091 6.325091 0.615181 0.615181 0.615181
5520 6.325091 6.325091 6.325091 0.615181 0.615181 0.615181
5530 6.325091 6.325091 6.325091 0.615181 0.615181 0.615181
5540 6.325091 6.325091 6.325091 0.615181 0.615181 0.615181
5550 6.325091 6.325091 6.325091 0.615181 0.615181 0.615181
5560 6.325091 6.325091 6.325091 0.615181 0.615181 0.615181
5570 6.325091 6.325091 6.325091 0.615181 0.615181 0.615181
5580 6.325091 6.325091 6.325091 0.615181 0.615181 0.615181
5590 6.325091 6.325091 6.325091 0.615181 0.615181 0.615181
5600 6.325091 6.325091 6.325091 0.615181 0.615181 0.615181
5610 6.325091 6.325091 6.325091 0.615181 0.615181 0.615181
5620 6.325091 6.325091 6.325091 0.615181 0.615181 0.615181
5630 6.325091 6.325091 6.325091 0.615181 0.615181 0.615181
5640 6.325091 6.325091 6.325091 0.615181 0.615181 0.615181
5650 6.325091 6.325091 6.325091 0.615181 0.615181 0.615181
5660 6.325091 6.325091 6.325091 0.615181 0.615181 0.615181
5670 6.325091 6.325091 6.325091 0.615181 0.615181 0.615181
5680 6.325091 6.325091 6.325091 0.615181 0.615181 0.615181
5690 6.325091 6.325091 6.325091 0.615181 0.615181 0.615181
5700 6.325091 6.325091 6.325091 0.615181 0.615181 0.615181
5710 6.325091 6.325091 6.325091 0.615181 0.615181 0.615181
5720 6.325091 6.325091 6.325091 0.615181 0.615181 0.615181
5730 6.325091 6.325091 6.325091 0.615181 0.615181 0.615181
5740 6.325091 6.325091 6.325091 0.615181 0.615181 0.615181
5750 6.325091 6.325091 6.325091 0.615181 0.615181 0.615181
5760 6.325091 6.325091 6.325091 0.615181 0.615181 0.615181
5770 6.325091 6.325091 6.325091 0.615181 0.615181 0.615181
5780 6.325091 6.325091 6.325091 0.615181 0.615181 0.615181
5790 6.325091 6.325091 6.325091 0.615181 0.615181 0.615181
5800 6.325091 6.325091 6.325091 0.615181 0.615181 0.615181
5810 6.325091 6.325091 6.325091 0.615181 0.615181 0.615181
5820 6.325091 6.325091 6.325091 0.615181 0.615181 0.615181
5830 6.325091 6.325091 6.325091 0.615181 0.615181 0.615181
5840 6.325091 6.325091 6.325091 0.615181 0.615181 0.615181
5850 6.325091 6.325091 6.325091 0.615181 0.615181 0.615181
5860 6.325091 6.325091 6.325091 0.615181 0.615181 0.615181
5870 6.325091 6.325091 6.325091 0.615181 0.615181 0.615181
5880 6.325091 6.325091 6.325091 0.615181 0.615181 0.615181
5890 6.325091 6.325091 6.325091 0.615181 0.615181 0.615181
5900 6.325091 6.325091 6.325091 0.615181 0.615181 0.615181
5910 6.325091 6.325091 6.325091 0.615181 0.615181 0.615181
5920 6.325091 6.325091 6.325091 0.615181 0.615181 0.615181
5930 6.325091 6.325091 6.325091 0.615181 0.615181 0.615181
5940 6.325091 6.325091 6.325091 0.615181 0.615181 0.615181
5950 6.325091 6.325091 6.325091 0.615181 0.615181 0.615181
5960 6.325091 6.325091 6.325091 0.615181 0.615181 0.615181
5970 6.325091 6.325091 6.325091 0.615181 0.615181 0.615181
5980 6.325091 6.325091 6.325091 0.615181 0.615181 0.615181
5990 6.325091 6.325091 6.325091 0.615181 0.615181 0.615181
6000 6.325091 6.325091 6.325091 0.615181 0.615181 0.615181
6010 6.325091 6.325091 6.325091 0.615181 0.615181 0.615181
6020 6.325091 6.325091 6.325091 0.615181 0.615181 0.615181
6030 6.325091 6.325091 6.325091 0.615181 0.615181 0.615181
6040 6.325091 6.325091 6.325091 0.615181 0.615181 0.615181
6050 6.325091 6.325091 6.325091 0.615181 0.615181 0.615181
6060 6.325091 6.325091 6.325091 0.615181 0.615181 0.615181
6070 6.325091 6.325091 6.325091 0.615181 0.615181 0.615181
6080 6.325091 6.325091 6.325091 0.615181 0.615181 0.615181
6090 6.325091 6.325091 6.325091 0.615181 0.615181 0.615181
6100 6.325091 6.325091 6.325091 0.615181 0.615181 0.615181
6110 6.325091 6.325091 6.325091 0.615181 0.615181 0.615181
6120 6.325091 6.325091 6.325091 0.615181 0.615181 0.615181
6130 6.325091 6.325091 6.325091 0.615181 0.615181 0.615181
6140 6.325091 6.325091 6.325091 0.615181 0.615181 0.615181
6150 6.325091 6.325091 6.325091 0.615181 0.615181 0.615181
6160 6.325091 6.325091 6.325091 0.615181 0.615181 0.615181
6170 6.325091 6.325091 6.325091 0.615181 0.615181 0.615181
6180 6.325091 6.325091 6.325091 0.615181 0.615181 0.615181
6190 6.325091 6.325091 6.325091 0.615181 0.615181 0.615181
6200 6.325091 6.325091 6.325091 0.615181 0.615181 0.615181
6210 6.325091 6.325091 6.325091 0.615181 0.615181 0.615181
6220 6.325091 6.325091 6.325091 0.615181 0.615181 0.615181
6230 6.325091 6.325091 6.325091 0.615181 0.615181 0.615181
6240 6.325091 6.325091 6.325091 0.615181 0.615181 0.615181
6250 6.325091 6.325091 6.325091 0.615181 0.615181 0.615181
6260 6.325091 6.325091 6.325091 0.615181 0.615181 0.615181
6270 6.325091 6.325091 6.325091 0.615181 0.615181 0.615181
6280 6.325091 6.325091 6.325091 0.615181 0.615181 0.615181
6290 6.325091 6.325091 6.325091 0.615181 0.615181 0.615181
6300 6.325091 6.325091 6.325091 0.615181 0.615181 0.615181
6310 6.325091 6.325091 6.325091 0.615181 0.615181 0.615181
6320 6.325091 6.325091 6.325091 0.615181 0.615181 0.615181
6330 6.325091 6.325091 6.325091 0.615181 0.615181 0.615181
6340 6.325091 6.325091 6.325091 0.615181 0.615181 0.615181
6350 6.325091 6.325091 6.325091 0.615181 0.615181 0.615181
6360 6.325091 6.325091 6.325091 0.615181 0.615181 0.615181
6370 6.325091 6.325091 6.325091 0.615181 0.615181 0.615181
6380 6.325091 6.325091 6.325091 0.615181 0.615181 0.615181
6390 6.325091 6.325091 6.325091 0.615181 0.615181 0.615181
6400 6.325091 6.325091 6.325091 0.615181 0.615181 0.615181
6410 6.325091 6.325091 6.325091 0.615181 0.615181 0.615181
6420 6.325091 6.325091 6.325091 0.615181 0.615181 0.615181
6430 6.325091 6.325091 6.325091 0.615181 0.615181 0.615181
6440 6.325091 6.325091 6.325091 0.615181 0.615181 0.615181
6450 6.325091 6.325091 6.325091 0.615181 0.615181 0.615181
6460 6.325091 6.325091 6.325091 0.615181 0.615181 0.615181
6470 6.325091 6.325091 6.325091 0.615181 0.615181 0.615181
6480 6.325091 6.325091 6.325091 0.615181 0.615181 0.615181
6490 6.325091 6.325091 6.325091 0.615181 0.615181 0.615181
6500 6.325091 6.325091 6.325091 0.615181 0.615181 0.615181
6510 6.325091 6.325091 6.325091 0.615181 0.615181 0.615181
6520 6.325091 6.325091 6.325091 0.615181 0.615181 0.615181
6530 6.325091 6.325091 6.325091 0.615181 0.615181 0.615181
6540 6.325091 6.325091 6.325091 0.615181 0.615181 0.615181
6550 6.325091 6.325091 6.325091 0.615181 0.615181 0.615181
6560 6.325091 6.325091 6.325091 0.615181 0.615181 0.615181
6570 6.325091 6.325091 6.325091 0.615181 0.615181 0.615181
6580 6.325091 6.325091 6.325091 0.615181 0.615181 0.615181
6590 6.325091 6.325091 6.325091 0.615181 0.615181 0.615181
6600 6.325091 6.325091 6.325091 0.615181 0.615181 0.615181
6610 6.325091 6.325091 6.325091 0.615181 0.615181 0.615181
6620 6.325091 6.325091 6.325091 0.615181 0.615181 0.615181
6630 6.325091 6.325091 6.325091 0.615181 0.615181 0.615181
6640 6.325091 6.325091 6.325091 0.615181 0.615181 0.615181
6650 6.325091 6.325091 6.325091 0.615181 0.615181 0.615181
6660 6.325091 6.325091 6.325091 0.615181 0.615181 0.615181
6670 6.325091 6.325091 6.325091 0.615181 0.615181 0.615181
6680 6.325091 6.325091 6.325091 0.615181 0.615181 0.615181
6690 6.325091 6.325091 6.325091 0.615181 0.615181 0.615181
6700 6.325091 6.325091 6.325091 0.615181 0.615181 0.615181
6710 6.325091 6.325091 6.325091 0.615181 0.615181 0.615181
6720 6.325091 6.325091 6.325091 0.615181 0.615181 0.615181
6730 6.325091 6.325091 6.325091 0.615181 0.615181 0.615181
6740 6.325091 6.325091 6.325091 0.615181 0.615181 0.615181
6750 6.325091 6.325091 6.325091 0.615181 0.615181 0.615181
6760 6.325091 6.325091 6.325091 0.615181 0.615181 0.615181
6770 6.325091 6.325091 6.325091 0.615181 0.615181 0.615181
6780 6.325091 6.325091 6.325091 0.615181 0.615181 0.615181
6790 6.325091 6.325091 6.325091 0.615181 0.615181 0.615181
6800 6.325091 6.325091 6.325091 0.615181 0.615181 0.615181
6810 6.325091 6.325091 6.325091 0.615181 0.615181 0.615181
6820 6.325091 6.325091 6.325091 0.615181 0.615181 0.615181
6830 6.325091 6.325091 6.325091 0.615181 0.615181 0.615181
6840 6.325091 6.325091 6.325091 0.615181 0.615181 0.615181
6850 6.325091 6.325091 6.325091 0.615181 0.615181 0.615181
6860 6.325091 6.325091 6.325091 0.615181 0.615181 0.615181
6870 6.325091 6.325091 6.325091 0.615181 0.615181 0.615181
6880 6.325091 6.325091 6.325091 0.615181 0.615181 0.615181
6890 6.325091 6.325091 6.325091 0.615181 0.615181 0.615181
6900 6.325091 6.325091 6.325091 0.615181 0.615181 0.615181
6910 6.325091 6.325091 6.325091 0.615181 0.615181 0.615181
6920 6.325091 6.325091 6.325091 0.615181 0.615181 0.615181
6930 6.325091 6.325091 6.325091 0.615181 0.615181 0.615181
6940 6.325091 6.325091 6.325091 0.615181 0.615181 0.615181
6950 6.325091 6.325091 6.325091 0.615181 0.615181 0.615181
6960 6.325091 6.325091 6.325091 0.615181 0.615181 0.615181
6970 6.325091 6.325091 6.325091 0.615181 0.615181 0.615181
6980 6.325091 6.325091 6.325091 0.615181 0.615181 0.615181
6990 6.325091 6.325091 6.325091 0.615181 0.615181 0.615181
7000 6.325091 6.325091 6.325091 0.615181 0.615181 0.615181
7010 6.325091 6.325091 6.325091 0.615181 0.615181 0.615181
7020 6.325091 6.325091 6.325091 0.615181 0.615181 0.615181
7030 6.325091 6.325091 6.325091 0.615181 0.615181 0.615181
7040 6.325091 6.325091 6.325091 0.615181 0.615181 0.615181
7050 6.325091 6.325091 6.325091 0.615181 0.615181 0.615181
7060 6.325091 6.325091 6.325091 0.615181 0.615181 0.615181
7070 6.325091 6.325091 6.325091 0.615181 0.615181 0.615181
7080 6.325091 6.325091 6.325091 0.615181 0.615181 0.615181
7090 6.325091 6.325091 6.325091 0.615181 0.615181 0.615181
7100 6.325091 6.325091 6.325091 0.615181 0.615181 0.615181
7110 6.325091 6.325091 6.325091 0.615181 0.615181 0.615181
7120 6.325091 6.325091 6.325091 0.615181 0.615181 0.615181
7130 6.325091 6.325091 6.325091 0.615181 0.615181 0.615181
7140 6.325091 6.325091 6.325091 0.615181 0.615181 0.615181
7150 6.325091 6.325091 6.325091 0.615181 0.615181 0.615181
7160 6.325091 6.325091 6.325091 0.615181 0.615181 0.615181
7170 6.325091 6.325091 6.325091 0.615181 0.615181 0.615181
7180 6.325091 6.325091 6.325091 0.615181 0.615181 0.615181
7190 6.325091 6.325091 6.325091 0.615181 0.615181 0.615181
7200 6.325091 6.325091 6.325091 0.615181 0.615181 0.615181
7210 6.325091 6.325091 6.325091 0.615181 0.615181 0.615181
7220 6.325091 6.325091 6.325091 0.615181 0.615181 0.615181
7230 6.325091 6.325091 6.325091 0.615181 0.615181 0.615181
7240 6.325091 6.325091 6.325091 0.615181 0.615181 0.615181
7250 6.325091 6.325091 6.325091 0.615181 0.615181 0.615181
7260 6.325091 6.325091 6.325091 0.615181 0.615181 0.615181
7270 6.325091 6.325091 6.325091 0.615181 0.615181 0.615181
7280 6.325091 6.325091 6.325091 0.615181 0.615181 0.615181
7290 6.325091 6.325091 6.325091 0.615181 0.615181 0.615181
7300 6.325091 6.325091 6.325091 0.615181 0.615181 0.615181
7310 6.325091 6.325091 6.325091 0.615181 0.615181 0.615181
7320 6.325091 6.325091 6.325091 0.615181 0.615181 0.615181
7330 6.325091 6.325091 6.325091 0.615181 0.615181 0.615181
7340 6.325091 6.325091 6.325091 0.615181 0.615181 0.615181
7350 6.325091 6.325091 6.325091 0.615181 0.615181 0.615181
7360 6.325091 6.325091 6.325091 0.615181 0.615181 0.615181
7370 6.325091 6.325091 6.325091 0.615181 0.615181 0.615181
7380 6.325091 6.325091 6.325091 0.615181 0.615181 0.615181
7390 6.325091 6.325091 6.325091 0.615181 0.615181 0.615181
7400 6.325091 6.325091 6.325091 0.615181 0.615181 0.615181
7410 6.325091 6.325091 6.325091 0.615181 0.615181 0.615181
7420 6.325091 6.325091 6.325091 0.615181 0.615181 0.615181
7430 6.325091 6.325091 6.325091 0.615181 0.615181 0.615181
7440 6.325091 6.325091 6.325091 0.615181 0.615181 0.615181
7450 6.325091 6.325091 6.325091 0.615181 0.615181 0.615181
7460 6.325091 6.325091 6.325091 0.615181 0.615181 0.615181
7470 6.325091 6.325091 6.325091 0.615181 0.615181 0.615181
7480 6.325091 6.325091 6.325091 0.615181 0.615181 0.615181
7490 6.325091 6.325091 6.325091 0.615181 0.615181 0.615181
7500 6.325091 6.325091 6.325091 0.615181 0.615181 0.615181
7510 6.325091 6.325091 6.325091 0.615181 0.615181 0.615181
7520 6.325091 6.325091 6.325091 0.615181 0.615181 0.615181
7530 6.325091 6.325091 6.325091 0.615181 0.615181 0.615181
7540 6.325091 6.325091 6.325091 0.615181 0.615181 0.615181
7550 6.325091 6.325091 6.325091 0.615181 0.615181 0.615181
7560 6.325091 6.325091 6.325091 0.615181 0.615181 0.615181
7570 6.325091 6.325091 6.325091 0.615181 0.615181 0.615181
7580 6.325091 6.325091 6.325091 0.615181 0.615181 0.615181
7590 6.325091 6.325091 6.325091 0.615181 0.615181 0.615181
7600 6.325091 6.325091 6.325091 0.615181 0.615181 0.615181
7610 6.325091 6.325091 6.325091 0.615181 0.615181 0.615181
7620 6.325091 6.325091 6.325091 0.615181 0.615181 0.615181
7630 6.325091 6.325091 6.325091 0.615181 0.615181 0.615181
7640 6.325091 6.325091 6.325091 0.615181 0.615181 0.615181
7650 6.325091 6.325091 6.325091 0.615181 0.615181 0.615181
7660 6.325091 6.325091 6.325091 0.615181 0.615181 0.615181
7670 6.325091 6.325091 6.325091 0.615181 0.615181 0.615181
7680 6.325091 6.325091 6.325091 0.615181 0.615181 0.615181
7690 6.325091 6.325091 6.325091 0.615181 0.615181 0.615181
7700 6.325091 6.325091 6.325091 0.615181 0.615181 0.615181
7710 6.325091 6.325091 6.325091 0.615181 0.615181 0.615181
7720 6.325091 6.325091 6.325091 0.615181 0.615181 0.615181
7730 6.325091 6.325091 6.325091 0.615181 0.615181 0.615181
7740 6.325091 6.325091 6.325091 0.615181 0.615181 0.615181
7750 6.325091 6.325091 6.325091 0.615181 0.615181 0.615181
7760 6.325091 6.325091 6.325091 0.615181 0.615181 0.615181
7770 6.325091 6.325091 6.325091 0.615181 0.615181 0.615181
7780 6.325091 6.325091 6.325091 0.615181 0.615181 0.615181
7790 6.325091 6.325091 6.325091 0.615181 0.615181 0.615181
7800 6.325091 6.325091 6.325091 0.615181 0.615181 0.615181
7810 6.325091 6.325091 6.325091 0.615181 0.615181 0.615181
7820 6.325091 6.325091 6.325091 0.615181 0.615181 0.615181
7830 6.325091 6.325091 6.325091 0.615181 0.615181 0.615181
7840 6.325091 6.325091 6.325091 0.615181 0.615181 0.615181
7850 6.325091 6.325091 6.325091 0.615181 0.615181 0.615181
7860 6.325091 6.325091 6.325091 0.615181 0.615181 0.615181
7870 6.325091 6.325091 6.325091 0.615181 0.615181 0.615181
7880 6.325091 6.325091 6.325091 0.615181 0.615181 0.615181
7890 6.325091 6.325091 6.325091 0.615181 0.615181 0.615181
7900 6.325091 6.325091 6.325091 0.615181 0.615181 0.615181
7910 6.325091 6.325091 6.325091 0.615181 0.615181 0.615181
7920 6.325091 6.325091 6.325091 0.615181 0.615181 0.615181
7930 6.325091 6.325091 6.325091 0.615181 0.615181 0.615181
7940 6.325091 6.325091 6.325091 0.615181 0.615181 0.615181
7950 6.325091 6.325091 6.325091 0.615181 0.615181 0.615181
7960 6.325091 6.325091 6.325091 0.615181 0.615181 0.615181
7970 6.325091 6.325091 6.325091 0.615181 0.615181 0.615181
7980 6.325091 6.325091 6.325091 0.615181 0.615181 0.615181
7990 6.325091 6.325091 6.325091 0.615181 0.615181 0.615181
8000 6.325091 6.325091 6.325091 0.615181 0.615181 0.615181
8010 6.325091 6.325091 6.325091 0.615181 0.615181 0.615181
8020 6.325091 6.325091 6.325091 0.615181 0.615181 0.615181
8030 6.325091 6.325091 6.325091 0.615181 0.615181 0.615181
8040 6.325091 6.325091 6.325091 0.615181 0.615181 0.615181
8050 6.325091 6.325091 6.325091 0.615181 0.615181 0.615181
8060 6.325091 6.325091 6.325091 0.615181 0.615181 0.615181
8070 6.325091 6.325091 6.325091 0.615181 0.615181 0.615181
8080 6.325091 6.325091 6.325091 0.615181 0.615181 0.615181
8090 6.325091 6.325091 6.325091 0.615181 0.615181 0.615181
8100 6.325091 6.325091 6.325091 0.615181 0.615181 0.615181
8110 6.325091 6.325091 6.325091 0.615181 0.615181 0.615181
8120 6.325091 6.325091 6.325091 0.615181 0.615181 0.615181
8130 6.325091 6.325091 6.325091 0.615181 0.615181 0.615181
8140 6.325091 6.325091 6.325091 0.615181 0.615181 0.615181
8150 6.325091 6.325091 6.325091 0.615181 0.615181 0.615181
8160 6.325091 6.325091 6.325091 0.615181 0.615181 0.615181
8170 6.325091 6.325091 6.325091 0.615181 0.615181 0.615181
8180 6.325091 6.325091 6.325091 0.615181 0.615181 0.615181
8190 6.325091 6.325091 6.325091 0.615181 0.615181 0.615181
8200 6.325091 6.325091 6.325091 0.615181 0.615181 0.615181
8210 6.325091 6.325091 6.325091 0.615181 0.615181 0.615181
8220 6.325091 6.325091 6.325091 0.615181 0.615181 0.615181
8230 6.325091 6.325091 6.325091 0.615181 0.615181 0.615181
8240 6.325091 6.325091 6.325091 0.615181 0.615181 0.615181
8250 6.325091 6.325091 6.325091 0.615181 0.615181 0.615181
8260 6.325091 6.325091 6.325091 0.615181 0.615181 0.615181
8270 6.325091 6.325091 6.325091 0.615181 0.615181 0.615181
8280 6.325091 6.325091 6.325091 0.615181 0.615181 0.615181
8290 6.325091 6.325091 6.325091 0.615181 0.615181 0.615181
8300 6.325091 6.325091 6.325091 0.615181 0.615181 0.615181
8310 6.325091 6.325091 6.325091 0.615181 0.615181 0.615181
8320 6.325091 6.325091 6.325091 0.615181 0.615181 0.615181
8330 6.325091 6.325091 6.325091 0.615181 0.615181 0.615181
8340 6.325091 6.325091 6.325091 0.615181 0.615181 0.615181
8350 6.325091 6.325091 6.325091 0.615181 0.615181 0.615181
8360 6.325091 6.325091 6.325091 0.615181 0.615181 0.615181
8370 6.325091 6.325091 6.325091 0.615181 0.615181 0.615181
8380 6.325091 6.325091 6.325091 0.615181 0.615181 0.615181
8390 6.325091 6.325091 6.325091 0.615181 0.615181 0.615181
8400 6.325091 6.325091 6.325091 0.615181 0.615181 0.615181
8410 6.325091 6.325091 6.325091 0.615181 0.615181 0.615181
8420 6.325091 6.325091 6.325091 0.615181 0.615181 0.615181
8430 6.325091 6.325091 6.325091 0.615181 0.615181 0.615181
8440 6.325091 6.325091 6.325091 0.615181 0.615181 0.615181
8450 6.325091 6.325091 6.325091 0.615181 0.615181 0.615181
8460 6.325091 6.325091 6.325091 0.615181 0.615181 0.615181
8470 6.325091 6.325091 6.325091 0.615181 0.615181 0.615181
8480 6.325091 6.325091 6.325091 0.615181 0.615181 0.615181
8490 6.325091 6.325091 6.325091 0.615181 0.615181 0.615181
8500 6.325091 6.325091 6.325091 0.615181 0.615181 0.615181
8510 6.325091 6.325091 6.325091 0.615181 0.615181 0.615181
8520 6.325091 6.325091 6.325091 0.615181 0.615181 0.615181
8530 6.325091 6.325091 6.325091 0.615181 0.615181 0.615181
8540 6.325091 6.325091 6.325091 0.615181 0.615181 0.615181
8550 6.325091 6.325091 6.325091 0.615181 0.615181 0.615181
8560 6.325091 6.325091 6.325091 0.615181 0.615181 0.615181
8570 6.325091 6.325091 6.325091 0.615181 0.615181 0.615181
8580 6.325091 6.325091 6.325091 0.615181 0.615181 0.615181
8590 6.325091 6.325091 6.325091 0.615181 0.615181 0.615181
8600 6.325091 6.325091 6.325091 0.615181 0.615181 0.615181
8610 6.325091 6.325091 6.325091 0.615181 0.615181 0.615181
8620 6.325091 6.325091 6.325091 0.615181 0.615181 0.615181
8630 6.325091 6.325091 6.325091 0.615181 0.615181 0.615181
8640 6.325091 6.325091 6.325091 0.615181 0.615181 0.615181
8650 6.325091 6.325091 6.325091 0.615181 0.615181 0.615181
8660 6.325091 6.325091 6.325091 0.615181 0.615181 0.615181
8670 6.325091 6.325091 6.325091 0.615181 0.615181 0.615181
8680 6.325091 6.325091 6.325091 0.615181 0.615181 0.615181
8690 6.325091 6.325091 6.325091 0.615181 0.615181 0.615181
8700 6.325091 6.325091 6.325091 0.615181 0.615181 0.615181
8710 6.325091 6.325091 6.325091 0.615181 0.615181 0.615181
8720 6.325091 6.325091 6.325091 0.615181 0.615181 0.615181
8730 6.325091 6.325091 6.325091 0.615181 0.615181 0.615181
8740 6.325091 6.325091 6.325091 0.615181 0.615181 0.615181
8750 6.325091 6.325091 6.325091 0.615181 0.615181 0.615181
8760 6.325091 6.325091 6.325091 0.615181 0.615181 0.615181
8770 6.325091 6.325091 6.325091 0.615181 0.615181 0.615181
8780 6.325091 6.325091 6.325091 0.615181 0.615181 0.615181
8790 6.325091 6.325091 6.325091 0.615181 0.615181 0.615181
8800 6.325091 6.325091 6.325091 0.615181 0.615181 0.615181
8810 6.325091 6.325091 6.325091 0.615181 0.615181 0.615181
8820 6.325091 6.325091 6.325091 0.615181 0.615181 0.615181
8830 6.325091 6.325091 6.325091 0.615181 0.615181 0.615181
8840 6.325091 6.325091 6.325091 0.615181 0.615181 0.615181
8850 6.325091 6.325091 6.325091 0.615181 0.615181 0.615181
8860 6.325091 6.325091 6.325091 0.615181 0.615181 0.615181
8870 6.325091 6.325091 6.325091 0.615181 0.615181 0.615181
8880 6.325091 6.325091 6.325091 0.615181 0.615181 0.615181
8890 6.325091 6.325091 6.325091 0.615181 0.615181 0.615181
8900 6.325091 6.325091 6.325091 0.615181 0.615181 0.615181
8910 6.325091 6.325091 6.325091 0.615181 0.615181 0.615181
8920 6.325091 6.325091 6.325091 0.615181 0.615181 0.615181
8930 6.325091 6.325091 6.325091 0.615181 0.615181 0.615181
8940 6.325091 6.325091 6.325091 0.615181 0.615181 0.615181
8950 6.325091 6.325091 6.325091 0.615181 0.615181 0.615181
8960 6.325091 6.325091 6.325091 0.615181 0.615181 0.615181
8970 6.325091 6.325091 6.325091 0.615181 0.615181 0.615181
8980 6.325091 6.325091 6.325091 0.615181 0.615181 0.615181
8990 6.325091 6.325091 6.325091 0.615181 0.615181 0.615181
9000 6.325091 6.325091 6.325091 0.615181 0.615181 0.615181
9010 6.325091 6.325091 6.325091 0.615181 0.615181 0.615181
9020 6.325091 6.325091 6.325091 0.615181 0.615181 0.615181
9030 6.325091 6.325091 6.325091 0.615181 0.615181 0.615181
9040 6.325091 6.325091 6.325091 0.615181 0.615181 0.615181
9050 6.325091 6.325091 6.325091 0.615181 0.615181 0.615181
9060 6.325091 6.325091 6.325091 0.615181 0.615181 0.615181
9070 6.325091 6.325091 6.325091 0.615181 0.615181 0.615181
9080 6.325091 6.325091 6.325091 0.615181 0.615181 0.615181
9090 6.325091 6.325091 6.325091 0.615181 0.615181 0.615181
9100 6.325091 6.325091 6.325091 0.615181 0.615181 0.615181
9110 6.325091 6.325091 6.325091 0.615181 0.615181 0.615181
9120 6.325091 6.325091 6.325091 0.615181 0.615181 0.615181
9130 6.325091 6.325091 6.325091 0.615181 0.615181 0.615181
9140 6.325091 6.325091 6.325091 0.615181 0.615181 0.615181
9150 6.325091 6.325091 6.325091 0.615181 0.615181 0.615181
9160 6.325091 6.325091 6.325091 0.615181 0.615181 0.615181
9170 6.325091 6.325091 6.325091 0.615181 0.615181 0.615181
9180 6.325091 6.325091 6.325091 0.615181 0.615181 0.615181
9190 6.325091 6.325091 6.325091 0.615181 0.615181 0.615181
9200 6.325091 6.325091 6.325091 0.615181 0.615181 0.615181
9210 6.325091 6.325091 6.325091 0.615181 0.615181 0.615181
9220 6.325091 6.325091 6.325091 0.615181 0.615181 0.615181
9230 6.325091 6.325091 6.325091 0.615181 0.615181 0.615181
9240 6.325091 6.325091 6.325091 0.615181 0.615181 0.615181
9250 6.325091 6.325091 6.325091 0.615181 0.615181 0.615181
9260 6.325091 6.325091 6.325091 0.615181 0.615181 0.615181
9270 6.325091 6.325091 6.325091 0.615181 0.615181 0.615181
9280 6.325091 6.325091 6.325091 0.615181 0.615181 0.615181
9290 6.325091 6.325091 6.325091 0.615181 0.615181 0.615181
9300 6.325091 6.325091 6.325091 0.615181 0.615181 0.615181
9310 6.325091 6.325091 6.325091 0.615181 0.615181 0.615181
9320 6.325091 6.325091 6.325091 0.615181 0.615181 0.615181
9330 6.325091 6.325091 6.325091 0.615181 0.615181 0.615181
9340 6.325091 6.325091 6.325091 0.615181 0.615181 0.615181
9350 6.325091 6.325091 6.325091 0.615181 0.615181 0.615181
9360 6.325091 6.325091 6.325091 0.615181 0.615181 0.615181
9370 6.325091 6.325091 6.325091 0.615181 0.615181 0.615181
9380 6.325091 6.325091 6.325091 0.615181 0.615181 0.615181
9390 6.325091 6.325091 6.325091 0.615181 0.615181 0.615181
9400 6.325091 6.325091 6.325091 0.615181 0.615181 0.615181
9410 6.325091 6.325091 6.325091 0.615181 0.615181 0.615181
9420 6.325091 6.325091 6.325091 0.615181 0.615181 0.615181
9430 6.325091 6.325091 6.325091 0.615181 0.615181 0.615181
9440 6.325091 6.325091 6.325091 0.615181 0.615181 0.615181
9450 6.325091 6.325091 6.325091 0.615181 0.615181 0.615181
9460 6.325091 6.325091 6.325091 0.615181 0.615181 0.615181
9470 6.325091 6.325091 6.325091 0.615181 0.615181 0.615181
9480 6.325091 6.325091 6.325091 0.615181 0.615181 0.615181
9490 6.325091 6.325091 6.325091 0.615181 0.615181 0.615181
9500 6.325091 6.325091 6.325091 0.615181 0.615181 0.615181
9510 6.325091 6.325091 6.325091 0.615181 0.615181 0.615181
9520 6.325091 6.325091 6.325091 0.615181 0.615181 0.615181
9530 6.325091 6.325091 6.325091 0.615181 0.615181 0.615181
9540 6.325091 6.325091 6.325091 0.615181 0.615181 0.615181
9550 6.325091 6.325091 6.325091 0.615181 0.615181 0.615181
9560 6.325091 6.325091 6.325091 0.615181 0.615181 0.615181
9570 6.325091 6.325091 6.325091 0.615181 0.615181 0.615181
9580 6.325091 6.325091 6.325091 0.615181 0.615181 0.615181
9590 6.325091 6.325091 6.325091 0.615181 0.615181 0.615181
9600 6.325091 6.325091 6.325091 0.615181 0.615181 0.615181
9610 6.325091 6.325091 6.325091 0.615181 0.615181 0.615181
9620 6.325091 6.325091 6.325091 0.615181 0.615181 0.615181
9630 6.325091 6.325091 6.325091 0.615181 0.615181 0.615181
9640 6.325091 6.325091 6.325091 0.615181 0.615181 0.615181
9650 6.325091 6.325091 6.325091 0.615181 0.615181 0.615181
9660 6.325091 6.325091 6.325091 0.615181 0.615181 0.615181
9670 6.325091 6.325091 6.325091 0.615181 0.615181 0.615181
9680 6.325091 6.325091 6.325091 0.615181 0.615181 0.615181
9690 6.325091 6.325091 6.325091 0.615181 0.615181 0.615181
9700 6.325091 6.325091 6.325091 0.615181 0.615181 0.615181
9710 6.325091 6.325091 6.325091 0.615181 0.615181 0.615181
9720 6.325091 6.325091 6.325091 0.615181 0.615181 0.615181
9730 6.325091 6.325091 6.325091 0.615181 0.615181 0.615181
9740 6.325091 6.325091 6.325091 0.615181 0.615181 0.615181
9750 6.325091 6.325091 6.325091 0.615181 0.615181 0.615181
9760 6.325091 6.325091 6.325091 0.615181 0.615181 0.615181
9770 6.325091 6.325091 6.325091 0.615181 0.615181 0.615181
9780 6.325091 6.325091 6.325091 0.615181 0.615181 0.615181
9790 6.325091 6.325091 6.325091 0.615181 0.615181 0.615181
9800 6.325091 6.325091 6.325091 0.615181 0.615181 0.615181
9810 6.325091 6.325091 6.325091 0.615181 0.615181 0.615181
9820 6.325091 6.325091 6.325091 0.615181 0.615181 0.615181
9830 6.325091 6.325091 6.325091 0.615181 0.615181 0.615181
9840 6.325091 6.325091 6.325091 0.615181 0.615181 0.615181
9850 6.325091 6.325091 6.325091 0.615181 0.615181 0.615181
9860 6.325091 6.325091 6.325091 0.615181 0.615181 0.615181
9870 6.325091 6.325091 6.325091 0.615181 0.615181 0.615181
9880 6.325091 6.325091 6.325091 0.615181 0.615181 0.615181
9890 6.325091 6.325091 6.325091 0.615181 0.615181 0.615181
9900 6.325091 6.325091 6.325091 0.615181 0.615181 0.615181
9910 6.325091 6.325091 6.325091 0.615181 0.615181 0.615181
9920 6.325091 6.325091 6.325091 0.615181 0.615181 0.615181
9930 6.325091 6.325091 6.325091 0.615181 0.615181 0.615181
9940 6.325091 6.325091 6.325091 0.615181 0.615181 0.615181
9950 6.325091 6.325091 6.325091 0.615181 0.615181 0.615181
9960 6.325091 6.325091 6.325091 0.615181 0.615181 0.615181
9970 6.325091 6.325091 6.325091 0.615181 0.615181 0.615181
9980 6.325091 6.325091 6.325091 0.615181 0.615181 0.615181
9990 6.325091 6.325091 6.325091 0.615181 0.615181 0.615181
10000 6.325091 6.325091 6.325091 0.615181 0.615181 0.615181
