# generation power_min power_avg power_max util_min util_avg util_max
1 31.837957 18.127874 31.837957 0.932613 1.302927 1.499736
10 22.232846 18.484181 22.232846 0.932613 1.265431 1.499594
20 20.794980 18.250261 20.794980 0.917582 1.221825 1.493870
30 15.921714 17.978584 20.608982 0.917582 1.177708 1.493870
40 15.921714 17.896602 20.608982 0.917582 1.134720 1.470358
50 15.921714 17.888577 20.260828 0.833205 1.095371 1.337342
60 15.921714 17.721223 20.260828 0.724706 1.061780 1.287044
70 15.912129 17.549384 20.260828 0.724706 1.035263 1.228471
80 15.709476 17.359234 20.260828 0.724706 1.013208 1.214186
90 14.855377 17.206296 20.260828 0.724706 0.989824 1.183639
100 14.121662 17.059618 20.260828 0.670559 0.964561 1.116888
110 13.621697 16.816050 19.512090 0.670559 0.950437 1.116888
120 13.621697 16.557406 18.997542 0.670559 0.939766 1.100440
130 13.609882 16.261875 18.132764 0.670559 0.927186 1.075267
140 13.609882 15.982664 17.889820 0.670559 0.919524 1.020760
150 13.609882 15.706172 17.447205 0.670559 0.914802 1.039625
160 13.459854 15.414914 17.073103 0.670559 0.912374 1.039625
170 13.459854 15.198275 16.573195 0.670559 0.897771 1.039625
180 13.459854 14.964772 16.326435 0.670559 0.888785 1.039625
190 13.003007 14.735994 15.941004 0.670559 0.881822 1.039625
200 13.003007 14.523263 15.793018 0.670559 0.878705 1.039625
210 12.940136 14.307418 15.612343 0.670559 0.874329 1.039625
220 12.940136 14.100027 15.209941 0.670559 0.867680 1.039625
230 12.386583 13.891373 14.978456 0.670559 0.862900 1.039625
240 12.386583 13.752898 14.672344 0.670559 0.864292 1.039625
250 12.386583 13.604416 14.494285 0.670559 0.861121 1.007924
260 12.261799 13.451119 14.352831 0.670559 0.863114 1.016495
270 12.261799 13.326812 14.202015 0.670559 0.862703 1.016495
280 12.137462 13.191748 13.951535 0.674969 0.861879 1.016495
290 12.137462 13.075287 13.740767 0.741582 0.868546 1.016495
300 12.137462 12.969385 13.546687 0.741582 0.869765 1.016495
310 12.040550 12.862456 13.454714 0.678217 0.868450 1.016495
320 11.984087 12.754652 13.317427 0.678217 0.870493 1.016495
330 11.872669 12.648331 13.153144 0.678217 0.879079 1.016495
340 11.713644 12.547640 13.025466 0.678217 0.878082 1.016495
350 11.663157 12.443246 12.966700 0.678217 0.887261 1.016495
360 11.663157 12.351100 12.935557 0.663239 0.889296 1.016495
370 11.663157 12.250321 12.801250 0.663239 0.894997 1.016495
380 11.377390 12.153536 12.701385 0.636779 0.897554 1.000518
390 11.377390 12.070834 12.577442 0.636779 0.897207 1.000518
400 11.377390 11.990625 12.491440 0.636779 0.904082 1.000518
410 11.276804 11.914818 12.338938 0.636779 0.905151 1.000518
420 11.276804 11.842223 12.293206 0.636779 0.898590 1.000518
430 11.276804 11.793870 12.150855 0.636779 0.904552 1.000518
440 11.276804 11.739527 12.041126 0.636779 0.902405 1.000518
450 11.168200 11.695559 11.956830 0.709359 0.911326 1.000518
460 11.139338 11.646131 11.872669 0.709359 0.912384 1.000518
470 11.122098 11.582674 11.865167 0.709359 0.906824 1.000518
480 11.039734 11.522068 11.840145 0.709359 0.903351 1.000518
490 11.037181 11.463912 11.772404 0.709359 0.902650 1.000518
500 11.037181 11.410627 11.713644 0.709359 0.904233 1.000518
510 11.037181 11.366757 11.687969 0.709359 0.902887 0.996009
520 11.037181 11.318985 11.659774 0.734523 0.899555 0.996009
530 11.036051 11.270973 11.558811 0.789874 0.900550 0.996009
540 11.036051 11.228836 11.493860 0.789874 0.908085 0.996009
550 10.993493 11.185686 11.456778 0.789874 0.905570 0.996009
560 10.993493 11.153885 11.379869 0.789874 0.907836 0.931877
570 10.993493 11.122959 11.336704 0.789874 0.905137 0.932468
580 10.912097 11.101214 11.207839 0.789874 0.901669 0.932468
590 10.912097 11.083854 11.168340 0.789874 0.896079 0.932468
600 10.908414 11.068133 11.168340 0.789538 0.890838 0.932468
610 10.908414 11.051445 11.168200 0.789538 0.882360 0.932468
620 10.908414 11.034419 11.164656 0.789538 0.875684 0.932468
630 10.906892 11.018021 11.122098 0.789538 0.873066 0.932468
640 10.875802 11.005031 11.039734 0.756815 0.869713 0.932468
650 10.794537 10.995611 11.039734 0.756815 0.858365 0.932468
660 10.794537 10.986479 11.037181 0.756815 0.850173 0.932468
670 10.794537 10.974360 11.036051 0.756815 0.839446 0.932468
680 10.794537 10.960607 11.022355 0.756815 0.828392 0.931877
690 10.794537 10.948744 11.010872 0.756798 0.820533 0.931877
700 10.794537 10.936821 11.007189 0.756798 0.806808 0.931877
710 10.794537 10.925158 10.994582 0.756798 0.797602 0.871067
720 10.794537 10.913365 10.993493 0.756798 0.794306 0.871067
730 10.794537 10.902112 10.990110 0.756798 0.791326 0.871067
740 10.794537 10.891009 10.989544 0.756798 0.787914 0.871067
750 10.794537 10.883497 10.908575 0.756798 0.780565 0.871067
760 10.794537 10.880189 10.908414 0.756798 0.773272 0.871067
770 10.794537 10.876102 10.908414 0.756798 0.766381 0.871067
780 10.794537 10.873197 10.875802 0.756815 0.758556 0.798587
790 10.794537 10.873166 10.875802 0.756815 0.758570 0.798587
800 10.794537 10.873158 10.875641 0.756894 0.758574 0.798587
810 10.794537 10.873154 10.875641 0.756894 0.758985 0.798587
820 10.794537 10.873154 10.875641 0.756894 0.758985 0.798587
830 10.794537 10.873154 10.875641 0.756894 0.758985 0.798587
840 10.794537 10.872343 10.875641 0.756894 0.759402 0.798587
850 10.794537 10.872343 10.875641 0.756894 0.759402 0.798587
860 10.794537 10.872343 10.875641 0.756894 0.759402 0.798587
870 10.794537 10.871532 10.875641 0.756894 0.759818 0.798587
880 10.794537 10.871528 10.875641 0.756894 0.760230 0.798587
890 10.794537 10.871528 10.875641 0.756894 0.760230 0.798587
900 10.794537 10.870667 10.875641 0.756894 0.761075 0.798587
910 10.794537 10.870644 10.875641 0.756894 0.761903 0.798587
920 10.794537 10.870579 10.875641 0.756894 0.762338 0.798587
930 10.794537 10.868872 10.875641 0.756894 0.764023 0.798587
940 10.794537 10.868812 10.875641 0.756894 0.764047 0.798587
950 10.794537 10.866318 10.875641 0.756894 0.765321 0.798587
960 10.794537 10.863028 10.875641 0.756894 0.767007 0.798587
970 10.794537 10.860519 10.875641 0.756894 0.768287 0.798587
980 10.794537 10.855587 10.875641 0.756894 0.771223 0.798587
990 10.794537 10.853859 10.875641 0.756894 0.772098 0.798587
1000 10.794537 10.849728 10.875641 0.756894 0.774213 0.798587
1010 10.794537 10.844800 10.875641 0.756894 0.776738 0.798587
1020 10.794537 10.837514 10.875236 0.757485 0.777619 0.798587
1030 10.794537 10.829545 10.874118 0.757485 0.781324 0.798587
1040 10.794537 10.821587 10.874118 0.757485 0.785434 0.798587
1050 10.794537 10.813629 10.874118 0.757485 0.789544 0.798587
1060 10.794537 10.805671 10.874118 0.757485 0.793654 0.798587
1070 10.794537 10.797713 10.874118 0.757485 0.797765 0.798587
1080 10.794537 10.794537 10.794537 0.798587 0.798587 0.798587
1090 10.794537 10.794537 10.794537 0.798587 0.798587 0.798587
1100 10.794537 10.794537 10.794537 0.798587 0.798587 0.798587
1110 10.794537 10.794537 10.794537 0.798587 0.798587 0.798587
1120 10.794537 10.794537 10.794537 0.798587 0.798587 0.798587
1130 10.794537 10.794537 10.794537 0.798587 0.798587 0.798587
1140 10.794537 10.794537 10.794537 0.798587 0.798587 0.798587
1150 10.794537 10.794537 10.794537 0.798587 0.798587 0.798587
1160 10.794537 10.794537 10.794537 0.798587 0.798587 0.798587
1170 10.794537 10.794537 10.794537 0.798587 0.798587 0.798587
1180 10.794537 10.794537 10.794537 0.798587 0.798587 0.798587
1190 10.794537 10.794537 10.794537 0.798587 0.798587 0.798587
1200 10.794537 10.794537 10.794537 0.798587 0.798587 0.798587
1210 10.794537 10.794537 10.794537 0.798587 0.798587 0.798587
1220 10.794537 10.794537 10.794537 0.798587 0.798587 0.798587
1230 10.794537 10.794537 10.794537 0.798587 0.798587 0.798587
1240 10.794537 10.794537 10.794537 0.798587 0.798587 0.798587
1250 10.794537 10.794537 10.794537 0.798587 0.798587 0.798587
1260 10.794537 10.794537 10.794537 0.798587 0.798587 0.798587
1270 10.794537 10.794537 10.794537 0.798587 0.798587 0.798587
1280 10.794537 10.794537 10.794537 0.798587 0.798587 0.798587
1290 10.794537 10.794537 10.794537 0.798587 0.798587 0.798587
1300 10.794537 10.794537 10.794537 0.798587 0.798587 0.798587
1310 10.794537 10.794537 10.794537 0.798587 0.798587 0.798587
1320 10.794537 10.794537 10.794537 0.798587 0.798587 0.798587
1330 10.794537 10.794537 10.794537 0.798587 0.798587 0.798587
1340 10.794537 10.794537 10.794537 0.798587 0.798587 0.798587
1350 10.794537 10.794537 10.794537 0.798587 0.798587 0.798587
1360 10.794537 10.794537 10.794537 0.798587 0.798587 0.798587
1370 10.794537 10.794537 10.794537 0.798587 0.798587 0.798587
1380 10.794537 10.794537 10.794537 0.798587 0.798587 0.798587
1390 10.794537 10.794537 10.794537 0.798587 0.798587 0.798587
1400 10.794537 10.794537 10.794537 0.798587 0.798587 0.798587
1410 10.794537 10.794537 10.794537 0.798587 0.798587 0.798587
1420 10.794537 10.794537 10.794537 0.798587 0.798587 0.798587
1430 10.794537 10.794537 10.794537 0.798587 0.798587 0.798587
1440 10.794537 10.794537 10.794537 0.798587 0.798587 0.798587
1450 10.794537 10.794537 10.794537 0.798587 0.798587 0.798587
1460 10.794537 10.794537 10.794537 0.798587 0.798587 0.798587
1470 10.794537 10.794537 10.794537 0.798587 0.798587 0.798587
1480 10.794537 10.794537 10.794537 0.798587 0.798587 0.798587
1490 10.794537 10.794537 10.794537 0.798587 0.798587 0.798587
1500 10.794537 10.794537 10.794537 0.798587 0.798587 0.798587
1510 10.794537 10.794537 10.794537 0.798587 0.798587 0.798587
1520 10.794537 10.794537 10.794537 0.798587 0.798587 0.798587
1530 10.794537 10.794537 10.794537 0.798587 0.798587 0.798587
1540 10.794537 10.794537 10.794537 0.798587 0.798587 0.798587
1550 10.794537 10.794537 10.794537 0.798587 0.798587 0.798587
1560 10.794537 10.794537 10.794537 0.798587 0.798587 0.798587
1570 10.794537 10.794537 10.794537 0.798587 0.798587 0.798587
1580 10.794537 10.794537 10.794537 0.798587 0.798587 0.798587
1590 10.794537 10.794537 10.794537 0.798587 0.798587 0.798587
1600 10.794537 10.794537 10.794537 0.798587 0.798587 0.798587
1610 10.794537 10.794537 10.794537 0.798587 0.798587 0.798587
1620 10.794537 10.794537 10.794537 0.798587 0.798587 0.798587
1630 10.794537 10.794537 10.794537 0.798587 0.798587 0.798587
1640 10.794537 10.794537 10.794537 0.798587 0.798587 0.798587
1650 10.794537 10.794537 10.794537 0.798587 0.798587 0.798587
1660 10.794537 10.794537 10.794537 0.798587 0.798587 0.798587
1670 10.794537 10.794537 10.794537 0.798587 0.798587 0.798587
1680 10.794537 10.794537 10.794537 0.798587 0.798587 0.798587
1690 10.794537 10.794537 10.794537 0.798587 0.798587 0.798587
1700 10.794537 10.794537 10.794537 0.798587 0.798587 0.798587
1710 10.794537 10.794537 10.794537 0.798587 0.798587 0.798587
1720 10.794537 10.794537 10.794537 0.798587 0.798587 0.798587
1730 10.794537 10.794537 10.794537 0.798587 0.798587 0.798587
1740 10.794537 10.794537 10.794537 0.798587 0.798587 0.798587
1750 10.794537 10.794537 10.794537 0.798587 0.798587 0.798587
1760 10.794537 10.794537 10.794537 0.798587 0.798587 0.798587
1770 10.794537 10.794537 10.794537 0.798587 0.798587 0.798587
1780 10.794537 10.794537 10.794537 0.798587 0.798587 0.798587
1790 10.794537 10.794537 10.794537 0.798587 0.798587 0.798587
1800 10.794537 10.794537 10.794537 0.798587 0.798587 0.798587
1810 10.794537 10.794537 10.794537 0.798587 0.798587 0.798587
1820 10.794537 10.794537 10.794537 0.798587 0.798587 0.798587
1830 10.794537 10.794537 10.794537 0.798587 0.798587 0.798587
1840 10.794537 10.794537 10.794537 0.798587 0.798587 0.798587
1850 10.794537 10.794537 10.794537 0.798587 0.798587 0.798587
1860 10.794537 10.794537 10.794537 0.798587 0.798587 0.798587
1870 10.794537 10.794537 10.794537 0.798587 0.798587 0.798587
1880 10.794537 10.794537 10.794537 0.798587 0.798587 0.798587
1890 10.794537 10.794537 10.794537 0.798587 0.798587 0.798587
1900 10.794537 10.794537 10.794537 0.798587 0.798587 0.798587
1910 10.794537 10.794537 10.794537 0.798587 0.798587 0.798587
1920 10.794537 10.794537 10.794537 0.798587 0.798587 0.798587
1930 10.794537 10.794537 10.794537 0.798587 0.798587 0.798587
1940 10.794537 10.794537 10.794537 0.798587 0.798587 0.798587
1950 10.794537 10.794537 10.794537 0.798587 0.798587 0.798587
1960 10.794537 10.794537 10.794537 0.798587 0.798587 0.798587
1970 10.794537 10.794537 10.794537 0.798587 0.798587 0.798587
1980 10.794537 10.794537 10.794537 0.798587 0.798587 0.798587
1990 10.794537 10.794537 10.794537 0.798587 0.798587 0.798587
2000 10.794537 10.794537 10.794537 0.798587 0.798587 0.798587
2010 10.794537 10.794537 10.794537 0.798587 0.798587 0.798587
2020 10.794537 10.794537 10.794537 0.798587 0.798587 0.798587
2030 10.794537 10.794537 10.794537 0.798587 0.798587 0.798587
2040 10.794537 10.794537 10.794537 0.798587 0.798587 0.798587
2050 10.794537 10.794537 10.794537 0.798587 0.798587 0.798587
2060 10.794537 10.794537 10.794537 0.798587 0.798587 0.798587
2070 10.794537 10.794537 10.794537 0.798587 0.798587 0.798587
2080 10.794537 10.794537 10.794537 0.798587 0.798587 0.798587
2090 10.794537 10.794537 10.794537 0.798587 0.798587 0.798587
2100 10.794537 10.794537 10.794537 0.798587 0.798587 0.798587
2110 10.794537 10.794537 10.794537 0.798587 0.798587 0.798587
2120 10.794537 10.794537 10.794537 0.798587 0.798587 0.798587
2130 10.794537 10.794537 10.794537 0.798587 0.798587 0.798587
2140 10.794537 10.794537 10.794537 0.798587 0.798587 0.798587
2150 10.794537 10.794537 10.794537 0.798587 0.798587 0.798587
2160 10.794537 10.794537 10.794537 0.798587 0.798587 0.798587
2170 10.794537 10.794537 10.794537 0.798587 0.798587 0.798587
2180 10.794537 10.794537 10.794537 0.798587 0.798587 0.798587
2190 10.794537 10.794537 10.794537 0.798587 0.798587 0.798587
2200 10.794537 10.794537 10.794537 0.798587 0.798587 0.798587
2210 10.794537 10.794537 10.794537 0.798587 0.798587 0.798587
2220 10.794537 10.794537 10.794537 0.798587 0.798587 0.798587
2230 10.794537 10.794537 10.794537 0.798587 0.798587 0.798587
2240 10.794537 10.794537 10.794537 0.798587 0.798587 0.798587
2250 10.794537 10.794537 10.794537 0.798587 0.798587 0.798587
2260 10.794537 10.794537 10.794537 0.798587 0.798587 0.798587
2270 10.794537 10.794537 10.794537 0.798587 0.798587 0.798587
2280 10.794537 10.794537 10.794537 0.798587 0.798587 0.798587
2290 10.794537 10.794537 10.794537 0.798587 0.798587 0.798587
2300 10.794537 10.794537 10.794537 0.798587 0.798587 0.798587
2310 10.794537 10.794537 10.794537 0.798587 0.798587 0.798587
2320 10.794537 10.794537 10.794537 0.798587 0.798587 0.798587
2330 10.794537 10.794537 10.794537 0.798587 0.798587 0.798587
2340 10.794537 10.794537 10.794537 0.798587 0.798587 0.798587
2350 10.794537 10.794537 10.794537 0.798587 0.798587 0.798587
2360 10.794537 10.794537 10.794537 0.798587 0.798587 0.798587
2370 10.794537 10.794537 10.794537 0.798587 0.798587 0.798587
2380 10.794537 10.794537 10.794537 0.798587 0.798587 0.798587
2390 10.794537 10.794537 10.794537 0.798587 0.798587 0.798587
2400 10.794537 10.794537 10.794537 0.798587 0.798587 0.798587
2410 10.794537 10.794537 10.794537 0.798587 0.798587 0.798587
2420 10.794537 10.794537 10.794537 0.798587 0.798587 0.798587
2430 10.794537 10.794537 10.794537 0.798587 0.798587 0.798587
2440 10.794537 10.794537 10.794537 0.798587 0.798587 0.798587
2450 10.794537 10.794537 10.794537 0.798587 0.798587 0.798587
2460 10.794537 10.794537 10.794537 0.798587 0.798587 0.798587
2470 10.794537 10.794537 10.794537 0.798587 0.798587 0.798587
2480 10.794537 10.794537 10.794537 0.798587 0.798587 0.798587
2490 10.794537 10.794537 10.794537 0.798587 0.798587 0.798587
2500 10.794537 10.794537 10.794537 0.798587 0.798587 0.798587
2510 10.794537 10.794537 10.794537 0.798587 0.798587 0.798587
2520 10.794537 10.794537 10.794537 0.798587 0.798587 0.798587
2530 10.794537 10.794537 10.794537 0.798587 0.798587 0.798587
2540 10.794537 10.794537 10.794537 0.798587 0.798587 0.798587
2550 10.794537 10.794537 10.794537 0.798587 0.798587 0.798587
2560 10.794537 10.794537 10.794537 0.798587 0.798587 0.798587
2570 10.794537 10.794537 10.794537 0.798587 0.798587 0.798587
2580 10.794537 10.794537 10.794537 0.798587 0.798587 0.798587
2590 10.794537 10.794537 10.794537 0.798587 0.798587 0.798587
2600 10.794537 10.794537 10.794537 0.798587 0.798587 0.798587
2610 10.794537 10.794537 10.794537 0.798587 0.798587 0.798587
2620 10.794537 10.794537 10.794537 0.798587 0.798587 0.798587
2630 10.794537 10.794537 10.794537 0.798587 0.798587 0.798587
2640 10.794537 10.794537 10.794537 0.798587 0.798587 0.798587
2650 10.794537 10.794537 10.794537 0.798587 0.798587 0.798587
2660 10.794537 10.794537 10.794537 0.798587 0.798587 0.798587
2670 10.794537 10.794537 10.794537 0.798587 0.798587 0.798587
2680 10.794537 10.794537 10.794537 0.798587 0.798587 0.798587
2690 10.794537 10.794537 10.794537 0.798587 0.798587 0.798587
2700 10.794537 10.794537 10.794537 0.798587 0.798587 0.798587
2710 10.794537 10.794537 10.794537 0.798587 0.798587 0.798587
2720 10.794537 10.794537 10.794537 0.798587 0.798587 0.798587
2730 10.794537 10.794537 10.794537 0.798587 0.798587 0.798587
2740 10.794537 10.794537 10.794537 0.798587 0.798587 0.798587
2750 10.794537 10.794537 10.794537 0.798587 0.798587 0.798587
2760 10.794537 10.794537 10.794537 0.798587 0.798587 0.798587
2770 10.794537 10.794537 10.794537 0.798587 0.798587 0.798587
2780 10.794537 10.794537 10.794537 0.798587 0.798587 0.798587
2790 10.794537 10.794537 10.794537 0.798587 0.798587 0.798587
2800 10.794537 10.794537 10.794537 0.798587 0.798587 0.798587
2810 10.794537 10.794537 10.794537 0.798587 0.798587 0.798587
2820 10.794537 10.794537 10.794537 0.798587 0.798587 0.798587
2830 10.794537 10.794537 10.794537 0.798587 0.798587 0.798587
2840 10.794537 10.794537 10.794537 0.798587 0.798587 0.798587
2850 10.794537 10.794537 10.794537 0.798587 0.798587 0.798587
2860 10.794537 10.794537 10.794537 0.798587 0.798587 0.798587
2870 10.794537 10.794537 10.794537 0.798587 0.798587 0.798587
2880 10.794537 10.794537 10.794537 0.798587 0.798587 0.798587
2890 10.794537 10.794537 10.794537 0.798587 0.798587 0.798587
2900 10.794537 10.794537 10.794537 0.798587 0.798587 0.798587
2910 10.794537 10.794537 10.794537 0.798587 0.798587 0.798587
2920 10.794537 10.794537 10.794537 0.798587 0.798587 0.798587
2930 10.794537 10.794537 10.794537 0.798587 0.798587 0.798587
2940 10.794537 10.794537 10.794537 0.798587 0.798587 0.798587
2950 10.794537 10.794537 10.794537 0.798587 0.798587 0.798587
2960 10.794537 10.794537 10.794537 0.798587 0.798587 0.798587
2970 10.794537 10.794537 10.794537 0.798587 0.798587 0.798587
2980 10.794537 10.794537 10.794537 0.798587 0.798587 0.798587
2990 10.794537 10.794537 10.794537 0.798587 0.798587 0.798587
3000 10.794537 10.794537 10.794537 0.798587 0.798587 0.798587
3010 10.794537 10.794537 10.794537 0.798587 0.798587 0.798587
3020 10.794537 10.794537 10.794537 0.798587 0.798587 0.798587
3030 10.794537 10.794537 10.794537 0.798587 0.798587 0.798587
3040 10.794537 10.794537 10.794537 0.798587 0.798587 0.798587
3050 10.794537 10.794537 10.794537 0.798587 0.798587 0.798587
3060 10.794537 10.794537 10.794537 0.798587 0.798587 0.798587
3070 10.794537 10.794537 10.794537 0.798587 0.798587 0.798587
3080 10.794537 10.794537 10.794537 0.798587 0.798587 0.798587
3090 10.794537 10.794537 10.794537 0.798587 0.798587 0.798587
3100 10.794537 10.794537 10.794537 0.798587 0.798587 0.798587
3110 10.794537 10.794537 10.794537 0.798587 0.798587 0.798587
3120 10.794537 10.794537 10.794537 0.798587 0.798587 0.798587
3130 10.794537 10.794537 10.794537 0.798587 0.798587 0.798587
3140 10.794537 10.794537 10.794537 0.798587 0.798587 0.798587
3150 10.794537 10.794537 10.794537 0.798587 0.798587 0.798587
3160 10.794537 10.794537 10.794537 0.798587 0.798587 0.798587
3170 10.794537 10.794537 10.794537 0.798587 0.798587 0.798587
3180 10.794537 10.794537 10.794537 0.798587 0.798587 0.798587
3190 10.794537 10.794537 10.794537 0.798587 0.798587 0.798587
3200 10.794537 10.794537 10.794537 0.798587 0.798587 0.798587
3210 10.794537 10.794537 10.794537 0.798587 0.798587 0.798587
3220 10.794537 10.794537 10.794537 0.798587 0.798587 0.798587
3230 10.794537 10.794537 10.794537 0.798587 0.798587 0.798587
3240 10.794537 10.794537 10.794537 0.798587 0.798587 0.798587
3250 10.794537 10.794537 10.794537 0.798587 0.798587 0.798587
3260 10.794537 10.794537 10.794537 0.798587 0.798587 0.798587
3270 10.794537 10.794537 10.794537 0.798587 0.798587 0.798587
3280 10.794537 10.794537 10.794537 0.798587 0.798587 0.798587
3290 10.794537 10.794537 10.794537 0.798587 0.798587 0.798587
3300 10.794537 10.794537 10.794537 0.798587 0.798587 0.798587
3310 10.794537 10.794537 10.794537 0.798587 0.798587 0.798587
3320 10.794537 10.794537 10.794537 0.798587 0.798587 0.798587
3330 10.794537 10.794537 10.794537 0.798587 0.798587 0.798587
3340 10.794537 10.794537 10.794537 0.798587 0.798587 0.798587
3350 10.794537 10.794537 10.794537 0.798587 0.798587 0.798587
3360 10.794537 10.794537 10.794537 0.798587 0.798587 0.798587
3370 10.794537 10.794537 10.794537 0.798587 0.798587 0.798587
3380 10.794537 10.794537 10.794537 0.798587 0.798587 0.798587
3390 10.794537 10.794537 10.794537 0.798587 0.798587 0.798587
3400 10.794537 10.794537 10.794537 0.798587 0.798587 0.798587
3410 10.794537 10.794537 10.794537 0.798587 0.798587 0.798587
3420 10.794537 10.794537 10.794537 0.798587 0.798587 0.798587
3430 10.794537 10.794537 10.794537 0.798587 0.798587 0.798587
3440 10.794537 10.794537 10.794537 0.798587 0.798587 0.798587
3450 10.794537 10.794537 10.794537 0.798587 0.798587 0.798587
3460 10.794537 10.794537 10.794537 0.798587 0.798587 0.798587
3470 10.794537 10.794537 10.794537 0.798587 0.798587 0.798587
3480 10.794537 10.794537 10.794537 0.798587 0.798587 0.798587
3490 10.794537 10.794537 10.794537 0.798587 0.798587 0.798587
3500 10.794537 10.794537 10.794537 0.798587 0.798587 0.798587
3510 10.794537 10.794537 10.794537 0.798587 0.798587 0.798587
3520 10.794537 10.794537 10.794537 0.798587 0.798587 0.798587
3530 10.794537 10.794537 10.794537 0.798587 0.798587 0.798587
3540 10.794537 10.794537 10.794537 0.798587 0.798587 0.798587
3550 10.794537 10.794537 10.794537 0.798587 0.798587 0.798587
3560 10.794537 10.794537 10.794537 0.798587 0.798587 0.798587
3570 10.794537 10.794537 10.794537 0.798587 0.798587 0.798587
3580 10.794537 10.794537 10.794537 0.798587 0.798587 0.798587
3590 10.794537 10.794537 10.794537 0.798587 0.798587 0.798587
3600 10.794537 10.794537 10.794537 0.798587 0.798587 0.798587
3610 10.794537 10.794537 10.794537 0.798587 0.798587 0.798587
3620 10.794537 10.794537 10.794537 0.798587 0.798587 0.798587
3630 10.794537 10.794537 10.794537 0.798587 0.798587 0.798587
3640 10.794537 10.794537 10.794537 0.798587 0.798587 0.798587
3650 10.794537 10.794537 10.794537 0.798587 0.798587 0.798587
3660 10.794537 10.794537 10.794537 0.798587 0.798587 0.798587
3670 10.794537 10.794537 10.794537 0.798587 0.798587 0.798587
3680 10.794537 10.794537 10.794537 0.798587 0.798587 0.798587
3690 10.794537 10.794537 10.794537 0.798587 0.798587 0.798587
3700 10.794537 10.794537 10.794537 0.798587 0.798587 0.798587
3710 10.794537 10.794537 10.794537 0.798587 0.798587 0.798587
3720 10.794537 10.794537 10.794537 0.798587 0.798587 0.798587
3730 10.794537 10.794537 10.794537 0.798587 0.798587 0.798587
3740 10.794537 10.794537 10.794537 0.798587 0.798587 0.798587
3750 10.794537 10.794537 10.794537 0.798587 0.798587 0.798587
3760 10.794537 10.794537 10.794537 0.798587 0.798587 0.798587
3770 10.794537 10.794537 10.794537 0.798587 0.798587 0.798587
3780 10.794537 10.794537 10.794537 0.798587 0.798587 0.798587
3790 10.794537 10.794537 10.794537 0.798587 0.798587 0.798587
3800 10.794537 10.794537 10.794537 0.798587 0.798587 0.798587
3810 10.794537 10.794537 10.794537 0.798587 0.798587 0.798587
3820 10.794537 10.794537 10.794537 0.798587 0.798587 0.798587
3830 10.794537 10.794537 10.794537 0.798587 0.798587 0.798587
3840 10.794537 10.794537 10.794537 0.798587 0.798587 0.798587
3850 10.794537 10.794537 10.794537 0.798587 0.798587 0.798587
3860 10.794537 10.794537 10.794537 0.798587 0.798587 0.798587
3870 10.794537 10.794537 10.794537 0.798587 0.798587 0.798587
3880 10.794537 10.794537 10.794537 0.798587 0.798587 0.798587
3890 10.794537 10.794537 10.794537 0.798587 0.798587 0.798587
3900 10.794537 10.794537 10.794537 0.798587 0.798587 0.798587
3910 10.794537 10.794537 10.794537 0.798587 0.798587 0.798587
3920 10.794537 10.794537 10.794537 0.798587 0.798587 0.798587
3930 10.794537 10.794537 10.794537 0.798587 0.798587 0.798587
3940 10.794537 10.794537 10.794537 0.798587 0.798587 0.798587
3950 10.794537 10.794537 10.794537 0.798587 0.798587 0.798587
3960 10.794537 10.794537 10.794537 0.798587 0.798587 0.798587
3970 10.794537 10.794537 10.794537 0.798587 0.798587 0.798587
3980 10.794537 10.794537 10.794537 0.798587 0.798587 0.798587
3990 10.794537 10.794537 10.794537 0.798587 0.798587 0.798587
4000 10.794537 10.794537 10.794537 0.798587 0.798587 0.798587
4010 10.794537 10.794537 10.794537 0.798587 0.798587 0.798587
4020 10.794537 10.794537 10.794537 0.798587 0.798587 0.798587
4030 10.794537 10.794537 10.794537 0.798587 0.798587 0.798587
4040 10.794537 10.794537 10.794537 0.798587 0.798587 0.798587
4050 10.794537 10.794537 10.794537 0.798587 0.798587 0.798587
4060 10.794537 10.794537 10.794537 0.798587 0.798587 0.798587
4070 10.794537 10.794537 10.794537 0.798587 0.798587 0.798587
4080 10.794537 10.794537 10.794537 0.798587 0.798587 0.798587
4090 10.794537 10.794537 10.794537 0.798587 0.798587 0.798587
4100 10.794537 10.794537 10.794537 0.798587 0.798587 0.798587
4110 10.794537 10.794537 10.794537 0.798587 0.798587 0.798587
4120 10.794537 10.794537 10.794537 0.798587 0.798587 0.798587
4130 10.794537 10.794537 10.794537 0.798587 0.798587 0.798587
4140 10.794537 10.794537 10.794537 0.798587 0.798587 0.798587
4150 10.794537 10.794537 10.794537 0.798587 0.798587 0.798587
4160 10.794537 10.794537 10.794537 0.798587 0.798587 0.798587
4170 10.794537 10.794537 10.794537 0.798587 0.798587 0.798587
4180 10.794537 10.794537 10.794537 0.798587 0.798587 0.798587
4190 10.794537 10.794537 10.794537 0.798587 0.798587 0.798587
4200 10.794537 10.794537 10.794537 0.798587 0.798587 0.798587
4210 10.794537 10.794537 10.794537 0.798587 0.798587 0.798587
4220 10.794537 10.794537 10.794537 0.798587 0.798587 0.798587
4230 10.794537 10.794537 10.794537 0.798587 0.798587 0.798587
4240 10.794537 10.794537 10.794537 0.798587 0.798587 0.798587
4250 10.794537 10.794537 10.794537 0.798587 0.798587 0.798587
4260 10.794537 10.794537 10.794537 0.798587 0.798587 0.798587
4270 10.794537 10.794537 10.794537 0.798587 0.798587 0.798587
4280 10.794537 10.794537 10.794537 0.798587 0.798587 0.798587
4290 10.794537 10.794537 10.794537 0.798587 0.798587 0.798587
4300 10.794537 10.794537 10.794537 0.798587 0.798587 0.798587
4310 10.794537 10.794537 10.794537 0.798587 0.798587 0.798587
4320 10.794537 10.794537 10.794537 0.798587 0.798587 0.798587
4330 10.794537 10.794537 10.794537 0.798587 0.798587 0.798587
4340 10.794537 10.794537 10.794537 0.798587 0.798587 0.798587
4350 10.794537 10.794537 10.794537 0.798587 0.798587 0.798587
4360 10.794537 10.794537 10.794537 0.798587 0.798587 0.798587
4370 10.794537 10.794537 10.794537 0.798587 0.798587 0.798587
4380 10.794537 10.794537 10.794537 0.798587 0.798587 0.798587
4390 10.794537 10.794537 10.794537 0.798587 0.798587 0.798587
4400 10.794537 10.794537 10.794537 0.798587 0.798587 0.798587
4410 10.794537 10.794537 10.794537 0.798587 0.798587 0.798587
4420 10.794537 10.794537 10.794537 0.798587 0.798587 0.798587
4430 10.794537 10.794537 10.794537 0.798587 0.798587 0.798587
4440 10.794537 10.794537 10.794537 0.798587 0.798587 0.798587
4450 10.794537 10.794537 10.794537 0.798587 0.798587 0.798587
4460 10.794537 10.794537 10.794537 0.798587 0.798587 0.798587
4470 10.794537 10.794537 10.794537 0.798587 0.798587 0.798587
4480 10.794537 10.794537 10.794537 0.798587 0.798587 0.798587
4490 10.794537 10.794537 10.794537 0.798587 0.798587 0.798587
4500 10.794537 10.794537 10.794537 0.798587 0.798587 0.798587
4510 10.794537 10.794537 10.794537 0.798587 0.798587 0.798587
4520 10.794537 10.794537 10.794537 0.798587 0.798587 0.798587
4530 10.794537 10.794537 10.794537 0.798587 0.798587 0.798587
4540 10.794537 10.794537 10.794537 0.798587 0.798587 0.798587
4550 10.794537 10.794537 10.794537 0.798587 0.798587 0.798587
4560 10.794537 10.794537 10.794537 0.798587 0.798587 0.798587
4570 10.794537 10.794537 10.794537 0.798587 0.798587 0.798587
4580 10.794537 10.794537 10.794537 0.798587 0.798587 0.798587
4590 10.794537 10.794537 10.794537 0.798587 0.798587 0.798587
4600 10.794537 10.794537 10.794537 0.798587 0.798587 0.798587
4610 10.794537 10.794537 10.794537 0.798587 0.798587 0.798587
4620 10.794537 10.794537 10.794537 0.798587 0.798587 0.798587
4630 10.794537 10.794537 10.794537 0.798587 0.798587 0.798587
4640 10.794537 10.794537 10.794537 0.798587 0.798587 0.798587
4650 10.794537 10.794537 10.794537 0.798587 0.798587 0.798587
4660 10.794537 10.794537 10.794537 0.798587 0.798587 0.798587
4670 10.794537 10.794537 10.794537 0.798587 0.798587 0.798587
4680 10.794537 10.794537 10.794537 0.798587 0.798587 0.798587
4690 10.794537 10.794537 10.794537 0.798587 0.798587 0.798587
4700 10.794537 10.794537 10.794537 0.798587 0.798587 0.798587
4710 10.794537 10.794537 10.794537 0.798587 0.798587 0.798587
4720 10.794537 10.794537 10.794537 0.798587 0.798587 0.798587
4730 10.794537 10.794537 10.794537 0.798587 0.798587 0.798587
4740 10.794537 10.794537 10.794537 0.798587 0.798587 0.798587
4750 10.794537 10.794537 10.794537 0.798587 0.798587 0.798587
4760 10.794537 10.794537 10.794537 0.798587 0.798587 0.798587
4770 10.794537 10.794537 10.794537 0.798587 0.798587 0.798587
4780 10.794537 10.794537 10.794537 0.798587 0.798587 0.798587
4790 10.794537 10.794537 10.794537 0.798587 0.798587 0.798587
4800 10.794537 10.794537 10.794537 0.798587 0.798587 0.798587
4810 10.794537 10.794537 10.794537 0.798587 0.798587 0.798587
4820 10.794537 10.794537 10.794537 0.798587 0.798587 0.798587
4830 10.794537 10.794537 10.794537 0.798587 0.798587 0.798587
4840 10.794537 10.794537 10.794537 0.798587 0.798587 0.798587
4850 10.794537 10.794537 10.794537 0.798587 0.798587 0.798587
4860 10.794537 10.794537 10.794537 0.798587 0.798587 0.798587
4870 10.794537 10.794537 10.794537 0.798587 0.798587 0.798587
4880 10.794537 10.794537 10.794537 0.798587 0.798587 0.798587
4890 10.794537 10.794537 10.794537 0.798587 0.798587 0.798587
4900 10.794537 10.794537 10.794537 0.798587 0.798587 0.798587
4910 10.794537 10.794537 10.794537 0.798587 0.798587 0.798587
4920 10.794537 10.794537 10.794537 0.798587 0.798587 0.798587
4930 10.794537 10.794537 10.794537 0.798587 0.798587 0.798587
4940 10.794537 10.794537 10.794537 0.798587 0.798587 0.798587
4950 10.794537 10.794537 10.794537 0.798587 0.798587 0.798587
4960 10.794537 10.794537 10.794537 0.798587 0.798587 0.798587
4970 10.794537 10.794537 10.794537 0.798587 0.798587 0.798587
4980 10.794537 10.794537 10.794537 0.798587 0.798587 0.798587
4990 10.794537 10.794537 10.794537 0.798587 0.798587 0.798587
5000 10.794537 10.794537 10.794537 0.798587 0.798587 0.798587
5010 10.794537 10.794537 10.794537 0.798587 0.798587 0.798587
5020 10.794537 10.794537 10.794537 0.798587 0.798587 0.798587
5030 10.794537 10.794537 10.794537 0.798587 0.798587 0.798587
5040 10.794537 10.794537 10.794537 0.798587 0.798587 0.798587
5050 10.794537 10.794537 10.794537 0.798587 0.798587 0.798587
5060 10.794537 10.794537 10.794537 0.798587 0.798587 0.798587
5070 10.794537 10.794537 10.794537 0.798587 0.798587 0.798587
5080 10.794537 10.794537 10.794537 0.798587 0.798587 0.798587
5090 10.794537 10.794537 10.794537 0.798587 0.798587 0.798587
5100 10.794537 10.794537 10.794537 0.798587 0.798587 0.798587
5110 10.794537 10.794537 10.794537 0.798587 0.798587 0.798587
5120 10.794537 10.794537 10.794537 0.798587 0.798587 0.798587
5130 10.794537 10.794537 10.794537 0.798587 0.798587 0.798587
5140 10.794537 10.794537 10.794537 0.798587 0.798587 0.798587
5150 10.794537 10.794537 10.794537 0.798587 0.798587 0.798587
5160 10.794537 10.794537 10.794537 0.798587 0.798587 0.798587
5170 10.794537 10.794537 10.794537 0.798587 0.798587 0.798587
5180 10.794537 10.794537 10.794537 0.798587 0.798587 0.798587
5190 10.794537 10.794537 10.794537 0.798587 0.798587 0.798587
5200 10.794537 10.794537 10.794537 0.798587 0.798587 0.798587
5210 10.794537 10.794537 10.794537 0.798587 0.798587 0.798587
5220 10.794537 10.794537 10.794537 0.798587 0.798587 0.798587
5230 10.794537 10.794537 10.794537 0.798587 0.798587 0.798587
5240 10.794537 10.794537 10.794537 0.798587 0.798587 0.798587
5250 10.794537 10.794537 10.794537 0.798587 0.798587 0.798587
5260 10.794537 10.794537 10.794537 0.798587 0.798587 0.798587
5270 10.794537 10.794537 10.794537 0.798587 0.798587 0.798587
5280 10.794537 10.794537 10.794537 0.798587 0.798587 0.798587
5290 10.794537 10.794537 10.794537 0.798587 0.798587 0.798587
5300 10.794537 10.794537 10.794537 0.798587 0.798587 0.798587
5310 10.794537 10.794537 10.794537 0.798587 0.798587 0.798587
5320 10.794537 10.794537 10.794537 0.798587 0.798587 0.798587
5330 10.794537 10.794537 10.794537 0.798587 0.798587 0.798587
5340 10.794537 10.794537 10.794537 0.798587 0.798587 0.798587
5350 10.794537 10.794537 10.794537 0.798587 0.798587 0.798587
5360 10.794537 10.794537 10.794537 0.798587 0.798587 0.798587
5370 10.794537 10.794537 10.794537 0.798587 0.798587 0.798587
5380 10.794537 10.794537 10.794537 0.798587 0.798587 0.798587
5390 10.794537 10.794537 10.794537 0.798587 0.798587 0.798587
5400 10.794537 10.794537 10.794537 0.798587 0.798587 0.798587
5410 10.794537 10.794537 10.794537 0.798587 0.798587 0.798587
5420 10.794537 10.794537 10.794537 0.798587 0.798587 0.798587
5430 10.794537 10.794537 10.794537 0.798587 0.798587 0.798587
5440 10.794537 10.794537 10.794537 0.798587 0.798587 0.798587
5450 10.794537 10.794537 10.794537 0.798587 0.798587 0.798587
5460 10.794537 10.794537 10.794537 0.798587 0.798587 0.798587
5470 10.794537 10.794537 10.794537 0.798587 0.798587 0.798587
5480 10.794537 10.794537 10.794537 0.798587 0.798587 0.798587
5490 10.794537 10.794537 10.794537 0.798587 0.798587 0.798587
5500 10.794537 10.794537 10.794537 0.798587 0.798587 0.798587
5510 10.794537 10.794537 10.794537 0.798587 0.798587 0.798587
5520 10.794537 10.794537 10.794537 0.798587 0.798587 0.798587
5530 10.794537 10.794537 10.794537 0.798587 0.798587 0.798587
5540 10.794537 10.794537 10.794537 0.798587 0.798587 0.798587
5550 10.794537 10.794537 10.794537 0.798587 0.798587 0.798587
5560 10.794537 10.794537 10.794537 0.798587 0.798587 0.798587
5570 10.794537 10.794537 10.794537 0.798587 0.798587 0.798587
5580 10.794537 10.794537 10.794537 0.798587 0.798587 0.798587
5590 10.794537 10.794537 10.794537 0.798587 0.798587 0.798587
5600 10.794537 10.794537 10.794537 0.798587 0.798587 0.798587
5610 10.794537 10.794537 10.794537 0.798587 0.798587 0.798587
5620 10.794537 10.794537 10.794537 0.798587 0.798587 0.798587
5630 10.794537 10.794537 10.794537 0.798587 0.798587 0.798587
5640 10.794537 10.794537 10.794537 0.798587 0.798587 0.798587
5650 10.794537 10.794537 10.794537 0.798587 0.798587 0.798587
5660 10.794537 10.794537 10.794537 0.798587 0.798587 0.798587
5670 10.794537 10.794537 10.794537 0.798587 0.798587 0.798587
5680 10.794537 10.794537 10.794537 0.798587 0.798587 0.798587
5690 10.794537 10.794537 10.794537 0.798587 0.798587 0.798587
5700 10.794537 10.794537 10.794537 0.798587 0.798587 0.798587
5710 10.794537 10.794537 10.794537 0.798587 0.798587 0.798587
5720 10.794537 10.794537 10.794537 0.798587 0.798587 0.798587
5730 10.794537 10.794537 10.794537 0.798587 0.798587 0.798587
5740 10.794537 10.794537 10.794537 0.798587 0.798587 0.798587
5750 10.794537 10.794537 10.794537 0.798587 0.798587 0.798587
5760 10.794537 10.794537 10.794537 0.798587 0.798587 0.798587
5770 10.794537 10.794537 10.794537 0.798587 0.798587 0.798587
5780 10.794537 10.794537 10.794537 0.798587 0.798587 0.798587
5790 10.794537 10.794537 10.794537 0.798587 0.798587 0.798587
5800 10.794537 10.794537 10.794537 0.798587 0.798587 0.798587
5810 10.794537 10.794537 10.794537 0.798587 0.798587 0.798587
5820 10.794537 10.794537 10.794537 0.798587 0.798587 0.798587
5830 10.794537 10.794537 10.794537 0.798587 0.798587 0.798587
5840 10.794537 10.794537 10.794537 0.798587 0.798587 0.798587
5850 10.794537 10.794537 10.794537 0.798587 0.798587 0.798587
5860 10.794537 10.794537 10.794537 0.798587 0.798587 0.798587
5870 10.794537 10.794537 10.794537 0.798587 0.798587 0.798587
5880 10.794537 10.794537 10.794537 0.798587 0.798587 0.798587
5890 10.794537 10.794537 10.794537 0.798587 0.798587 0.798587
5900 10.794537 10.794537 10.794537 0.798587 0.798587 0.798587
5910 10.794537 10.794537 10.794537 0.798587 0.798587 0.798587
5920 10.794537 10.794537 10.794537 0.798587 0.798587 0.798587
5930 10.794537 10.794537 10.794537 0.798587 0.798587 0.798587
5940 10.794537 10.794537 10.794537 0.798587 0.798587 0.798587
5950 10.794537 10.794537 10.794537 0.798587 0.798587 0.798587
5960 10.794537 10.794537 10.794537 0.798587 0.798587 0.798587
5970 10.794537 10.794537 10.794537 0.798587 0.798587 0.798587
5980 10.794537 10.794537 10.794537 0.798587 0.798587 0.798587
5990 10.794537 10.794537 10.794537 0.798587 0.798587 0.798587
6000 10.794537 10.794537 10.794537 0.798587 0.798587 0.798587
6010 10.794537 10.794537 10.794537 0.798587 0.798587 0.798587
6020 10.794537 10.794537 10.794537 0.798587 0.798587 0.798587
6030 10.794537 10.794537 10.794537 0.798587 0.798587 0.798587
6040 10.794537 10.794537 10.794537 0.798587 0.798587 0.798587
6050 10.794537 10.794537 10.794537 0.798587 0.798587 0.798587
6060 10.794537 10.794537 10.794537 0.798587 0.798587 0.798587
6070 10.794537 10.794537 10.794537 0.798587 0.798587 0.798587
6080 10.794537 10.794537 10.794537 0.798587 0.798587 0.798587
6090 10.794537 10.794537 10.794537 0.798587 0.798587 0.798587
6100 10.794537 10.794537 10.794537 0.798587 0.798587 0.798587
6110 10.794537 10.794537 10.794537 0.798587 0.798587 0.798587
6120 10.794537 10.794537 10.794537 0.798587 0.798587 0.798587
6130 10.794537 10.794537 10.794537 0.798587 0.798587 0.798587
6140 10.794537 10.794537 10.794537 0.798587 0.798587 0.798587
6150 10.794537 10.794537 10.794537 0.798587 0.798587 0.798587
6160 10.794537 10.794537 10.794537 0.798587 0.798587 0.798587
6170 10.794537 10.794537 10.794537 0.798587 0.798587 0.798587
6180 10.794537 10.794537 10.794537 0.798587 0.798587 0.798587
6190 10.794537 10.794537 10.794537 0.798587 0.798587 0.798587
6200 10.794537 10.794537 10.794537 0.798587 0.798587 0.798587
6210 10.794537 10.794537 10.794537 0.798587 0.798587 0.798587
6220 10.794537 10.794537 10.794537 0.798587 0.798587 0.798587
6230 10.794537 10.794537 10.794537 0.798587 0.798587 0.798587
6240 10.794537 10.794537 10.794537 0.798587 0.798587 0.798587
6250 10.794537 10.794537 10.794537 0.798587 0.798587 0.798587
6260 10.794537 10.794537 10.794537 0.798587 0.798587 0.798587
6270 10.794537 10.794537 10.794537 0.798587 0.798587 0.798587
6280 10.794537 10.794537 10.794537 0.798587 0.798587 0.798587
6290 10.794537 10.794537 10.794537 0.798587 0.798587 0.798587
6300 10.794537 10.794537 10.794537 0.798587 0.798587 0.798587
6310 10.794537 10.794537 10.794537 0.798587 0.798587 0.798587
6320 10.794537 10.794537 10.794537 0.798587 0.798587 0.798587
6330 10.794537 10.794537 10.794537 0.798587 0.798587 0.798587
6340 10.794537 10.794537 10.794537 0.798587 0.798587 0.798587
6350 10.794537 10.794537 10.794537 0.798587 0.798587 0.798587
6360 10.794537 10.794537 10.794537 0.798587 0.798587 0.798587
6370 10.794537 10.794537 10.794537 0.798587 0.798587 0.798587
6380 10.794537 10.794537 10.794537 0.798587 0.798587 0.798587
6390 10.794537 10.794537 10.794537 0.798587 0.798587 0.798587
6400 10.794537 10.794537 10.794537 0.798587 0.798587 0.798587
6410 10.794537 10.794537 10.794537 0.798587 0.798587 0.798587
6420 10.794537 10.794537 10.794537 0.798587 0.798587 0.798587
6430 10.794537 10.794537 10.794537 0.798587 0.798587 0.798587
6440 10.794537 10.794537 10.794537 0.798587 0.798587 0.798587
6450 10.794537 10.794537 10.794537 0.798587 0.798587 0.798587
6460 10.794537 10.794537 10.794537 0.798587 0.798587 0.798587
6470 10.794537 10.794537 10.794537 0.798587 0.798587 0.798587
6480 10.794537 10.794537 10.794537 0.798587 0.798587 0.798587
6490 10.794537 10.794537 10.794537 0.798587 0.798587 0.798587
6500 10.794537 10.794537 10.794537 0.798587 0.798587 0.798587
6510 10.794537 10.794537 10.794537 0.798587 0.798587 0.798587
6520 10.794537 10.794537 10.794537 0.798587 0.798587 0.798587
6530 10.794537 10.794537 10.794537 0.798587 0.798587 0.798587
6540 10.794537 10.794537 10.794537 0.798587 0.798587 0.798587
6550 10.794537 10.794537 10.794537 0.798587 0.798587 0.798587
6560 10.794537 10.794537 10.794537 0.798587 0.798587 0.798587
6570 10.794537 10.794537 10.794537 0.798587 0.798587 0.798587
6580 10.794537 10.794537 10.794537 0.798587 0.798587 0.798587
6590 10.794537 10.794537 10.794537 0.798587 0.798587 0.798587
6600 10.794537 10.794537 10.794537 0.798587 0.798587 0.798587
6610 10.794537 10.794537 10.794537 0.798587 0.798587 0.798587
6620 10.794537 10.794537 10.794537 0.798587 0.798587 0.798587
6630 10.794537 10.794537 10.794537 0.798587 0.798587 0.798587
6640 10.794537 10.794537 10.794537 0.798587 0.798587 0.798587
6650 10.794537 10.794537 10.794537 0.798587 0.798587 0.798587
6660 10.794537 10.794537 10.794537 0.798587 0.798587 0.798587
6670 10.794537 10.794537 10.794537 0.798587 0.798587 0.798587
6680 10.794537 10.794537 10.794537 0.798587 0.798587 0.798587
6690 10.794537 10.794537 10.794537 0.798587 0.798587 0.798587
6700 10.794537 10.794537 10.794537 0.798587 0.798587 0.798587
6710 10.794537 10.794537 10.794537 0.798587 0.798587 0.798587
6720 10.794537 10.794537 10.794537 0.798587 0.798587 0.798587
6730 10.794537 10.794537 10.794537 0.798587 0.798587 0.798587
6740 10.794537 10.794537 10.794537 0.798587 0.798587 0.798587
6750 10.794537 10.794537 10.794537 0.798587 0.798587 0.798587
6760 10.794537 10.794537 10.794537 0.798587 0.798587 0.798587
6770 10.794537 10.794537 10.794537 0.798587 0.798587 0.798587
6780 10.794537 10.794537 10.794537 0.798587 0.798587 0.798587
6790 10.794537 10.794537 10.794537 0.798587 0.798587 0.798587
6800 10.794537 10.794537 10.794537 0.798587 0.798587 0.798587
6810 10.794537 10.794537 10.794537 0.798587 0.798587 0.798587
6820 10.794537 10.794537 10.794537 0.798587 0.798587 0.798587
6830 10.794537 10.794537 10.794537 0.798587 0.798587 0.798587
6840 10.794537 10.794537 10.794537 0.798587 0.798587 0.798587
6850 10.794537 10.794537 10.794537 0.798587 0.798587 0.798587
6860 10.794537 10.794537 10.794537 0.798587 0.798587 0.798587
6870 10.794537 10.794537 10.794537 0.798587 0.798587 0.798587
6880 10.794537 10.794537 10.794537 0.798587 0.798587 0.798587
6890 10.794537 10.794537 10.794537 0.798587 0.798587 0.798587
6900 10.794537 10.794537 10.794537 0.798587 0.798587 0.798587
6910 10.794537 10.794537 10.794537 0.798587 0.798587 0.798587
6920 10.794537 10.794537 10.794537 0.798587 0.798587 0.798587
6930 10.794537 10.794537 10.794537 0.798587 0.798587 0.798587
6940 10.794537 10.794537 10.794537 0.798587 0.798587 0.798587
6950 10.794537 10.794537 10.794537 0.798587 0.798587 0.798587
6960 10.794537 10.794537 10.794537 0.798587 0.798587 0.798587
6970 10.794537 10.794537 10.794537 0.798587 0.798587 0.798587
6980 10.794537 10.794537 10.794537 0.798587 0.798587 0.798587
6990 10.794537 10.794537 10.794537 0.798587 0.798587 0.798587
7000 10.794537 10.794537 10.794537 0.798587 0.798587 0.798587
7010 10.794537 10.794537 10.794537 0.798587 0.798587 0.798587
7020 10.794537 10.794537 10.794537 0.798587 0.798587 0.798587
7030 10.794537 10.794537 10.794537 0.798587 0.798587 0.798587
7040 10.794537 10.794537 10.794537 0.798587 0.798587 0.798587
7050 10.794537 10.794537 10.794537 0.798587 0.798587 0.798587
7060 10.794537 10.794537 10.794537 0.798587 0.798587 0.798587
7070 10.794537 10.794537 10.794537 0.798587 0.798587 0.798587
7080 10.794537 10.794537 10.794537 0.798587 0.798587 0.798587
7090 10.794537 10.794537 10.794537 0.798587 0.798587 0.798587
7100 10.794537 10.794537 10.794537 0.798587 0.798587 0.798587
7110 10.794537 10.794537 10.794537 0.798587 0.798587 0.798587
7120 10.794537 10.794537 10.794537 0.798587 0.798587 0.798587
7130 10.794537 10.794537 10.794537 0.798587 0.798587 0.798587
7140 10.794537 10.794537 10.794537 0.798587 0.798587 0.798587
7150 10.794537 10.794537 10.794537 0.798587 0.798587 0.798587
7160 10.794537 10.794537 10.794537 0.798587 0.798587 0.798587
7170 10.794537 10.794537 10.794537 0.798587 0.798587 0.798587
7180 10.794537 10.794537 10.794537 0.798587 0.798587 0.798587
7190 10.794537 10.794537 10.794537 0.798587 0.798587 0.798587
7200 10.794537 10.794537 10.794537 0.798587 0.798587 0.798587
7210 10.794537 10.794537 10.794537 0.798587 0.798587 0.798587
7220 10.794537 10.794537 10.794537 0.798587 0.798587 0.798587
7230 10.794537 10.794537 10.794537 0.798587 0.798587 0.798587
7240 10.794537 10.794537 10.794537 0.798587 0.798587 0.798587
7250 10.794537 10.794537 10.794537 0.798587 0.798587 0.798587
7260 10.794537 10.794537 10.794537 0.798587 0.798587 0.798587
7270 10.794537 10.794537 10.794537 0.798587 0.798587 0.798587
7280 10.794537 10.794537 10.794537 0.798587 0.798587 0.798587
7290 10.794537 10.794537 10.794537 0.798587 0.798587 0.798587
7300 10.794537 10.794537 10.794537 0.798587 0.798587 0.798587
7310 10.794537 10.794537 10.794537 0.798587 0.798587 0.798587
7320 10.794537 10.794537 10.794537 0.798587 0.798587 0.798587
7330 10.794537 10.794537 10.794537 0.798587 0.798587 0.798587
7340 10.794537 10.794537 10.794537 0.798587 0.798587 0.798587
7350 10.794537 10.794537 10.794537 0.798587 0.798587 0.798587
7360 10.794537 10.794537 10.794537 0.798587 0.798587 0.798587
7370 10.794537 10.794537 10.794537 0.798587 0.798587 0.798587
7380 10.794537 10.794537 10.794537 0.798587 0.798587 0.798587
7390 10.794537 10.794537 10.794537 0.798587 0.798587 0.798587
7400 10.794537 10.794537 10.794537 0.798587 0.798587 0.798587
7410 10.794537 10.794537 10.794537 0.798587 0.798587 0.798587
7420 10.794537 10.794537 10.794537 0.798587 0.798587 0.798587
7430 10.794537 10.794537 10.794537 0.798587 0.798587 0.798587
7440 10.794537 10.794537 10.794537 0.798587 0.798587 0.798587
7450 10.794537 10.794537 10.794537 0.798587 0.798587 0.798587
7460 10.794537 10.794537 10.794537 0.798587 0.798587 0.798587
7470 10.794537 10.794537 10.794537 0.798587 0.798587 0.798587
7480 10.794537 10.794537 10.794537 0.798587 0.798587 0.798587
7490 10.794537 10.794537 10.794537 0.798587 0.798587 0.798587
7500 10.794537 10.794537 10.794537 0.798587 0.798587 0.798587
7510 10.794537 10.794537 10.794537 0.798587 0.798587 0.798587
7520 10.794537 10.794537 10.794537 0.798587 0.798587 0.798587
7530 10.794537 10.794537 10.794537 0.798587 0.798587 0.798587
7540 10.794537 10.794537 10.794537 0.798587 0.798587 0.798587
7550 10.794537 10.794537 10.794537 0.798587 0.798587 0.798587
7560 10.794537 10.794537 10.794537 0.798587 0.798587 0.798587
7570 10.794537 10.794537 10.794537 0.798587 0.798587 0.798587
7580 10.794537 10.794537 10.794537 0.798587 0.798587 0.798587
7590 10.794537 10.794537 10.794537 0.798587 0.798587 0.798587
7600 10.794537 10.794537 10.794537 0.798587 0.798587 0.798587
7610 10.794537 10.794537 10.794537 0.798587 0.798587 0.798587
7620 10.794537 10.794537 10.794537 0.798587 0.798587 0.798587
7630 10.794537 10.794537 10.794537 0.798587 0.798587 0.798587
7640 10.794537 10.794537 10.794537 0.798587 0.798587 0.798587
7650 10.794537 10.794537 10.794537 0.798587 0.798587 0.798587
7660 10.794537 10.794537 10.794537 0.798587 0.798587 0.798587
7670 10.794537 10.794537 10.794537 0.798587 0.798587 0.798587
7680 10.794537 10.794537 10.794537 0.798587 0.798587 0.798587
7690 10.794537 10.794537 10.794537 0.798587 0.798587 0.798587
7700 10.794537 10.794537 10.794537 0.798587 0.798587 0.798587
7710 10.794537 10.794537 10.794537 0.798587 0.798587 0.798587
7720 10.794537 10.794537 10.794537 0.798587 0.798587 0.798587
7730 10.794537 10.794537 10.794537 0.798587 0.798587 0.798587
7740 10.794537 10.794537 10.794537 0.798587 0.798587 0.798587
7750 10.794537 10.794537 10.794537 0.798587 0.798587 0.798587
7760 10.794537 10.794537 10.794537 0.798587 0.798587 0.798587
7770 10.794537 10.794537 10.794537 0.798587 0.798587 0.798587
7780 10.794537 10.794537 10.794537 0.798587 0.798587 0.798587
7790 10.794537 10.794537 10.794537 0.798587 0.798587 0.798587
7800 10.794537 10.794537 10.794537 0.798587 0.798587 0.798587
7810 10.794537 10.794537 10.794537 0.798587 0.798587 0.798587
7820 10.794537 10.794537 10.794537 0.798587 0.798587 0.798587
7830 10.794537 10.794537 10.794537 0.798587 0.798587 0.798587
7840 10.794537 10.794537 10.794537 0.798587 0.798587 0.798587
7850 10.794537 10.794537 10.794537 0.798587 0.798587 0.798587
7860 10.794537 10.794537 10.794537 0.798587 0.798587 0.798587
7870 10.794537 10.794537 10.794537 0.798587 0.798587 0.798587
7880 10.794537 10.794537 10.794537 0.798587 0.798587 0.798587
7890 10.794537 10.794537 10.794537 0.798587 0.798587 0.798587
7900 10.794537 10.794537 10.794537 0.798587 0.798587 0.798587
7910 10.794537 10.794537 10.794537 0.798587 0.798587 0.798587
7920 10.794537 10.794537 10.794537 0.798587 0.798587 0.798587
7930 10.794537 10.794537 10.794537 0.798587 0.798587 0.798587
7940 10.794537 10.794537 10.794537 0.798587 0.798587 0.798587
7950 10.794537 10.794537 10.794537 0.798587 0.798587 0.798587
7960 10.794537 10.794537 10.794537 0.798587 0.798587 0.798587
7970 10.794537 10.794537 10.794537 0.798587 0.798587 0.798587
7980 10.794537 10.794537 10.794537 0.798587 0.798587 0.798587
7990 10.794537 10.794537 10.794537 0.798587 0.798587 0.798587
8000 10.794537 10.794537 10.794537 0.798587 0.798587 0.798587
8010 10.794537 10.794537 10.794537 0.798587 0.798587 0.798587
8020 10.794537 10.794537 10.794537 0.798587 0.798587 0.798587
8030 10.794537 10.794537 10.794537 0.798587 0.798587 0.798587
8040 10.794537 10.794537 10.794537 0.798587 0.798587 0.798587
8050 10.794537 10.794537 10.794537 0.798587 0.798587 0.798587
8060 10.794537 10.794537 10.794537 0.798587 0.798587 0.798587
8070 10.794537 10.794537 10.794537 0.798587 0.798587 0.798587
8080 10.794537 10.794537 10.794537 0.798587 0.798587 0.798587
8090 10.794537 10.794537 10.794537 0.798587 0.798587 0.798587
8100 10.794537 10.794537 10.794537 0.798587 0.798587 0.798587
8110 10.794537 10.794537 10.794537 0.798587 0.798587 0.798587
8120 10.794537 10.794537 10.794537 0.798587 0.798587 0.798587
8130 10.794537 10.794537 10.794537 0.798587 0.798587 0.798587
8140 10.794537 10.794537 10.794537 0.798587 0.798587 0.798587
8150 10.794537 10.794537 10.794537 0.798587 0.798587 0.798587
8160 10.794537 10.794537 10.794537 0.798587 0.798587 0.798587
8170 10.794537 10.794537 10.794537 0.798587 0.798587 0.798587
8180 10.794537 10.794537 10.794537 0.798587 0.798587 0.798587
8190 10.794537 10.794537 10.794537 0.798587 0.798587 0.798587
8200 10.794537 10.794537 10.794537 0.798587 0.798587 0.798587
8210 10.794537 10.794537 10.794537 0.798587 0.798587 0.798587
8220 10.794537 10.794537 10.794537 0.798587 0.798587 0.798587
8230 10.794537 10.794537 10.794537 0.798587 0.798587 0.798587
8240 10.794537 10.794537 10.794537 0.798587 0.798587 0.798587
8250 10.794537 10.794537 10.794537 0.798587 0.798587 0.798587
8260 10.794537 10.794537 10.794537 0.798587 0.798587 0.798587
8270 10.794537 10.794537 10.794537 0.798587 0.798587 0.798587
8280 10.794537 10.794537 10.794537 0.798587 0.798587 0.798587
8290 10.794537 10.794537 10.794537 0.798587 0.798587 0.798587
8300 10.794537 10.794537 10.794537 0.798587 0.798587 0.798587
8310 10.794537 10.794537 10.794537 0.798587 0.798587 0.798587
8320 10.794537 10.794537 10.794537 0.798587 0.798587 0.798587
8330 10.794537 10.794537 10.794537 0.798587 0.798587 0.798587
8340 10.794537 10.794537 10.794537 0.798587 0.798587 0.798587
8350 10.794537 10.794537 10.794537 0.798587 0.798587 0.798587
8360 10.794537 10.794537 10.794537 0.798587 0.798587 0.798587
8370 10.794537 10.794537 10.794537 0.798587 0.798587 0.798587
8380 10.794537 10.794537 10.794537 0.798587 0.798587 0.798587
8390 10.794537 10.794537 10.794537 0.798587 0.798587 0.798587
8400 10.794537 10.794537 10.794537 0.798587 0.798587 0.798587
8410 10.794537 10.794537 10.794537 0.798587 0.798587 0.798587
8420 10.794537 10.794537 10.794537 0.798587 0.798587 0.798587
8430 10.794537 10.794537 10.794537 0.798587 0.798587 0.798587
8440 10.794537 10.794537 10.794537 0.798587 0.798587 0.798587
8450 10.794537 10.794537 10.794537 0.798587 0.798587 0.798587
8460 10.794537 10.794537 10.794537 0.798587 0.798587 0.798587
8470 10.794537 10.794537 10.794537 0.798587 0.798587 0.798587
8480 10.794537 10.794537 10.794537 0.798587 0.798587 0.798587
8490 10.794537 10.794537 10.794537 0.798587 0.798587 0.798587
8500 10.794537 10.794537 10.794537 0.798587 0.798587 0.798587
8510 10.794537 10.794537 10.794537 0.798587 0.798587 0.798587
8520 10.794537 10.794537 10.794537 0.798587 0.798587 0.798587
8530 10.794537 10.794537 10.794537 0.798587 0.798587 0.798587
8540 10.794537 10.794537 10.794537 0.798587 0.798587 0.798587
8550 10.794537 10.794537 10.794537 0.798587 0.798587 0.798587
8560 10.794537 10.794537 10.794537 0.798587 0.798587 0.798587
8570 10.794537 10.794537 10.794537 0.798587 0.798587 0.798587
8580 10.794537 10.794537 10.794537 0.798587 0.798587 0.798587
8590 10.794537 10.794537 10.794537 0.798587 0.798587 0.798587
8600 10.794537 10.794537 10.794537 0.798587 0.798587 0.798587
8610 10.794537 10.794537 10.794537 0.798587 0.798587 0.798587
8620 10.794537 10.794537 10.794537 0.798587 0.798587 0.798587
8630 10.794537 10.794537 10.794537 0.798587 0.798587 0.798587
8640 10.794537 10.794537 10.794537 0.798587 0.798587 0.798587
8650 10.794537 10.794537 10.794537 0.798587 0.798587 0.798587
8660 10.794537 10.794537 10.794537 0.798587 0.798587 0.798587
8670 10.794537 10.794537 10.794537 0.798587 0.798587 0.798587
8680 10.794537 10.794537 10.794537 0.798587 0.798587 0.798587
8690 10.794537 10.794537 10.794537 0.798587 0.798587 0.798587
8700 10.794537 10.794537 10.794537 0.798587 0.798587 0.798587
8710 10.794537 10.794537 10.794537 0.798587 0.798587 0.798587
8720 10.794537 10.794537 10.794537 0.798587 0.798587 0.798587
8730 10.794537 10.794537 10.794537 0.798587 0.798587 0.798587
8740 10.794537 10.794537 10.794537 0.798587 0.798587 0.798587
8750 10.794537 10.794537 10.794537 0.798587 0.798587 0.798587
8760 10.794537 10.794537 10.794537 0.798587 0.798587 0.798587
8770 10.794537 10.794537 10.794537 0.798587 0.798587 0.798587
8780 10.794537 10.794537 10.794537 0.798587 0.798587 0.798587
8790 10.794537 10.794537 10.794537 0.798587 0.798587 0.798587
8800 10.794537 10.794537 10.794537 0.798587 0.798587 0.798587
8810 10.794537 10.794537 10.794537 0.798587 0.798587 0.798587
8820 10.794537 10.794537 10.794537 0.798587 0.798587 0.798587
8830 10.794537 10.794537 10.794537 0.798587 0.798587 0.798587
8840 10.794537 10.794537 10.794537 0.798587 0.798587 0.798587
8850 10.794537 10.794537 10.794537 0.798587 0.798587 0.798587
8860 10.794537 10.794537 10.794537 0.798587 0.798587 0.798587
8870 10.794537 10.794537 10.794537 0.798587 0.798587 0.798587
8880 10.794537 10.794537 10.794537 0.798587 0.798587 0.798587
8890 10.794537 10.794537 10.794537 0.798587 0.798587 0.798587
8900 10.794537 10.794537 10.794537 0.798587 0.798587 0.798587
8910 10.794537 10.794537 10.794537 0.798587 0.798587 0.798587
8920 10.794537 10.794537 10.794537 0.798587 0.798587 0.798587
8930 10.794537 10.794537 10.794537 0.798587 0.798587 0.798587
8940 10.794537 10.794537 10.794537 0.798587 0.798587 0.798587
8950 10.794537 10.794537 10.794537 0.798587 0.798587 0.798587
8960 10.794537 10.794537 10.794537 0.798587 0.798587 0.798587
8970 10.794537 10.794537 10.794537 0.798587 0.798587 0.798587
8980 10.794537 10.794537 10.794537 0.798587 0.798587 0.798587
8990 10.794537 10.794537 10.794537 0.798587 0.798587 0.798587
9000 10.794537 10.794537 10.794537 0.798587 0.798587 0.798587
9010 10.794537 10.794537 10.794537 0.798587 0.798587 0.798587
9020 10.794537 10.794537 10.794537 0.798587 0.798587 0.798587
9030 10.794537 10.794537 10.794537 0.798587 0.798587 0.798587
9040 10.794537 10.794537 10.794537 0.798587 0.798587 0.798587
9050 10.794537 10.794537 10.794537 0.798587 0.798587 0.798587
9060 10.794537 10.794537 10.794537 0.798587 0.798587 0.798587
9070 10.794537 10.794537 10.794537 0.798587 0.798587 0.798587
9080 10.794537 10.794537 10.794537 0.798587 0.798587 0.798587
9090 10.794537 10.794537 10.794537 0.798587 0.798587 0.798587
9100 10.794537 10.794537 10.794537 0.798587 0.798587 0.798587
9110 10.794537 10.794537 10.794537 0.798587 0.798587 0.798587
9120 10.794537 10.794537 10.794537 0.798587 0.798587 0.798587
9130 10.794537 10.794537 10.794537 0.798587 0.798587 0.798587
9140 10.794537 10.794537 10.794537 0.798587 0.798587 0.798587
9150 10.794537 10.794537 10.794537 0.798587 0.798587 0.798587
9160 10.794537 10.794537 10.794537 0.798587 0.798587 0.798587
9170 10.794537 10.794537 10.794537 0.798587 0.798587 0.798587
9180 10.794537 10.794537 10.794537 0.798587 0.798587 0.798587
9190 10.794537 10.794537 10.794537 0.798587 0.798587 0.798587
9200 10.794537 10.794537 10.794537 0.798587 0.798587 0.798587
9210 10.794537 10.794537 10.794537 0.798587 0.798587 0.798587
9220 10.794537 10.794537 10.794537 0.798587 0.798587 0.798587
9230 10.794537 10.794537 10.794537 0.798587 0.798587 0.798587
9240 10.794537 10.794537 10.794537 0.798587 0.798587 0.798587
9250 10.794537 10.794537 10.794537 0.798587 0.798587 0.798587
9260 10.794537 10.794537 10.794537 0.798587 0.798587 0.798587
9270 10.794537 10.794537 10.794537 0.798587 0.798587 0.798587
9280 10.794537 10.794537 10.794537 0.798587 0.798587 0.798587
9290 10.794537 10.794537 10.794537 0.798587 0.798587 0.798587
9300 10.794537 10.794537 10.794537 0.798587 0.798587 0.798587
9310 10.794537 10.794537 10.794537 0.798587 0.798587 0.798587
9320 10.794537 10.794537 10.794537 0.798587 0.798587 0.798587
9330 10.794537 10.794537 10.794537 0.798587 0.798587 0.798587
9340 10.794537 10.794537 10.794537 0.798587 0.798587 0.798587
9350 10.794537 10.794537 10.794537 0.798587 0.798587 0.798587
9360 10.794537 10.794537 10.794537 0.798587 0.798587 0.798587
9370 10.794537 10.794537 10.794537 0.798587 0.798587 0.798587
9380 10.794537 10.794537 10.794537 0.798587 0.798587 0.798587
9390 10.794537 10.794537 10.794537 0.798587 0.798587 0.798587
9400 10.794537 10.794537 10.794537 0.798587 0.798587 0.798587
9410 10.794537 10.794537 10.794537 0.798587 0.798587 0.798587
9420 10.794537 10.794537 10.794537 0.798587 0.798587 0.798587
9430 10.794537 10.794537 10.794537 0.798587 0.798587 0.798587
9440 10.794537 10.794537 10.794537 0.798587 0.798587 0.798587
9450 10.794537 10.794537 10.794537 0.798587 0.798587 0.798587
9460 10.794537 10.794537 10.794537 0.798587 0.798587 0.798587
9470 10.794537 10.794537 10.794537 0.798587 0.798587 0.798587
9480 10.794537 10.794537 10.794537 0.798587 0.798587 0.798587
9490 10.794537 10.794537 10.794537 0.798587 0.798587 0.798587
9500 10.794537 10.794537 10.794537 0.798587 0.798587 0.798587
9510 10.794537 10.794537 10.794537 0.798587 0.798587 0.798587
9520 10.794537 10.794537 10.794537 0.798587 0.798587 0.798587
9530 10.794537 10.794537 10.794537 0.798587 0.798587 0.798587
9540 10.794537 10.794537 10.794537 0.798587 0.798587 0.798587
9550 10.794537 10.794537 10.794537 0.798587 0.798587 0.798587
9560 10.794537 10.794537 10.794537 0.798587 0.798587 0.798587
9570 10.794537 10.794537 10.794537 0.798587 0.798587 0.798587
9580 10.794537 10.794537 10.794537 0.798587 0.798587 0.798587
9590 10.794537 10.794537 10.794537 0.798587 0.798587 0.798587
9600 10.794537 10.794537 10.794537 0.798587 0.798587 0.798587
9610 10.794537 10.794537 10.794537 0.798587 0.798587 0.798587
9620 10.794537 10.794537 10.794537 0.798587 0.798587 0.798587
9630 10.794537 10.794537 10.794537 0.798587 0.798587 0.798587
9640 10.794537 10.794537 10.794537 0.798587 0.798587 0.798587
9650 10.794537 10.794537 10.794537 0.798587 0.798587 0.798587
9660 10.794537 10.794537 10.794537 0.798587 0.798587 0.798587
9670 10.794537 10.794537 10.794537 0.798587 0.798587 0.798587
9680 10.794537 10.794537 10.794537 0.798587 0.798587 0.798587
9690 10.794537 10.794537 10.794537 0.798587 0.798587 0.798587
9700 10.794537 10.794537 10.794537 0.798587 0.798587 0.798587
9710 10.794537 10.794537 10.794537 0.798587 0.798587 0.798587
9720 10.794537 10.794537 10.794537 0.798587 0.798587 0.798587
9730 10.794537 10.794537 10.794537 0.798587 0.798587 0.798587
9740 10.794537 10.794537 10.794537 0.798587 0.798587 0.798587
9750 10.794537 10.794537 10.794537 0.798587 0.798587 0.798587
9760 10.794537 10.794537 10.794537 0.798587 0.798587 0.798587
9770 10.794537 10.794537 10.794537 0.798587 0.798587 0.798587
9780 10.794537 10.794537 10.794537 0.798587 0.798587 0.798587
9790 10.794537 10.794537 10.794537 0.798587 0.798587 0.798587
9800 10.794537 10.794537 10.794537 0.798587 0.798587 0.798587
9810 10.794537 10.794537 10.794537 0.798587 0.798587 0.798587
9820 10.794537 10.794537 10.794537 0.798587 0.798587 0.798587
9830 10.794537 10.794537 10.794537 0.798587 0.798587 0.798587
9840 10.794537 10.794537 10.794537 0.798587 0.798587 0.798587
9850 10.794537 10.794537 10.794537 0.798587 0.798587 0.798587
9860 10.794537 10.794537 10.794537 0.798587 0.798587 0.798587
9870 10.794537 10.794537 10.794537 0.798587 0.798587 0.798587
9880 10.794537 10.794537 10.794537 0.798587 0.798587 0.798587
9890 10.794537 10.794537 10.794537 0.798587 0.798587 0.798587
9900 10.794537 10.794537 10.794537 0.798587 0.798587 0.798587
9910 10.794537 10.794537 10.794537 0.798587 0.798587 0.798587
9920 10.794537 10.794537 10.794537 0.798587 0.798587 0.798587
9930 10.794537 10.794537 10.794537 0.798587 0.798587 0.798587
9940 10.794537 10.794537 10.794537 0.798587 0.798587 0.798587
9950 10.794537 10.794537 10.794537 0.798587 0.798587 0.798587
9960 10.794537 10.794537 10.794537 0.798587 0.798587 0.798587
9970 10.794537 10.794537 10.794537 0.798587 0.798587 0.798587
9980 10.794537 10.794537 10.794537 0.798587 0.798587 0.798587
9990 10.794537 10.794537 10.794537 0.798587 0.798587 0.798587
10000 10.794537 10.794537 10.794537 0.798587 0.798587 0.798587
