# generation power_min power_avg power_max util_min util_avg util_max
1 18.299976 21.406243 24.861468 0.189483 0.245873 0.336382
10 18.299976 21.113096 23.213076 0.189483 0.241220 0.306858
20 18.299976 20.825066 22.470826 0.189483 0.237233 0.280496
30 18.299976 20.554680 22.013131 0.189483 0.232048 0.276836
40 18.299976 20.284884 21.689509 0.189483 0.227444 0.276836
50 18.187720 20.035032 21.358796 0.188637 0.222702 0.269530
60 16.877013 19.787809 21.146702 0.177032 0.218350 0.256730
70 16.877013 19.560661 20.778344 0.177032 0.214678 0.256730
80 16.877013 19.344556 20.577408 0.177032 0.210952 0.253880
90 16.447377 19.125114 20.322995 0.149039 0.207299 0.251634
100 16.442623 18.883133 20.145026 0.149039 0.203754 0.241905
110 16.102124 18.651962 19.725245 0.149039 0.200725 0.240018
120 16.102124 18.442954 19.556755 0.149039 0.197143 0.238360
130 16.102124 18.215429 19.387469 0.149039 0.193870 0.222340
140 16.025129 18.002365 19.088604 0.149039 0.191340 0.221701
150 15.501561 17.737732 18.957696 0.136738 0.186953 0.221701
160 15.412291 17.519400 18.801512 0.136738 0.183567 0.218394
170 14.878137 17.265408 18.530564 0.136738 0.179527 0.218394
180 14.878137 17.010843 18.299976 0.130523 0.175290 0.210595
190 14.705132 16.791380 18.181185 0.128173 0.171544 0.210595
200 14.473682 16.547665 17.938592 0.127041 0.168065 0.203827
210 14.186690 16.279168 17.718006 0.118270 0.163178 0.195221
220 14.155824 15.983965 17.565144 0.118270 0.158646 0.195221
230 13.809559 15.717016 17.331042 0.118270 0.154874 0.195221
240 13.809559 15.422290 16.825974 0.114973 0.149852 0.190259
250 13.730175 15.227670 16.569776 0.111326 0.145648 0.178360
260 13.508107 15.007323 16.302412 0.111326 0.141739 0.174857
270 13.508107 14.814304 15.992996 0.111326 0.138026 0.167776
280 13.390969 14.624204 15.685081 0.109395 0.134312 0.167776
290 13.390969 14.437988 15.483123 0.109395 0.130871 0.164412
300 13.341322 14.283086 15.312023 0.104946 0.127840 0.160109
310 13.225359 14.126481 15.071025 0.104577 0.124480 0.156780
320 12.526331 13.961218 14.843908 0.094623 0.121764 0.154857
330 12.526331 13.825914 14.658339 0.094623 0.118974 0.138698
340 12.457024 13.706148 14.271738 0.094623 0.117075 0.133459
350 12.457024 13.588985 14.155824 0.094623 0.114572 0.130174
360 12.457024 13.462371 14.053366 0.094623 0.112160 0.130174
370 12.368065 13.323507 13.997279 0.094623 0.109575 0.128854
380 12.368065 13.191491 13.880681 0.094244 0.107235 0.127071
390 12.248934 13.049880 13.809559 0.094244 0.104713 0.127071
400 11.971538 12.916286 13.735408 0.094244 0.102119 0.120220
410 11.971538 12.789987 13.508107 0.094244 0.100184 0.118811
420 11.971538 12.687460 13.387313 0.094244 0.098504 0.113240
430 11.971538 12.588557 13.267001 0.094244 0.097289 0.112341
440 11.971538 12.493514 13.069525 0.094244 0.096102 0.105851
450 11.971538 12.421537 12.872806 0.094244 0.095402 0.105427
460 11.971538 12.365326 12.715130 0.094623 0.095031 0.102966
470 11.882496 12.320522 12.624930 0.094623 0.095022 0.102966
480 11.882496 12.275330 12.496495 0.094623 0.095081 0.102966
490 11.663502 12.241207 12.407625 0.094623 0.095066 0.098629
500 11.663502 12.201425 12.407625 0.094623 0.095148 0.098629
510 11.604288 12.163318 12.407625 0.094623 0.095230 0.098629
520 11.594111 12.119520 12.396730 0.094623 0.095328 0.098629
530 11.594111 12.078786 12.328145 0.094623 0.095378 0.098629
540 11.505069 12.031207 12.238852 0.094623 0.095508 0.098629
550 11.505069 11.981941 12.209439 0.094623 0.095740 0.098629
560 11.505069 11.940031 12.190000 0.094623 0.095915 0.098629
570 11.505069 11.900769 12.128996 0.094623 0.096057 0.099465
580 11.495065 11.856803 12.109299 0.094623 0.096238 0.099465
590 11.445565 11.801513 12.031152 0.094653 0.096568 0.099465
600 11.445565 11.758459 12.031152 0.094653 0.096910 0.099465
610 11.445565 11.716744 12.000235 0.094653 0.097102 0.099465
620 11.445565 11.671493 11.971490 0.094653 0.097478 0.099465
630 11.405623 11.629486 11.882496 0.094653 0.097862 0.099465
640 11.366115 11.588666 11.872297 0.094653 0.098251 0.099465
650 11.366115 11.551887 11.851990 0.094653 0.098313 0.099465
660 11.366115 11.525007 11.663502 0.096437 0.098393 0.099465
670 11.276673 11.507116 11.643928 0.096437 0.098522 0.099465
680 11.276673 11.491341 11.604288 0.096437 0.098549 0.099465
690 11.276673 11.483383 11.505069 0.096437 0.098575 0.099465
700 11.276673 11.478317 11.505069 0.096437 0.098575 0.099465
710 11.216298 11.468182 11.505069 0.096437 0.098570 0.099465
720 11.216298 11.460727 11.495065 0.097274 0.098592 0.099465
730 11.216298 11.449609 11.495065 0.097274 0.098600 0.099465
740 11.216298 11.435506 11.495065 0.097274 0.098617 0.099465
750 11.207727 11.419927 11.495065 0.097274 0.098625 0.099465
760 11.087348 11.400045 11.495065 0.097274 0.098645 0.099465
770 11.087348 11.378194 11.495065 0.097274 0.098656 0.099465
780 11.087348 11.349504 11.495065 0.097274 0.098668 0.099465
790 11.077679 11.318102 11.495065 0.097274 0.098718 0.099465
800 11.077679 11.286401 11.474177 0.097274 0.098768 0.099465
810 11.077679 11.260963 11.366115 0.097274 0.098851 0.099465
820 11.077679 11.240759 11.366115 0.097274 0.098909 0.099465
830 11.077679 11.215194 11.366115 0.097274 0.098976 0.099465
840 11.077679 11.189819 11.346346 0.097274 0.099043 0.099465
850 11.077679 11.163532 11.346346 0.097274 0.099127 0.099465
860 11.077679 11.139166 11.267004 0.097274 0.099212 0.099465
870 11.077679 11.124416 11.217396 0.098629 0.099298 0.099465
880 11.077679 11.111024 11.217396 0.098629 0.099382 0.099465
890 11.077679 11.097666 11.216298 0.098629 0.099440 0.099465
900 11.077679 11.084157 11.087348 0.099465 0.099465 0.099465
910 11.077679 11.083384 11.087348 0.099465 0.099465 0.099465
920 11.077679 11.082417 11.087348 0.099465 0.099465 0.099465
930 11.077679 11.081450 11.087348 0.099465 0.099465 0.099465
940 11.077679 11.080483 11.087348 0.099465 0.099465 0.099465
950 11.077679 11.079516 11.087348 0.099465 0.099465 0.099465
960 11.077679 11.078549 11.087348 0.099465 0.099465 0.099465
970 11.077679 11.077679 11.077679 0.099465 0.099465 0.099465
980 11.077679 11.077679 11.077679 0.099465 0.099465 0.099465
990 11.077679 11.077679 11.077679 0.099465 0.099465 0.099465
1000 11.077679 11.077679 11.077679 0.099465 0.099465 0.099465
1010 11.077679 11.077679 11.077679 0.099465 0.099465 0.099465
1020 11.077679 11.077679 11.077679 0.099465 0.099465 0.099465
1030 11.077679 11.077679 11.077679 0.099465 0.099465 0.099465
1040 11.077679 11.077679 11.077679 0.099465 0.099465 0.099465
1050 11.077679 11.077679 11.077679 0.099465 0.099465 0.099465
1060 11.077679 11.077679 11.077679 0.099465 0.099465 0.099465
1070 11.077679 11.077679 11.077679 0.099465 0.099465 0.099465
1080 11.077679 11.077679 11.077679 0.099465 0.099465 0.099465
1090 11.077679 11.077679 11.077679 0.099465 0.099465 0.099465
1100 11.077679 11.077679 11.077679 0.099465 0.099465 0.099465
1110 11.077679 11.077679 11.077679 0.099465 0.099465 0.099465
1120 11.077679 11.077679 11.077679 0.099465 0.099465 0.099465
1130 11.077679 11.077679 11.077679 0.099465 0.099465 0.099465
1140 11.077679 11.077679 11.077679 0.099465 0.099465 0.099465
1150 11.077679 11.077679 11.077679 0.099465 0.099465 0.099465
1160 11.077679 11.077679 11.077679 0.099465 0.099465 0.099465
1170 11.077679 11.077679 11.077679 0.099465 0.099465 0.099465
1180 11.077679 11.077679 11.077679 0.099465 0.099465 0.099465
1190 11.077679 11.077679 11.077679 0.099465 0.099465 0.099465
1200 11.077679 11.077679 11.077679 0.099465 0.099465 0.099465
1210 11.077679 11.077679 11.077679 0.099465 0.099465 0.099465
1220 11.077679 11.077679 11.077679 0.099465 0.099465 0.099465
1230 11.077679 11.077679 11.077679 0.099465 0.099465 0.099465
1240 11.077679 11.077679 11.077679 0.099465 0.099465 0.099465
1250 11.077679 11.077679 11.077679 0.099465 0.099465 0.099465
1260 11.077679 11.077679 11.077679 0.099465 0.099465 0.099465
1270 11.077679 11.077679 11.077679 0.099465 0.099465 0.099465
1280 11.077679 11.077679 11.077679 0.099465 0.099465 0.099465
1290 11.077679 11.077679 11.077679 0.099465 0.099465 0.099465
1300 11.077679 11.077679 11.077679 0.099465 0.099465 0.099465
1310 11.077679 11.077679 11.077679 0.099465 0.099465 0.099465
1320 11.077679 11.077679 11.077679 0.099465 0.099465 0.099465
1330 11.077679 11.077679 11.077679 0.099465 0.099465 0.099465
1340 11.077679 11.077679 11.077679 0.099465 0.099465 0.099465
1350 11.077679 11.077679 11.077679 0.099465 0.099465 0.099465
1360 11.077679 11.077679 11.077679 0.099465 0.099465 0.099465
1370 11.077679 11.077679 11.077679 0.099465 0.099465 0.099465
1380 11.077679 11.077679 11.077679 0.099465 0.099465 0.099465
1390 11.077679 11.077679 11.077679 0.099465 0.099465 0.099465
1400 11.077679 11.077679 11.077679 0.099465 0.099465 0.099465
1410 11.077679 11.077679 11.077679 0.099465 0.099465 0.099465
1420 11.077679 11.077679 11.077679 0.099465 0.099465 0.099465
1430 11.077679 11.077679 11.077679 0.099465 0.099465 0.099465
1440 11.077679 11.077679 11.077679 0.099465 0.099465 0.099465
1450 11.077679 11.077679 11.077679 0.099465 0.099465 0.099465
1460 11.077679 11.077679 11.077679 0.099465 0.099465 0.099465
1470 11.077679 11.077679 11.077679 0.099465 0.099465 0.099465
1480 11.077679 11.077679 11.077679 0.099465 0.099465 0.099465
1490 11.077679 11.077679 11.077679 0.099465 0.099465 0.099465
1500 11.077679 11.077679 11.077679 0.099465 0.099465 0.099465
1510 11.077679 11.077679 11.077679 0.099465 0.099465 0.099465
1520 11.077679 11.077679 11.077679 0.099465 0.099465 0.099465
1530 11.077679 11.077679 11.077679 0.099465 0.099465 0.099465
1540 11.077679 11.077679 11.077679 0.099465 0.099465 0.099465
1550 11.077679 11.077679 11.077679 0.099465 0.099465 0.099465
1560 11.077679 11.077679 11.077679 0.099465 0.099465 0.099465
1570 11.077679 11.077679 11.077679 0.099465 0.099465 0.099465
1580 11.077679 11.077679 11.077679 0.099465 0.099465 0.099465
1590 11.077679 11.077679 11.077679 0.099465 0.099465 0.099465
1600 11.077679 11.077679 11.077679 0.099465 0.099465 0.099465
1610 11.077679 11.077679 11.077679 0.099465 0.099465 0.099465
1620 11.077679 11.077679 11.077679 0.099465 0.099465 0.099465
1630 11.077679 11.077679 11.077679 0.099465 0.099465 0.099465
1640 11.077679 11.077679 11.077679 0.099465 0.099465 0.099465
1650 11.077679 11.077679 11.077679 0.099465 0.099465 0.099465
1660 11.077679 11.077679 11.077679 0.099465 0.099465 0.099465
1670 11.077679 11.077679 11.077679 0.099465 0.099465 0.099465
1680 11.077679 11.077679 11.077679 0.099465 0.099465 0.099465
1690 11.077679 11.077679 11.077679 0.099465 0.099465 0.099465
1700 11.077679 11.077679 11.077679 0.099465 0.099465 0.099465
1710 11.077679 11.077679 11.077679 0.099465 0.099465 0.099465
1720 11.077679 11.077679 11.077679 0.099465 0.099465 0.099465
1730 11.077679 11.077679 11.077679 0.099465 0.099465 0.099465
1740 11.077679 11.077679 11.077679 0.099465 0.099465 0.099465
1750 11.077679 11.077679 11.077679 0.099465 0.099465 0.099465
1760 11.077679 11.077679 11.077679 0.099465 0.099465 0.099465
1770 11.077679 11.077679 11.077679 0.099465 0.099465 0.099465
1780 11.077679 11.077679 11.077679 0.099465 0.099465 0.099465
1790 11.077679 11.077679 11.077679 0.099465 0.099465 0.099465
1800 11.077679 11.077679 11.077679 0.099465 0.099465 0.099465
1810 11.077679 11.077679 11.077679 0.099465 0.099465 0.099465
1820 11.077679 11.077679 11.077679 0.099465 0.099465 0.099465
1830 11.077679 11.077679 11.077679 0.099465 0.099465 0.099465
1840 11.077679 11.077679 11.077679 0.099465 0.099465 0.099465
1850 11.077679 11.077679 11.077679 0.099465 0.099465 0.099465
1860 11.077679 11.077679 11.077679 0.099465 0.099465 0.099465
1870 11.077679 11.077679 11.077679 0.099465 0.099465 0.099465
1880 11.077679 11.077679 11.077679 0.099465 0.099465 0.099465
1890 11.077679 11.077679 11.077679 0.099465 0.099465 0.099465
1900 11.077679 11.077679 11.077679 0.099465 0.099465 0.099465
1910 11.077679 11.077679 11.077679 0.099465 0.099465 0.099465
1920 11.077679 11.077679 11.077679 0.099465 0.099465 0.099465
1930 11.077679 11.077679 11.077679 0.099465 0.099465 0.099465
1940 11.077679 11.077679 11.077679 0.099465 0.099465 0.099465
1950 11.077679 11.077679 11.077679 0.099465 0.099465 0.099465
1960 11.077679 11.077679 11.077679 0.099465 0.099465 0.099465
1970 11.077679 11.077679 11.077679 0.099465 0.099465 0.099465
1980 11.077679 11.077679 11.077679 0.099465 0.099465 0.099465
1990 11.077679 11.077679 11.077679 0.099465 0.099465 0.099465
2000 11.077679 11.077679 11.077679 0.099465 0.099465 0.099465
2010 11.077679 11.077679 11.077679 0.099465 0.099465 0.099465
2020 11.077679 11.077679 11.077679 0.099465 0.099465 0.099465
2030 11.077679 11.077679 11.077679 0.099465 0.099465 0.099465
2040 11.077679 11.077679 11.077679 0.099465 0.099465 0.099465
2050 11.077679 11.077679 11.077679 0.099465 0.099465 0.099465
2060 11.077679 11.077679 11.077679 0.099465 0.099465 0.099465
2070 11.077679 11.077679 11.077679 0.099465 0.099465 0.099465
2080 11.077679 11.077679 11.077679 0.099465 0.099465 0.099465
2090 11.077679 11.077679 11.077679 0.099465 0.099465 0.099465
2100 11.077679 11.077679 11.077679 0.099465 0.099465 0.099465
2110 11.077679 11.077679 11.077679 0.099465 0.099465 0.099465
2120 11.077679 11.077679 11.077679 0.099465 0.099465 0.099465
2130 11.077679 11.077679 11.077679 0.099465 0.099465 0.099465
2140 11.077679 11.077679 11.077679 0.099465 0.099465 0.099465
2150 11.077679 11.077679 11.077679 0.099465 0.099465 0.099465
2160 11.077679 11.077679 11.077679 0.099465 0.099465 0.099465
2170 11.077679 11.077679 11.077679 0.099465 0.099465 0.099465
2180 11.077679 11.077679 11.077679 0.099465 0.099465 0.099465
2190 11.077679 11.077679 11.077679 0.099465 0.099465 0.099465
2200 11.077679 11.077679 11.077679 0.099465 0.099465 0.099465
2210 11.077679 11.077679 11.077679 0.099465 0.099465 0.099465
2220 11.077679 11.077679 11.077679 0.099465 0.099465 0.099465
2230 11.077679 11.077679 11.077679 0.099465 0.099465 0.099465
2240 11.077679 11.077679 11.077679 0.099465 0.099465 0.099465
2250 11.077679 11.077679 11.077679 0.099465 0.099465 0.099465
2260 11.077679 11.077679 11.077679 0.099465 0.099465 0.099465
2270 11.077679 11.077679 11.077679 0.099465 0.099465 0.099465
2280 11.077679 11.077679 11.077679 0.099465 0.099465 0.099465
2290 11.077679 11.077679 11.077679 0.099465 0.099465 0.099465
2300 11.077679 11.077679 11.077679 0.099465 0.099465 0.099465
2310 11.077679 11.077679 11.077679 0.099465 0.099465 0.099465
2320 11.077679 11.077679 11.077679 0.099465 0.099465 0.099465
2330 11.077679 11.077679 11.077679 0.099465 0.099465 0.099465
2340 11.077679 11.077679 11.077679 0.099465 0.099465 0.099465
2350 11.077679 11.077679 11.077679 0.099465 0.099465 0.099465
2360 11.077679 11.077679 11.077679 0.099465 0.099465 0.099465
2370 11.077679 11.077679 11.077679 0.099465 0.099465 0.099465
2380 11.077679 11.077679 11.077679 0.099465 0.099465 0.099465
2390 11.077679 11.077679 11.077679 0.099465 0.099465 0.099465
2400 11.077679 11.077679 11.077679 0.099465 0.099465 0.099465
2410 11.077679 11.077679 11.077679 0.099465 0.099465 0.099465
2420 11.077679 11.077679 11.077679 0.099465 0.099465 0.099465
2430 11.077679 11.077679 11.077679 0.099465 0.099465 0.099465
2440 11.077679 11.077679 11.077679 0.099465 0.099465 0.099465
2450 11.077679 11.077679 11.077679 0.099465 0.099465 0.099465
2460 11.077679 11.077679 11.077679 0.099465 0.099465 0.099465
2470 11.077679 11.077679 11.077679 0.099465 0.099465 0.099465
2480 11.077679 11.077679 11.077679 0.099465 0.099465 0.099465
2490 11.077679 11.077679 11.077679 0.099465 0.099465 0.099465
2500 11.077679 11.077679 11.077679 0.099465 0.099465 0.099465
2510 11.077679 11.077679 11.077679 0.099465 0.099465 0.099465
2520 11.077679 11.077679 11.077679 0.099465 0.099465 0.099465
2530 11.077679 11.077679 11.077679 0.099465 0.099465 0.099465
2540 11.077679 11.077679 11.077679 0.099465 0.099465 0.099465
2550 11.077679 11.077679 11.077679 0.099465 0.099465 0.099465
2560 11.077679 11.077679 11.077679 0.099465 0.099465 0.099465
2570 11.077679 11.077679 11.077679 0.099465 0.099465 0.099465
2580 11.077679 11.077679 11.077679 0.099465 0.099465 0.099465
2590 11.077679 11.077679 11.077679 0.099465 0.099465 0.099465
2600 11.077679 11.077679 11.077679 0.099465 0.099465 0.099465
2610 11.077679 11.077679 11.077679 0.099465 0.099465 0.099465
2620 11.077679 11.077679 11.077679 0.099465 0.099465 0.099465
2630 11.077679 11.077679 11.077679 0.099465 0.099465 0.099465
2640 11.077679 11.077679 11.077679 0.099465 0.099465 0.099465
2650 11.077679 11.077679 11.077679 0.099465 0.099465 0.099465
2660 11.077679 11.077679 11.077679 0.099465 0.099465 0.099465
2670 11.077679 11.077679 11.077679 0.099465 0.099465 0.099465
2680 11.077679 11.077679 11.077679 0.099465 0.099465 0.099465
2690 11.077679 11.077679 11.077679 0.099465 0.099465 0.099465
2700 11.077679 11.077679 11.077679 0.099465 0.099465 0.099465
2710 11.077679 11.077679 11.077679 0.099465 0.099465 0.099465
2720 11.077679 11.077679 11.077679 0.099465 0.099465 0.099465
2730 11.077679 11.077679 11.077679 0.099465 0.099465 0.099465
2740 11.077679 11.077679 11.077679 0.099465 0.099465 0.099465
2750 11.077679 11.077679 11.077679 0.099465 0.099465 0.099465
2760 11.077679 11.077679 11.077679 0.099465 0.099465 0.099465
2770 11.077679 11.077679 11.077679 0.099465 0.099465 0.099465
2780 11.077679 11.077679 11.077679 0.099465 0.099465 0.099465
2790 11.077679 11.077679 11.077679 0.099465 0.099465 0.099465
2800 11.077679 11.077679 11.077679 0.099465 0.099465 0.099465
2810 11.077679 11.077679 11.077679 0.099465 0.099465 0.099465
2820 11.077679 11.077679 11.077679 0.099465 0.099465 0.099465
2830 11.077679 11.077679 11.077679 0.099465 0.099465 0.099465
2840 11.077679 11.077679 11.077679 0.099465 0.099465 0.099465
2850 11.077679 11.077679 11.077679 0.099465 0.099465 0.099465
2860 11.077679 11.077679 11.077679 0.099465 0.099465 0.099465
2870 11.077679 11.077679 11.077679 0.099465 0.099465 0.099465
2880 11.077679 11.077679 11.077679 0.099465 0.099465 0.099465
2890 11.077679 11.077679 11.077679 0.099465 0.099465 0.099465
2900 11.077679 11.077679 11.077679 0.099465 0.099465 0.099465
2910 11.077679 11.077679 11.077679 0.099465 0.099465 0.099465
2920 11.077679 11.077679 11.077679 0.099465 0.099465 0.099465
2930 11.077679 11.077679 11.077679 0.099465 0.099465 0.099465
2940 11.077679 11.077679 11.077679 0.099465 0.099465 0.099465
2950 11.077679 11.077679 11.077679 0.099465 0.099465 0.099465
2960 11.077679 11.077679 11.077679 0.099465 0.099465 0.099465
2970 11.077679 11.077679 11.077679 0.099465 0.099465 0.099465
2980 11.077679 11.077679 11.077679 0.099465 0.099465 0.099465
2990 11.077679 11.077679 11.077679 0.099465 0.099465 0.099465
3000 11.077679 11.077679 11.077679 0.099465 0.099465 0.099465
3010 11.077679 11.077679 11.077679 0.099465 0.099465 0.099465
3020 11.077679 11.077679 11.077679 0.099465 0.099465 0.099465
3030 11.077679 11.077679 11.077679 0.099465 0.099465 0.099465
3040 11.077679 11.077679 11.077679 0.099465 0.099465 0.099465
3050 11.077679 11.077679 11.077679 0.099465 0.099465 0.099465
3060 11.077679 11.077679 11.077679 0.099465 0.099465 0.099465
3070 11.077679 11.077679 11.077679 0.099465 0.099465 0.099465
3080 11.077679 11.077679 11.077679 0.099465 0.099465 0.099465
3090 11.077679 11.077679 11.077679 0.099465 0.099465 0.099465
3100 11.077679 11.077679 11.077679 0.099465 0.099465 0.099465
3110 11.077679 11.077679 11.077679 0.099465 0.099465 0.099465
3120 11.077679 11.077679 11.077679 0.099465 0.099465 0.099465
3130 11.077679 11.077679 11.077679 0.099465 0.099465 0.099465
3140 11.077679 11.077679 11.077679 0.099465 0.099465 0.099465
3150 11.077679 11.077679 11.077679 0.099465 0.099465 0.099465
3160 11.077679 11.077679 11.077679 0.099465 0.099465 0.099465
3170 11.077679 11.077679 11.077679 0.099465 0.099465 0.099465
3180 11.077679 11.077679 11.077679 0.099465 0.099465 0.099465
3190 11.077679 11.077679 11.077679 0.099465 0.099465 0.099465
3200 11.077679 11.077679 11.077679 0.099465 0.099465 0.099465
3210 11.077679 11.077679 11.077679 0.099465 0.099465 0.099465
3220 11.077679 11.077679 11.077679 0.099465 0.099465 0.099465
3230 11.077679 11.077679 11.077679 0.099465 0.099465 0.099465
3240 11.077679 11.077679 11.077679 0.099465 0.099465 0.099465
3250 11.077679 11.077679 11.077679 0.099465 0.099465 0.099465
3260 11.077679 11.077679 11.077679 0.099465 0.099465 0.099465
3270 11.077679 11.077679 11.077679 0.099465 0.099465 0.099465
3280 11.077679 11.077679 11.077679 0.099465 0.099465 0.099465
3290 11.077679 11.077679 11.077679 0.099465 0.099465 0.099465
3300 11.077679 11.077679 11.077679 0.099465 0.099465 0.099465
3310 11.077679 11.077679 11.077679 0.099465 0.099465 0.099465
3320 11.077679 11.077679 11.077679 0.099465 0.099465 0.099465
3330 11.077679 11.077679 11.077679 0.099465 0.099465 0.099465
3340 11.077679 11.077679 11.077679 0.099465 0.099465 0.099465
3350 11.077679 11.077679 11.077679 0.099465 0.099465 0.099465
3360 11.077679 11.077679 11.077679 0.099465 0.099465 0.099465
3370 11.077679 11.077679 11.077679 0.099465 0.099465 0.099465
3380 11.077679 11.077679 11.077679 0.099465 0.099465 0.099465
3390 11.077679 11.077679 11.077679 0.099465 0.099465 0.099465
3400 11.077679 11.077679 11.077679 0.099465 0.099465 0.099465
3410 11.077679 11.077679 11.077679 0.099465 0.099465 0.099465
3420 11.077679 11.077679 11.077679 0.099465 0.099465 0.099465
3430 11.077679 11.077679 11.077679 0.099465 0.099465 0.099465
3440 11.077679 11.077679 11.077679 0.099465 0.099465 0.099465
3450 11.077679 11.077679 11.077679 0.099465 0.099465 0.099465
3460 11.077679 11.077679 11.077679 0.099465 0.099465 0.099465
3470 11.077679 11.077679 11.077679 0.099465 0.099465 0.099465
3480 11.077679 11.077679 11.077679 0.099465 0.099465 0.099465
3490 11.077679 11.077679 11.077679 0.099465 0.099465 0.099465
3500 11.077679 11.077679 11.077679 0.099465 0.099465 0.099465
3510 11.077679 11.077679 11.077679 0.099465 0.099465 0.099465
3520 11.077679 11.077679 11.077679 0.099465 0.099465 0.099465
3530 11.077679 11.077679 11.077679 0.099465 0.099465 0.099465
3540 11.077679 11.077679 11.077679 0.099465 0.099465 0.099465
3550 11.077679 11.077679 11.077679 0.099465 0.099465 0.099465
3560 11.077679 11.077679 11.077679 0.099465 0.099465 0.099465
3570 11.077679 11.077679 11.077679 0.099465 0.099465 0.099465
3580 11.077679 11.077679 11.077679 0.099465 0.099465 0.099465
3590 11.077679 11.077679 11.077679 0.099465 0.099465 0.099465
3600 11.077679 11.077679 11.077679 0.099465 0.099465 0.099465
3610 11.077679 11.077679 11.077679 0.099465 0.099465 0.099465
3620 11.077679 11.077679 11.077679 0.099465 0.099465 0.099465
3630 11.077679 11.077679 11.077679 0.099465 0.099465 0.099465
3640 11.077679 11.077679 11.077679 0.099465 0.099465 0.099465
3650 11.077679 11.077679 11.077679 0.099465 0.099465 0.099465
3660 11.077679 11.077679 11.077679 0.099465 0.099465 0.099465
3670 11.077679 11.077679 11.077679 0.099465 0.099465 0.099465
3680 11.077679 11.077679 11.077679 0.099465 0.099465 0.099465
3690 11.077679 11.077679 11.077679 0.099465 0.099465 0.099465
3700 11.077679 11.077679 11.077679 0.099465 0.099465 0.099465
3710 11.077679 11.077679 11.077679 0.099465 0.099465 0.099465
3720 11.077679 11.077679 11.077679 0.099465 0.099465 0.099465
3730 11.077679 11.077679 11.077679 0.099465 0.099465 0.099465
3740 11.077679 11.077679 11.077679 0.099465 0.099465 0.099465
3750 11.077679 11.077679 11.077679 0.099465 0.099465 0.099465
3760 11.077679 11.077679 11.077679 0.099465 0.099465 0.099465
3770 11.077679 11.077679 11.077679 0.099465 0.099465 0.099465
3780 11.077679 11.077679 11.077679 0.099465 0.099465 0.099465
3790 11.077679 11.077679 11.077679 0.099465 0.099465 0.099465
3800 11.077679 11.077679 11.077679 0.099465 0.099465 0.099465
3810 11.077679 11.077679 11.077679 0.099465 0.099465 0.099465
3820 11.077679 11.077679 11.077679 0.099465 0.099465 0.099465
3830 11.077679 11.077679 11.077679 0.099465 0.099465 0.099465
3840 11.077679 11.077679 11.077679 0.099465 0.099465 0.099465
3850 11.077679 11.077679 11.077679 0.099465 0.099465 0.099465
3860 11.077679 11.077679 11.077679 0.099465 0.099465 0.099465
3870 11.077679 11.077679 11.077679 0.099465 0.099465 0.099465
3880 11.077679 11.077679 11.077679 0.099465 0.099465 0.099465
3890 11.077679 11.077679 11.077679 0.099465 0.099465 0.099465
3900 11.077679 11.077679 11.077679 0.099465 0.099465 0.099465
3910 11.077679 11.077679 11.077679 0.099465 0.099465 0.099465
3920 11.077679 11.077679 11.077679 0.099465 0.099465 0.099465
3930 11.077679 11.077679 11.077679 0.099465 0.099465 0.099465
3940 11.077679 11.077679 11.077679 0.099465 0.099465 0.099465
3950 11.077679 11.077679 11.077679 0.099465 0.099465 0.099465
3960 11.077679 11.077679 11.077679 0.099465 0.099465 0.099465
3970 11.077679 11.077679 11.077679 0.099465 0.099465 0.099465
3980 11.077679 11.077679 11.077679 0.099465 0.099465 0.099465
3990 11.077679 11.077679 11.077679 0.099465 0.099465 0.099465
4000 11.077679 11.077679 11.077679 0.099465 0.099465 0.099465
4010 11.077679 11.077679 11.077679 0.099465 0.099465 0.099465
4020 11.077679 11.077679 11.077679 0.099465 0.099465 0.099465
4030 11.077679 11.077679 11.077679 0.099465 0.099465 0.099465
4040 11.077679 11.077679 11.077679 0.099465 0.099465 0.099465
4050 11.077679 11.077679 11.077679 0.099465 0.099465 0.099465
4060 11.077679 11.077679 11.077679 0.099465 0.099465 0.099465
4070 11.077679 11.077679 11.077679 0.099465 0.099465 0.099465
4080 11.077679 11.077679 11.077679 0.099465 0.099465 0.099465
4090 11.077679 11.077679 11.077679 0.099465 0.099465 0.099465
4100 11.077679 11.077679 11.077679 0.099465 0.099465 0.099465
4110 11.077679 11.077679 11.077679 0.099465 0.099465 0.099465
4120 11.077679 11.077679 11.077679 0.099465 0.099465 0.099465
4130 11.077679 11.077679 11.077679 0.099465 0.099465 0.099465
4140 11.077679 11.077679 11.077679 0.099465 0.099465 0.099465
4150 11.077679 11.077679 11.077679 0.099465 0.099465 0.099465
4160 11.077679 11.077679 11.077679 0.099465 0.099465 0.099465
4170 11.077679 11.077679 11.077679 0.099465 0.099465 0.099465
4180 11.077679 11.077679 11.077679 0.099465 0.099465 0.099465
4190 11.077679 11.077679 11.077679 0.099465 0.099465 0.099465
4200 11.077679 11.077679 11.077679 0.099465 0.099465 0.099465
4210 11.077679 11.077679 11.077679 0.099465 0.099465 0.099465
4220 11.077679 11.077679 11.077679 0.099465 0.099465 0.099465
4230 11.077679 11.077679 11.077679 0.099465 0.099465 0.099465
4240 11.077679 11.077679 11.077679 0.099465 0.099465 0.099465
4250 11.077679 11.077679 11.077679 0.099465 0.099465 0.099465
4260 11.077679 11.077679 11.077679 0.099465 0.099465 0.099465
4270 11.077679 11.077679 11.077679 0.099465 0.099465 0.099465
4280 11.077679 11.077679 11.077679 0.099465 0.099465 0.099465
4290 11.077679 11.077679 11.077679 0.099465 0.099465 0.099465
4300 11.077679 11.077679 11.077679 0.099465 0.099465 0.099465
4310 11.077679 11.077679 11.077679 0.099465 0.099465 0.099465
4320 11.077679 11.077679 11.077679 0.099465 0.099465 0.099465
4330 11.077679 11.077679 11.077679 0.099465 0.099465 0.099465
4340 11.077679 11.077679 11.077679 0.099465 0.099465 0.099465
4350 11.077679 11.077679 11.077679 0.099465 0.099465 0.099465
4360 11.077679 11.077679 11.077679 0.099465 0.099465 0.099465
4370 11.077679 11.077679 11.077679 0.099465 0.099465 0.099465
4380 11.077679 11.077679 11.077679 0.099465 0.099465 0.099465
4390 11.077679 11.077679 11.077679 0.099465 0.099465 0.099465
4400 11.077679 11.077679 11.077679 0.099465 0.099465 0.099465
4410 11.077679 11.077679 11.077679 0.099465 0.099465 0.099465
4420 11.077679 11.077679 11.077679 0.099465 0.099465 0.099465
4430 11.077679 11.077679 11.077679 0.099465 0.099465 0.099465
4440 11.077679 11.077679 11.077679 0.099465 0.099465 0.099465
4450 11.077679 11.077679 11.077679 0.099465 0.099465 0.099465
4460 11.077679 11.077679 11.077679 0.099465 0.099465 0.099465
4470 11.077679 11.077679 11.077679 0.099465 0.099465 0.099465
4480 11.077679 11.077679 11.077679 0.099465 0.099465 0.099465
4490 11.077679 11.077679 11.077679 0.099465 0.099465 0.099465
4500 11.077679 11.077679 11.077679 0.099465 0.099465 0.099465
4510 11.077679 11.077679 11.077679 0.099465 0.099465 0.099465
4520 11.077679 11.077679 11.077679 0.099465 0.099465 0.099465
4530 11.077679 11.077679 11.077679 0.099465 0.099465 0.099465
4540 11.077679 11.077679 11.077679 0.099465 0.099465 0.099465
4550 11.077679 11.077679 11.077679 0.099465 0.099465 0.099465
4560 11.077679 11.077679 11.077679 0.099465 0.099465 0.099465
4570 11.077679 11.077679 11.077679 0.099465 0.099465 0.099465
4580 11.077679 11.077679 11.077679 0.099465 0.099465 0.099465
4590 11.077679 11.077679 11.077679 0.099465 0.099465 0.099465
4600 11.077679 11.077679 11.077679 0.099465 0.099465 0.099465
4610 11.077679 11.077679 11.077679 0.099465 0.099465 0.099465
4620 11.077679 11.077679 11.077679 0.099465 0.099465 0.099465
4630 11.077679 11.077679 11.077679 0.099465 0.099465 0.099465
4640 11.077679 11.077679 11.077679 0.099465 0.099465 0.099465
4650 11.077679 11.077679 11.077679 0.099465 0.099465 0.099465
4660 11.077679 11.077679 11.077679 0.099465 0.099465 0.099465
4670 11.077679 11.077679 11.077679 0.099465 0.099465 0.099465
4680 11.077679 11.077679 11.077679 0.099465 0.099465 0.099465
4690 11.077679 11.077679 11.077679 0.099465 0.099465 0.099465
4700 11.077679 11.077679 11.077679 0.099465 0.099465 0.099465
4710 11.077679 11.077679 11.077679 0.099465 0.099465 0.099465
4720 11.077679 11.077679 11.077679 0.099465 0.099465 0.099465
4730 11.077679 11.077679 11.077679 0.099465 0.099465 0.099465
4740 11.077679 11.077679 11.077679 0.099465 0.099465 0.099465
4750 11.077679 11.077679 11.077679 0.099465 0.099465 0.099465
4760 11.077679 11.077679 11.077679 0.099465 0.099465 0.099465
4770 11.077679 11.077679 11.077679 0.099465 0.099465 0.099465
4780 11.077679 11.077679 11.077679 0.099465 0.099465 0.099465
4790 11.077679 11.077679 11.077679 0.099465 0.099465 0.099465
4800 11.077679 11.077679 11.077679 0.099465 0.099465 0.099465
4810 11.077679 11.077679 11.077679 0.099465 0.099465 0.099465
4820 11.077679 11.077679 11.077679 0.099465 0.099465 0.099465
4830 11.077679 11.077679 11.077679 0.099465 0.099465 0.099465
4840 11.077679 11.077679 11.077679 0.099465 0.099465 0.099465
4850 11.077679 11.077679 11.077679 0.099465 0.099465 0.099465
4860 11.077679 11.077679 11.077679 0.099465 0.099465 0.099465
4870 11.077679 11.077679 11.077679 0.099465 0.099465 0.099465
4880 11.077679 11.077679 11.077679 0.099465 0.099465 0.099465
4890 11.077679 11.077679 11.077679 0.099465 0.099465 0.099465
4900 11.077679 11.077679 11.077679 0.099465 0.099465 0.099465
4910 11.077679 11.077679 11.077679 0.099465 0.099465 0.099465
4920 11.077679 11.077679 11.077679 0.099465 0.099465 0.099465
4930 11.077679 11.077679 11.077679 0.099465 0.099465 0.099465
4940 11.077679 11.077679 11.077679 0.099465 0.099465 0.099465
4950 11.077679 11.077679 11.077679 0.099465 0.099465 0.099465
4960 11.077679 11.077679 11.077679 0.099465 0.099465 0.099465
4970 11.077679 11.077679 11.077679 0.099465 0.099465 0.099465
4980 11.077679 11.077679 11.077679 0.099465 0.099465 0.099465
4990 11.077679 11.077679 11.077679 0.099465 0.099465 0.099465
5000 11.077679 11.077679 11.077679 0.099465 0.099465 0.099465
5010 11.077679 11.077679 11.077679 0.099465 0.099465 0.099465
5020 11.077679 11.077679 11.077679 0.099465 0.099465 0.099465
5030 11.077679 11.077679 11.077679 0.099465 0.099465 0.099465
5040 11.077679 11.077679 11.077679 0.099465 0.099465 0.099465
5050 11.077679 11.077679 11.077679 0.099465 0.099465 0.099465
5060 11.077679 11.077679 11.077679 0.099465 0.099465 0.099465
5070 11.077679 11.077679 11.077679 0.099465 0.099465 0.099465
5080 11.077679 11.077679 11.077679 0.099465 0.099465 0.099465
5090 11.077679 11.077679 11.077679 0.099465 0.099465 0.099465
5100 11.077679 11.077679 11.077679 0.099465 0.099465 0.099465
5110 11.077679 11.077679 11.077679 0.099465 0.099465 0.099465
5120 11.077679 11.077679 11.077679 0.099465 0.099465 0.099465
5130 11.077679 11.077679 11.077679 0.099465 0.099465 0.099465
5140 11.077679 11.077679 11.077679 0.099465 0.099465 0.099465
5150 11.077679 11.077679 11.077679 0.099465 0.099465 0.099465
5160 11.077679 11.077679 11.077679 0.099465 0.099465 0.099465
5170 11.077679 11.077679 11.077679 0.099465 0.099465 0.099465
5180 11.077679 11.077679 11.077679 0.099465 0.099465 0.099465
5190 11.077679 11.077679 11.077679 0.099465 0.099465 0.099465
5200 11.077679 11.077679 11.077679 0.099465 0.099465 0.099465
5210 11.077679 11.077679 11.077679 0.099465 0.099465 0.099465
5220 11.077679 11.077679 11.077679 0.099465 0.099465 0.099465
5230 11.077679 11.077679 11.077679 0.099465 0.099465 0.099465
5240 11.077679 11.077679 11.077679 0.099465 0.099465 0.099465
5250 11.077679 11.077679 11.077679 0.099465 0.099465 0.099465
5260 11.077679 11.077679 11.077679 0.099465 0.099465 0.099465
5270 11.077679 11.077679 11.077679 0.099465 0.099465 0.099465
5280 11.077679 11.077679 11.077679 0.099465 0.099465 0.099465
5290 11.077679 11.077679 11.077679 0.099465 0.099465 0.099465
5300 11.077679 11.077679 11.077679 0.099465 0.099465 0.099465
5310 11.077679 11.077679 11.077679 0.099465 0.099465 0.099465
5320 11.077679 11.077679 11.077679 0.099465 0.099465 0.099465
5330 11.077679 11.077679 11.077679 0.099465 0.099465 0.099465
5340 11.077679 11.077679 11.077679 0.099465 0.099465 0.099465
5350 11.077679 11.077679 11.077679 0.099465 0.099465 0.099465
5360 11.077679 11.077679 11.077679 0.099465 0.099465 0.099465
5370 11.077679 11.077679 11.077679 0.099465 0.099465 0.099465
5380 11.077679 11.077679 11.077679 0.099465 0.099465 0.099465
5390 11.077679 11.077679 11.077679 0.099465 0.099465 0.099465
5400 11.077679 11.077679 11.077679 0.099465 0.099465 0.099465
5410 11.077679 11.077679 11.077679 0.099465 0.099465 0.099465
5420 11.077679 11.077679 11.077679 0.099465 0.099465 0.099465
5430 11.077679 11.077679 11.077679 0.099465 0.099465 0.099465
5440 11.077679 11.077679 11.077679 0.099465 0.099465 0.099465
5450 11.077679 11.077679 11.077679 0.099465 0.099465 0.099465
5460 11.077679 11.077679 11.077679 0.099465 0.099465 0.099465
5470 11.077679 11.077679 11.077679 0.099465 0.099465 0.099465
5480 11.077679 11.077679 11.077679 0.099465 0.099465 0.099465
5490 11.077679 11.077679 11.077679 0.099465 0.099465 0.099465
5500 11.077679 11.077679 11.077679 0.099465 0.099465 0.099465
5510 11.077679 11.077679 11.077679 0.099465 0.099465 0.099465
5520 11.077679 11.077679 11.077679 0.099465 0.099465 0.099465
5530 11.077679 11.077679 11.077679 0.099465 0.099465 0.099465
5540 11.077679 11.077679 11.077679 0.099465 0.099465 0.099465
5550 11.077679 11.077679 11.077679 0.099465 0.099465 0.099465
5560 11.077679 11.077679 11.077679 0.099465 0.099465 0.099465
5570 11.077679 11.077679 11.077679 0.099465 0.099465 0.099465
5580 11.077679 11.077679 11.077679 0.099465 0.099465 0.099465
5590 11.077679 11.077679 11.077679 0.099465 0.099465 0.099465
5600 11.077679 11.077679 11.077679 0.099465 0.099465 0.099465
5610 11.077679 11.077679 11.077679 0.099465 0.099465 0.099465
5620 11.077679 11.077679 11.077679 0.099465 0.099465 0.099465
5630 11.077679 11.077679 11.077679 0.099465 0.099465 0.099465
5640 11.077679 11.077679 11.077679 0.099465 0.099465 0.099465
5650 11.077679 11.077679 11.077679 0.099465 0.099465 0.099465
5660 11.077679 11.077679 11.077679 0.099465 0.099465 0.099465
5670 11.077679 11.077679 11.077679 0.099465 0.099465 0.099465
5680 11.077679 11.077679 11.077679 0.099465 0.099465 0.099465
5690 11.077679 11.077679 11.077679 0.099465 0.099465 0.099465
5700 11.077679 11.077679 11.077679 0.099465 0.099465 0.099465
5710 11.077679 11.077679 11.077679 0.099465 0.099465 0.099465
5720 11.077679 11.077679 11.077679 0.099465 0.099465 0.099465
5730 11.077679 11.077679 11.077679 0.099465 0.099465 0.099465
5740 11.077679 11.077679 11.077679 0.099465 0.099465 0.099465
5750 11.077679 11.077679 11.077679 0.099465 0.099465 0.099465
5760 11.077679 11.077679 11.077679 0.099465 0.099465 0.099465
5770 11.077679 11.077679 11.077679 0.099465 0.099465 0.099465
5780 11.077679 11.077679 11.077679 0.099465 0.099465 0.099465
5790 11.077679 11.077679 11.077679 0.099465 0.099465 0.099465
5800 11.077679 11.077679 11.077679 0.099465 0.099465 0.099465
5810 11.077679 11.077679 11.077679 0.099465 0.099465 0.099465
5820 11.077679 11.077679 11.077679 0.099465 0.099465 0.099465
5830 11.077679 11.077679 11.077679 0.099465 0.099465 0.099465
5840 11.077679 11.077679 11.077679 0.099465 0.099465 0.099465
5850 11.077679 11.077679 11.077679 0.099465 0.099465 0.099465
5860 11.077679 11.077679 11.077679 0.099465 0.099465 0.099465
5870 11.077679 11.077679 11.077679 0.099465 0.099465 0.099465
5880 11.077679 11.077679 11.077679 0.099465 0.099465 0.099465
5890 11.077679 11.077679 11.077679 0.099465 0.099465 0.099465
5900 11.077679 11.077679 11.077679 0.099465 0.099465 0.099465
5910 11.077679 11.077679 11.077679 0.099465 0.099465 0.099465
5920 11.077679 11.077679 11.077679 0.099465 0.099465 0.099465
5930 11.077679 11.077679 11.077679 0.099465 0.099465 0.099465
5940 11.077679 11.077679 11.077679 0.099465 0.099465 0.099465
5950 11.077679 11.077679 11.077679 0.099465 0.099465 0.099465
5960 11.077679 11.077679 11.077679 0.099465 0.099465 0.099465
5970 11.077679 11.077679 11.077679 0.099465 0.099465 0.099465
5980 11.077679 11.077679 11.077679 0.099465 0.099465 0.099465
5990 11.077679 11.077679 11.077679 0.099465 0.099465 0.099465
6000 11.077679 11.077679 11.077679 0.099465 0.099465 0.099465
6010 11.077679 11.077679 11.077679 0.099465 0.099465 0.099465
6020 11.077679 11.077679 11.077679 0.099465 0.099465 0.099465
6030 11.077679 11.077679 11.077679 0.099465 0.099465 0.099465
6040 11.077679 11.077679 11.077679 0.099465 0.099465 0.099465
6050 11.077679 11.077679 11.077679 0.099465 0.099465 0.099465
6060 11.077679 11.077679 11.077679 0.099465 0.099465 0.099465
6070 11.077679 11.077679 11.077679 0.099465 0.099465 0.099465
6080 11.077679 11.077679 11.077679 0.099465 0.099465 0.099465
6090 11.077679 11.077679 11.077679 0.099465 0.099465 0.099465
6100 11.077679 11.077679 11.077679 0.099465 0.099465 0.099465
6110 11.077679 11.077679 11.077679 0.099465 0.099465 0.099465
6120 11.077679 11.077679 11.077679 0.099465 0.099465 0.099465
6130 11.077679 11.077679 11.077679 0.099465 0.099465 0.099465
6140 11.077679 11.077679 11.077679 0.099465 0.099465 0.099465
6150 11.077679 11.077679 11.077679 0.099465 0.099465 0.099465
6160 11.077679 11.077679 11.077679 0.099465 0.099465 0.099465
6170 11.077679 11.077679 11.077679 0.099465 0.099465 0.099465
6180 11.077679 11.077679 11.077679 0.099465 0.099465 0.099465
6190 11.077679 11.077679 11.077679 0.099465 0.099465 0.099465
6200 11.077679 11.077679 11.077679 0.099465 0.099465 0.099465
6210 11.077679 11.077679 11.077679 0.099465 0.099465 0.099465
6220 11.077679 11.077679 11.077679 0.099465 0.099465 0.099465
6230 11.077679 11.077679 11.077679 0.099465 0.099465 0.099465
6240 11.077679 11.077679 11.077679 0.099465 0.099465 0.099465
6250 11.077679 11.077679 11.077679 0.099465 0.099465 0.099465
6260 11.077679 11.077679 11.077679 0.099465 0.099465 0.099465
6270 11.077679 11.077679 11.077679 0.099465 0.099465 0.099465
6280 11.077679 11.077679 11.077679 0.099465 0.099465 0.099465
6290 11.077679 11.077679 11.077679 0.099465 0.099465 0.099465
6300 11.077679 11.077679 11.077679 0.099465 0.099465 0.099465
6310 11.077679 11.077679 11.077679 0.099465 0.099465 0.099465
6320 11.077679 11.077679 11.077679 0.099465 0.099465 0.099465
6330 11.077679 11.077679 11.077679 0.099465 0.099465 0.099465
6340 11.077679 11.077679 11.077679 0.099465 0.099465 0.099465
6350 11.077679 11.077679 11.077679 0.099465 0.099465 0.099465
6360 11.077679 11.077679 11.077679 0.099465 0.099465 0.099465
6370 11.077679 11.077679 11.077679 0.099465 0.099465 0.099465
6380 11.077679 11.077679 11.077679 0.099465 0.099465 0.099465
6390 11.077679 11.077679 11.077679 0.099465 0.099465 0.099465
6400 11.077679 11.077679 11.077679 0.099465 0.099465 0.099465
6410 11.077679 11.077679 11.077679 0.099465 0.099465 0.099465
6420 11.077679 11.077679 11.077679 0.099465 0.099465 0.099465
6430 11.077679 11.077679 11.077679 0.099465 0.099465 0.099465
6440 11.077679 11.077679 11.077679 0.099465 0.099465 0.099465
6450 11.077679 11.077679 11.077679 0.099465 0.099465 0.099465
6460 11.077679 11.077679 11.077679 0.099465 0.099465 0.099465
6470 11.077679 11.077679 11.077679 0.099465 0.099465 0.099465
6480 11.077679 11.077679 11.077679 0.099465 0.099465 0.099465
6490 11.077679 11.077679 11.077679 0.099465 0.099465 0.099465
6500 11.077679 11.077679 11.077679 0.099465 0.099465 0.099465
6510 11.077679 11.077679 11.077679 0.099465 0.099465 0.099465
6520 11.077679 11.077679 11.077679 0.099465 0.099465 0.099465
6530 11.077679 11.077679 11.077679 0.099465 0.099465 0.099465
6540 11.077679 11.077679 11.077679 0.099465 0.099465 0.099465
6550 11.077679 11.077679 11.077679 0.099465 0.099465 0.099465
6560 11.077679 11.077679 11.077679 0.099465 0.099465 0.099465
6570 11.077679 11.077679 11.077679 0.099465 0.099465 0.099465
6580 11.077679 11.077679 11.077679 0.099465 0.099465 0.099465
6590 11.077679 11.077679 11.077679 0.099465 0.099465 0.099465
6600 11.077679 11.077679 11.077679 0.099465 0.099465 0.099465
6610 11.077679 11.077679 11.077679 0.099465 0.099465 0.099465
6620 11.077679 11.077679 11.077679 0.099465 0.099465 0.099465
6630 11.077679 11.077679 11.077679 0.099465 0.099465 0.099465
6640 11.077679 11.077679 11.077679 0.099465 0.099465 0.099465
6650 11.077679 11.077679 11.077679 0.099465 0.099465 0.099465
6660 11.077679 11.077679 11.077679 0.099465 0.099465 0.099465
6670 11.077679 11.077679 11.077679 0.099465 0.099465 0.099465
6680 11.077679 11.077679 11.077679 0.099465 0.099465 0.099465
6690 11.077679 11.077679 11.077679 0.099465 0.099465 0.099465
6700 11.077679 11.077679 11.077679 0.099465 0.099465 0.099465
6710 11.077679 11.077679 11.077679 0.099465 0.099465 0.099465
6720 11.077679 11.077679 11.077679 0.099465 0.099465 0.099465
6730 11.077679 11.077679 11.077679 0.099465 0.099465 0.099465
6740 11.077679 11.077679 11.077679 0.099465 0.099465 0.099465
6750 11.077679 11.077679 11.077679 0.099465 0.099465 0.099465
6760 11.077679 11.077679 11.077679 0.099465 0.099465 0.099465
6770 11.077679 11.077679 11.077679 0.099465 0.099465 0.099465
6780 11.077679 11.077679 11.077679 0.099465 0.099465 0.099465
6790 11.077679 11.077679 11.077679 0.099465 0.099465 0.099465
6800 11.077679 11.077679 11.077679 0.099465 0.099465 0.099465
6810 11.077679 11.077679 11.077679 0.099465 0.099465 0.099465
6820 11.077679 11.077679 11.077679 0.099465 0.099465 0.099465
6830 11.077679 11.077679 11.077679 0.099465 0.099465 0.099465
6840 11.077679 11.077679 11.077679 0.099465 0.099465 0.099465
6850 11.077679 11.077679 11.077679 0.099465 0.099465 0.099465
6860 11.077679 11.077679 11.077679 0.099465 0.099465 0.099465
6870 11.077679 11.077679 11.077679 0.099465 0.099465 0.099465
6880 11.077679 11.077679 11.077679 0.099465 0.099465 0.099465
6890 11.077679 11.077679 11.077679 0.099465 0.099465 0.099465
6900 11.077679 11.077679 11.077679 0.099465 0.099465 0.099465
6910 11.077679 11.077679 11.077679 0.099465 0.099465 0.099465
6920 11.077679 11.077679 11.077679 0.099465 0.099465 0.099465
6930 11.077679 11.077679 11.077679 0.099465 0.099465 0.099465
6940 11.077679 11.077679 11.077679 0.099465 0.099465 0.099465
6950 11.077679 11.077679 11.077679 0.099465 0.099465 0.099465
6960 11.077679 11.077679 11.077679 0.099465 0.099465 0.099465
6970 11.077679 11.077679 11.077679 0.099465 0.099465 0.099465
6980 11.077679 11.077679 11.077679 0.099465 0.099465 0.099465
6990 11.077679 11.077679 11.077679 0.099465 0.099465 0.099465
7000 11.077679 11.077679 11.077679 0.099465 0.099465 0.099465
7010 11.077679 11.077679 11.077679 0.099465 0.099465 0.099465
7020 11.077679 11.077679 11.077679 0.099465 0.099465 0.099465
7030 11.077679 11.077679 11.077679 0.099465 0.099465 0.099465
7040 11.077679 11.077679 11.077679 0.099465 0.099465 0.099465
7050 11.077679 11.077679 11.077679 0.099465 0.099465 0.099465
7060 11.077679 11.077679 11.077679 0.099465 0.099465 0.099465
7070 11.077679 11.077679 11.077679 0.099465 0.099465 0.099465
7080 11.077679 11.077679 11.077679 0.099465 0.099465 0.099465
7090 11.077679 11.077679 11.077679 0.099465 0.099465 0.099465
7100 11.077679 11.077679 11.077679 0.099465 0.099465 0.099465
7110 11.077679 11.077679 11.077679 0.099465 0.099465 0.099465
7120 11.077679 11.077679 11.077679 0.099465 0.099465 0.099465
7130 11.077679 11.077679 11.077679 0.099465 0.099465 0.099465
7140 11.077679 11.077679 11.077679 0.099465 0.099465 0.099465
7150 11.077679 11.077679 11.077679 0.099465 0.099465 0.099465
7160 11.077679 11.077679 11.077679 0.099465 0.099465 0.099465
7170 11.077679 11.077679 11.077679 0.099465 0.099465 0.099465
7180 11.077679 11.077679 11.077679 0.099465 0.099465 0.099465
7190 11.077679 11.077679 11.077679 0.099465 0.099465 0.099465
7200 11.077679 11.077679 11.077679 0.099465 0.099465 0.099465
7210 11.077679 11.077679 11.077679 0.099465 0.099465 0.099465
7220 11.077679 11.077679 11.077679 0.099465 0.099465 0.099465
7230 11.077679 11.077679 11.077679 0.099465 0.099465 0.099465
7240 11.077679 11.077679 11.077679 0.099465 0.099465 0.099465
7250 11.077679 11.077679 11.077679 0.099465 0.099465 0.099465
7260 11.077679 11.077679 11.077679 0.099465 0.099465 0.099465
7270 11.077679 11.077679 11.077679 0.099465 0.099465 0.099465
7280 11.077679 11.077679 11.077679 0.099465 0.099465 0.099465
7290 11.077679 11.077679 11.077679 0.099465 0.099465 0.099465
7300 11.077679 11.077679 11.077679 0.099465 0.099465 0.099465
7310 11.077679 11.077679 11.077679 0.099465 0.099465 0.099465
7320 11.077679 11.077679 11.077679 0.099465 0.099465 0.099465
7330 11.077679 11.077679 11.077679 0.099465 0.099465 0.099465
7340 11.077679 11.077679 11.077679 0.099465 0.099465 0.099465
7350 11.077679 11.077679 11.077679 0.099465 0.099465 0.099465
7360 11.077679 11.077679 11.077679 0.099465 0.099465 0.099465
7370 11.077679 11.077679 11.077679 0.099465 0.099465 0.099465
7380 11.077679 11.077679 11.077679 0.099465 0.099465 0.099465
7390 11.077679 11.077679 11.077679 0.099465 0.099465 0.099465
7400 11.077679 11.077679 11.077679 0.099465 0.099465 0.099465
7410 11.077679 11.077679 11.077679 0.099465 0.099465 0.099465
7420 11.077679 11.077679 11.077679 0.099465 0.099465 0.099465
7430 11.077679 11.077679 11.077679 0.099465 0.099465 0.099465
7440 11.077679 11.077679 11.077679 0.099465 0.099465 0.099465
7450 11.077679 11.077679 11.077679 0.099465 0.099465 0.099465
7460 11.077679 11.077679 11.077679 0.099465 0.099465 0.099465
7470 11.077679 11.077679 11.077679 0.099465 0.099465 0.099465
7480 11.077679 11.077679 11.077679 0.099465 0.099465 0.099465
7490 11.077679 11.077679 11.077679 0.099465 0.099465 0.099465
7500 11.077679 11.077679 11.077679 0.099465 0.099465 0.099465
7510 11.077679 11.077679 11.077679 0.099465 0.099465 0.099465
7520 11.077679 11.077679 11.077679 0.099465 0.099465 0.099465
7530 11.077679 11.077679 11.077679 0.099465 0.099465 0.099465
7540 11.077679 11.077679 11.077679 0.099465 0.099465 0.099465
7550 11.077679 11.077679 11.077679 0.099465 0.099465 0.099465
7560 11.077679 11.077679 11.077679 0.099465 0.099465 0.099465
7570 11.077679 11.077679 11.077679 0.099465 0.099465 0.099465
7580 11.077679 11.077679 11.077679 0.099465 0.099465 0.099465
7590 11.077679 11.077679 11.077679 0.099465 0.099465 0.099465
7600 11.077679 11.077679 11.077679 0.099465 0.099465 0.099465
7610 11.077679 11.077679 11.077679 0.099465 0.099465 0.099465
7620 11.077679 11.077679 11.077679 0.099465 0.099465 0.099465
7630 11.077679 11.077679 11.077679 0.099465 0.099465 0.099465
7640 11.077679 11.077679 11.077679 0.099465 0.099465 0.099465
7650 11.077679 11.077679 11.077679 0.099465 0.099465 0.099465
7660 11.077679 11.077679 11.077679 0.099465 0.099465 0.099465
7670 11.077679 11.077679 11.077679 0.099465 0.099465 0.099465
7680 11.077679 11.077679 11.077679 0.099465 0.099465 0.099465
7690 11.077679 11.077679 11.077679 0.099465 0.099465 0.099465
7700 11.077679 11.077679 11.077679 0.099465 0.099465 0.099465
7710 11.077679 11.077679 11.077679 0.099465 0.099465 0.099465
7720 11.077679 11.077679 11.077679 0.099465 0.099465 0.099465
7730 11.077679 11.077679 11.077679 0.099465 0.099465 0.099465
7740 11.077679 11.077679 11.077679 0.099465 0.099465 0.099465
7750 11.077679 11.077679 11.077679 0.099465 0.099465 0.099465
7760 11.077679 11.077679 11.077679 0.099465 0.099465 0.099465
7770 11.077679 11.077679 11.077679 0.099465 0.099465 0.099465
7780 11.077679 11.077679 11.077679 0.099465 0.099465 0.099465
7790 11.077679 11.077679 11.077679 0.099465 0.099465 0.099465
7800 11.077679 11.077679 11.077679 0.099465 0.099465 0.099465
7810 11.077679 11.077679 11.077679 0.099465 0.099465 0.099465
7820 11.077679 11.077679 11.077679 0.099465 0.099465 0.099465
7830 11.077679 11.077679 11.077679 0.099465 0.099465 0.099465
7840 11.077679 11.077679 11.077679 0.099465 0.099465 0.099465
7850 11.077679 11.077679 11.077679 0.099465 0.099465 0.099465
7860 11.077679 11.077679 11.077679 0.099465 0.099465 0.099465
7870 11.077679 11.077679 11.077679 0.099465 0.099465 0.099465
7880 11.077679 11.077679 11.077679 0.099465 0.099465 0.099465
7890 11.077679 11.077679 11.077679 0.099465 0.099465 0.099465
7900 11.077679 11.077679 11.077679 0.099465 0.099465 0.099465
7910 11.077679 11.077679 11.077679 0.099465 0.099465 0.099465
7920 11.077679 11.077679 11.077679 0.099465 0.099465 0.099465
7930 11.077679 11.077679 11.077679 0.099465 0.099465 0.099465
7940 11.077679 11.077679 11.077679 0.099465 0.099465 0.099465
7950 11.077679 11.077679 11.077679 0.099465 0.099465 0.099465
7960 11.077679 11.077679 11.077679 0.099465 0.099465 0.099465
7970 11.077679 11.077679 11.077679 0.099465 0.099465 0.099465
7980 11.077679 11.077679 11.077679 0.099465 0.099465 0.099465
7990 11.077679 11.077679 11.077679 0.099465 0.099465 0.099465
8000 11.077679 11.077679 11.077679 0.099465 0.099465 0.099465
8010 11.077679 11.077679 11.077679 0.099465 0.099465 0.099465
8020 11.077679 11.077679 11.077679 0.099465 0.099465 0.099465
8030 11.077679 11.077679 11.077679 0.099465 0.099465 0.099465
8040 11.077679 11.077679 11.077679 0.099465 0.099465 0.099465
8050 11.077679 11.077679 11.077679 0.099465 0.099465 0.099465
8060 11.077679 11.077679 11.077679 0.099465 0.099465 0.099465
8070 11.077679 11.077679 11.077679 0.099465 0.099465 0.099465
8080 11.077679 11.077679 11.077679 0.099465 0.099465 0.099465
8090 11.077679 11.077679 11.077679 0.099465 0.099465 0.099465
8100 11.077679 11.077679 11.077679 0.099465 0.099465 0.099465
8110 11.077679 11.077679 11.077679 0.099465 0.099465 0.099465
8120 11.077679 11.077679 11.077679 0.099465 0.099465 0.099465
8130 11.077679 11.077679 11.077679 0.099465 0.099465 0.099465
8140 11.077679 11.077679 11.077679 0.099465 0.099465 0.099465
8150 11.077679 11.077679 11.077679 0.099465 0.099465 0.099465
8160 11.077679 11.077679 11.077679 0.099465 0.099465 0.099465
8170 11.077679 11.077679 11.077679 0.099465 0.099465 0.099465
8180 11.077679 11.077679 11.077679 0.099465 0.099465 0.099465
8190 11.077679 11.077679 11.077679 0.099465 0.099465 0.099465
8200 11.077679 11.077679 11.077679 0.099465 0.099465 0.099465
8210 11.077679 11.077679 11.077679 0.099465 0.099465 0.099465
8220 11.077679 11.077679 11.077679 0.099465 0.099465 0.099465
8230 11.077679 11.077679 11.077679 0.099465 0.099465 0.099465
8240 11.077679 11.077679 11.077679 0.099465 0.099465 0.099465
8250 11.077679 11.077679 11.077679 0.099465 0.099465 0.099465
8260 11.077679 11.077679 11.077679 0.099465 0.099465 0.099465
8270 11.077679 11.077679 11.077679 0.099465 0.099465 0.099465
8280 11.077679 11.077679 11.077679 0.099465 0.099465 0.099465
8290 11.077679 11.077679 11.077679 0.099465 0.099465 0.099465
8300 11.077679 11.077679 11.077679 0.099465 0.099465 0.099465
8310 11.077679 11.077679 11.077679 0.099465 0.099465 0.099465
8320 11.077679 11.077679 11.077679 0.099465 0.099465 0.099465
8330 11.077679 11.077679 11.077679 0.099465 0.099465 0.099465
8340 11.077679 11.077679 11.077679 0.099465 0.099465 0.099465
8350 11.077679 11.077679 11.077679 0.099465 0.099465 0.099465
8360 11.077679 11.077679 11.077679 0.099465 0.099465 0.099465
8370 11.077679 11.077679 11.077679 0.099465 0.099465 0.099465
8380 11.077679 11.077679 11.077679 0.099465 0.099465 0.099465
8390 11.077679 11.077679 11.077679 0.099465 0.099465 0.099465
8400 11.077679 11.077679 11.077679 0.099465 0.099465 0.099465
8410 11.077679 11.077679 11.077679 0.099465 0.099465 0.099465
8420 11.077679 11.077679 11.077679 0.099465 0.099465 0.099465
8430 11.077679 11.077679 11.077679 0.099465 0.099465 0.099465
8440 11.077679 11.077679 11.077679 0.099465 0.099465 0.099465
8450 11.077679 11.077679 11.077679 0.099465 0.099465 0.099465
8460 11.077679 11.077679 11.077679 0.099465 0.099465 0.099465
8470 11.077679 11.077679 11.077679 0.099465 0.099465 0.099465
8480 11.077679 11.077679 11.077679 0.099465 0.099465 0.099465
8490 11.077679 11.077679 11.077679 0.099465 0.099465 0.099465
8500 11.077679 11.077679 11.077679 0.099465 0.099465 0.099465
8510 11.077679 11.077679 11.077679 0.099465 0.099465 0.099465
8520 11.077679 11.077679 11.077679 0.099465 0.099465 0.099465
8530 11.077679 11.077679 11.077679 0.099465 0.099465 0.099465
8540 11.077679 11.077679 11.077679 0.099465 0.099465 0.099465
8550 11.077679 11.077679 11.077679 0.099465 0.099465 0.099465
8560 11.077679 11.077679 11.077679 0.099465 0.099465 0.099465
8570 11.077679 11.077679 11.077679 0.099465 0.099465 0.099465
8580 11.077679 11.077679 11.077679 0.099465 0.099465 0.099465
8590 11.077679 11.077679 11.077679 0.099465 0.099465 0.099465
8600 11.077679 11.077679 11.077679 0.099465 0.099465 0.099465
8610 11.077679 11.077679 11.077679 0.099465 0.099465 0.099465
8620 11.077679 11.077679 11.077679 0.099465 0.099465 0.099465
8630 11.077679 11.077679 11.077679 0.099465 0.099465 0.099465
8640 11.077679 11.077679 11.077679 0.099465 0.099465 0.099465
8650 11.077679 11.077679 11.077679 0.099465 0.099465 0.099465
8660 11.077679 11.077679 11.077679 0.099465 0.099465 0.099465
8670 11.077679 11.077679 11.077679 0.099465 0.099465 0.099465
8680 11.077679 11.077679 11.077679 0.099465 0.099465 0.099465
8690 11.077679 11.077679 11.077679 0.099465 0.099465 0.099465
8700 11.077679 11.077679 11.077679 0.099465 0.099465 0.099465
8710 11.077679 11.077679 11.077679 0.099465 0.099465 0.099465
8720 11.077679 11.077679 11.077679 0.099465 0.099465 0.099465
8730 11.077679 11.077679 11.077679 0.099465 0.099465 0.099465
8740 11.077679 11.077679 11.077679 0.099465 0.099465 0.099465
8750 11.077679 11.077679 11.077679 0.099465 0.099465 0.099465
8760 11.077679 11.077679 11.077679 0.099465 0.099465 0.099465
8770 11.077679 11.077679 11.077679 0.099465 0.099465 0.099465
8780 11.077679 11.077679 11.077679 0.099465 0.099465 0.099465
8790 11.077679 11.077679 11.077679 0.099465 0.099465 0.099465
8800 11.077679 11.077679 11.077679 0.099465 0.099465 0.099465
8810 11.077679 11.077679 11.077679 0.099465 0.099465 0.099465
8820 11.077679 11.077679 11.077679 0.099465 0.099465 0.099465
8830 11.077679 11.077679 11.077679 0.099465 0.099465 0.099465
8840 11.077679 11.077679 11.077679 0.099465 0.099465 0.099465
8850 11.077679 11.077679 11.077679 0.099465 0.099465 0.099465
8860 11.077679 11.077679 11.077679 0.099465 0.099465 0.099465
8870 11.077679 11.077679 11.077679 0.099465 0.099465 0.099465
8880 11.077679 11.077679 11.077679 0.099465 0.099465 0.099465
8890 11.077679 11.077679 11.077679 0.099465 0.099465 0.099465
8900 11.077679 11.077679 11.077679 0.099465 0.099465 0.099465
8910 11.077679 11.077679 11.077679 0.099465 0.099465 0.099465
8920 11.077679 11.077679 11.077679 0.099465 0.099465 0.099465
8930 11.077679 11.077679 11.077679 0.099465 0.099465 0.099465
8940 11.077679 11.077679 11.077679 0.099465 0.099465 0.099465
8950 11.077679 11.077679 11.077679 0.099465 0.099465 0.099465
8960 11.077679 11.077679 11.077679 0.099465 0.099465 0.099465
8970 11.077679 11.077679 11.077679 0.099465 0.099465 0.099465
8980 11.077679 11.077679 11.077679 0.099465 0.099465 0.099465
8990 11.077679 11.077679 11.077679 0.099465 0.099465 0.099465
9000 11.077679 11.077679 11.077679 0.099465 0.099465 0.099465
9010 11.077679 11.077679 11.077679 0.099465 0.099465 0.099465
9020 11.077679 11.077679 11.077679 0.099465 0.099465 0.099465
9030 11.077679 11.077679 11.077679 0.099465 0.099465 0.099465
9040 11.077679 11.077679 11.077679 0.099465 0.099465 0.099465
9050 11.077679 11.077679 11.077679 0.099465 0.099465 0.099465
9060 11.077679 11.077679 11.077679 0.099465 0.099465 0.099465
9070 11.077679 11.077679 11.077679 0.099465 0.099465 0.099465
9080 11.077679 11.077679 11.077679 0.099465 0.099465 0.099465
9090 11.077679 11.077679 11.077679 0.099465 0.099465 0.099465
9100 11.077679 11.077679 11.077679 0.099465 0.099465 0.099465
9110 11.077679 11.077679 11.077679 0.099465 0.099465 0.099465
9120 11.077679 11.077679 11.077679 0.099465 0.099465 0.099465
9130 11.077679 11.077679 11.077679 0.099465 0.099465 0.099465
9140 11.077679 11.077679 11.077679 0.099465 0.099465 0.099465
9150 11.077679 11.077679 11.077679 0.099465 0.099465 0.099465
9160 11.077679 11.077679 11.077679 0.099465 0.099465 0.099465
9170 11.077679 11.077679 11.077679 0.099465 0.099465 0.099465
9180 11.077679 11.077679 11.077679 0.099465 0.099465 0.099465
9190 11.077679 11.077679 11.077679 0.099465 0.099465 0.099465
9200 11.077679 11.077679 11.077679 0.099465 0.099465 0.099465
9210 11.077679 11.077679 11.077679 0.099465 0.099465 0.099465
9220 11.077679 11.077679 11.077679 0.099465 0.099465 0.099465
9230 11.077679 11.077679 11.077679 0.099465 0.099465 0.099465
9240 11.077679 11.077679 11.077679 0.099465 0.099465 0.099465
9250 11.077679 11.077679 11.077679 0.099465 0.099465 0.099465
9260 11.077679 11.077679 11.077679 0.099465 0.099465 0.099465
9270 11.077679 11.077679 11.077679 0.099465 0.099465 0.099465
9280 11.077679 11.077679 11.077679 0.099465 0.099465 0.099465
9290 11.077679 11.077679 11.077679 0.099465 0.099465 0.099465
9300 11.077679 11.077679 11.077679 0.099465 0.099465 0.099465
9310 11.077679 11.077679 11.077679 0.099465 0.099465 0.099465
9320 11.077679 11.077679 11.077679 0.099465 0.099465 0.099465
9330 11.077679 11.077679 11.077679 0.099465 0.099465 0.099465
9340 11.077679 11.077679 11.077679 0.099465 0.099465 0.099465
9350 11.077679 11.077679 11.077679 0.099465 0.099465 0.099465
9360 11.077679 11.077679 11.077679 0.099465 0.099465 0.099465
9370 11.077679 11.077679 11.077679 0.099465 0.099465 0.099465
9380 11.077679 11.077679 11.077679 0.099465 0.099465 0.099465
9390 11.077679 11.077679 11.077679 0.099465 0.099465 0.099465
9400 11.077679 11.077679 11.077679 0.099465 0.099465 0.099465
9410 11.077679 11.077679 11.077679 0.099465 0.099465 0.099465
9420 11.077679 11.077679 11.077679 0.099465 0.099465 0.099465
9430 11.077679 11.077679 11.077679 0.099465 0.099465 0.099465
9440 11.077679 11.077679 11.077679 0.099465 0.099465 0.099465
9450 11.077679 11.077679 11.077679 0.099465 0.099465 0.099465
9460 11.077679 11.077679 11.077679 0.099465 0.099465 0.099465
9470 11.077679 11.077679 11.077679 0.099465 0.099465 0.099465
9480 11.077679 11.077679 11.077679 0.099465 0.099465 0.099465
9490 11.077679 11.077679 11.077679 0.099465 0.099465 0.099465
9500 11.077679 11.077679 11.077679 0.099465 0.099465 0.099465
9510 11.077679 11.077679 11.077679 0.099465 0.099465 0.099465
9520 11.077679 11.077679 11.077679 0.099465 0.099465 0.099465
9530 11.077679 11.077679 11.077679 0.099465 0.099465 0.099465
9540 11.077679 11.077679 11.077679 0.099465 0.099465 0.099465
9550 11.077679 11.077679 11.077679 0.099465 0.099465 0.099465
9560 11.077679 11.077679 11.077679 0.099465 0.099465 0.099465
9570 11.077679 11.077679 11.077679 0.099465 0.099465 0.099465
9580 11.077679 11.077679 11.077679 0.099465 0.099465 0.099465
9590 11.077679 11.077679 11.077679 0.099465 0.099465 0.099465
9600 11.077679 11.077679 11.077679 0.099465 0.099465 0.099465
9610 11.077679 11.077679 11.077679 0.099465 0.099465 0.099465
9620 11.077679 11.077679 11.077679 0.099465 0.099465 0.099465
9630 11.077679 11.077679 11.077679 0.099465 0.099465 0.099465
9640 11.077679 11.077679 11.077679 0.099465 0.099465 0.099465
9650 11.077679 11.077679 11.077679 0.099465 0.099465 0.099465
9660 11.077679 11.077679 11.077679 0.099465 0.099465 0.099465
9670 11.077679 11.077679 11.077679 0.099465 0.099465 0.099465
9680 11.077679 11.077679 11.077679 0.099465 0.099465 0.099465
9690 11.077679 11.077679 11.077679 0.099465 0.099465 0.099465
9700 11.077679 11.077679 11.077679 0.099465 0.099465 0.099465
9710 11.077679 11.077679 11.077679 0.099465 0.099465 0.099465
9720 11.077679 11.077679 11.077679 0.099465 0.099465 0.099465
9730 11.077679 11.077679 11.077679 0.099465 0.099465 0.099465
9740 11.077679 11.077679 11.077679 0.099465 0.099465 0.099465
9750 11.077679 11.077679 11.077679 0.099465 0.099465 0.099465
9760 11.077679 11.077679 11.077679 0.099465 0.099465 0.099465
9770 11.077679 11.077679 11.077679 0.099465 0.099465 0.099465
9780 11.077679 11.077679 11.077679 0.099465 0.099465 0.099465
9790 11.077679 11.077679 11.077679 0.099465 0.099465 0.099465
9800 11.077679 11.077679 11.077679 0.099465 0.099465 0.099465
9810 11.077679 11.077679 11.077679 0.099465 0.099465 0.099465
9820 11.077679 11.077679 11.077679 0.099465 0.099465 0.099465
9830 11.077679 11.077679 11.077679 0.099465 0.099465 0.099465
9840 11.077679 11.077679 11.077679 0.099465 0.099465 0.099465
9850 11.077679 11.077679 11.077679 0.099465 0.099465 0.099465
9860 11.077679 11.077679 11.077679 0.099465 0.099465 0.099465
9870 11.077679 11.077679 11.077679 0.099465 0.099465 0.099465
9880 11.077679 11.077679 11.077679 0.099465 0.099465 0.099465
9890 11.077679 11.077679 11.077679 0.099465 0.099465 0.099465
9900 11.077679 11.077679 11.077679 0.099465 0.099465 0.099465
9910 11.077679 11.077679 11.077679 0.099465 0.099465 0.099465
9920 11.077679 11.077679 11.077679 0.099465 0.099465 0.099465
9930 11.077679 11.077679 11.077679 0.099465 0.099465 0.099465
9940 11.077679 11.077679 11.077679 0.099465 0.099465 0.099465
9950 11.077679 11.077679 11.077679 0.099465 0.099465 0.099465
9960 11.077679 11.077679 11.077679 0.099465 0.099465 0.099465
9970 11.077679 11.077679 11.077679 0.099465 0.099465 0.099465
9980 11.077679 11.077679 11.077679 0.099465 0.099465 0.099465
9990 11.077679 11.077679 11.077679 0.099465 0.099465 0.099465
10000 11.198361 11.198361 11.198361 0.100474 0.100474 0.100474
