# generation power_min power_avg power_max util_min util_avg util_max
1 44.416441 44.416441 44.416441 1.153344 1.469468 1.499867
10 44.359414 29.674527 44.359414 0.892041 1.439827 1.499867
20 43.826837 29.674527 43.826837 0.892041 1.408634 1.499867
30 43.826837 28.897649 43.826837 0.706518 1.366437 1.499825
40 43.521615 27.445996 43.521615 0.706518 1.328481 1.499825
50 43.064002 26.707844 43.064002 0.706518 1.283797 1.499825
60 41.143074 26.042646 41.143074 0.706518 1.233101 1.499825
70 41.143074 25.386606 41.143074 0.676726 1.175536 1.499637
80 34.340210 24.825136 34.340210 0.676726 1.125530 1.496613
90 34.298986 24.430432 34.298986 0.652210 1.068477 1.493796
100 34.298986 24.223060 34.298986 0.652210 1.013403 1.421499
110 31.359327 23.800099 31.359327 0.652210 0.983853 1.394009
120 28.661156 22.996644 28.661156 0.652210 0.956206 1.293287
130 18.771979 22.617263 27.631987 0.652210 0.925287 1.291441
140 18.771979 21.981445 25.782264 0.652210 0.917652 1.145318
150 18.556375 21.480505 25.485496 0.652210 0.902732 1.145318
160 18.003769 21.101460 24.069233 0.652210 0.897969 1.049725
170 18.003769 20.623090 23.657173 0.652210 0.894103 1.039366
180 18.003769 20.197691 22.672933 0.650990 0.889921 1.039366
190 17.297311 19.793693 21.861587 0.650990 0.894965 1.039366
200 17.297311 19.507324 21.343719 0.650990 0.895537 1.039366
210 17.297311 19.172003 20.944336 0.650990 0.899740 1.039366
220 16.966210 18.880172 20.408839 0.650990 0.897890 1.026743
230 20.063855 18.583508 20.063855 0.650990 0.894135 1.026743
240 16.181077 18.274188 19.754984 0.650990 0.897306 1.026743
250 16.181077 18.037877 19.473088 0.650990 0.900827 1.026743
260 16.181077 17.840085 19.203035 0.650990 0.900675 1.026743
270 16.181077 17.637065 18.829332 0.650990 0.897920 1.020006
280 15.668992 17.451740 18.578036 0.650990 0.896842 1.020006
290 15.668992 17.250460 18.410611 0.650990 0.903504 1.020006
300 15.668992 17.046227 18.193052 0.713915 0.917155 1.020006
310 15.302657 16.841782 17.990807 0.713915 0.918750 1.020006
320 15.302657 16.664766 17.685394 0.781341 0.924794 1.020006
330 15.302657 16.508326 17.401425 0.781341 0.927847 1.020006
340 15.154406 16.332882 17.152354 0.781341 0.926278 1.020006
350 15.154406 16.205794 17.004577 0.748799 0.923389 1.020006
360 16.877362 16.107840 16.877362 0.734417 0.925242 1.030809
370 14.883465 15.979695 16.655278 0.734417 0.919014 1.030809
380 14.866905 15.867753 16.478691 0.734417 0.917358 1.030809
390 14.607246 15.726805 16.355192 0.734417 0.915096 1.030809
400 14.343806 15.602464 16.196337 0.734417 0.913989 1.030809
410 14.343806 15.486117 16.131868 0.734417 0.906982 1.030809
420 14.343806 15.390811 16.073329 0.734417 0.901787 1.030809
430 14.343806 15.286106 15.897077 0.734417 0.903062 1.025249
440 14.343806 15.175842 15.808610 0.745487 0.900066 1.025249
450 14.343806 15.065472 15.690187 0.749438 0.904006 1.025249
460 14.247209 14.950819 15.604608 0.749438 0.899959 1.009290
470 14.247209 14.865383 15.396719 0.750073 0.903678 1.009290
480 13.922313 14.770288 15.288619 0.753620 0.904883 1.009290
490 13.922313 14.679008 15.154406 0.787742 0.900515 1.009290
500 13.922313 14.597063 15.062441 0.787742 0.896330 1.009290
510 13.922313 14.530316 14.959916 0.787742 0.893413 1.009290
520 13.922313 14.471288 14.863193 0.787742 0.894521 1.009290
530 13.857810 14.398791 14.824165 0.787742 0.893597 1.009290
540 13.790187 14.329282 14.718306 0.798270 0.887267 0.993393
550 13.779673 14.255682 14.632103 0.801603 0.885136 0.993393
560 13.779673 14.194705 14.576690 0.801603 0.878402 0.993393
570 13.779673 14.139512 14.493019 0.807419 0.877099 0.993393
580 13.606453 14.084362 14.412653 0.807419 0.873229 0.993393
590 13.574988 14.031856 14.335227 0.807419 0.872929 0.993393
600 13.574988 13.979822 14.262666 0.761352 0.871420 0.979012
610 13.218268 13.922929 14.172978 0.761352 0.871500 0.979012
620 13.218268 13.878210 14.115603 0.756411 0.867953 0.963885
630 13.218268 13.832768 14.095410 0.756411 0.871218 0.963885
640 13.218268 13.794529 14.028383 0.756411 0.875740 0.972765
650 13.218268 13.755978 14.012569 0.756411 0.882275 0.972765
660 13.218268 13.707118 13.948484 0.742725 0.882453 0.972765
670 13.218268 13.664891 13.913149 0.742725 0.887447 0.973470
680 13.152483 13.623805 13.852363 0.742725 0.889081 0.973470
690 13.152483 13.582157 13.811948 0.742725 0.892362 0.973470
700 13.152483 13.539774 13.802744 0.742725 0.891752 0.973470
710 13.152483 13.494001 13.734296 0.742725 0.887470 0.973470
720 13.137770 13.451629 13.691635 0.742725 0.884328 0.973470
730 13.038976 13.405844 13.641795 0.742725 0.879041 0.973470
740 12.965334 13.362694 13.606150 0.742725 0.875579 0.973470
750 12.957508 13.319401 13.574988 0.742725 0.871428 0.973470
760 12.844810 13.274338 13.516957 0.742725 0.864106 0.973470
770 12.840329 13.222807 13.444919 0.754011 0.869184 0.973470
780 12.840329 13.183528 13.404590 0.754011 0.866569 0.951976
790 12.801552 13.144771 13.353645 0.754011 0.874478 0.951976
800 12.801552 13.115280 13.348796 0.754011 0.877793 0.951976
810 12.779987 13.075949 13.279786 0.754011 0.881095 0.951976
820 12.717262 13.039407 13.256066 0.754011 0.884429 0.951976
830 12.710633 13.002406 13.178587 0.754011 0.888006 0.928722
840 12.710633 12.967216 13.165186 0.754011 0.894445 0.928722
850 12.706153 12.933841 13.135912 0.793955 0.901661 0.928722
860 12.657655 12.895491 13.079191 0.793955 0.905876 0.928722
870 12.657655 12.864006 13.043182 0.831081 0.908810 0.928722
880 12.657655 12.833818 13.033458 0.831081 0.912526 0.928722
890 12.657655 12.802967 12.957508 0.831081 0.915735 0.928722
900 12.657655 12.779323 12.941378 0.791452 0.915723 0.928722
910 12.657655 12.754585 12.936976 0.791452 0.912824 0.928722
920 12.657655 12.735274 12.844810 0.791452 0.914453 0.928722
930 12.653576 12.721954 12.801552 0.791452 0.913461 0.928722
940 12.653576 12.713107 12.788404 0.791452 0.917983 0.928722
950 12.647111 12.703313 12.771708 0.791452 0.917229 0.928722
960 12.647111 12.700375 12.712781 0.831339 0.917644 0.928722
970 12.647111 12.698742 12.710633 0.831339 0.915690 0.928651
980 12.647111 12.696839 12.710633 0.831339 0.912797 0.928651
990 12.647111 12.695511 12.706153 0.831339 0.912188 0.928651
1000 12.647111 12.693571 12.706153 0.831339 0.908296 0.928651
1010 12.647111 12.689298 12.706153 0.831339 0.904482 0.928651
1020 12.647111 12.685692 12.706153 0.831339 0.898995 0.928651
1030 12.647111 12.682682 12.706153 0.831339 0.894480 0.928651
1040 12.647111 12.677730 12.706153 0.831339 0.889694 0.928651
1050 12.647111 12.672117 12.706153 0.831339 0.885260 0.928651
1060 12.647111 12.666530 12.706153 0.831339 0.880166 0.928651
1070 12.647111 12.660942 12.706153 0.831339 0.875072 0.928651
1080 12.647111 12.655038 12.706153 0.831339 0.871966 0.928651
1090 12.647111 12.651697 12.657655 0.831339 0.871739 0.897588
1100 12.647111 12.650643 12.657655 0.831339 0.878364 0.897588
1110 12.647111 12.649589 12.657655 0.831339 0.884989 0.897588
1120 12.647111 12.648534 12.657655 0.831339 0.891613 0.897588
1130 12.647111 12.647521 12.653576 0.897330 0.897576 0.897588
1140 12.647111 12.647111 12.647111 0.897588 0.897588 0.897588
1150 12.647111 12.647111 12.647111 0.897588 0.897588 0.897588
1160 12.647111 12.647111 12.647111 0.897588 0.897588 0.897588
1170 12.647111 12.647111 12.647111 0.897588 0.897588 0.897588
1180 12.647111 12.647111 12.647111 0.897588 0.897588 0.897588
1190 12.647111 12.647111 12.647111 0.897588 0.897588 0.897588
1200 12.647111 12.647111 12.647111 0.897588 0.897588 0.897588
1210 12.647111 12.647111 12.647111 0.897588 0.897588 0.897588
1220 12.647111 12.647111 12.647111 0.897588 0.897588 0.897588
1230 12.647111 12.647111 12.647111 0.897588 0.897588 0.897588
1240 12.647111 12.647111 12.647111 0.897588 0.897588 0.897588
1250 12.647111 12.647111 12.647111 0.897588 0.897588 0.897588
1260 12.647111 12.647111 12.647111 0.897588 0.897588 0.897588
1270 12.647111 12.647111 12.647111 0.897588 0.897588 0.897588
1280 12.647111 12.647111 12.647111 0.897588 0.897588 0.897588
1290 12.647111 12.647111 12.647111 0.897588 0.897588 0.897588
1300 12.647111 12.647111 12.647111 0.897588 0.897588 0.897588
1310 12.647111 12.647111 12.647111 0.897588 0.897588 0.897588
1320 12.647111 12.647111 12.647111 0.897588 0.897588 0.897588
1330 12.647111 12.647111 12.647111 0.897588 0.897588 0.897588
1340 12.647111 12.647111 12.647111 0.897588 0.897588 0.897588
1350 12.647111 12.647111 12.647111 0.897588 0.897588 0.897588
1360 12.647111 12.647111 12.647111 0.897588 0.897588 0.897588
1370 12.647111 12.647111 12.647111 0.897588 0.897588 0.897588
1380 12.647111 12.647111 12.647111 0.897588 0.897588 0.897588
1390 12.647111 12.647111 12.647111 0.897588 0.897588 0.897588
1400 12.647111 12.647111 12.647111 0.897588 0.897588 0.897588
1410 12.647111 12.647111 12.647111 0.897588 0.897588 0.897588
1420 12.647111 12.647111 12.647111 0.897588 0.897588 0.897588
1430 12.647111 12.647111 12.647111 0.897588 0.897588 0.897588
1440 12.647111 12.647111 12.647111 0.897588 0.897588 0.897588
1450 12.647111 12.647111 12.647111 0.897588 0.897588 0.897588
1460 12.647111 12.647111 12.647111 0.897588 0.897588 0.897588
1470 12.647111 12.647111 12.647111 0.897588 0.897588 0.897588
1480 12.647111 12.647111 12.647111 0.897588 0.897588 0.897588
1490 12.647111 12.647111 12.647111 0.897588 0.897588 0.897588
1500 12.647111 12.647111 12.647111 0.897588 0.897588 0.897588
1510 12.647111 12.647111 12.647111 0.897588 0.897588 0.897588
1520 12.647111 12.647111 12.647111 0.897588 0.897588 0.897588
1530 12.647111 12.647111 12.647111 0.897588 0.897588 0.897588
1540 12.647111 12.647111 12.647111 0.897588 0.897588 0.897588
1550 12.647111 12.647111 12.647111 0.897588 0.897588 0.897588
1560 12.647111 12.647111 12.647111 0.897588 0.897588 0.897588
1570 12.647111 12.647111 12.647111 0.897588 0.897588 0.897588
1580 12.647111 12.647111 12.647111 0.897588 0.897588 0.897588
1590 12.647111 12.647111 12.647111 0.897588 0.897588 0.897588
1600 12.647111 12.647111 12.647111 0.897588 0.897588 0.897588
1610 12.647111 12.647111 12.647111 0.897588 0.897588 0.897588
1620 12.647111 12.647111 12.647111 0.897588 0.897588 0.897588
1630 12.647111 12.647111 12.647111 0.897588 0.897588 0.897588
1640 12.647111 12.647111 12.647111 0.897588 0.897588 0.897588
1650 12.647111 12.647111 12.647111 0.897588 0.897588 0.897588
1660 12.647111 12.647111 12.647111 0.897588 0.897588 0.897588
1670 12.647111 12.647111 12.647111 0.897588 0.897588 0.897588
1680 12.647111 12.647111 12.647111 0.897588 0.897588 0.897588
1690 12.647111 12.647111 12.647111 0.897588 0.897588 0.897588
1700 12.647111 12.647111 12.647111 0.897588 0.897588 0.897588
1710 12.647111 12.647111 12.647111 0.897588 0.897588 0.897588
1720 12.647111 12.647111 12.647111 0.897588 0.897588 0.897588
1730 12.647111 12.647111 12.647111 0.897588 0.897588 0.897588
1740 12.647111 12.647111 12.647111 0.897588 0.897588 0.897588
1750 12.647111 12.647111 12.647111 0.897588 0.897588 0.897588
1760 12.647111 12.647111 12.647111 0.897588 0.897588 0.897588
1770 12.647111 12.647111 12.647111 0.897588 0.897588 0.897588
1780 12.647111 12.647111 12.647111 0.897588 0.897588 0.897588
1790 12.647111 12.647111 12.647111 0.897588 0.897588 0.897588
1800 12.647111 12.647111 12.647111 0.897588 0.897588 0.897588
1810 12.647111 12.647111 12.647111 0.897588 0.897588 0.897588
1820 12.647111 12.647111 12.647111 0.897588 0.897588 0.897588
1830 12.647111 12.647111 12.647111 0.897588 0.897588 0.897588
1840 12.647111 12.647111 12.647111 0.897588 0.897588 0.897588
1850 12.647111 12.647111 12.647111 0.897588 0.897588 0.897588
1860 12.647111 12.647111 12.647111 0.897588 0.897588 0.897588
1870 12.647111 12.647111 12.647111 0.897588 0.897588 0.897588
1880 12.647111 12.647111 12.647111 0.897588 0.897588 0.897588
1890 12.647111 12.647111 12.647111 0.897588 0.897588 0.897588
1900 12.647111 12.647111 12.647111 0.897588 0.897588 0.897588
1910 12.647111 12.647111 12.647111 0.897588 0.897588 0.897588
1920 12.647111 12.647111 12.647111 0.897588 0.897588 0.897588
1930 12.647111 12.647111 12.647111 0.897588 0.897588 0.897588
1940 12.647111 12.647111 12.647111 0.897588 0.897588 0.897588
1950 12.647111 12.647111 12.647111 0.897588 0.897588 0.897588
1960 12.647111 12.647111 12.647111 0.897588 0.897588 0.897588
1970 12.647111 12.647111 12.647111 0.897588 0.897588 0.897588
1980 12.647111 12.647111 12.647111 0.897588 0.897588 0.897588
1990 12.647111 12.647111 12.647111 0.897588 0.897588 0.897588
2000 12.647111 12.647111 12.647111 0.897588 0.897588 0.897588
2010 12.647111 12.647111 12.647111 0.897588 0.897588 0.897588
2020 12.647111 12.647111 12.647111 0.897588 0.897588 0.897588
2030 12.647111 12.647111 12.647111 0.897588 0.897588 0.897588
2040 12.647111 12.647111 12.647111 0.897588 0.897588 0.897588
2050 12.647111 12.647111 12.647111 0.897588 0.897588 0.897588
2060 12.647111 12.647111 12.647111 0.897588 0.897588 0.897588
2070 12.647111 12.647111 12.647111 0.897588 0.897588 0.897588
2080 12.647111 12.647111 12.647111 0.897588 0.897588 0.897588
2090 12.647111 12.647111 12.647111 0.897588 0.897588 0.897588
2100 12.647111 12.647111 12.647111 0.897588 0.897588 0.897588
2110 12.647111 12.647111 12.647111 0.897588 0.897588 0.897588
2120 12.647111 12.647111 12.647111 0.897588 0.897588 0.897588
2130 12.647111 12.647111 12.647111 0.897588 0.897588 0.897588
2140 12.647111 12.647111 12.647111 0.897588 0.897588 0.897588
2150 12.647111 12.647111 12.647111 0.897588 0.897588 0.897588
2160 12.647111 12.647111 12.647111 0.897588 0.897588 0.897588
2170 12.647111 12.647111 12.647111 0.897588 0.897588 0.897588
2180 12.647111 12.647111 12.647111 0.897588 0.897588 0.897588
2190 12.647111 12.647111 12.647111 0.897588 0.897588 0.897588
2200 12.647111 12.647111 12.647111 0.897588 0.897588 0.897588
2210 12.647111 12.647111 12.647111 0.897588 0.897588 0.897588
2220 12.647111 12.647111 12.647111 0.897588 0.897588 0.897588
2230 12.647111 12.647111 12.647111 0.897588 0.897588 0.897588
2240 12.647111 12.647111 12.647111 0.897588 0.897588 0.897588
2250 12.647111 12.647111 12.647111 0.897588 0.897588 0.897588
2260 12.647111 12.647111 12.647111 0.897588 0.897588 0.897588
2270 12.647111 12.647111 12.647111 0.897588 0.897588 0.897588
2280 12.647111 12.647111 12.647111 0.897588 0.897588 0.897588
2290 12.647111 12.647111 12.647111 0.897588 0.897588 0.897588
2300 12.647111 12.647111 12.647111 0.897588 0.897588 0.897588
2310 12.647111 12.647111 12.647111 0.897588 0.897588 0.897588
2320 12.647111 12.647111 12.647111 0.897588 0.897588 0.897588
2330 12.647111 12.647111 12.647111 0.897588 0.897588 0.897588
2340 12.647111 12.647111 12.647111 0.897588 0.897588 0.897588
2350 12.647111 12.647111 12.647111 0.897588 0.897588 0.897588
2360 12.647111 12.647111 12.647111 0.897588 0.897588 0.897588
2370 12.647111 12.647111 12.647111 0.897588 0.897588 0.897588
2380 12.647111 12.647111 12.647111 0.897588 0.897588 0.897588
2390 12.647111 12.647111 12.647111 0.897588 0.897588 0.897588
2400 12.647111 12.647111 12.647111 0.897588 0.897588 0.897588
2410 12.647111 12.647111 12.647111 0.897588 0.897588 0.897588
2420 12.647111 12.647111 12.647111 0.897588 0.897588 0.897588
2430 12.647111 12.647111 12.647111 0.897588 0.897588 0.897588
2440 12.647111 12.647111 12.647111 0.897588 0.897588 0.897588
2450 12.647111 12.647111 12.647111 0.897588 0.897588 0.897588
2460 12.647111 12.647111 12.647111 0.897588 0.897588 0.897588
2470 12.647111 12.647111 12.647111 0.897588 0.897588 0.897588
2480 12.647111 12.647111 12.647111 0.897588 0.897588 0.897588
2490 12.647111 12.647111 12.647111 0.897588 0.897588 0.897588
2500 12.647111 12.647111 12.647111 0.897588 0.897588 0.897588
2510 12.647111 12.647111 12.647111 0.897588 0.897588 0.897588
2520 12.647111 12.647111 12.647111 0.897588 0.897588 0.897588
2530 12.647111 12.647111 12.647111 0.897588 0.897588 0.897588
2540 12.647111 12.647111 12.647111 0.897588 0.897588 0.897588
2550 12.647111 12.647111 12.647111 0.897588 0.897588 0.897588
2560 12.647111 12.647111 12.647111 0.897588 0.897588 0.897588
2570 12.647111 12.647111 12.647111 0.897588 0.897588 0.897588
2580 12.647111 12.647111 12.647111 0.897588 0.897588 0.897588
2590 12.647111 12.647111 12.647111 0.897588 0.897588 0.897588
2600 12.647111 12.647111 12.647111 0.897588 0.897588 0.897588
2610 12.647111 12.647111 12.647111 0.897588 0.897588 0.897588
2620 12.647111 12.647111 12.647111 0.897588 0.897588 0.897588
2630 12.647111 12.647111 12.647111 0.897588 0.897588 0.897588
2640 12.647111 12.647111 12.647111 0.897588 0.897588 0.897588
2650 12.647111 12.647111 12.647111 0.897588 0.897588 0.897588
2660 12.647111 12.647111 12.647111 0.897588 0.897588 0.897588
2670 12.647111 12.647111 12.647111 0.897588 0.897588 0.897588
2680 12.647111 12.647111 12.647111 0.897588 0.897588 0.897588
2690 12.647111 12.647111 12.647111 0.897588 0.897588 0.897588
2700 12.647111 12.647111 12.647111 0.897588 0.897588 0.897588
2710 12.647111 12.647111 12.647111 0.897588 0.897588 0.897588
2720 12.647111 12.647111 12.647111 0.897588 0.897588 0.897588
2730 12.647111 12.647111 12.647111 0.897588 0.897588 0.897588
2740 12.647111 12.647111 12.647111 0.897588 0.897588 0.897588
2750 12.647111 12.647111 12.647111 0.897588 0.897588 0.897588
2760 12.647111 12.647111 12.647111 0.897588 0.897588 0.897588
2770 12.647111 12.647111 12.647111 0.897588 0.897588 0.897588
2780 12.647111 12.647111 12.647111 0.897588 0.897588 0.897588
2790 12.647111 12.647111 12.647111 0.897588 0.897588 0.897588
2800 12.647111 12.647111 12.647111 0.897588 0.897588 0.897588
2810 12.647111 12.647111 12.647111 0.897588 0.897588 0.897588
2820 12.647111 12.647111 12.647111 0.897588 0.897588 0.897588
2830 12.647111 12.647111 12.647111 0.897588 0.897588 0.897588
2840 12.647111 12.647111 12.647111 0.897588 0.897588 0.897588
2850 12.647111 12.647111 12.647111 0.897588 0.897588 0.897588
2860 12.647111 12.647111 12.647111 0.897588 0.897588 0.897588
2870 12.647111 12.647111 12.647111 0.897588 0.897588 0.897588
2880 12.647111 12.647111 12.647111 0.897588 0.897588 0.897588
2890 12.647111 12.647111 12.647111 0.897588 0.897588 0.897588
2900 12.647111 12.647111 12.647111 0.897588 0.897588 0.897588
2910 12.647111 12.647111 12.647111 0.897588 0.897588 0.897588
2920 12.647111 12.647111 12.647111 0.897588 0.897588 0.897588
2930 12.647111 12.647111 12.647111 0.897588 0.897588 0.897588
2940 12.647111 12.647111 12.647111 0.897588 0.897588 0.897588
2950 12.647111 12.647111 12.647111 0.897588 0.897588 0.897588
2960 12.647111 12.647111 12.647111 0.897588 0.897588 0.897588
2970 12.647111 12.647111 12.647111 0.897588 0.897588 0.897588
2980 12.647111 12.647111 12.647111 0.897588 0.897588 0.897588
2990 12.647111 12.647111 12.647111 0.897588 0.897588 0.897588
3000 12.647111 12.647111 12.647111 0.897588 0.897588 0.897588
3010 12.647111 12.647111 12.647111 0.897588 0.897588 0.897588
3020 12.647111 12.647111 12.647111 0.897588 0.897588 0.897588
3030 12.647111 12.647111 12.647111 0.897588 0.897588 0.897588
3040 12.647111 12.647111 12.647111 0.897588 0.897588 0.897588
3050 12.647111 12.647111 12.647111 0.897588 0.897588 0.897588
3060 12.647111 12.647111 12.647111 0.897588 0.897588 0.897588
3070 12.647111 12.647111 12.647111 0.897588 0.897588 0.897588
3080 12.647111 12.647111 12.647111 0.897588 0.897588 0.897588
3090 12.647111 12.647111 12.647111 0.897588 0.897588 0.897588
3100 12.647111 12.647111 12.647111 0.897588 0.897588 0.897588
3110 12.647111 12.647111 12.647111 0.897588 0.897588 0.897588
3120 12.647111 12.647111 12.647111 0.897588 0.897588 0.897588
3130 12.647111 12.647111 12.647111 0.897588 0.897588 0.897588
3140 12.647111 12.647111 12.647111 0.897588 0.897588 0.897588
3150 12.647111 12.647111 12.647111 0.897588 0.897588 0.897588
3160 12.647111 12.647111 12.647111 0.897588 0.897588 0.897588
3170 12.647111 12.647111 12.647111 0.897588 0.897588 0.897588
3180 12.647111 12.647111 12.647111 0.897588 0.897588 0.897588
3190 12.647111 12.647111 12.647111 0.897588 0.897588 0.897588
3200 12.647111 12.647111 12.647111 0.897588 0.897588 0.897588
3210 12.647111 12.647111 12.647111 0.897588 0.897588 0.897588
3220 12.647111 12.647111 12.647111 0.897588 0.897588 0.897588
3230 12.647111 12.647111 12.647111 0.897588 0.897588 0.897588
3240 12.647111 12.647111 12.647111 0.897588 0.897588 0.897588
3250 12.647111 12.647111 12.647111 0.897588 0.897588 0.897588
3260 12.647111 12.647111 12.647111 0.897588 0.897588 0.897588
3270 12.647111 12.647111 12.647111 0.897588 0.897588 0.897588
3280 12.647111 12.647111 12.647111 0.897588 0.897588 0.897588
3290 12.647111 12.647111 12.647111 0.897588 0.897588 0.897588
3300 12.647111 12.647111 12.647111 0.897588 0.897588 0.897588
3310 12.647111 12.647111 12.647111 0.897588 0.897588 0.897588
3320 12.647111 12.647111 12.647111 0.897588 0.897588 0.897588
3330 12.647111 12.647111 12.647111 0.897588 0.897588 0.897588
3340 12.647111 12.647111 12.647111 0.897588 0.897588 0.897588
3350 12.647111 12.647111 12.647111 0.897588 0.897588 0.897588
3360 12.647111 12.647111 12.647111 0.897588 0.897588 0.897588
3370 12.647111 12.647111 12.647111 0.897588 0.897588 0.897588
3380 12.647111 12.647111 12.647111 0.897588 0.897588 0.897588
3390 12.647111 12.647111 12.647111 0.897588 0.897588 0.897588
3400 12.647111 12.647111 12.647111 0.897588 0.897588 0.897588
3410 12.647111 12.647111 12.647111 0.897588 0.897588 0.897588
3420 12.647111 12.647111 12.647111 0.897588 0.897588 0.897588
3430 12.647111 12.647111 12.647111 0.897588 0.897588 0.897588
3440 12.647111 12.647111 12.647111 0.897588 0.897588 0.897588
3450 12.647111 12.647111 12.647111 0.897588 0.897588 0.897588
3460 12.647111 12.647111 12.647111 0.897588 0.897588 0.897588
3470 12.647111 12.647111 12.647111 0.897588 0.897588 0.897588
3480 12.647111 12.647111 12.647111 0.897588 0.897588 0.897588
3490 12.647111 12.647111 12.647111 0.897588 0.897588 0.897588
3500 12.647111 12.647111 12.647111 0.897588 0.897588 0.897588
3510 12.647111 12.647111 12.647111 0.897588 0.897588 0.897588
3520 12.647111 12.647111 12.647111 0.897588 0.897588 0.897588
3530 12.647111 12.647111 12.647111 0.897588 0.897588 0.897588
3540 12.647111 12.647111 12.647111 0.897588 0.897588 0.897588
3550 12.647111 12.647111 12.647111 0.897588 0.897588 0.897588
3560 12.647111 12.647111 12.647111 0.897588 0.897588 0.897588
3570 12.647111 12.647111 12.647111 0.897588 0.897588 0.897588
3580 12.647111 12.647111 12.647111 0.897588 0.897588 0.897588
3590 12.647111 12.647111 12.647111 0.897588 0.897588 0.897588
3600 12.647111 12.647111 12.647111 0.897588 0.897588 0.897588
3610 12.647111 12.647111 12.647111 0.897588 0.897588 0.897588
3620 12.647111 12.647111 12.647111 0.897588 0.897588 0.897588
3630 12.647111 12.647111 12.647111 0.897588 0.897588 0.897588
3640 12.647111 12.647111 12.647111 0.897588 0.897588 0.897588
3650 12.647111 12.647111 12.647111 0.897588 0.897588 0.897588
3660 12.647111 12.647111 12.647111 0.897588 0.897588 0.897588
3670 12.647111 12.647111 12.647111 0.897588 0.897588 0.897588
3680 12.647111 12.647111 12.647111 0.897588 0.897588 0.897588
3690 12.647111 12.647111 12.647111 0.897588 0.897588 0.897588
3700 12.647111 12.647111 12.647111 0.897588 0.897588 0.897588
3710 12.647111 12.647111 12.647111 0.897588 0.897588 0.897588
3720 12.647111 12.647111 12.647111 0.897588 0.897588 0.897588
3730 12.647111 12.647111 12.647111 0.897588 0.897588 0.897588
3740 12.647111 12.647111 12.647111 0.897588 0.897588 0.897588
3750 12.647111 12.647111 12.647111 0.897588 0.897588 0.897588
3760 12.647111 12.647111 12.647111 0.897588 0.897588 0.897588
3770 12.647111 12.647111 12.647111 0.897588 0.897588 0.897588
3780 12.647111 12.647111 12.647111 0.897588 0.897588 0.897588
3790 12.647111 12.647111 12.647111 0.897588 0.897588 0.897588
3800 12.647111 12.647111 12.647111 0.897588 0.897588 0.897588
3810 12.647111 12.647111 12.647111 0.897588 0.897588 0.897588
3820 12.647111 12.647111 12.647111 0.897588 0.897588 0.897588
3830 12.647111 12.647111 12.647111 0.897588 0.897588 0.897588
3840 12.647111 12.647111 12.647111 0.897588 0.897588 0.897588
3850 12.647111 12.647111 12.647111 0.897588 0.897588 0.897588
3860 12.647111 12.647111 12.647111 0.897588 0.897588 0.897588
3870 12.647111 12.647111 12.647111 0.897588 0.897588 0.897588
3880 12.647111 12.647111 12.647111 0.897588 0.897588 0.897588
3890 12.647111 12.647111 12.647111 0.897588 0.897588 0.897588
3900 12.647111 12.647111 12.647111 0.897588 0.897588 0.897588
3910 12.647111 12.647111 12.647111 0.897588 0.897588 0.897588
3920 12.647111 12.647111 12.647111 0.897588 0.897588 0.897588
3930 12.647111 12.647111 12.647111 0.897588 0.897588 0.897588
3940 12.647111 12.647111 12.647111 0.897588 0.897588 0.897588
3950 12.647111 12.647111 12.647111 0.897588 0.897588 0.897588
3960 12.647111 12.647111 12.647111 0.897588 0.897588 0.897588
3970 12.647111 12.647111 12.647111 0.897588 0.897588 0.897588
3980 12.647111 12.647111 12.647111 0.897588 0.897588 0.897588
3990 12.647111 12.647111 12.647111 0.897588 0.897588 0.897588
4000 12.647111 12.647111 12.647111 0.897588 0.897588 0.897588
4010 12.647111 12.647111 12.647111 0.897588 0.897588 0.897588
4020 12.647111 12.647111 12.647111 0.897588 0.897588 0.897588
4030 12.647111 12.647111 12.647111 0.897588 0.897588 0.897588
4040 12.647111 12.647111 12.647111 0.897588 0.897588 0.897588
4050 12.647111 12.647111 12.647111 0.897588 0.897588 0.897588
4060 12.647111 12.647111 12.647111 0.897588 0.897588 0.897588
4070 12.647111 12.647111 12.647111 0.897588 0.897588 0.897588
4080 12.647111 12.647111 12.647111 0.897588 0.897588 0.897588
4090 12.647111 12.647111 12.647111 0.897588 0.897588 0.897588
4100 12.647111 12.647111 12.647111 0.897588 0.897588 0.897588
4110 12.647111 12.647111 12.647111 0.897588 0.897588 0.897588
4120 12.647111 12.647111 12.647111 0.897588 0.897588 0.897588
4130 12.647111 12.647111 12.647111 0.897588 0.897588 0.897588
4140 12.647111 12.647111 12.647111 0.897588 0.897588 0.897588
4150 12.647111 12.647111 12.647111 0.897588 0.897588 0.897588
4160 12.647111 12.647111 12.647111 0.897588 0.897588 0.897588
4170 12.647111 12.647111 12.647111 0.897588 0.897588 0.897588
4180 12.647111 12.647111 12.647111 0.897588 0.897588 0.897588
4190 12.647111 12.647111 12.647111 0.897588 0.897588 0.897588
4200 12.647111 12.647111 12.647111 0.897588 0.897588 0.897588
4210 12.647111 12.647111 12.647111 0.897588 0.897588 0.897588
4220 12.647111 12.647111 12.647111 0.897588 0.897588 0.897588
4230 12.647111 12.647111 12.647111 0.897588 0.897588 0.897588
4240 12.647111 12.647111 12.647111 0.897588 0.897588 0.897588
4250 12.647111 12.647111 12.647111 0.897588 0.897588 0.897588
4260 12.647111 12.647111 12.647111 0.897588 0.897588 0.897588
4270 12.647111 12.647111 12.647111 0.897588 0.897588 0.897588
4280 12.647111 12.647111 12.647111 0.897588 0.897588 0.897588
4290 12.647111 12.647111 12.647111 0.897588 0.897588 0.897588
4300 12.647111 12.647111 12.647111 0.897588 0.897588 0.897588
4310 12.647111 12.647111 12.647111 0.897588 0.897588 0.897588
4320 12.647111 12.647111 12.647111 0.897588 0.897588 0.897588
4330 12.647111 12.647111 12.647111 0.897588 0.897588 0.897588
4340 12.647111 12.647111 12.647111 0.897588 0.897588 0.897588
4350 12.647111 12.647111 12.647111 0.897588 0.897588 0.897588
4360 12.647111 12.647111 12.647111 0.897588 0.897588 0.897588
4370 12.647111 12.647111 12.647111 0.897588 0.897588 0.897588
4380 12.647111 12.647111 12.647111 0.897588 0.897588 0.897588
4390 12.647111 12.647111 12.647111 0.897588 0.897588 0.897588
4400 12.647111 12.647111 12.647111 0.897588 0.897588 0.897588
4410 12.647111 12.647111 12.647111 0.897588 0.897588 0.897588
4420 12.647111 12.647111 12.647111 0.897588 0.897588 0.897588
4430 12.647111 12.647111 12.647111 0.897588 0.897588 0.897588
4440 12.647111 12.647111 12.647111 0.897588 0.897588 0.897588
4450 12.647111 12.647111 12.647111 0.897588 0.897588 0.897588
4460 12.647111 12.647111 12.647111 0.897588 0.897588 0.897588
4470 12.647111 12.647111 12.647111 0.897588 0.897588 0.897588
4480 12.647111 12.647111 12.647111 0.897588 0.897588 0.897588
4490 12.647111 12.647111 12.647111 0.897588 0.897588 0.897588
4500 12.647111 12.647111 12.647111 0.897588 0.897588 0.897588
4510 12.647111 12.647111 12.647111 0.897588 0.897588 0.897588
4520 12.647111 12.647111 12.647111 0.897588 0.897588 0.897588
4530 12.647111 12.647111 12.647111 0.897588 0.897588 0.897588
4540 12.647111 12.647111 12.647111 0.897588 0.897588 0.897588
4550 12.647111 12.647111 12.647111 0.897588 0.897588 0.897588
4560 12.647111 12.647111 12.647111 0.897588 0.897588 0.897588
4570 12.647111 12.647111 12.647111 0.897588 0.897588 0.897588
4580 12.647111 12.647111 12.647111 0.897588 0.897588 0.897588
4590 12.647111 12.647111 12.647111 0.897588 0.897588 0.897588
4600 12.647111 12.647111 12.647111 0.897588 0.897588 0.897588
4610 12.647111 12.647111 12.647111 0.897588 0.897588 0.897588
4620 12.647111 12.647111 12.647111 0.897588 0.897588 0.897588
4630 12.647111 12.647111 12.647111 0.897588 0.897588 0.897588
4640 12.647111 12.647111 12.647111 0.897588 0.897588 0.897588
4650 12.647111 12.647111 12.647111 0.897588 0.897588 0.897588
4660 12.647111 12.647111 12.647111 0.897588 0.897588 0.897588
4670 12.647111 12.647111 12.647111 0.897588 0.897588 0.897588
4680 12.647111 12.647111 12.647111 0.897588 0.897588 0.897588
4690 12.647111 12.647111 12.647111 0.897588 0.897588 0.897588
4700 12.647111 12.647111 12.647111 0.897588 0.897588 0.897588
4710 12.647111 12.647111 12.647111 0.897588 0.897588 0.897588
4720 12.647111 12.647111 12.647111 0.897588 0.897588 0.897588
4730 12.647111 12.647111 12.647111 0.897588 0.897588 0.897588
4740 12.647111 12.647111 12.647111 0.897588 0.897588 0.897588
4750 12.647111 12.647111 12.647111 0.897588 0.897588 0.897588
4760 12.647111 12.647111 12.647111 0.897588 0.897588 0.897588
4770 12.647111 12.647111 12.647111 0.897588 0.897588 0.897588
4780 12.647111 12.647111 12.647111 0.897588 0.897588 0.897588
4790 12.647111 12.647111 12.647111 0.897588 0.897588 0.897588
4800 12.647111 12.647111 12.647111 0.897588 0.897588 0.897588
4810 12.647111 12.647111 12.647111 0.897588 0.897588 0.897588
4820 12.647111 12.647111 12.647111 0.897588 0.897588 0.897588
4830 12.647111 12.647111 12.647111 0.897588 0.897588 0.897588
4840 12.647111 12.647111 12.647111 0.897588 0.897588 0.897588
4850 12.647111 12.647111 12.647111 0.897588 0.897588 0.897588
4860 12.647111 12.647111 12.647111 0.897588 0.897588 0.897588
4870 12.647111 12.647111 12.647111 0.897588 0.897588 0.897588
4880 12.647111 12.647111 12.647111 0.897588 0.897588 0.897588
4890 12.647111 12.647111 12.647111 0.897588 0.897588 0.897588
4900 12.647111 12.647111 12.647111 0.897588 0.897588 0.897588
4910 12.647111 12.647111 12.647111 0.897588 0.897588 0.897588
4920 12.647111 12.647111 12.647111 0.897588 0.897588 0.897588
4930 12.647111 12.647111 12.647111 0.897588 0.897588 0.897588
4940 12.647111 12.647111 12.647111 0.897588 0.897588 0.897588
4950 12.647111 12.647111 12.647111 0.897588 0.897588 0.897588
4960 12.647111 12.647111 12.647111 0.897588 0.897588 0.897588
4970 12.647111 12.647111 12.647111 0.897588 0.897588 0.897588
4980 12.647111 12.647111 12.647111 0.897588 0.897588 0.897588
4990 12.647111 12.647111 12.647111 0.897588 0.897588 0.897588
5000 12.647111 12.647111 12.647111 0.897588 0.897588 0.897588
5010 12.647111 12.647111 12.647111 0.897588 0.897588 0.897588
5020 12.647111 12.647111 12.647111 0.897588 0.897588 0.897588
5030 12.647111 12.647111 12.647111 0.897588 0.897588 0.897588
5040 12.647111 12.647111 12.647111 0.897588 0.897588 0.897588
5050 12.647111 12.647111 12.647111 0.897588 0.897588 0.897588
5060 12.647111 12.647111 12.647111 0.897588 0.897588 0.897588
5070 12.647111 12.647111 12.647111 0.897588 0.897588 0.897588
5080 12.647111 12.647111 12.647111 0.897588 0.897588 0.897588
5090 12.647111 12.647111 12.647111 0.897588 0.897588 0.897588
5100 12.647111 12.647111 12.647111 0.897588 0.897588 0.897588
5110 12.647111 12.647111 12.647111 0.897588 0.897588 0.897588
5120 12.647111 12.647111 12.647111 0.897588 0.897588 0.897588
5130 12.647111 12.647111 12.647111 0.897588 0.897588 0.897588
5140 12.647111 12.647111 12.647111 0.897588 0.897588 0.897588
5150 12.647111 12.647111 12.647111 0.897588 0.897588 0.897588
5160 12.647111 12.647111 12.647111 0.897588 0.897588 0.897588
5170 12.647111 12.647111 12.647111 0.897588 0.897588 0.897588
5180 12.647111 12.647111 12.647111 0.897588 0.897588 0.897588
5190 12.647111 12.647111 12.647111 0.897588 0.897588 0.897588
5200 12.647111 12.647111 12.647111 0.897588 0.897588 0.897588
5210 12.647111 12.647111 12.647111 0.897588 0.897588 0.897588
5220 12.647111 12.647111 12.647111 0.897588 0.897588 0.897588
5230 12.647111 12.647111 12.647111 0.897588 0.897588 0.897588
5240 12.647111 12.647111 12.647111 0.897588 0.897588 0.897588
5250 12.647111 12.647111 12.647111 0.897588 0.897588 0.897588
5260 12.647111 12.647111 12.647111 0.897588 0.897588 0.897588
5270 12.647111 12.647111 12.647111 0.897588 0.897588 0.897588
5280 12.647111 12.647111 12.647111 0.897588 0.897588 0.897588
5290 12.647111 12.647111 12.647111 0.897588 0.897588 0.897588
5300 12.647111 12.647111 12.647111 0.897588 0.897588 0.897588
5310 12.647111 12.647111 12.647111 0.897588 0.897588 0.897588
5320 12.647111 12.647111 12.647111 0.897588 0.897588 0.897588
5330 12.647111 12.647111 12.647111 0.897588 0.897588 0.897588
5340 12.647111 12.647111 12.647111 0.897588 0.897588 0.897588
5350 12.647111 12.647111 12.647111 0.897588 0.897588 0.897588
5360 12.647111 12.647111 12.647111 0.897588 0.897588 0.897588
5370 12.647111 12.647111 12.647111 0.897588 0.897588 0.897588
5380 12.647111 12.647111 12.647111 0.897588 0.897588 0.897588
5390 12.647111 12.647111 12.647111 0.897588 0.897588 0.897588
5400 12.647111 12.647111 12.647111 0.897588 0.897588 0.897588
5410 12.647111 12.647111 12.647111 0.897588 0.897588 0.897588
5420 12.647111 12.647111 12.647111 0.897588 0.897588 0.897588
5430 12.647111 12.647111 12.647111 0.897588 0.897588 0.897588
5440 12.647111 12.647111 12.647111 0.897588 0.897588 0.897588
5450 12.647111 12.647111 12.647111 0.897588 0.897588 0.897588
5460 12.647111 12.647111 12.647111 0.897588 0.897588 0.897588
5470 12.647111 12.647111 12.647111 0.897588 0.897588 0.897588
5480 12.647111 12.647111 12.647111 0.897588 0.897588 0.897588
5490 12.647111 12.647111 12.647111 0.897588 0.897588 0.897588
5500 12.647111 12.647111 12.647111 0.897588 0.897588 0.897588
5510 12.647111 12.647111 12.647111 0.897588 0.897588 0.897588
5520 12.647111 12.647111 12.647111 0.897588 0.897588 0.897588
5530 12.647111 12.647111 12.647111 0.897588 0.897588 0.897588
5540 12.647111 12.647111 12.647111 0.897588 0.897588 0.897588
5550 12.647111 12.647111 12.647111 0.897588 0.897588 0.897588
5560 12.647111 12.647111 12.647111 0.897588 0.897588 0.897588
5570 12.647111 12.647111 12.647111 0.897588 0.897588 0.897588
5580 12.647111 12.647111 12.647111 0.897588 0.897588 0.897588
5590 12.647111 12.647111 12.647111 0.897588 0.897588 0.897588
5600 12.647111 12.647111 12.647111 0.897588 0.897588 0.897588
5610 12.647111 12.647111 12.647111 0.897588 0.897588 0.897588
5620 12.647111 12.647111 12.647111 0.897588 0.897588 0.897588
5630 12.647111 12.647111 12.647111 0.897588 0.897588 0.897588
5640 12.647111 12.647111 12.647111 0.897588 0.897588 0.897588
5650 12.647111 12.647111 12.647111 0.897588 0.897588 0.897588
5660 12.647111 12.647111 12.647111 0.897588 0.897588 0.897588
5670 12.647111 12.647111 12.647111 0.897588 0.897588 0.897588
5680 12.647111 12.647111 12.647111 0.897588 0.897588 0.897588
5690 12.647111 12.647111 12.647111 0.897588 0.897588 0.897588
5700 12.647111 12.647111 12.647111 0.897588 0.897588 0.897588
5710 12.647111 12.647111 12.647111 0.897588 0.897588 0.897588
5720 12.647111 12.647111 12.647111 0.897588 0.897588 0.897588
5730 12.647111 12.647111 12.647111 0.897588 0.897588 0.897588
5740 12.647111 12.647111 12.647111 0.897588 0.897588 0.897588
5750 12.647111 12.647111 12.647111 0.897588 0.897588 0.897588
5760 12.647111 12.647111 12.647111 0.897588 0.897588 0.897588
5770 12.647111 12.647111 12.647111 0.897588 0.897588 0.897588
5780 12.647111 12.647111 12.647111 0.897588 0.897588 0.897588
5790 12.647111 12.647111 12.647111 0.897588 0.897588 0.897588
5800 12.647111 12.647111 12.647111 0.897588 0.897588 0.897588
5810 12.647111 12.647111 12.647111 0.897588 0.897588 0.897588
5820 12.647111 12.647111 12.647111 0.897588 0.897588 0.897588
5830 12.647111 12.647111 12.647111 0.897588 0.897588 0.897588
5840 12.647111 12.647111 12.647111 0.897588 0.897588 0.897588
5850 12.647111 12.647111 12.647111 0.897588 0.897588 0.897588
5860 12.647111 12.647111 12.647111 0.897588 0.897588 0.897588
5870 12.647111 12.647111 12.647111 0.897588 0.897588 0.897588
5880 12.647111 12.647111 12.647111 0.897588 0.897588 0.897588
5890 12.647111 12.647111 12.647111 0.897588 0.897588 0.897588
5900 12.647111 12.647111 12.647111 0.897588 0.897588 0.897588
5910 12.647111 12.647111 12.647111 0.897588 0.897588 0.897588
5920 12.647111 12.647111 12.647111 0.897588 0.897588 0.897588
5930 12.647111 12.647111 12.647111 0.897588 0.897588 0.897588
5940 12.647111 12.647111 12.647111 0.897588 0.897588 0.897588
5950 12.647111 12.647111 12.647111 0.897588 0.897588 0.897588
5960 12.647111 12.647111 12.647111 0.897588 0.897588 0.897588
5970 12.647111 12.647111 12.647111 0.897588 0.897588 0.897588
5980 12.647111 12.647111 12.647111 0.897588 0.897588 0.897588
5990 12.647111 12.647111 12.647111 0.897588 0.897588 0.897588
6000 12.647111 12.647111 12.647111 0.897588 0.897588 0.897588
6010 12.647111 12.647111 12.647111 0.897588 0.897588 0.897588
6020 12.647111 12.647111 12.647111 0.897588 0.897588 0.897588
6030 12.647111 12.647111 12.647111 0.897588 0.897588 0.897588
6040 12.647111 12.647111 12.647111 0.897588 0.897588 0.897588
6050 12.647111 12.647111 12.647111 0.897588 0.897588 0.897588
6060 12.647111 12.647111 12.647111 0.897588 0.897588 0.897588
6070 12.647111 12.647111 12.647111 0.897588 0.897588 0.897588
6080 12.647111 12.647111 12.647111 0.897588 0.897588 0.897588
6090 12.647111 12.647111 12.647111 0.897588 0.897588 0.897588
6100 12.647111 12.647111 12.647111 0.897588 0.897588 0.897588
6110 12.647111 12.647111 12.647111 0.897588 0.897588 0.897588
6120 12.647111 12.647111 12.647111 0.897588 0.897588 0.897588
6130 12.647111 12.647111 12.647111 0.897588 0.897588 0.897588
6140 12.647111 12.647111 12.647111 0.897588 0.897588 0.897588
6150 12.647111 12.647111 12.647111 0.897588 0.897588 0.897588
6160 12.647111 12.647111 12.647111 0.897588 0.897588 0.897588
6170 12.647111 12.647111 12.647111 0.897588 0.897588 0.897588
6180 12.647111 12.647111 12.647111 0.897588 0.897588 0.897588
6190 12.647111 12.647111 12.647111 0.897588 0.897588 0.897588
6200 12.647111 12.647111 12.647111 0.897588 0.897588 0.897588
6210 12.647111 12.647111 12.647111 0.897588 0.897588 0.897588
6220 12.647111 12.647111 12.647111 0.897588 0.897588 0.897588
6230 12.647111 12.647111 12.647111 0.897588 0.897588 0.897588
6240 12.647111 12.647111 12.647111 0.897588 0.897588 0.897588
6250 12.647111 12.647111 12.647111 0.897588 0.897588 0.897588
6260 12.647111 12.647111 12.647111 0.897588 0.897588 0.897588
6270 12.647111 12.647111 12.647111 0.897588 0.897588 0.897588
6280 12.647111 12.647111 12.647111 0.897588 0.897588 0.897588
6290 12.647111 12.647111 12.647111 0.897588 0.897588 0.897588
6300 12.647111 12.647111 12.647111 0.897588 0.897588 0.897588
6310 12.647111 12.647111 12.647111 0.897588 0.897588 0.897588
6320 12.647111 12.647111 12.647111 0.897588 0.897588 0.897588
6330 12.647111 12.647111 12.647111 0.897588 0.897588 0.897588
6340 12.647111 12.647111 12.647111 0.897588 0.897588 0.897588
6350 12.647111 12.647111 12.647111 0.897588 0.897588 0.897588
6360 12.647111 12.647111 12.647111 0.897588 0.897588 0.897588
6370 12.647111 12.647111 12.647111 0.897588 0.897588 0.897588
6380 12.647111 12.647111 12.647111 0.897588 0.897588 0.897588
6390 12.647111 12.647111 12.647111 0.897588 0.897588 0.897588
6400 12.647111 12.647111 12.647111 0.897588 0.897588 0.897588
6410 12.647111 12.647111 12.647111 0.897588 0.897588 0.897588
6420 12.647111 12.647111 12.647111 0.897588 0.897588 0.897588
6430 12.647111 12.647111 12.647111 0.897588 0.897588 0.897588
6440 12.647111 12.647111 12.647111 0.897588 0.897588 0.897588
6450 12.647111 12.647111 12.647111 0.897588 0.897588 0.897588
6460 12.647111 12.647111 12.647111 0.897588 0.897588 0.897588
6470 12.647111 12.647111 12.647111 0.897588 0.897588 0.897588
6480 12.647111 12.647111 12.647111 0.897588 0.897588 0.897588
6490 12.647111 12.647111 12.647111 0.897588 0.897588 0.897588
6500 12.647111 12.647111 12.647111 0.897588 0.897588 0.897588
6510 12.647111 12.647111 12.647111 0.897588 0.897588 0.897588
6520 12.647111 12.647111 12.647111 0.897588 0.897588 0.897588
6530 12.647111 12.647111 12.647111 0.897588 0.897588 0.897588
6540 12.647111 12.647111 12.647111 0.897588 0.897588 0.897588
6550 12.647111 12.647111 12.647111 0.897588 0.897588 0.897588
6560 12.647111 12.647111 12.647111 0.897588 0.897588 0.897588
6570 12.647111 12.647111 12.647111 0.897588 0.897588 0.897588
6580 12.647111 12.647111 12.647111 0.897588 0.897588 0.897588
6590 12.647111 12.647111 12.647111 0.897588 0.897588 0.897588
6600 12.647111 12.647111 12.647111 0.897588 0.897588 0.897588
6610 12.647111 12.647111 12.647111 0.897588 0.897588 0.897588
6620 12.647111 12.647111 12.647111 0.897588 0.897588 0.897588
6630 12.647111 12.647111 12.647111 0.897588 0.897588 0.897588
6640 12.647111 12.647111 12.647111 0.897588 0.897588 0.897588
6650 12.647111 12.647111 12.647111 0.897588 0.897588 0.897588
6660 12.647111 12.647111 12.647111 0.897588 0.897588 0.897588
6670 12.647111 12.647111 12.647111 0.897588 0.897588 0.897588
6680 12.647111 12.647111 12.647111 0.897588 0.897588 0.897588
6690 12.647111 12.647111 12.647111 0.897588 0.897588 0.897588
6700 12.647111 12.647111 12.647111 0.897588 0.897588 0.897588
6710 12.647111 12.647111 12.647111 0.897588 0.897588 0.897588
6720 12.647111 12.647111 12.647111 0.897588 0.897588 0.897588
6730 12.647111 12.647111 12.647111 0.897588 0.897588 0.897588
6740 12.647111 12.647111 12.647111 0.897588 0.897588 0.897588
6750 12.647111 12.647111 12.647111 0.897588 0.897588 0.897588
6760 12.647111 12.647111 12.647111 0.897588 0.897588 0.897588
6770 12.647111 12.647111 12.647111 0.897588 0.897588 0.897588
6780 12.647111 12.647111 12.647111 0.897588 0.897588 0.897588
6790 12.647111 12.647111 12.647111 0.897588 0.897588 0.897588
6800 12.647111 12.647111 12.647111 0.897588 0.897588 0.897588
6810 12.647111 12.647111 12.647111 0.897588 0.897588 0.897588
6820 12.647111 12.647111 12.647111 0.897588 0.897588 0.897588
6830 12.647111 12.647111 12.647111 0.897588 0.897588 0.897588
6840 12.647111 12.647111 12.647111 0.897588 0.897588 0.897588
6850 12.647111 12.647111 12.647111 0.897588 0.897588 0.897588
6860 12.647111 12.647111 12.647111 0.897588 0.897588 0.897588
6870 12.647111 12.647111 12.647111 0.897588 0.897588 0.897588
6880 12.647111 12.647111 12.647111 0.897588 0.897588 0.897588
6890 12.647111 12.647111 12.647111 0.897588 0.897588 0.897588
6900 12.647111 12.647111 12.647111 0.897588 0.897588 0.897588
6910 12.647111 12.647111 12.647111 0.897588 0.897588 0.897588
6920 12.647111 12.647111 12.647111 0.897588 0.897588 0.897588
6930 12.647111 12.647111 12.647111 0.897588 0.897588 0.897588
6940 12.647111 12.647111 12.647111 0.897588 0.897588 0.897588
6950 12.647111 12.647111 12.647111 0.897588 0.897588 0.897588
6960 12.647111 12.647111 12.647111 0.897588 0.897588 0.897588
6970 12.647111 12.647111 12.647111 0.897588 0.897588 0.897588
6980 12.647111 12.647111 12.647111 0.897588 0.897588 0.897588
6990 12.647111 12.647111 12.647111 0.897588 0.897588 0.897588
7000 12.647111 12.647111 12.647111 0.897588 0.897588 0.897588
7010 12.647111 12.647111 12.647111 0.897588 0.897588 0.897588
7020 12.647111 12.647111 12.647111 0.897588 0.897588 0.897588
7030 12.647111 12.647111 12.647111 0.897588 0.897588 0.897588
7040 12.647111 12.647111 12.647111 0.897588 0.897588 0.897588
7050 12.647111 12.647111 12.647111 0.897588 0.897588 0.897588
7060 12.647111 12.647111 12.647111 0.897588 0.897588 0.897588
7070 12.647111 12.647111 12.647111 0.897588 0.897588 0.897588
7080 12.647111 12.647111 12.647111 0.897588 0.897588 0.897588
7090 12.647111 12.647111 12.647111 0.897588 0.897588 0.897588
7100 12.647111 12.647111 12.647111 0.897588 0.897588 0.897588
7110 12.647111 12.647111 12.647111 0.897588 0.897588 0.897588
7120 12.647111 12.647111 12.647111 0.897588 0.897588 0.897588
7130 12.647111 12.647111 12.647111 0.897588 0.897588 0.897588
7140 12.647111 12.647111 12.647111 0.897588 0.897588 0.897588
7150 12.647111 12.647111 12.647111 0.897588 0.897588 0.897588
7160 12.647111 12.647111 12.647111 0.897588 0.897588 0.897588
7170 12.647111 12.647111 12.647111 0.897588 0.897588 0.897588
7180 12.647111 12.647111 12.647111 0.897588 0.897588 0.897588
7190 12.647111 12.647111 12.647111 0.897588 0.897588 0.897588
7200 12.647111 12.647111 12.647111 0.897588 0.897588 0.897588
7210 12.647111 12.647111 12.647111 0.897588 0.897588 0.897588
7220 12.647111 12.647111 12.647111 0.897588 0.897588 0.897588
7230 12.647111 12.647111 12.647111 0.897588 0.897588 0.897588
7240 12.647111 12.647111 12.647111 0.897588 0.897588 0.897588
7250 12.647111 12.647111 12.647111 0.897588 0.897588 0.897588
7260 12.647111 12.647111 12.647111 0.897588 0.897588 0.897588
7270 12.647111 12.647111 12.647111 0.897588 0.897588 0.897588
7280 12.647111 12.647111 12.647111 0.897588 0.897588 0.897588
7290 12.647111 12.647111 12.647111 0.897588 0.897588 0.897588
7300 12.647111 12.647111 12.647111 0.897588 0.897588 0.897588
7310 12.647111 12.647111 12.647111 0.897588 0.897588 0.897588
7320 12.647111 12.647111 12.647111 0.897588 0.897588 0.897588
7330 12.647111 12.647111 12.647111 0.897588 0.897588 0.897588
7340 12.647111 12.647111 12.647111 0.897588 0.897588 0.897588
7350 12.647111 12.647111 12.647111 0.897588 0.897588 0.897588
7360 12.647111 12.647111 12.647111 0.897588 0.897588 0.897588
7370 12.647111 12.647111 12.647111 0.897588 0.897588 0.897588
7380 12.647111 12.647111 12.647111 0.897588 0.897588 0.897588
7390 12.647111 12.647111 12.647111 0.897588 0.897588 0.897588
7400 12.647111 12.647111 12.647111 0.897588 0.897588 0.897588
7410 12.647111 12.647111 12.647111 0.897588 0.897588 0.897588
7420 12.647111 12.647111 12.647111 0.897588 0.897588 0.897588
7430 12.647111 12.647111 12.647111 0.897588 0.897588 0.897588
7440 12.647111 12.647111 12.647111 0.897588 0.897588 0.897588
7450 12.647111 12.647111 12.647111 0.897588 0.897588 0.897588
7460 12.647111 12.647111 12.647111 0.897588 0.897588 0.897588
7470 12.647111 12.647111 12.647111 0.897588 0.897588 0.897588
7480 12.647111 12.647111 12.647111 0.897588 0.897588 0.897588
7490 12.647111 12.647111 12.647111 0.897588 0.897588 0.897588
7500 12.647111 12.647111 12.647111 0.897588 0.897588 0.897588
7510 12.647111 12.647111 12.647111 0.897588 0.897588 0.897588
7520 12.647111 12.647111 12.647111 0.897588 0.897588 0.897588
7530 12.647111 12.647111 12.647111 0.897588 0.897588 0.897588
7540 12.647111 12.647111 12.647111 0.897588 0.897588 0.897588
7550 12.647111 12.647111 12.647111 0.897588 0.897588 0.897588
7560 12.647111 12.647111 12.647111 0.897588 0.897588 0.897588
7570 12.647111 12.647111 12.647111 0.897588 0.897588 0.897588
7580 12.647111 12.647111 12.647111 0.897588 0.897588 0.897588
7590 12.647111 12.647111 12.647111 0.897588 0.897588 0.897588
7600 12.647111 12.647111 12.647111 0.897588 0.897588 0.897588
7610 12.647111 12.647111 12.647111 0.897588 0.897588 0.897588
7620 12.647111 12.647111 12.647111 0.897588 0.897588 0.897588
7630 12.647111 12.647111 12.647111 0.897588 0.897588 0.897588
7640 12.647111 12.647111 12.647111 0.897588 0.897588 0.897588
7650 12.647111 12.647111 12.647111 0.897588 0.897588 0.897588
7660 12.647111 12.647111 12.647111 0.897588 0.897588 0.897588
7670 12.647111 12.647111 12.647111 0.897588 0.897588 0.897588
7680 12.647111 12.647111 12.647111 0.897588 0.897588 0.897588
7690 12.647111 12.647111 12.647111 0.897588 0.897588 0.897588
7700 12.647111 12.647111 12.647111 0.897588 0.897588 0.897588
7710 12.647111 12.647111 12.647111 0.897588 0.897588 0.897588
7720 12.647111 12.647111 12.647111 0.897588 0.897588 0.897588
7730 12.647111 12.647111 12.647111 0.897588 0.897588 0.897588
7740 12.647111 12.647111 12.647111 0.897588 0.897588 0.897588
7750 12.647111 12.647111 12.647111 0.897588 0.897588 0.897588
7760 12.647111 12.647111 12.647111 0.897588 0.897588 0.897588
7770 12.647111 12.647111 12.647111 0.897588 0.897588 0.897588
7780 12.647111 12.647111 12.647111 0.897588 0.897588 0.897588
7790 12.647111 12.647111 12.647111 0.897588 0.897588 0.897588
7800 12.647111 12.647111 12.647111 0.897588 0.897588 0.897588
7810 12.647111 12.647111 12.647111 0.897588 0.897588 0.897588
7820 12.647111 12.647111 12.647111 0.897588 0.897588 0.897588
7830 12.647111 12.647111 12.647111 0.897588 0.897588 0.897588
7840 12.647111 12.647111 12.647111 0.897588 0.897588 0.897588
7850 12.647111 12.647111 12.647111 0.897588 0.897588 0.897588
7860 12.647111 12.647111 12.647111 0.897588 0.897588 0.897588
7870 12.647111 12.647111 12.647111 0.897588 0.897588 0.897588
7880 12.647111 12.647111 12.647111 0.897588 0.897588 0.897588
7890 12.647111 12.647111 12.647111 0.897588 0.897588 0.897588
7900 12.647111 12.647111 12.647111 0.897588 0.897588 0.897588
7910 12.647111 12.647111 12.647111 0.897588 0.897588 0.897588
7920 12.647111 12.647111 12.647111 0.897588 0.897588 0.897588
7930 12.647111 12.647111 12.647111 0.897588 0.897588 0.897588
7940 12.647111 12.647111 12.647111 0.897588 0.897588 0.897588
7950 12.647111 12.647111 12.647111 0.897588 0.897588 0.897588
7960 12.647111 12.647111 12.647111 0.897588 0.897588 0.897588
7970 12.647111 12.647111 12.647111 0.897588 0.897588 0.897588
7980 12.647111 12.647111 12.647111 0.897588 0.897588 0.897588
7990 12.647111 12.647111 12.647111 0.897588 0.897588 0.897588
8000 12.647111 12.647111 12.647111 0.897588 0.897588 0.897588
8010 12.647111 12.647111 12.647111 0.897588 0.897588 0.897588
8020 12.647111 12.647111 12.647111 0.897588 0.897588 0.897588
8030 12.647111 12.647111 12.647111 0.897588 0.897588 0.897588
8040 12.647111 12.647111 12.647111 0.897588 0.897588 0.897588
8050 12.647111 12.647111 12.647111 0.897588 0.897588 0.897588
8060 12.647111 12.647111 12.647111 0.897588 0.897588 0.897588
8070 12.647111 12.647111 12.647111 0.897588 0.897588 0.897588
8080 12.647111 12.647111 12.647111 0.897588 0.897588 0.897588
8090 12.647111 12.647111 12.647111 0.897588 0.897588 0.897588
8100 12.647111 12.647111 12.647111 0.897588 0.897588 0.897588
8110 12.647111 12.647111 12.647111 0.897588 0.897588 0.897588
8120 12.647111 12.647111 12.647111 0.897588 0.897588 0.897588
8130 12.647111 12.647111 12.647111 0.897588 0.897588 0.897588
8140 12.647111 12.647111 12.647111 0.897588 0.897588 0.897588
8150 12.647111 12.647111 12.647111 0.897588 0.897588 0.897588
8160 12.647111 12.647111 12.647111 0.897588 0.897588 0.897588
8170 12.647111 12.647111 12.647111 0.897588 0.897588 0.897588
8180 12.647111 12.647111 12.647111 0.897588 0.897588 0.897588
8190 12.647111 12.647111 12.647111 0.897588 0.897588 0.897588
8200 12.647111 12.647111 12.647111 0.897588 0.897588 0.897588
8210 12.647111 12.647111 12.647111 0.897588 0.897588 0.897588
8220 12.647111 12.647111 12.647111 0.897588 0.897588 0.897588
8230 12.647111 12.647111 12.647111 0.897588 0.897588 0.897588
8240 12.647111 12.647111 12.647111 0.897588 0.897588 0.897588
8250 12.647111 12.647111 12.647111 0.897588 0.897588 0.897588
8260 12.647111 12.647111 12.647111 0.897588 0.897588 0.897588
8270 12.647111 12.647111 12.647111 0.897588 0.897588 0.897588
8280 12.647111 12.647111 12.647111 0.897588 0.897588 0.897588
8290 12.647111 12.647111 12.647111 0.897588 0.897588 0.897588
8300 12.647111 12.647111 12.647111 0.897588 0.897588 0.897588
8310 12.647111 12.647111 12.647111 0.897588 0.897588 0.897588
8320 12.647111 12.647111 12.647111 0.897588 0.897588 0.897588
8330 12.647111 12.647111 12.647111 0.897588 0.897588 0.897588
8340 12.647111 12.647111 12.647111 0.897588 0.897588 0.897588
8350 12.647111 12.647111 12.647111 0.897588 0.897588 0.897588
8360 12.647111 12.647111 12.647111 0.897588 0.897588 0.897588
8370 12.647111 12.647111 12.647111 0.897588 0.897588 0.897588
8380 12.647111 12.647111 12.647111 0.897588 0.897588 0.897588
8390 12.647111 12.647111 12.647111 0.897588 0.897588 0.897588
8400 12.647111 12.647111 12.647111 0.897588 0.897588 0.897588
8410 12.647111 12.647111 12.647111 0.897588 0.897588 0.897588
8420 12.647111 12.647111 12.647111 0.897588 0.897588 0.897588
8430 12.647111 12.647111 12.647111 0.897588 0.897588 0.897588
8440 12.647111 12.647111 12.647111 0.897588 0.897588 0.897588
8450 12.647111 12.647111 12.647111 0.897588 0.897588 0.897588
8460 12.647111 12.647111 12.647111 0.897588 0.897588 0.897588
8470 12.647111 12.647111 12.647111 0.897588 0.897588 0.897588
8480 12.647111 12.647111 12.647111 0.897588 0.897588 0.897588
8490 12.647111 12.647111 12.647111 0.897588 0.897588 0.897588
8500 12.647111 12.647111 12.647111 0.897588 0.897588 0.897588
8510 12.647111 12.647111 12.647111 0.897588 0.897588 0.897588
8520 12.647111 12.647111 12.647111 0.897588 0.897588 0.897588
8530 12.647111 12.647111 12.647111 0.897588 0.897588 0.897588
8540 12.647111 12.647111 12.647111 0.897588 0.897588 0.897588
8550 12.647111 12.647111 12.647111 0.897588 0.897588 0.897588
8560 12.647111 12.647111 12.647111 0.897588 0.897588 0.897588
8570 12.647111 12.647111 12.647111 0.897588 0.897588 0.897588
8580 12.647111 12.647111 12.647111 0.897588 0.897588 0.897588
8590 12.647111 12.647111 12.647111 0.897588 0.897588 0.897588
8600 12.647111 12.647111 12.647111 0.897588 0.897588 0.897588
8610 12.647111 12.647111 12.647111 0.897588 0.897588 0.897588
8620 12.647111 12.647111 12.647111 0.897588 0.897588 0.897588
8630 12.647111 12.647111 12.647111 0.897588 0.897588 0.897588
8640 12.647111 12.647111 12.647111 0.897588 0.897588 0.897588
8650 12.647111 12.647111 12.647111 0.897588 0.897588 0.897588
8660 12.647111 12.647111 12.647111 0.897588 0.897588 0.897588
8670 12.647111 12.647111 12.647111 0.897588 0.897588 0.897588
8680 12.647111 12.647111 12.647111 0.897588 0.897588 0.897588
8690 12.647111 12.647111 12.647111 0.897588 0.897588 0.897588
8700 12.647111 12.647111 12.647111 0.897588 0.897588 0.897588
8710 12.647111 12.647111 12.647111 0.897588 0.897588 0.897588
8720 12.647111 12.647111 12.647111 0.897588 0.897588 0.897588
8730 12.647111 12.647111 12.647111 0.897588 0.897588 0.897588
8740 12.647111 12.647111 12.647111 0.897588 0.897588 0.897588
8750 12.647111 12.647111 12.647111 0.897588 0.897588 0.897588
8760 12.647111 12.647111 12.647111 0.897588 0.897588 0.897588
8770 12.647111 12.647111 12.647111 0.897588 0.897588 0.897588
8780 12.647111 12.647111 12.647111 0.897588 0.897588 0.897588
8790 12.647111 12.647111 12.647111 0.897588 0.897588 0.897588
8800 12.647111 12.647111 12.647111 0.897588 0.897588 0.897588
8810 12.647111 12.647111 12.647111 0.897588 0.897588 0.897588
8820 12.647111 12.647111 12.647111 0.897588 0.897588 0.897588
8830 12.647111 12.647111 12.647111 0.897588 0.897588 0.897588
8840 12.647111 12.647111 12.647111 0.897588 0.897588 0.897588
8850 12.647111 12.647111 12.647111 0.897588 0.897588 0.897588
8860 12.647111 12.647111 12.647111 0.897588 0.897588 0.897588
8870 12.647111 12.647111 12.647111 0.897588 0.897588 0.897588
8880 12.647111 12.647111 12.647111 0.897588 0.897588 0.897588
8890 12.647111 12.647111 12.647111 0.897588 0.897588 0.897588
8900 12.647111 12.647111 12.647111 0.897588 0.897588 0.897588
8910 12.647111 12.647111 12.647111 0.897588 0.897588 0.897588
8920 12.647111 12.647111 12.647111 0.897588 0.897588 0.897588
8930 12.647111 12.647111 12.647111 0.897588 0.897588 0.897588
8940 12.647111 12.647111 12.647111 0.897588 0.897588 0.897588
8950 12.647111 12.647111 12.647111 0.897588 0.897588 0.897588
8960 12.647111 12.647111 12.647111 0.897588 0.897588 0.897588
8970 12.647111 12.647111 12.647111 0.897588 0.897588 0.897588
8980 12.647111 12.647111 12.647111 0.897588 0.897588 0.897588
8990 12.647111 12.647111 12.647111 0.897588 0.897588 0.897588
9000 12.647111 12.647111 12.647111 0.897588 0.897588 0.897588
9010 12.647111 12.647111 12.647111 0.897588 0.897588 0.897588
9020 12.647111 12.647111 12.647111 0.897588 0.897588 0.897588
9030 12.647111 12.647111 12.647111 0.897588 0.897588 0.897588
9040 12.647111 12.647111 12.647111 0.897588 0.897588 0.897588
9050 12.647111 12.647111 12.647111 0.897588 0.897588 0.897588
9060 12.647111 12.647111 12.647111 0.897588 0.897588 0.897588
9070 12.647111 12.647111 12.647111 0.897588 0.897588 0.897588
9080 12.647111 12.647111 12.647111 0.897588 0.897588 0.897588
9090 12.647111 12.647111 12.647111 0.897588 0.897588 0.897588
9100 12.647111 12.647111 12.647111 0.897588 0.897588 0.897588
9110 12.647111 12.647111 12.647111 0.897588 0.897588 0.897588
9120 12.647111 12.647111 12.647111 0.897588 0.897588 0.897588
9130 12.647111 12.647111 12.647111 0.897588 0.897588 0.897588
9140 12.647111 12.647111 12.647111 0.897588 0.897588 0.897588
9150 12.647111 12.647111 12.647111 0.897588 0.897588 0.897588
9160 12.647111 12.647111 12.647111 0.897588 0.897588 0.897588
9170 12.647111 12.647111 12.647111 0.897588 0.897588 0.897588
9180 12.647111 12.647111 12.647111 0.897588 0.897588 0.897588
9190 12.647111 12.647111 12.647111 0.897588 0.897588 0.897588
9200 12.647111 12.647111 12.647111 0.897588 0.897588 0.897588
9210 12.647111 12.647111 12.647111 0.897588 0.897588 0.897588
9220 12.647111 12.647111 12.647111 0.897588 0.897588 0.897588
9230 12.647111 12.647111 12.647111 0.897588 0.897588 0.897588
9240 12.647111 12.647111 12.647111 0.897588 0.897588 0.897588
9250 12.647111 12.647111 12.647111 0.897588 0.897588 0.897588
9260 12.647111 12.647111 12.647111 0.897588 0.897588 0.897588
9270 12.647111 12.647111 12.647111 0.897588 0.897588 0.897588
9280 12.647111 12.647111 12.647111 0.897588 0.897588 0.897588
9290 12.647111 12.647111 12.647111 0.897588 0.897588 0.897588
9300 12.647111 12.647111 12.647111 0.897588 0.897588 0.897588
9310 12.647111 12.647111 12.647111 0.897588 0.897588 0.897588
9320 12.647111 12.647111 12.647111 0.897588 0.897588 0.897588
9330 12.647111 12.647111 12.647111 0.897588 0.897588 0.897588
9340 12.647111 12.647111 12.647111 0.897588 0.897588 0.897588
9350 12.647111 12.647111 12.647111 0.897588 0.897588 0.897588
9360 12.647111 12.647111 12.647111 0.897588 0.897588 0.897588
9370 12.647111 12.647111 12.647111 0.897588 0.897588 0.897588
9380 12.647111 12.647111 12.647111 0.897588 0.897588 0.897588
9390 12.647111 12.647111 12.647111 0.897588 0.897588 0.897588
9400 12.647111 12.647111 12.647111 0.897588 0.897588 0.897588
9410 12.647111 12.647111 12.647111 0.897588 0.897588 0.897588
9420 12.647111 12.647111 12.647111 0.897588 0.897588 0.897588
9430 12.647111 12.647111 12.647111 0.897588 0.897588 0.897588
9440 12.647111 12.647111 12.647111 0.897588 0.897588 0.897588
9450 12.647111 12.647111 12.647111 0.897588 0.897588 0.897588
9460 12.647111 12.647111 12.647111 0.897588 0.897588 0.897588
9470 12.647111 12.647111 12.647111 0.897588 0.897588 0.897588
9480 12.647111 12.647111 12.647111 0.897588 0.897588 0.897588
9490 12.647111 12.647111 12.647111 0.897588 0.897588 0.897588
9500 12.647111 12.647111 12.647111 0.897588 0.897588 0.897588
9510 12.647111 12.647111 12.647111 0.897588 0.897588 0.897588
9520 12.647111 12.647111 12.647111 0.897588 0.897588 0.897588
9530 12.647111 12.647111 12.647111 0.897588 0.897588 0.897588
9540 12.647111 12.647111 12.647111 0.897588 0.897588 0.897588
9550 12.647111 12.647111 12.647111 0.897588 0.897588 0.897588
9560 12.647111 12.647111 12.647111 0.897588 0.897588 0.897588
9570 12.647111 12.647111 12.647111 0.897588 0.897588 0.897588
9580 12.647111 12.647111 12.647111 0.897588 0.897588 0.897588
9590 12.647111 12.647111 12.647111 0.897588 0.897588 0.897588
9600 12.647111 12.647111 12.647111 0.897588 0.897588 0.897588
9610 12.647111 12.647111 12.647111 0.897588 0.897588 0.897588
9620 12.647111 12.647111 12.647111 0.897588 0.897588 0.897588
9630 12.647111 12.647111 12.647111 0.897588 0.897588 0.897588
9640 12.647111 12.647111 12.647111 0.897588 0.897588 0.897588
9650 12.647111 12.647111 12.647111 0.897588 0.897588 0.897588
9660 12.647111 12.647111 12.647111 0.897588 0.897588 0.897588
9670 12.647111 12.647111 12.647111 0.897588 0.897588 0.897588
9680 12.647111 12.647111 12.647111 0.897588 0.897588 0.897588
9690 12.647111 12.647111 12.647111 0.897588 0.897588 0.897588
9700 12.647111 12.647111 12.647111 0.897588 0.897588 0.897588
9710 12.647111 12.647111 12.647111 0.897588 0.897588 0.897588
9720 12.647111 12.647111 12.647111 0.897588 0.897588 0.897588
9730 12.647111 12.647111 12.647111 0.897588 0.897588 0.897588
9740 12.647111 12.647111 12.647111 0.897588 0.897588 0.897588
9750 12.647111 12.647111 12.647111 0.897588 0.897588 0.897588
9760 12.647111 12.647111 12.647111 0.897588 0.897588 0.897588
9770 12.647111 12.647111 12.647111 0.897588 0.897588 0.897588
9780 12.647111 12.647111 12.647111 0.897588 0.897588 0.897588
9790 12.647111 12.647111 12.647111 0.897588 0.897588 0.897588
9800 12.647111 12.647111 12.647111 0.897588 0.897588 0.897588
9810 12.647111 12.647111 12.647111 0.897588 0.897588 0.897588
9820 12.647111 12.647111 12.647111 0.897588 0.897588 0.897588
9830 12.647111 12.647111 12.647111 0.897588 0.897588 0.897588
9840 12.647111 12.647111 12.647111 0.897588 0.897588 0.897588
9850 12.647111 12.647111 12.647111 0.897588 0.897588 0.897588
9860 12.647111 12.647111 12.647111 0.897588 0.897588 0.897588
9870 12.647111 12.647111 12.647111 0.897588 0.897588 0.897588
9880 12.647111 12.647111 12.647111 0.897588 0.897588 0.897588
9890 12.647111 12.647111 12.647111 0.897588 0.897588 0.897588
9900 12.647111 12.647111 12.647111 0.897588 0.897588 0.897588
9910 12.647111 12.647111 12.647111 0.897588 0.897588 0.897588
9920 12.647111 12.647111 12.647111 0.897588 0.897588 0.897588
9930 12.647111 12.647111 12.647111 0.897588 0.897588 0.897588
9940 12.647111 12.647111 12.647111 0.897588 0.897588 0.897588
9950 12.647111 12.647111 12.647111 0.897588 0.897588 0.897588
9960 12.647111 12.647111 12.647111 0.897588 0.897588 0.897588
9970 12.647111 12.647111 12.647111 0.897588 0.897588 0.897588
9980 12.647111 12.647111 12.647111 0.897588 0.897588 0.897588
9990 12.647111 12.647111 12.647111 0.897588 0.897588 0.897588
10000 12.647111 12.647111 12.647111 0.897588 0.897588 0.897588
