# generation power_min power_avg power_max util_min util_avg util_max
1 9.757429 11.857473 14.185906 0.389678 0.614605 0.841297
10 9.757429 11.621788 12.782381 0.389678 0.615500 0.841297
20 9.628392 11.424228 12.425713 0.389678 0.610062 0.841297
30 9.628392 11.239053 12.231092 0.389678 0.618047 0.841297
40 9.628392 11.079530 12.040331 0.389678 0.624794 0.903781
50 9.628392 10.926097 11.801804 0.389678 0.626864 0.903781
60 9.628392 10.797367 11.608578 0.389678 0.634341 0.903781
70 9.602086 10.655034 11.427743 0.389678 0.638839 0.903781
80 9.376430 10.513450 11.323462 0.389678 0.640391 0.903781
90 9.244332 10.369899 11.199213 0.389678 0.638133 0.903781
100 9.058708 10.225322 10.949082 0.389678 0.635077 0.903781
110 8.932215 10.077378 10.810937 0.389678 0.634233 0.903781
120 8.810520 9.944724 10.612835 0.389678 0.628729 0.903781
130 8.810520 9.834546 10.537024 0.389678 0.618486 0.868276
140 8.296605 9.690154 10.398152 0.389678 0.613647 0.857442
150 8.296605 9.572147 10.247538 0.389678 0.606757 0.857442
160 8.296605 9.454271 10.112771 0.389678 0.601588 0.857442
170 7.976918 9.317612 10.004074 0.389678 0.593944 0.857442
180 7.976918 9.178362 9.878136 0.389678 0.585718 0.857442
190 7.976918 9.043969 9.758359 0.389678 0.580071 0.857442
200 7.976918 8.915244 9.618402 0.397665 0.580472 0.857442
210 7.806204 8.779165 9.541668 0.427393 0.578184 0.857442
220 7.715343 8.647329 9.352123 0.427393 0.579092 0.857442
230 7.715343 8.523993 9.244332 0.427393 0.567883 0.857442
240 7.569460 8.386794 9.090382 0.439428 0.570568 0.857442
250 7.471431 8.280944 8.960988 0.439428 0.566483 0.763354
260 7.225939 8.183706 8.790667 0.459075 0.568925 0.763354
270 7.225939 8.067980 8.576286 0.460772 0.570432 0.720303
280 7.018570 7.956774 8.483115 0.460772 0.574548 0.720303
290 7.018570 7.856534 8.400262 0.460772 0.575766 0.720303
300 6.841337 7.755683 8.297111 0.460772 0.578196 0.720303
310 6.841337 7.654744 8.231364 0.460238 0.578645 0.720303
320 6.841337 7.561806 8.104385 0.460238 0.579279 0.720303
330 6.654558 7.458370 7.995021 0.460238 0.582892 0.720303
340 6.654558 7.366055 7.900023 0.460238 0.582812 0.720303
350 6.654558 7.278291 7.806204 0.470098 0.587538 0.720303
360 6.508351 7.201568 7.685309 0.470098 0.585633 0.684091
370 6.329164 7.105507 7.576162 0.456201 0.583317 0.681724
380 6.329164 7.029318 7.441928 0.456201 0.576160 0.668336
390 6.329164 6.957222 7.363838 0.456201 0.575946 0.668336
400 6.327213 6.874623 7.286733 0.456106 0.571875 0.668336
410 6.230918 6.808209 7.207566 0.456106 0.570747 0.668336
420 6.095707 6.732085 7.164581 0.456106 0.571614 0.671304
430 5.986484 6.663393 7.087285 0.456106 0.568926 0.671304
440 5.986484 6.592227 6.961126 0.456106 0.565245 0.671304
450 5.985958 6.520468 6.923688 0.456106 0.564201 0.671304
460 5.985958 6.458771 6.866593 0.456106 0.560571 0.671304
470 5.901381 6.392712 6.747596 0.456106 0.557139 0.671304
480 5.885873 6.328864 6.659342 0.456106 0.552979 0.671304
490 5.836022 6.268640 6.552102 0.456106 0.549327 0.671304
500 5.739345 6.216307 6.497206 0.456106 0.545109 0.671304
510 5.731785 6.166533 6.456714 0.456106 0.542182 0.671304
520 5.681904 6.110265 6.410841 0.456106 0.538592 0.671304
530 5.681904 6.055713 6.358657 0.456106 0.540067 0.671304
540 5.516661 6.004082 6.312756 0.461261 0.536906 0.641407
550 5.516661 5.951590 6.203524 0.461261 0.532899 0.641407
560 5.516661 5.900071 6.143666 0.461261 0.527813 0.641407
570 5.468617 5.857644 6.120516 0.461261 0.527994 0.641407
580 5.468617 5.809972 6.052528 0.461261 0.528350 0.641407
590 5.444205 5.764526 6.006227 0.461261 0.524575 0.613310
600 5.418628 5.721179 5.955248 0.461261 0.523691 0.613310
610 5.408800 5.677915 5.925070 0.446294 0.520258 0.613310
620 5.359670 5.633445 5.876472 0.446294 0.521000 0.613310
630 5.156433 5.581521 5.830847 0.446294 0.521209 0.613310
640 5.156433 5.545650 5.786043 0.446294 0.522198 0.613310
650 5.156433 5.506669 5.739345 0.446294 0.520307 0.594040
660 5.123122 5.463009 5.702379 0.446294 0.518976 0.594040
670 5.123122 5.426406 5.635691 0.457577 0.521114 0.594040
680 5.123122 5.392476 5.592855 0.468054 0.524038 0.594040
690 5.116700 5.361129 5.516661 0.468054 0.521921 0.570895
700 5.012344 5.330494 5.496631 0.468054 0.521062 0.570895
710 5.012344 5.304025 5.466213 0.474531 0.522138 0.570895
720 5.012344 5.279382 5.442411 0.474531 0.523286 0.568362
730 5.012344 5.254687 5.405700 0.483738 0.524716 0.568362
740 5.012344 5.227463 5.385728 0.483738 0.525414 0.568362
750 5.012344 5.205180 5.353779 0.483738 0.525702 0.568362
760 4.973680 5.180335 5.284540 0.483738 0.527135 0.568362
770 4.973680 5.163627 5.264090 0.493935 0.528385 0.568362
780 4.973680 5.139243 5.260125 0.493935 0.529235 0.551435
790 4.973680 5.119434 5.238176 0.506181 0.529626 0.551435
800 4.973680 5.100704 5.224698 0.508484 0.530074 0.551435
810 4.973680 5.079992 5.178307 0.508484 0.530639 0.551435
820 4.973680 5.064750 5.154108 0.508484 0.530829 0.551435
830 4.973680 5.050670 5.136601 0.516027 0.531253 0.551435
840 4.973680 5.035520 5.123122 0.516027 0.529796 0.551435
850 4.973680 5.022181 5.110816 0.516353 0.529905 0.551435
860 4.973680 5.008757 5.103145 0.516353 0.528218 0.551435
870 4.973680 4.996355 5.096950 0.516353 0.528074 0.549863
880 4.973680 4.984186 5.094064 0.516353 0.528135 0.549863
890 4.973680 4.975700 5.001363 0.516353 0.528039 0.549863
900 4.973680 4.974170 4.978206 0.527702 0.528348 0.528422
910 4.973680 4.973800 4.976566 0.528029 0.528404 0.528422
920 4.973680 4.973680 4.973680 0.528422 0.528422 0.528422
930 4.973680 4.973680 4.973680 0.528422 0.528422 0.528422
940 4.973680 4.973680 4.973680 0.528422 0.528422 0.528422
950 4.973680 4.973680 4.973680 0.528422 0.528422 0.528422
960 4.973680 4.973680 4.973680 0.528422 0.528422 0.528422
970 4.973680 4.973680 4.973680 0.528422 0.528422 0.528422
980 4.973680 4.973680 4.973680 0.528422 0.528422 0.528422
990 4.973680 4.973680 4.973680 0.528422 0.528422 0.528422
1000 4.973680 4.973680 4.973680 0.528422 0.528422 0.528422
1010 4.973680 4.973680 4.973680 0.528422 0.528422 0.528422
1020 4.973680 4.973680 4.973680 0.528422 0.528422 0.528422
1030 4.973680 4.973680 4.973680 0.528422 0.528422 0.528422
1040 4.973680 4.973680 4.973680 0.528422 0.528422 0.528422
1050 4.973680 4.973680 4.973680 0.528422 0.528422 0.528422
1060 4.973680 4.973680 4.973680 0.528422 0.528422 0.528422
1070 4.973680 4.973680 4.973680 0.528422 0.528422 0.528422
1080 4.973680 4.973680 4.973680 0.528422 0.528422 0.528422
1090 4.973680 4.973680 4.973680 0.528422 0.528422 0.528422
1100 4.973680 4.973680 4.973680 0.528422 0.528422 0.528422
1110 4.973680 4.973680 4.973680 0.528422 0.528422 0.528422
1120 4.973680 4.973680 4.973680 0.528422 0.528422 0.528422
1130 4.973680 4.973680 4.973680 0.528422 0.528422 0.528422
1140 4.973680 4.973680 4.973680 0.528422 0.528422 0.528422
1150 4.973680 4.973680 4.973680 0.528422 0.528422 0.528422
1160 4.973680 4.973680 4.973680 0.528422 0.528422 0.528422
1170 4.973680 4.973680 4.973680 0.528422 0.528422 0.528422
1180 4.973680 4.973680 4.973680 0.528422 0.528422 0.528422
1190 4.973680 4.973680 4.973680 0.528422 0.528422 0.528422
1200 4.973680 4.973680 4.973680 0.528422 0.528422 0.528422
1210 4.973680 4.973680 4.973680 0.528422 0.528422 0.528422
1220 4.973680 4.973680 4.973680 0.528422 0.528422 0.528422
1230 4.973680 4.973680 4.973680 0.528422 0.528422 0.528422
1240 4.973680 4.973680 4.973680 0.528422 0.528422 0.528422
1250 4.973680 4.973680 4.973680 0.528422 0.528422 0.528422
1260 4.973680 4.973680 4.973680 0.528422 0.528422 0.528422
1270 4.973680 4.973680 4.973680 0.528422 0.528422 0.528422
1280 4.973680 4.973680 4.973680 0.528422 0.528422 0.528422
1290 4.973680 4.973680 4.973680 0.528422 0.528422 0.528422
1300 4.973680 4.973680 4.973680 0.528422 0.528422 0.528422
1310 4.973680 4.973680 4.973680 0.528422 0.528422 0.528422
1320 4.973680 4.973680 4.973680 0.528422 0.528422 0.528422
1330 4.973680 4.973680 4.973680 0.528422 0.528422 0.528422
1340 4.973680 4.973680 4.973680 0.528422 0.528422 0.528422
1350 4.973680 4.973680 4.973680 0.528422 0.528422 0.528422
1360 4.973680 4.973680 4.973680 0.528422 0.528422 0.528422
1370 4.973680 4.973680 4.973680 0.528422 0.528422 0.528422
1380 4.973680 4.973680 4.973680 0.528422 0.528422 0.528422
1390 4.973680 4.973680 4.973680 0.528422 0.528422 0.528422
1400 4.973680 4.973680 4.973680 0.528422 0.528422 0.528422
1410 4.973680 4.973680 4.973680 0.528422 0.528422 0.528422
1420 4.973680 4.973680 4.973680 0.528422 0.528422 0.528422
1430 4.973680 4.973680 4.973680 0.528422 0.528422 0.528422
1440 4.973680 4.973680 4.973680 0.528422 0.528422 0.528422
1450 4.973680 4.973680 4.973680 0.528422 0.528422 0.528422
1460 4.973680 4.973680 4.973680 0.528422 0.528422 0.528422
1470 4.973680 4.973680 4.973680 0.528422 0.528422 0.528422
1480 4.973680 4.973680 4.973680 0.528422 0.528422 0.528422
1490 4.973680 4.973680 4.973680 0.528422 0.528422 0.528422
1500 4.973680 4.973680 4.973680 0.528422 0.528422 0.528422
1510 4.973680 4.973680 4.973680 0.528422 0.528422 0.528422
1520 4.973680 4.973680 4.973680 0.528422 0.528422 0.528422
1530 4.973680 4.973680 4.973680 0.528422 0.528422 0.528422
1540 4.973680 4.973680 4.973680 0.528422 0.528422 0.528422
1550 4.973680 4.973680 4.973680 0.528422 0.528422 0.528422
1560 4.973680 4.973680 4.973680 0.528422 0.528422 0.528422
1570 4.973680 4.973680 4.973680 0.528422 0.528422 0.528422
1580 4.973680 4.973680 4.973680 0.528422 0.528422 0.528422
1590 4.973680 4.973680 4.973680 0.528422 0.528422 0.528422
1600 4.973680 4.973680 4.973680 0.528422 0.528422 0.528422
1610 4.973680 4.973680 4.973680 0.528422 0.528422 0.528422
1620 4.973680 4.973680 4.973680 0.528422 0.528422 0.528422
1630 4.973680 4.973680 4.973680 0.528422 0.528422 0.528422
1640 4.973680 4.973680 4.973680 0.528422 0.528422 0.528422
1650 4.973680 4.973680 4.973680 0.528422 0.528422 0.528422
1660 4.973680 4.973680 4.973680 0.528422 0.528422 0.528422
1670 4.973680 4.973680 4.973680 0.528422 0.528422 0.528422
1680 4.973680 4.973680 4.973680 0.528422 0.528422 0.528422
1690 4.973680 4.973680 4.973680 0.528422 0.528422 0.528422
1700 4.973680 4.973680 4.973680 0.528422 0.528422 0.528422
1710 4.973680 4.973680 4.973680 0.528422 0.528422 0.528422
1720 4.973680 4.973680 4.973680 0.528422 0.528422 0.528422
1730 4.973680 4.973680 4.973680 0.528422 0.528422 0.528422
1740 4.973680 4.973680 4.973680 0.528422 0.528422 0.528422
1750 4.973680 4.973680 4.973680 0.528422 0.528422 0.528422
1760 4.973680 4.973680 4.973680 0.528422 0.528422 0.528422
1770 4.973680 4.973680 4.973680 0.528422 0.528422 0.528422
1780 4.973680 4.973680 4.973680 0.528422 0.528422 0.528422
1790 4.973680 4.973680 4.973680 0.528422 0.528422 0.528422
1800 4.973680 4.973680 4.973680 0.528422 0.528422 0.528422
1810 4.973680 4.973680 4.973680 0.528422 0.528422 0.528422
1820 4.973680 4.973680 4.973680 0.528422 0.528422 0.528422
1830 4.973680 4.973680 4.973680 0.528422 0.528422 0.528422
1840 4.973680 4.973680 4.973680 0.528422 0.528422 0.528422
1850 4.973680 4.973680 4.973680 0.528422 0.528422 0.528422
1860 4.973680 4.973680 4.973680 0.528422 0.528422 0.528422
1870 4.973680 4.973680 4.973680 0.528422 0.528422 0.528422
1880 4.973680 4.973680 4.973680 0.528422 0.528422 0.528422
1890 4.973680 4.973680 4.973680 0.528422 0.528422 0.528422
1900 4.973680 4.973680 4.973680 0.528422 0.528422 0.528422
1910 4.973680 4.973680 4.973680 0.528422 0.528422 0.528422
1920 4.973680 4.973680 4.973680 0.528422 0.528422 0.528422
1930 4.973680 4.973680 4.973680 0.528422 0.528422 0.528422
1940 4.973680 4.973680 4.973680 0.528422 0.528422 0.528422
1950 4.973680 4.973680 4.973680 0.528422 0.528422 0.528422
1960 4.973680 4.973680 4.973680 0.528422 0.528422 0.528422
1970 4.973680 4.973680 4.973680 0.528422 0.528422 0.528422
1980 4.973680 4.973680 4.973680 0.528422 0.528422 0.528422
1990 4.973680 4.973680 4.973680 0.528422 0.528422 0.528422
2000 4.973680 4.973680 4.973680 0.528422 0.528422 0.528422
2010 4.973680 4.973680 4.973680 0.528422 0.528422 0.528422
2020 4.973680 4.973680 4.973680 0.528422 0.528422 0.528422
2030 4.973680 4.973680 4.973680 0.528422 0.528422 0.528422
2040 4.973680 4.973680 4.973680 0.528422 0.528422 0.528422
2050 4.973680 4.973680 4.973680 0.528422 0.528422 0.528422
2060 4.973680 4.973680 4.973680 0.528422 0.528422 0.528422
2070 4.973680 4.973680 4.973680 0.528422 0.528422 0.528422
2080 4.973680 4.973680 4.973680 0.528422 0.528422 0.528422
2090 4.973680 4.973680 4.973680 0.528422 0.528422 0.528422
2100 4.973680 4.973680 4.973680 0.528422 0.528422 0.528422
2110 4.973680 4.973680 4.973680 0.528422 0.528422 0.528422
2120 4.973680 4.973680 4.973680 0.528422 0.528422 0.528422
2130 4.973680 4.973680 4.973680 0.528422 0.528422 0.528422
2140 4.973680 4.973680 4.973680 0.528422 0.528422 0.528422
2150 4.973680 4.973680 4.973680 0.528422 0.528422 0.528422
2160 4.973680 4.973680 4.973680 0.528422 0.528422 0.528422
2170 4.973680 4.973680 4.973680 0.528422 0.528422 0.528422
2180 4.973680 4.973680 4.973680 0.528422 0.528422 0.528422
2190 4.973680 4.973680 4.973680 0.528422 0.528422 0.528422
2200 4.973680 4.973680 4.973680 0.528422 0.528422 0.528422
2210 4.973680 4.973680 4.973680 0.528422 0.528422 0.528422
2220 4.973680 4.973680 4.973680 0.528422 0.528422 0.528422
2230 4.973680 4.973680 4.973680 0.528422 0.528422 0.528422
2240 4.973680 4.973680 4.973680 0.528422 0.528422 0.528422
2250 4.973680 4.973680 4.973680 0.528422 0.528422 0.528422
2260 4.973680 4.973680 4.973680 0.528422 0.528422 0.528422
2270 4.973680 4.973680 4.973680 0.528422 0.528422 0.528422
2280 4.973680 4.973680 4.973680 0.528422 0.528422 0.528422
2290 4.973680 4.973680 4.973680 0.528422 0.528422 0.528422
2300 4.973680 4.973680 4.973680 0.528422 0.528422 0.528422
2310 4.973680 4.973680 4.973680 0.528422 0.528422 0.528422
2320 4.973680 4.973680 4.973680 0.528422 0.528422 0.528422
2330 4.973680 4.973680 4.973680 0.528422 0.528422 0.528422
2340 4.973680 4.973680 4.973680 0.528422 0.528422 0.528422
2350 4.973680 4.973680 4.973680 0.528422 0.528422 0.528422
2360 4.973680 4.973680 4.973680 0.528422 0.528422 0.528422
2370 4.973680 4.973680 4.973680 0.528422 0.528422 0.528422
2380 4.973680 4.973680 4.973680 0.528422 0.528422 0.528422
2390 4.973680 4.973680 4.973680 0.528422 0.528422 0.528422
2400 4.973680 4.973680 4.973680 0.528422 0.528422 0.528422
2410 4.973680 4.973680 4.973680 0.528422 0.528422 0.528422
2420 4.973680 4.973680 4.973680 0.528422 0.528422 0.528422
2430 4.973680 4.973680 4.973680 0.528422 0.528422 0.528422
2440 4.973680 4.973680 4.973680 0.528422 0.528422 0.528422
2450 4.973680 4.973680 4.973680 0.528422 0.528422 0.528422
2460 4.973680 4.973680 4.973680 0.528422 0.528422 0.528422
2470 4.973680 4.973680 4.973680 0.528422 0.528422 0.528422
2480 4.973680 4.973680 4.973680 0.528422 0.528422 0.528422
2490 4.973680 4.973680 4.973680 0.528422 0.528422 0.528422
2500 4.973680 4.973680 4.973680 0.528422 0.528422 0.528422
2510 4.973680 4.973680 4.973680 0.528422 0.528422 0.528422
2520 4.973680 4.973680 4.973680 0.528422 0.528422 0.528422
2530 4.973680 4.973680 4.973680 0.528422 0.528422 0.528422
2540 4.973680 4.973680 4.973680 0.528422 0.528422 0.528422
2550 4.973680 4.973680 4.973680 0.528422 0.528422 0.528422
2560 4.973680 4.973680 4.973680 0.528422 0.528422 0.528422
2570 4.973680 4.973680 4.973680 0.528422 0.528422 0.528422
2580 4.973680 4.973680 4.973680 0.528422 0.528422 0.528422
2590 4.973680 4.973680 4.973680 0.528422 0.528422 0.528422
2600 4.973680 4.973680 4.973680 0.528422 0.528422 0.528422
2610 4.973680 4.973680 4.973680 0.528422 0.528422 0.528422
2620 4.973680 4.973680 4.973680 0.528422 0.528422 0.528422
2630 4.973680 4.973680 4.973680 0.528422 0.528422 0.528422
2640 4.973680 4.973680 4.973680 0.528422 0.528422 0.528422
2650 4.973680 4.973680 4.973680 0.528422 0.528422 0.528422
2660 4.973680 4.973680 4.973680 0.528422 0.528422 0.528422
2670 4.973680 4.973680 4.973680 0.528422 0.528422 0.528422
2680 4.973680 4.973680 4.973680 0.528422 0.528422 0.528422
2690 4.973680 4.973680 4.973680 0.528422 0.528422 0.528422
2700 4.973680 4.973680 4.973680 0.528422 0.528422 0.528422
2710 4.973680 4.973680 4.973680 0.528422 0.528422 0.528422
2720 4.973680 4.973680 4.973680 0.528422 0.528422 0.528422
2730 4.973680 4.973680 4.973680 0.528422 0.528422 0.528422
2740 4.973680 4.973680 4.973680 0.528422 0.528422 0.528422
2750 4.973680 4.973680 4.973680 0.528422 0.528422 0.528422
2760 4.973680 4.973680 4.973680 0.528422 0.528422 0.528422
2770 4.973680 4.973680 4.973680 0.528422 0.528422 0.528422
2780 4.973680 4.973680 4.973680 0.528422 0.528422 0.528422
2790 4.973680 4.973680 4.973680 0.528422 0.528422 0.528422
2800 4.973680 4.973680 4.973680 0.528422 0.528422 0.528422
2810 4.973680 4.973680 4.973680 0.528422 0.528422 0.528422
2820 4.973680 4.973680 4.973680 0.528422 0.528422 0.528422
2830 4.973680 4.973680 4.973680 0.528422 0.528422 0.528422
2840 4.973680 4.973680 4.973680 0.528422 0.528422 0.528422
2850 4.973680 4.973680 4.973680 0.528422 0.528422 0.528422
2860 4.973680 4.973680 4.973680 0.528422 0.528422 0.528422
2870 4.973680 4.973680 4.973680 0.528422 0.528422 0.528422
2880 4.973680 4.973680 4.973680 0.528422 0.528422 0.528422
2890 4.973680 4.973680 4.973680 0.528422 0.528422 0.528422
2900 4.973680 4.973680 4.973680 0.528422 0.528422 0.528422
2910 4.973680 4.973680 4.973680 0.528422 0.528422 0.528422
2920 4.973680 4.973680 4.973680 0.528422 0.528422 0.528422
2930 4.973680 4.973680 4.973680 0.528422 0.528422 0.528422
2940 4.973680 4.973680 4.973680 0.528422 0.528422 0.528422
2950 4.973680 4.973680 4.973680 0.528422 0.528422 0.528422
2960 4.973680 4.973680 4.973680 0.528422 0.528422 0.528422
2970 4.973680 4.973680 4.973680 0.528422 0.528422 0.528422
2980 4.973680 4.973680 4.973680 0.528422 0.528422 0.528422
2990 4.973680 4.973680 4.973680 0.528422 0.528422 0.528422
3000 4.973680 4.973680 4.973680 0.528422 0.528422 0.528422
3010 4.973680 4.973680 4.973680 0.528422 0.528422 0.528422
3020 4.973680 4.973680 4.973680 0.528422 0.528422 0.528422
3030 4.973680 4.973680 4.973680 0.528422 0.528422 0.528422
3040 4.973680 4.973680 4.973680 0.528422 0.528422 0.528422
3050 4.973680 4.973680 4.973680 0.528422 0.528422 0.528422
3060 4.973680 4.973680 4.973680 0.528422 0.528422 0.528422
3070 4.973680 4.973680 4.973680 0.528422 0.528422 0.528422
3080 4.973680 4.973680 4.973680 0.528422 0.528422 0.528422
3090 4.973680 4.973680 4.973680 0.528422 0.528422 0.528422
3100 4.973680 4.973680 4.973680 0.528422 0.528422 0.528422
3110 4.973680 4.973680 4.973680 0.528422 0.528422 0.528422
3120 4.973680 4.973680 4.973680 0.528422 0.528422 0.528422
3130 4.973680 4.973680 4.973680 0.528422 0.528422 0.528422
3140 4.973680 4.973680 4.973680 0.528422 0.528422 0.528422
3150 4.973680 4.973680 4.973680 0.528422 0.528422 0.528422
3160 4.973680 4.973680 4.973680 0.528422 0.528422 0.528422
3170 4.973680 4.973680 4.973680 0.528422 0.528422 0.528422
3180 4.973680 4.973680 4.973680 0.528422 0.528422 0.528422
3190 4.973680 4.973680 4.973680 0.528422 0.528422 0.528422
3200 4.973680 4.973680 4.973680 0.528422 0.528422 0.528422
3210 4.973680 4.973680 4.973680 0.528422 0.528422 0.528422
3220 4.973680 4.973680 4.973680 0.528422 0.528422 0.528422
3230 4.973680 4.973680 4.973680 0.528422 0.528422 0.528422
3240 4.973680 4.973680 4.973680 0.528422 0.528422 0.528422
3250 4.973680 4.973680 4.973680 0.528422 0.528422 0.528422
3260 4.973680 4.973680 4.973680 0.528422 0.528422 0.528422
3270 4.973680 4.973680 4.973680 0.528422 0.528422 0.528422
3280 4.973680 4.973680 4.973680 0.528422 0.528422 0.528422
3290 4.973680 4.973680 4.973680 0.528422 0.528422 0.528422
3300 4.973680 4.973680 4.973680 0.528422 0.528422 0.528422
3310 4.973680 4.973680 4.973680 0.528422 0.528422 0.528422
3320 4.973680 4.973680 4.973680 0.528422 0.528422 0.528422
3330 4.973680 4.973680 4.973680 0.528422 0.528422 0.528422
3340 4.973680 4.973680 4.973680 0.528422 0.528422 0.528422
3350 4.973680 4.973680 4.973680 0.528422 0.528422 0.528422
3360 4.973680 4.973680 4.973680 0.528422 0.528422 0.528422
3370 4.973680 4.973680 4.973680 0.528422 0.528422 0.528422
3380 4.973680 4.973680 4.973680 0.528422 0.528422 0.528422
3390 4.973680 4.973680 4.973680 0.528422 0.528422 0.528422
3400 4.973680 4.973680 4.973680 0.528422 0.528422 0.528422
3410 4.973680 4.973680 4.973680 0.528422 0.528422 0.528422
3420 4.973680 4.973680 4.973680 0.528422 0.528422 0.528422
3430 4.973680 4.973680 4.973680 0.528422 0.528422 0.528422
3440 4.973680 4.973680 4.973680 0.528422 0.528422 0.528422
3450 4.973680 4.973680 4.973680 0.528422 0.528422 0.528422
3460 4.973680 4.973680 4.973680 0.528422 0.528422 0.528422
3470 4.973680 4.973680 4.973680 0.528422 0.528422 0.528422
3480 4.973680 4.973680 4.973680 0.528422 0.528422 0.528422
3490 4.973680 4.973680 4.973680 0.528422 0.528422 0.528422
3500 4.973680 4.973680 4.973680 0.528422 0.528422 0.528422
3510 4.973680 4.973680 4.973680 0.528422 0.528422 0.528422
3520 4.973680 4.973680 4.973680 0.528422 0.528422 0.528422
3530 4.973680 4.973680 4.973680 0.528422 0.528422 0.528422
3540 4.973680 4.973680 4.973680 0.528422 0.528422 0.528422
3550 4.973680 4.973680 4.973680 0.528422 0.528422 0.528422
3560 4.973680 4.973680 4.973680 0.528422 0.528422 0.528422
3570 4.973680 4.973680 4.973680 0.528422 0.528422 0.528422
3580 4.973680 4.973680 4.973680 0.528422 0.528422 0.528422
3590 4.973680 4.973680 4.973680 0.528422 0.528422 0.528422
3600 4.973680 4.973680 4.973680 0.528422 0.528422 0.528422
3610 4.973680 4.973680 4.973680 0.528422 0.528422 0.528422
3620 4.973680 4.973680 4.973680 0.528422 0.528422 0.528422
3630 4.973680 4.973680 4.973680 0.528422 0.528422 0.528422
3640 4.973680 4.973680 4.973680 0.528422 0.528422 0.528422
3650 4.973680 4.973680 4.973680 0.528422 0.528422 0.528422
3660 4.973680 4.973680 4.973680 0.528422 0.528422 0.528422
3670 4.973680 4.973680 4.973680 0.528422 0.528422 0.528422
3680 4.973680 4.973680 4.973680 0.528422 0.528422 0.528422
3690 4.973680 4.973680 4.973680 0.528422 0.528422 0.528422
3700 4.973680 4.973680 4.973680 0.528422 0.528422 0.528422
3710 4.973680 4.973680 4.973680 0.528422 0.528422 0.528422
3720 4.973680 4.973680 4.973680 0.528422 0.528422 0.528422
3730 4.973680 4.973680 4.973680 0.528422 0.528422 0.528422
3740 4.973680 4.973680 4.973680 0.528422 0.528422 0.528422
3750 4.973680 4.973680 4.973680 0.528422 0.528422 0.528422
3760 4.973680 4.973680 4.973680 0.528422 0.528422 0.528422
3770 4.973680 4.973680 4.973680 0.528422 0.528422 0.528422
3780 4.973680 4.973680 4.973680 0.528422 0.528422 0.528422
3790 4.973680 4.973680 4.973680 0.528422 0.528422 0.528422
3800 4.973680 4.973680 4.973680 0.528422 0.528422 0.528422
3810 4.973680 4.973680 4.973680 0.528422 0.528422 0.528422
3820 4.973680 4.973680 4.973680 0.528422 0.528422 0.528422
3830 4.973680 4.973680 4.973680 0.528422 0.528422 0.528422
3840 4.973680 4.973680 4.973680 0.528422 0.528422 0.528422
3850 4.973680 4.973680 4.973680 0.528422 0.528422 0.528422
3860 4.973680 4.973680 4.973680 0.528422 0.528422 0.528422
3870 4.973680 4.973680 4.973680 0.528422 0.528422 0.528422
3880 4.973680 4.973680 4.973680 0.528422 0.528422 0.528422
3890 4.973680 4.973680 4.973680 0.528422 0.528422 0.528422
3900 4.973680 4.973680 4.973680 0.528422 0.528422 0.528422
3910 4.973680 4.973680 4.973680 0.528422 0.528422 0.528422
3920 4.973680 4.973680 4.973680 0.528422 0.528422 0.528422
3930 4.973680 4.973680 4.973680 0.528422 0.528422 0.528422
3940 4.973680 4.973680 4.973680 0.528422 0.528422 0.528422
3950 4.973680 4.973680 4.973680 0.528422 0.528422 0.528422
3960 4.973680 4.973680 4.973680 0.528422 0.528422 0.528422
3970 4.973680 4.973680 4.973680 0.528422 0.528422 0.528422
3980 4.973680 4.973680 4.973680 0.528422 0.528422 0.528422
3990 4.973680 4.973680 4.973680 0.528422 0.528422 0.528422
4000 4.973680 4.973680 4.973680 0.528422 0.528422 0.528422
4010 4.973680 4.973680 4.973680 0.528422 0.528422 0.528422
4020 4.973680 4.973680 4.973680 0.528422 0.528422 0.528422
4030 4.973680 4.973680 4.973680 0.528422 0.528422 0.528422
4040 4.973680 4.973680 4.973680 0.528422 0.528422 0.528422
4050 4.973680 4.973680 4.973680 0.528422 0.528422 0.528422
4060 4.973680 4.973680 4.973680 0.528422 0.528422 0.528422
4070 4.973680 4.973680 4.973680 0.528422 0.528422 0.528422
4080 4.973680 4.973680 4.973680 0.528422 0.528422 0.528422
4090 4.973680 4.973680 4.973680 0.528422 0.528422 0.528422
4100 4.973680 4.973680 4.973680 0.528422 0.528422 0.528422
4110 4.973680 4.973680 4.973680 0.528422 0.528422 0.528422
4120 4.973680 4.973680 4.973680 0.528422 0.528422 0.528422
4130 4.973680 4.973680 4.973680 0.528422 0.528422 0.528422
4140 4.973680 4.973680 4.973680 0.528422 0.528422 0.528422
4150 4.973680 4.973680 4.973680 0.528422 0.528422 0.528422
4160 4.973680 4.973680 4.973680 0.528422 0.528422 0.528422
4170 4.973680 4.973680 4.973680 0.528422 0.528422 0.528422
4180 4.973680 4.973680 4.973680 0.528422 0.528422 0.528422
4190 4.973680 4.973680 4.973680 0.528422 0.528422 0.528422
4200 4.973680 4.973680 4.973680 0.528422 0.528422 0.528422
4210 4.973680 4.973680 4.973680 0.528422 0.528422 0.528422
4220 4.973680 4.973680 4.973680 0.528422 0.528422 0.528422
4230 4.973680 4.973680 4.973680 0.528422 0.528422 0.528422
4240 4.973680 4.973680 4.973680 0.528422 0.528422 0.528422
4250 4.973680 4.973680 4.973680 0.528422 0.528422 0.528422
4260 4.973680 4.973680 4.973680 0.528422 0.528422 0.528422
4270 4.973680 4.973680 4.973680 0.528422 0.528422 0.528422
4280 4.973680 4.973680 4.973680 0.528422 0.528422 0.528422
4290 4.973680 4.973680 4.973680 0.528422 0.528422 0.528422
4300 4.973680 4.973680 4.973680 0.528422 0.528422 0.528422
4310 4.973680 4.973680 4.973680 0.528422 0.528422 0.528422
4320 4.973680 4.973680 4.973680 0.528422 0.528422 0.528422
4330 4.973680 4.973680 4.973680 0.528422 0.528422 0.528422
4340 4.973680 4.973680 4.973680 0.528422 0.528422 0.528422
4350 4.973680 4.973680 4.973680 0.528422 0.528422 0.528422
4360 4.973680 4.973680 4.973680 0.528422 0.528422 0.528422
4370 4.973680 4.973680 4.973680 0.528422 0.528422 0.528422
4380 4.973680 4.973680 4.973680 0.528422 0.528422 0.528422
4390 4.973680 4.973680 4.973680 0.528422 0.528422 0.528422
4400 4.973680 4.973680 4.973680 0.528422 0.528422 0.528422
4410 4.973680 4.973680 4.973680 0.528422 0.528422 0.528422
4420 4.973680 4.973680 4.973680 0.528422 0.528422 0.528422
4430 4.973680 4.973680 4.973680 0.528422 0.528422 0.528422
4440 4.973680 4.973680 4.973680 0.528422 0.528422 0.528422
4450 4.973680 4.973680 4.973680 0.528422 0.528422 0.528422
4460 4.973680 4.973680 4.973680 0.528422 0.528422 0.528422
4470 4.973680 4.973680 4.973680 0.528422 0.528422 0.528422
4480 4.973680 4.973680 4.973680 0.528422 0.528422 0.528422
4490 4.973680 4.973680 4.973680 0.528422 0.528422 0.528422
4500 4.973680 4.973680 4.973680 0.528422 0.528422 0.528422
4510 4.973680 4.973680 4.973680 0.528422 0.528422 0.528422
4520 4.973680 4.973680 4.973680 0.528422 0.528422 0.528422
4530 4.973680 4.973680 4.973680 0.528422 0.528422 0.528422
4540 4.973680 4.973680 4.973680 0.528422 0.528422 0.528422
4550 4.973680 4.973680 4.973680 0.528422 0.528422 0.528422
4560 4.973680 4.973680 4.973680 0.528422 0.528422 0.528422
4570 4.973680 4.973680 4.973680 0.528422 0.528422 0.528422
4580 4.973680 4.973680 4.973680 0.528422 0.528422 0.528422
4590 4.973680 4.973680 4.973680 0.528422 0.528422 0.528422
4600 4.973680 4.973680 4.973680 0.528422 0.528422 0.528422
4610 4.973680 4.973680 4.973680 0.528422 0.528422 0.528422
4620 4.973680 4.973680 4.973680 0.528422 0.528422 0.528422
4630 4.973680 4.973680 4.973680 0.528422 0.528422 0.528422
4640 4.973680 4.973680 4.973680 0.528422 0.528422 0.528422
4650 4.973680 4.973680 4.973680 0.528422 0.528422 0.528422
4660 4.973680 4.973680 4.973680 0.528422 0.528422 0.528422
4670 4.973680 4.973680 4.973680 0.528422 0.528422 0.528422
4680 4.973680 4.973680 4.973680 0.528422 0.528422 0.528422
4690 4.973680 4.973680 4.973680 0.528422 0.528422 0.528422
4700 4.973680 4.973680 4.973680 0.528422 0.528422 0.528422
4710 4.973680 4.973680 4.973680 0.528422 0.528422 0.528422
4720 4.973680 4.973680 4.973680 0.528422 0.528422 0.528422
4730 4.973680 4.973680 4.973680 0.528422 0.528422 0.528422
4740 4.973680 4.973680 4.973680 0.528422 0.528422 0.528422
4750 4.973680 4.973680 4.973680 0.528422 0.528422 0.528422
4760 4.973680 4.973680 4.973680 0.528422 0.528422 0.528422
4770 4.973680 4.973680 4.973680 0.528422 0.528422 0.528422
4780 4.973680 4.973680 4.973680 0.528422 0.528422 0.528422
4790 4.973680 4.973680 4.973680 0.528422 0.528422 0.528422
4800 4.973680 4.973680 4.973680 0.528422 0.528422 0.528422
4810 4.973680 4.973680 4.973680 0.528422 0.528422 0.528422
4820 4.973680 4.973680 4.973680 0.528422 0.528422 0.528422
4830 4.973680 4.973680 4.973680 0.528422 0.528422 0.528422
4840 4.973680 4.973680 4.973680 0.528422 0.528422 0.528422
4850 4.973680 4.973680 4.973680 0.528422 0.528422 0.528422
4860 4.973680 4.973680 4.973680 0.528422 0.528422 0.528422
4870 4.973680 4.973680 4.973680 0.528422 0.528422 0.528422
4880 4.973680 4.973680 4.973680 0.528422 0.528422 0.528422
4890 4.973680 4.973680 4.973680 0.528422 0.528422 0.528422
4900 4.973680 4.973680 4.973680 0.528422 0.528422 0.528422
4910 4.973680 4.973680 4.973680 0.528422 0.528422 0.528422
4920 4.973680 4.973680 4.973680 0.528422 0.528422 0.528422
4930 4.973680 4.973680 4.973680 0.528422 0.528422 0.528422
4940 4.973680 4.973680 4.973680 0.528422 0.528422 0.528422
4950 4.973680 4.973680 4.973680 0.528422 0.528422 0.528422
4960 4.973680 4.973680 4.973680 0.528422 0.528422 0.528422
4970 4.973680 4.973680 4.973680 0.528422 0.528422 0.528422
4980 4.973680 4.973680 4.973680 0.528422 0.528422 0.528422
4990 4.973680 4.973680 4.973680 0.528422 0.528422 0.528422
5000 4.973680 4.973680 4.973680 0.528422 0.528422 0.528422
5010 4.973680 4.973680 4.973680 0.528422 0.528422 0.528422
5020 4.973680 4.973680 4.973680 0.528422 0.528422 0.528422
5030 4.973680 4.973680 4.973680 0.528422 0.528422 0.528422
5040 4.973680 4.973680 4.973680 0.528422 0.528422 0.528422
5050 4.973680 4.973680 4.973680 0.528422 0.528422 0.528422
5060 4.973680 4.973680 4.973680 0.528422 0.528422 0.528422
5070 4.973680 4.973680 4.973680 0.528422 0.528422 0.528422
5080 4.973680 4.973680 4.973680 0.528422 0.528422 0.528422
5090 4.973680 4.973680 4.973680 0.528422 0.528422 0.528422
5100 4.973680 4.973680 4.973680 0.528422 0.528422 0.528422
5110 4.973680 4.973680 4.973680 0.528422 0.528422 0.528422
5120 4.973680 4.973680 4.973680 0.528422 0.528422 0.528422
5130 4.973680 4.973680 4.973680 0.528422 0.528422 0.528422
5140 4.973680 4.973680 4.973680 0.528422 0.528422 0.528422
5150 4.973680 4.973680 4.973680 0.528422 0.528422 0.528422
5160 4.973680 4.973680 4.973680 0.528422 0.528422 0.528422
5170 4.973680 4.973680 4.973680 0.528422 0.528422 0.528422
5180 4.973680 4.973680 4.973680 0.528422 0.528422 0.528422
5190 4.973680 4.973680 4.973680 0.528422 0.528422 0.528422
5200 4.973680 4.973680 4.973680 0.528422 0.528422 0.528422
5210 4.973680 4.973680 4.973680 0.528422 0.528422 0.528422
5220 4.973680 4.973680 4.973680 0.528422 0.528422 0.528422
5230 4.973680 4.973680 4.973680 0.528422 0.528422 0.528422
5240 4.973680 4.973680 4.973680 0.528422 0.528422 0.528422
5250 4.973680 4.973680 4.973680 0.528422 0.528422 0.528422
5260 4.973680 4.973680 4.973680 0.528422 0.528422 0.528422
5270 4.973680 4.973680 4.973680 0.528422 0.528422 0.528422
5280 4.973680 4.973680 4.973680 0.528422 0.528422 0.528422
5290 4.973680 4.973680 4.973680 0.528422 0.528422 0.528422
5300 4.973680 4.973680 4.973680 0.528422 0.528422 0.528422
5310 4.973680 4.973680 4.973680 0.528422 0.528422 0.528422
5320 4.973680 4.973680 4.973680 0.528422 0.528422 0.528422
5330 4.973680 4.973680 4.973680 0.528422 0.528422 0.528422
5340 4.973680 4.973680 4.973680 0.528422 0.528422 0.528422
5350 4.973680 4.973680 4.973680 0.528422 0.528422 0.528422
5360 4.973680 4.973680 4.973680 0.528422 0.528422 0.528422
5370 4.973680 4.973680 4.973680 0.528422 0.528422 0.528422
5380 4.973680 4.973680 4.973680 0.528422 0.528422 0.528422
5390 4.973680 4.973680 4.973680 0.528422 0.528422 0.528422
5400 4.973680 4.973680 4.973680 0.528422 0.528422 0.528422
5410 4.973680 4.973680 4.973680 0.528422 0.528422 0.528422
5420 4.973680 4.973680 4.973680 0.528422 0.528422 0.528422
5430 4.973680 4.973680 4.973680 0.528422 0.528422 0.528422
5440 4.973680 4.973680 4.973680 0.528422 0.528422 0.528422
5450 4.973680 4.973680 4.973680 0.528422 0.528422 0.528422
5460 4.973680 4.973680 4.973680 0.528422 0.528422 0.528422
5470 4.973680 4.973680 4.973680 0.528422 0.528422 0.528422
5480 4.973680 4.973680 4.973680 0.528422 0.528422 0.528422
5490 4.973680 4.973680 4.973680 0.528422 0.528422 0.528422
5500 4.973680 4.973680 4.973680 0.528422 0.528422 0.528422
5510 4.973680 4.973680 4.973680 0.528422 0.528422 0.528422
5520 4.973680 4.973680 4.973680 0.528422 0.528422 0.528422
5530 4.973680 4.973680 4.973680 0.528422 0.528422 0.528422
5540 4.973680 4.973680 4.973680 0.528422 0.528422 0.528422
5550 4.973680 4.973680 4.973680 0.528422 0.528422 0.528422
5560 4.973680 4.973680 4.973680 0.528422 0.528422 0.528422
5570 4.973680 4.973680 4.973680 0.528422 0.528422 0.528422
5580 4.973680 4.973680 4.973680 0.528422 0.528422 0.528422
5590 4.973680 4.973680 4.973680 0.528422 0.528422 0.528422
5600 4.973680 4.973680 4.973680 0.528422 0.528422 0.528422
5610 4.973680 4.973680 4.973680 0.528422 0.528422 0.528422
5620 4.973680 4.973680 4.973680 0.528422 0.528422 0.528422
5630 4.973680 4.973680 4.973680 0.528422 0.528422 0.528422
5640 4.973680 4.973680 4.973680 0.528422 0.528422 0.528422
5650 4.973680 4.973680 4.973680 0.528422 0.528422 0.528422
5660 4.973680 4.973680 4.973680 0.528422 0.528422 0.528422
5670 4.973680 4.973680 4.973680 0.528422 0.528422 0.528422
5680 4.973680 4.973680 4.973680 0.528422 0.528422 0.528422
5690 4.973680 4.973680 4.973680 0.528422 0.528422 0.528422
5700 4.973680 4.973680 4.973680 0.528422 0.528422 0.528422
5710 4.973680 4.973680 4.973680 0.528422 0.528422 0.528422
5720 4.973680 4.973680 4.973680 0.528422 0.528422 0.528422
5730 4.973680 4.973680 4.973680 0.528422 0.528422 0.528422
5740 4.973680 4.973680 4.973680 0.528422 0.528422 0.528422
5750 4.973680 4.973680 4.973680 0.528422 0.528422 0.528422
5760 4.973680 4.973680 4.973680 0.528422 0.528422 0.528422
5770 4.973680 4.973680 4.973680 0.528422 0.528422 0.528422
5780 4.973680 4.973680 4.973680 0.528422 0.528422 0.528422
5790 4.973680 4.973680 4.973680 0.528422 0.528422 0.528422
5800 4.973680 4.973680 4.973680 0.528422 0.528422 0.528422
5810 4.973680 4.973680 4.973680 0.528422 0.528422 0.528422
5820 4.973680 4.973680 4.973680 0.528422 0.528422 0.528422
5830 4.973680 4.973680 4.973680 0.528422 0.528422 0.528422
5840 4.973680 4.973680 4.973680 0.528422 0.528422 0.528422
5850 4.973680 4.973680 4.973680 0.528422 0.528422 0.528422
5860 4.973680 4.973680 4.973680 0.528422 0.528422 0.528422
5870 4.973680 4.973680 4.973680 0.528422 0.528422 0.528422
5880 4.973680 4.973680 4.973680 0.528422 0.528422 0.528422
5890 4.973680 4.973680 4.973680 0.528422 0.528422 0.528422
5900 4.973680 4.973680 4.973680 0.528422 0.528422 0.528422
5910 4.973680 4.973680 4.973680 0.528422 0.528422 0.528422
5920 4.973680 4.973680 4.973680 0.528422 0.528422 0.528422
5930 4.973680 4.973680 4.973680 0.528422 0.528422 0.528422
5940 4.973680 4.973680 4.973680 0.528422 0.528422 0.528422
5950 4.973680 4.973680 4.973680 0.528422 0.528422 0.528422
5960 4.973680 4.973680 4.973680 0.528422 0.528422 0.528422
5970 4.973680 4.973680 4.973680 0.528422 0.528422 0.528422
5980 4.973680 4.973680 4.973680 0.528422 0.528422 0.528422
5990 4.973680 4.973680 4.973680 0.528422 0.528422 0.528422
6000 4.973680 4.973680 4.973680 0.528422 0.528422 0.528422
6010 4.973680 4.973680 4.973680 0.528422 0.528422 0.528422
6020 4.973680 4.973680 4.973680 0.528422 0.528422 0.528422
6030 4.973680 4.973680 4.973680 0.528422 0.528422 0.528422
6040 4.973680 4.973680 4.973680 0.528422 0.528422 0.528422
6050 4.973680 4.973680 4.973680 0.528422 0.528422 0.528422
6060 4.973680 4.973680 4.973680 0.528422 0.528422 0.528422
6070 4.973680 4.973680 4.973680 0.528422 0.528422 0.528422
6080 4.973680 4.973680 4.973680 0.528422 0.528422 0.528422
6090 4.973680 4.973680 4.973680 0.528422 0.528422 0.528422
6100 4.973680 4.973680 4.973680 0.528422 0.528422 0.528422
6110 4.973680 4.973680 4.973680 0.528422 0.528422 0.528422
6120 4.973680 4.973680 4.973680 0.528422 0.528422 0.528422
6130 4.973680 4.973680 4.973680 0.528422 0.528422 0.528422
6140 4.973680 4.973680 4.973680 0.528422 0.528422 0.528422
6150 4.973680 4.973680 4.973680 0.528422 0.528422 0.528422
6160 4.973680 4.973680 4.973680 0.528422 0.528422 0.528422
6170 4.973680 4.973680 4.973680 0.528422 0.528422 0.528422
6180 4.973680 4.973680 4.973680 0.528422 0.528422 0.528422
6190 4.973680 4.973680 4.973680 0.528422 0.528422 0.528422
6200 4.973680 4.973680 4.973680 0.528422 0.528422 0.528422
6210 4.973680 4.973680 4.973680 0.528422 0.528422 0.528422
6220 4.973680 4.973680 4.973680 0.528422 0.528422 0.528422
6230 4.973680 4.973680 4.973680 0.528422 0.528422 0.528422
6240 4.973680 4.973680 4.973680 0.528422 0.528422 0.528422
6250 4.973680 4.973680 4.973680 0.528422 0.528422 0.528422
6260 4.973680 4.973680 4.973680 0.528422 0.528422 0.528422
6270 4.973680 4.973680 4.973680 0.528422 0.528422 0.528422
6280 4.973680 4.973680 4.973680 0.528422 0.528422 0.528422
6290 4.973680 4.973680 4.973680 0.528422 0.528422 0.528422
6300 4.973680 4.973680 4.973680 0.528422 0.528422 0.528422
6310 4.973680 4.973680 4.973680 0.528422 0.528422 0.528422
6320 4.973680 4.973680 4.973680 0.528422 0.528422 0.528422
6330 4.973680 4.973680 4.973680 0.528422 0.528422 0.528422
6340 4.973680 4.973680 4.973680 0.528422 0.528422 0.528422
6350 4.973680 4.973680 4.973680 0.528422 0.528422 0.528422
6360 4.973680 4.973680 4.973680 0.528422 0.528422 0.528422
6370 4.973680 4.973680 4.973680 0.528422 0.528422 0.528422
6380 4.973680 4.973680 4.973680 0.528422 0.528422 0.528422
6390 4.973680 4.973680 4.973680 0.528422 0.528422 0.528422
6400 4.973680 4.973680 4.973680 0.528422 0.528422 0.528422
6410 4.973680 4.973680 4.973680 0.528422 0.528422 0.528422
6420 4.973680 4.973680 4.973680 0.528422 0.528422 0.528422
6430 4.973680 4.973680 4.973680 0.528422 0.528422 0.528422
6440 4.973680 4.973680 4.973680 0.528422 0.528422 0.528422
6450 4.973680 4.973680 4.973680 0.528422 0.528422 0.528422
6460 4.973680 4.973680 4.973680 0.528422 0.528422 0.528422
6470 4.973680 4.973680 4.973680 0.528422 0.528422 0.528422
6480 4.973680 4.973680 4.973680 0.528422 0.528422 0.528422
6490 4.973680 4.973680 4.973680 0.528422 0.528422 0.528422
6500 4.973680 4.973680 4.973680 0.528422 0.528422 0.528422
6510 4.973680 4.973680 4.973680 0.528422 0.528422 0.528422
6520 4.973680 4.973680 4.973680 0.528422 0.528422 0.528422
6530 4.973680 4.973680 4.973680 0.528422 0.528422 0.528422
6540 4.973680 4.973680 4.973680 0.528422 0.528422 0.528422
6550 4.973680 4.973680 4.973680 0.528422 0.528422 0.528422
6560 4.973680 4.973680 4.973680 0.528422 0.528422 0.528422
6570 4.973680 4.973680 4.973680 0.528422 0.528422 0.528422
6580 4.973680 4.973680 4.973680 0.528422 0.528422 0.528422
6590 4.973680 4.973680 4.973680 0.528422 0.528422 0.528422
6600 4.973680 4.973680 4.973680 0.528422 0.528422 0.528422
6610 4.973680 4.973680 4.973680 0.528422 0.528422 0.528422
6620 4.973680 4.973680 4.973680 0.528422 0.528422 0.528422
6630 4.973680 4.973680 4.973680 0.528422 0.528422 0.528422
6640 4.973680 4.973680 4.973680 0.528422 0.528422 0.528422
6650 4.973680 4.973680 4.973680 0.528422 0.528422 0.528422
6660 4.973680 4.973680 4.973680 0.528422 0.528422 0.528422
6670 4.973680 4.973680 4.973680 0.528422 0.528422 0.528422
6680 4.973680 4.973680 4.973680 0.528422 0.528422 0.528422
6690 4.973680 4.973680 4.973680 0.528422 0.528422 0.528422
6700 4.973680 4.973680 4.973680 0.528422 0.528422 0.528422
6710 4.973680 4.973680 4.973680 0.528422 0.528422 0.528422
6720 4.973680 4.973680 4.973680 0.528422 0.528422 0.528422
6730 4.973680 4.973680 4.973680 0.528422 0.528422 0.528422
6740 4.973680 4.973680 4.973680 0.528422 0.528422 0.528422
6750 4.973680 4.973680 4.973680 0.528422 0.528422 0.528422
6760 4.973680 4.973680 4.973680 0.528422 0.528422 0.528422
6770 4.973680 4.973680 4.973680 0.528422 0.528422 0.528422
6780 4.973680 4.973680 4.973680 0.528422 0.528422 0.528422
6790 4.973680 4.973680 4.973680 0.528422 0.528422 0.528422
6800 4.973680 4.973680 4.973680 0.528422 0.528422 0.528422
6810 4.973680 4.973680 4.973680 0.528422 0.528422 0.528422
6820 4.973680 4.973680 4.973680 0.528422 0.528422 0.528422
6830 4.973680 4.973680 4.973680 0.528422 0.528422 0.528422
6840 4.973680 4.973680 4.973680 0.528422 0.528422 0.528422
6850 4.973680 4.973680 4.973680 0.528422 0.528422 0.528422
6860 4.973680 4.973680 4.973680 0.528422 0.528422 0.528422
6870 4.973680 4.973680 4.973680 0.528422 0.528422 0.528422
6880 4.973680 4.973680 4.973680 0.528422 0.528422 0.528422
6890 4.973680 4.973680 4.973680 0.528422 0.528422 0.528422
6900 4.973680 4.973680 4.973680 0.528422 0.528422 0.528422
6910 4.973680 4.973680 4.973680 0.528422 0.528422 0.528422
6920 4.973680 4.973680 4.973680 0.528422 0.528422 0.528422
6930 4.973680 4.973680 4.973680 0.528422 0.528422 0.528422
6940 4.973680 4.973680 4.973680 0.528422 0.528422 0.528422
6950 4.973680 4.973680 4.973680 0.528422 0.528422 0.528422
6960 4.973680 4.973680 4.973680 0.528422 0.528422 0.528422
6970 4.973680 4.973680 4.973680 0.528422 0.528422 0.528422
6980 4.973680 4.973680 4.973680 0.528422 0.528422 0.528422
6990 4.973680 4.973680 4.973680 0.528422 0.528422 0.528422
7000 4.973680 4.973680 4.973680 0.528422 0.528422 0.528422
7010 4.973680 4.973680 4.973680 0.528422 0.528422 0.528422
7020 4.973680 4.973680 4.973680 0.528422 0.528422 0.528422
7030 4.973680 4.973680 4.973680 0.528422 0.528422 0.528422
7040 4.973680 4.973680 4.973680 0.528422 0.528422 0.528422
7050 4.973680 4.973680 4.973680 0.528422 0.528422 0.528422
7060 4.973680 4.973680 4.973680 0.528422 0.528422 0.528422
7070 4.973680 4.973680 4.973680 0.528422 0.528422 0.528422
7080 4.973680 4.973680 4.973680 0.528422 0.528422 0.528422
7090 4.973680 4.973680 4.973680 0.528422 0.528422 0.528422
7100 4.973680 4.973680 4.973680 0.528422 0.528422 0.528422
7110 4.973680 4.973680 4.973680 0.528422 0.528422 0.528422
7120 4.973680 4.973680 4.973680 0.528422 0.528422 0.528422
7130 4.973680 4.973680 4.973680 0.528422 0.528422 0.528422
7140 4.973680 4.973680 4.973680 0.528422 0.528422 0.528422
7150 4.973680 4.973680 4.973680 0.528422 0.528422 0.528422
7160 4.973680 4.973680 4.973680 0.528422 0.528422 0.528422
7170 4.973680 4.973680 4.973680 0.528422 0.528422 0.528422
7180 4.973680 4.973680 4.973680 0.528422 0.528422 0.528422
7190 4.973680 4.973680 4.973680 0.528422 0.528422 0.528422
7200 4.973680 4.973680 4.973680 0.528422 0.528422 0.528422
7210 4.973680 4.973680 4.973680 0.528422 0.528422 0.528422
7220 4.973680 4.973680 4.973680 0.528422 0.528422 0.528422
7230 4.973680 4.973680 4.973680 0.528422 0.528422 0.528422
7240 4.973680 4.973680 4.973680 0.528422 0.528422 0.528422
7250 4.973680 4.973680 4.973680 0.528422 0.528422 0.528422
7260 4.973680 4.973680 4.973680 0.528422 0.528422 0.528422
7270 4.973680 4.973680 4.973680 0.528422 0.528422 0.528422
7280 4.973680 4.973680 4.973680 0.528422 0.528422 0.528422
7290 4.973680 4.973680 4.973680 0.528422 0.528422 0.528422
7300 4.973680 4.973680 4.973680 0.528422 0.528422 0.528422
7310 4.973680 4.973680 4.973680 0.528422 0.528422 0.528422
7320 4.973680 4.973680 4.973680 0.528422 0.528422 0.528422
7330 4.973680 4.973680 4.973680 0.528422 0.528422 0.528422
7340 4.973680 4.973680 4.973680 0.528422 0.528422 0.528422
7350 4.973680 4.973680 4.973680 0.528422 0.528422 0.528422
7360 4.973680 4.973680 4.973680 0.528422 0.528422 0.528422
7370 4.973680 4.973680 4.973680 0.528422 0.528422 0.528422
7380 4.973680 4.973680 4.973680 0.528422 0.528422 0.528422
7390 4.973680 4.973680 4.973680 0.528422 0.528422 0.528422
7400 4.973680 4.973680 4.973680 0.528422 0.528422 0.528422
7410 4.973680 4.973680 4.973680 0.528422 0.528422 0.528422
7420 4.973680 4.973680 4.973680 0.528422 0.528422 0.528422
7430 4.973680 4.973680 4.973680 0.528422 0.528422 0.528422
7440 4.973680 4.973680 4.973680 0.528422 0.528422 0.528422
7450 4.973680 4.973680 4.973680 0.528422 0.528422 0.528422
7460 4.973680 4.973680 4.973680 0.528422 0.528422 0.528422
7470 4.973680 4.973680 4.973680 0.528422 0.528422 0.528422
7480 4.973680 4.973680 4.973680 0.528422 0.528422 0.528422
7490 4.973680 4.973680 4.973680 0.528422 0.528422 0.528422
7500 4.973680 4.973680 4.973680 0.528422 0.528422 0.528422
7510 4.973680 4.973680 4.973680 0.528422 0.528422 0.528422
7520 4.973680 4.973680 4.973680 0.528422 0.528422 0.528422
7530 4.973680 4.973680 4.973680 0.528422 0.528422 0.528422
7540 4.973680 4.973680 4.973680 0.528422 0.528422 0.528422
7550 4.973680 4.973680 4.973680 0.528422 0.528422 0.528422
7560 4.973680 4.973680 4.973680 0.528422 0.528422 0.528422
7570 4.973680 4.973680 4.973680 0.528422 0.528422 0.528422
7580 4.973680 4.973680 4.973680 0.528422 0.528422 0.528422
7590 4.973680 4.973680 4.973680 0.528422 0.528422 0.528422
7600 4.973680 4.973680 4.973680 0.528422 0.528422 0.528422
7610 4.973680 4.973680 4.973680 0.528422 0.528422 0.528422
7620 4.973680 4.973680 4.973680 0.528422 0.528422 0.528422
7630 4.973680 4.973680 4.973680 0.528422 0.528422 0.528422
7640 4.973680 4.973680 4.973680 0.528422 0.528422 0.528422
7650 4.973680 4.973680 4.973680 0.528422 0.528422 0.528422
7660 4.973680 4.973680 4.973680 0.528422 0.528422 0.528422
7670 4.973680 4.973680 4.973680 0.528422 0.528422 0.528422
7680 4.973680 4.973680 4.973680 0.528422 0.528422 0.528422
7690 4.973680 4.973680 4.973680 0.528422 0.528422 0.528422
7700 4.973680 4.973680 4.973680 0.528422 0.528422 0.528422
7710 4.973680 4.973680 4.973680 0.528422 0.528422 0.528422
7720 4.973680 4.973680 4.973680 0.528422 0.528422 0.528422
7730 4.973680 4.973680 4.973680 0.528422 0.528422 0.528422
7740 4.973680 4.973680 4.973680 0.528422 0.528422 0.528422
7750 4.973680 4.973680 4.973680 0.528422 0.528422 0.528422
7760 4.973680 4.973680 4.973680 0.528422 0.528422 0.528422
7770 4.973680 4.973680 4.973680 0.528422 0.528422 0.528422
7780 4.973680 4.973680 4.973680 0.528422 0.528422 0.528422
7790 4.973680 4.973680 4.973680 0.528422 0.528422 0.528422
7800 4.973680 4.973680 4.973680 0.528422 0.528422 0.528422
7810 4.973680 4.973680 4.973680 0.528422 0.528422 0.528422
7820 4.973680 4.973680 4.973680 0.528422 0.528422 0.528422
7830 4.973680 4.973680 4.973680 0.528422 0.528422 0.528422
7840 4.973680 4.973680 4.973680 0.528422 0.528422 0.528422
7850 4.973680 4.973680 4.973680 0.528422 0.528422 0.528422
7860 4.973680 4.973680 4.973680 0.528422 0.528422 0.528422
7870 4.973680 4.973680 4.973680 0.528422 0.528422 0.528422
7880 4.973680 4.973680 4.973680 0.528422 0.528422 0.528422
7890 4.973680 4.973680 4.973680 0.528422 0.528422 0.528422
7900 4.973680 4.973680 4.973680 0.528422 0.528422 0.528422
7910 4.973680 4.973680 4.973680 0.528422 0.528422 0.528422
7920 4.973680 4.973680 4.973680 0.528422 0.528422 0.528422
7930 4.973680 4.973680 4.973680 0.528422 0.528422 0.528422
7940 4.973680 4.973680 4.973680 0.528422 0.528422 0.528422
7950 4.973680 4.973680 4.973680 0.528422 0.528422 0.528422
7960 4.973680 4.973680 4.973680 0.528422 0.528422 0.528422
7970 4.973680 4.973680 4.973680 0.528422 0.528422 0.528422
7980 4.973680 4.973680 4.973680 0.528422 0.528422 0.528422
7990 4.973680 4.973680 4.973680 0.528422 0.528422 0.528422
8000 4.973680 4.973680 4.973680 0.528422 0.528422 0.528422
8010 4.973680 4.973680 4.973680 0.528422 0.528422 0.528422
8020 4.973680 4.973680 4.973680 0.528422 0.528422 0.528422
8030 4.973680 4.973680 4.973680 0.528422 0.528422 0.528422
8040 4.973680 4.973680 4.973680 0.528422 0.528422 0.528422
8050 4.973680 4.973680 4.973680 0.528422 0.528422 0.528422
8060 4.973680 4.973680 4.973680 0.528422 0.528422 0.528422
8070 4.973680 4.973680 4.973680 0.528422 0.528422 0.528422
8080 4.973680 4.973680 4.973680 0.528422 0.528422 0.528422
8090 4.973680 4.973680 4.973680 0.528422 0.528422 0.528422
8100 4.973680 4.973680 4.973680 0.528422 0.528422 0.528422
8110 4.973680 4.973680 4.973680 0.528422 0.528422 0.528422
8120 4.973680 4.973680 4.973680 0.528422 0.528422 0.528422
8130 4.973680 4.973680 4.973680 0.528422 0.528422 0.528422
8140 4.973680 4.973680 4.973680 0.528422 0.528422 0.528422
8150 4.973680 4.973680 4.973680 0.528422 0.528422 0.528422
8160 4.973680 4.973680 4.973680 0.528422 0.528422 0.528422
8170 4.973680 4.973680 4.973680 0.528422 0.528422 0.528422
8180 4.973680 4.973680 4.973680 0.528422 0.528422 0.528422
8190 4.973680 4.973680 4.973680 0.528422 0.528422 0.528422
8200 4.973680 4.973680 4.973680 0.528422 0.528422 0.528422
8210 4.973680 4.973680 4.973680 0.528422 0.528422 0.528422
8220 4.973680 4.973680 4.973680 0.528422 0.528422 0.528422
8230 4.973680 4.973680 4.973680 0.528422 0.528422 0.528422
8240 4.973680 4.973680 4.973680 0.528422 0.528422 0.528422
8250 4.973680 4.973680 4.973680 0.528422 0.528422 0.528422
8260 4.973680 4.973680 4.973680 0.528422 0.528422 0.528422
8270 4.973680 4.973680 4.973680 0.528422 0.528422 0.528422
8280 4.973680 4.973680 4.973680 0.528422 0.528422 0.528422
8290 4.973680 4.973680 4.973680 0.528422 0.528422 0.528422
8300 4.973680 4.973680 4.973680 0.528422 0.528422 0.528422
8310 4.973680 4.973680 4.973680 0.528422 0.528422 0.528422
8320 4.973680 4.973680 4.973680 0.528422 0.528422 0.528422
8330 4.973680 4.973680 4.973680 0.528422 0.528422 0.528422
8340 4.973680 4.973680 4.973680 0.528422 0.528422 0.528422
8350 4.973680 4.973680 4.973680 0.528422 0.528422 0.528422
8360 4.973680 4.973680 4.973680 0.528422 0.528422 0.528422
8370 4.973680 4.973680 4.973680 0.528422 0.528422 0.528422
8380 4.973680 4.973680 4.973680 0.528422 0.528422 0.528422
8390 4.973680 4.973680 4.973680 0.528422 0.528422 0.528422
8400 4.973680 4.973680 4.973680 0.528422 0.528422 0.528422
8410 4.973680 4.973680 4.973680 0.528422 0.528422 0.528422
8420 4.973680 4.973680 4.973680 0.528422 0.528422 0.528422
8430 4.973680 4.973680 4.973680 0.528422 0.528422 0.528422
8440 4.973680 4.973680 4.973680 0.528422 0.528422 0.528422
8450 4.973680 4.973680 4.973680 0.528422 0.528422 0.528422
8460 4.973680 4.973680 4.973680 0.528422 0.528422 0.528422
8470 4.973680 4.973680 4.973680 0.528422 0.528422 0.528422
8480 4.973680 4.973680 4.973680 0.528422 0.528422 0.528422
8490 4.973680 4.973680 4.973680 0.528422 0.528422 0.528422
8500 4.973680 4.973680 4.973680 0.528422 0.528422 0.528422
8510 4.973680 4.973680 4.973680 0.528422 0.528422 0.528422
8520 4.973680 4.973680 4.973680 0.528422 0.528422 0.528422
8530 4.973680 4.973680 4.973680 0.528422 0.528422 0.528422
8540 4.973680 4.973680 4.973680 0.528422 0.528422 0.528422
8550 4.973680 4.973680 4.973680 0.528422 0.528422 0.528422
8560 4.973680 4.973680 4.973680 0.528422 0.528422 0.528422
8570 4.973680 4.973680 4.973680 0.528422 0.528422 0.528422
8580 4.973680 4.973680 4.973680 0.528422 0.528422 0.528422
8590 4.973680 4.973680 4.973680 0.528422 0.528422 0.528422
8600 4.973680 4.973680 4.973680 0.528422 0.528422 0.528422
8610 4.973680 4.973680 4.973680 0.528422 0.528422 0.528422
8620 4.973680 4.973680 4.973680 0.528422 0.528422 0.528422
8630 4.973680 4.973680 4.973680 0.528422 0.528422 0.528422
8640 4.973680 4.973680 4.973680 0.528422 0.528422 0.528422
8650 4.973680 4.973680 4.973680 0.528422 0.528422 0.528422
8660 4.973680 4.973680 4.973680 0.528422 0.528422 0.528422
8670 4.973680 4.973680 4.973680 0.528422 0.528422 0.528422
8680 4.973680 4.973680 4.973680 0.528422 0.528422 0.528422
8690 4.973680 4.973680 4.973680 0.528422 0.528422 0.528422
8700 4.973680 4.973680 4.973680 0.528422 0.528422 0.528422
8710 4.973680 4.973680 4.973680 0.528422 0.528422 0.528422
8720 4.973680 4.973680 4.973680 0.528422 0.528422 0.528422
8730 4.973680 4.973680 4.973680 0.528422 0.528422 0.528422
8740 4.973680 4.973680 4.973680 0.528422 0.528422 0.528422
8750 4.973680 4.973680 4.973680 0.528422 0.528422 0.528422
8760 4.973680 4.973680 4.973680 0.528422 0.528422 0.528422
8770 4.973680 4.973680 4.973680 0.528422 0.528422 0.528422
8780 4.973680 4.973680 4.973680 0.528422 0.528422 0.528422
8790 4.973680 4.973680 4.973680 0.528422 0.528422 0.528422
8800 4.973680 4.973680 4.973680 0.528422 0.528422 0.528422
8810 4.973680 4.973680 4.973680 0.528422 0.528422 0.528422
8820 4.973680 4.973680 4.973680 0.528422 0.528422 0.528422
8830 4.973680 4.973680 4.973680 0.528422 0.528422 0.528422
8840 4.973680 4.973680 4.973680 0.528422 0.528422 0.528422
8850 4.973680 4.973680 4.973680 0.528422 0.528422 0.528422
8860 4.973680 4.973680 4.973680 0.528422 0.528422 0.528422
8870 4.973680 4.973680 4.973680 0.528422 0.528422 0.528422
8880 4.973680 4.973680 4.973680 0.528422 0.528422 0.528422
8890 4.973680 4.973680 4.973680 0.528422 0.528422 0.528422
8900 4.973680 4.973680 4.973680 0.528422 0.528422 0.528422
8910 4.973680 4.973680 4.973680 0.528422 0.528422 0.528422
8920 4.973680 4.973680 4.973680 0.528422 0.528422 0.528422
8930 4.973680 4.973680 4.973680 0.528422 0.528422 0.528422
8940 4.973680 4.973680 4.973680 0.528422 0.528422 0.528422
8950 4.973680 4.973680 4.973680 0.528422 0.528422 0.528422
8960 4.973680 4.973680 4.973680 0.528422 0.528422 0.528422
8970 4.973680 4.973680 4.973680 0.528422 0.528422 0.528422
8980 4.973680 4.973680 4.973680 0.528422 0.528422 0.528422
8990 4.973680 4.973680 4.973680 0.528422 0.528422 0.528422
9000 4.973680 4.973680 4.973680 0.528422 0.528422 0.528422
9010 4.973680 4.973680 4.973680 0.528422 0.528422 0.528422
9020 4.973680 4.973680 4.973680 0.528422 0.528422 0.528422
9030 4.973680 4.973680 4.973680 0.528422 0.528422 0.528422
9040 4.973680 4.973680 4.973680 0.528422 0.528422 0.528422
9050 4.973680 4.973680 4.973680 0.528422 0.528422 0.528422
9060 4.973680 4.973680 4.973680 0.528422 0.528422 0.528422
9070 4.973680 4.973680 4.973680 0.528422 0.528422 0.528422
9080 4.973680 4.973680 4.973680 0.528422 0.528422 0.528422
9090 4.973680 4.973680 4.973680 0.528422 0.528422 0.528422
9100 4.973680 4.973680 4.973680 0.528422 0.528422 0.528422
9110 4.973680 4.973680 4.973680 0.528422 0.528422 0.528422
9120 4.973680 4.973680 4.973680 0.528422 0.528422 0.528422
9130 4.973680 4.973680 4.973680 0.528422 0.528422 0.528422
9140 4.973680 4.973680 4.973680 0.528422 0.528422 0.528422
9150 4.973680 4.973680 4.973680 0.528422 0.528422 0.528422
9160 4.973680 4.973680 4.973680 0.528422 0.528422 0.528422
9170 4.973680 4.973680 4.973680 0.528422 0.528422 0.528422
9180 4.973680 4.973680 4.973680 0.528422 0.528422 0.528422
9190 4.973680 4.973680 4.973680 0.528422 0.528422 0.528422
9200 4.973680 4.973680 4.973680 0.528422 0.528422 0.528422
9210 4.973680 4.973680 4.973680 0.528422 0.528422 0.528422
9220 4.973680 4.973680 4.973680 0.528422 0.528422 0.528422
9230 4.973680 4.973680 4.973680 0.528422 0.528422 0.528422
9240 4.973680 4.973680 4.973680 0.528422 0.528422 0.528422
9250 4.973680 4.973680 4.973680 0.528422 0.528422 0.528422
9260 4.973680 4.973680 4.973680 0.528422 0.528422 0.528422
9270 4.973680 4.973680 4.973680 0.528422 0.528422 0.528422
9280 4.973680 4.973680 4.973680 0.528422 0.528422 0.528422
9290 4.973680 4.973680 4.973680 0.528422 0.528422 0.528422
9300 4.973680 4.973680 4.973680 0.528422 0.528422 0.528422
9310 4.973680 4.973680 4.973680 0.528422 0.528422 0.528422
9320 4.973680 4.973680 4.973680 0.528422 0.528422 0.528422
9330 4.973680 4.973680 4.973680 0.528422 0.528422 0.528422
9340 4.973680 4.973680 4.973680 0.528422 0.528422 0.528422
9350 4.973680 4.973680 4.973680 0.528422 0.528422 0.528422
9360 4.973680 4.973680 4.973680 0.528422 0.528422 0.528422
9370 4.973680 4.973680 4.973680 0.528422 0.528422 0.528422
9380 4.973680 4.973680 4.973680 0.528422 0.528422 0.528422
9390 4.973680 4.973680 4.973680 0.528422 0.528422 0.528422
9400 4.973680 4.973680 4.973680 0.528422 0.528422 0.528422
9410 4.973680 4.973680 4.973680 0.528422 0.528422 0.528422
9420 4.973680 4.973680 4.973680 0.528422 0.528422 0.528422
9430 4.973680 4.973680 4.973680 0.528422 0.528422 0.528422
9440 4.973680 4.973680 4.973680 0.528422 0.528422 0.528422
9450 4.973680 4.973680 4.973680 0.528422 0.528422 0.528422
9460 4.973680 4.973680 4.973680 0.528422 0.528422 0.528422
9470 4.973680 4.973680 4.973680 0.528422 0.528422 0.528422
9480 4.973680 4.973680 4.973680 0.528422 0.528422 0.528422
9490 4.973680 4.973680 4.973680 0.528422 0.528422 0.528422
9500 4.973680 4.973680 4.973680 0.528422 0.528422 0.528422
9510 4.973680 4.973680 4.973680 0.528422 0.528422 0.528422
9520 4.973680 4.973680 4.973680 0.528422 0.528422 0.528422
9530 4.973680 4.973680 4.973680 0.528422 0.528422 0.528422
9540 4.973680 4.973680 4.973680 0.528422 0.528422 0.528422
9550 4.973680 4.973680 4.973680 0.528422 0.528422 0.528422
9560 4.973680 4.973680 4.973680 0.528422 0.528422 0.528422
9570 4.973680 4.973680 4.973680 0.528422 0.528422 0.528422
9580 4.973680 4.973680 4.973680 0.528422 0.528422 0.528422
9590 4.973680 4.973680 4.973680 0.528422 0.528422 0.528422
9600 4.973680 4.973680 4.973680 0.528422 0.528422 0.528422
9610 4.973680 4.973680 4.973680 0.528422 0.528422 0.528422
9620 4.973680 4.973680 4.973680 0.528422 0.528422 0.528422
9630 4.973680 4.973680 4.973680 0.528422 0.528422 0.528422
9640 4.973680 4.973680 4.973680 0.528422 0.528422 0.528422
9650 4.973680 4.973680 4.973680 0.528422 0.528422 0.528422
9660 4.973680 4.973680 4.973680 0.528422 0.528422 0.528422
9670 4.973680 4.973680 4.973680 0.528422 0.528422 0.528422
9680 4.973680 4.973680 4.973680 0.528422 0.528422 0.528422
9690 4.973680 4.973680 4.973680 0.528422 0.528422 0.528422
9700 4.973680 4.973680 4.973680 0.528422 0.528422 0.528422
9710 4.973680 4.973680 4.973680 0.528422 0.528422 0.528422
9720 4.973680 4.973680 4.973680 0.528422 0.528422 0.528422
9730 4.973680 4.973680 4.973680 0.528422 0.528422 0.528422
9740 4.973680 4.973680 4.973680 0.528422 0.528422 0.528422
9750 4.973680 4.973680 4.973680 0.528422 0.528422 0.528422
9760 4.973680 4.973680 4.973680 0.528422 0.528422 0.528422
9770 4.973680 4.973680 4.973680 0.528422 0.528422 0.528422
9780 4.973680 4.973680 4.973680 0.528422 0.528422 0.528422
9790 4.973680 4.973680 4.973680 0.528422 0.528422 0.528422
9800 4.973680 4.973680 4.973680 0.528422 0.528422 0.528422
9810 4.973680 4.973680 4.973680 0.528422 0.528422 0.528422
9820 4.973680 4.973680 4.973680 0.528422 0.528422 0.528422
9830 4.973680 4.973680 4.973680 0.528422 0.528422 0.528422
9840 4.973680 4.973680 4.973680 0.528422 0.528422 0.528422
9850 4.973680 4.973680 4.973680 0.528422 0.528422 0.528422
9860 4.973680 4.973680 4.973680 0.528422 0.528422 0.528422
9870 4.973680 4.973680 4.973680 0.528422 0.528422 0.528422
9880 4.973680 4.973680 4.973680 0.528422 0.528422 0.528422
9890 4.973680 4.973680 4.973680 0.528422 0.528422 0.528422
9900 4.973680 4.973680 4.973680 0.528422 0.528422 0.528422
9910 4.973680 4.973680 4.973680 0.528422 0.528422 0.528422
9920 4.973680 4.973680 4.973680 0.528422 0.528422 0.528422
9930 4.973680 4.973680 4.973680 0.528422 0.528422 0.528422
9940 4.973680 4.973680 4.973680 0.528422 0.528422 0.528422
9950 4.973680 4.973680 4.973680 0.528422 0.528422 0.528422
9960 4.973680 4.973680 4.973680 0.528422 0.528422 0.528422
9970 4.973680 4.973680 4.973680 0.528422 0.528422 0.528422
9980 4.973680 4.973680 4.973680 0.528422 0.528422 0.528422
9990 4.973680 4.973680 4.973680 0.528422 0.528422 0.528422
10000 4.973680 4.973680 4.973680 0.528422 0.528422 0.528422
