# generation power_min power_avg power_max util_min util_avg util_max
1 37.727312 37.727312 37.727312 1.457758 1.491311 1.499967
10 38.157374 38.157374 38.157374 1.354934 1.484017 1.499967
20 38.157374 38.157374 38.157374 1.290694 1.474104 1.499967
30 38.536420 38.536420 38.536420 1.191031 1.459162 1.499967
40 38.536420 38.536420 38.536420 1.191031 1.448290 1.499967
50 38.947035 38.947035 38.947035 1.191031 1.428920 1.499967
60 38.947035 38.947035 38.947035 1.144523 1.404916 1.499967
70 38.962660 38.962660 38.962660 1.099215 1.382512 1.499967
80 38.962660 38.962660 38.962660 1.099215 1.353132 1.498150
90 39.256876 39.256876 39.256876 1.082319 1.323086 1.498150
100 39.256876 39.256876 39.256876 1.082319 1.290571 1.494507
110 39.627208 39.627208 39.627208 1.042593 1.260359 1.448566
120 39.776245 39.776245 39.776245 1.042593 1.225177 1.424085
130 40.841173 40.841173 40.841173 0.954200 1.192350 1.384562
140 40.841173 40.841173 40.841173 0.954200 1.162857 1.327565
150 40.841173 40.367633 40.841173 0.954200 1.136656 1.300316
160 40.841173 40.367633 40.841173 0.954200 1.116322 1.257710
170 40.841173 40.311558 40.841173 0.930597 1.095416 1.208080
180 40.841173 40.297091 40.841173 0.930597 1.079789 1.191686
190 40.841173 40.253539 40.841173 0.930597 1.062756 1.156524
200 40.841173 40.181114 40.841173 0.914558 1.049668 1.133436
210 40.841173 40.144121 40.841173 0.914558 1.036152 1.119217
220 40.841173 40.104957 40.841173 0.914558 1.025822 1.099517
230 40.841173 40.046712 40.841173 0.914558 1.017222 1.081990
240 40.841173 40.065900 40.841173 0.914558 1.008959 1.071990
250 40.841173 40.004559 40.841173 0.914558 1.001162 1.060339
260 40.841173 39.954312 40.841173 0.914558 0.995481 1.040652
270 40.841173 39.883412 40.841173 0.914558 0.991538 1.026340
280 40.585899 39.788197 40.585899 0.943089 0.992606 1.021354
290 40.402395 39.713402 40.402395 0.943089 0.993352 1.021354
300 40.132208 39.600452 40.132208 0.949255 0.994603 1.018169
310 40.036694 39.537198 40.036694 0.950235 0.995368 1.008155
320 39.897013 39.478222 39.897013 0.971548 0.996442 1.004976
330 39.832239 39.422025 39.832239 0.971548 0.996746 1.004976
340 39.665453 39.368728 39.665453 0.984155 0.997342 1.004878
350 39.538333 39.333591 39.538333 0.984155 0.997309 1.004878
360 39.517000 39.305101 39.517000 0.984155 0.996723 1.004878
370 39.479237 39.265763 39.479237 0.984155 0.996832 1.004878
380 39.477630 39.233862 39.477630 0.984155 0.996888 1.004878
390 39.422429 39.193393 39.422429 0.984155 0.996950 1.004878
400 39.393457 39.154326 39.393457 0.985842 0.997029 1.004878
410 39.353501 39.118147 39.353501 0.985842 0.996830 1.004878
420 39.294998 39.084876 39.294998 0.989139 0.997500 1.004878
430 39.116297 39.066996 39.116297 0.992722 0.997459 1.001984
440 39.098961 39.056975 39.098961 0.993590 0.997893 1.001984
450 39.098961 39.047452 39.098961 0.993590 0.998452 1.001984
460 39.098961 39.034510 39.098961 0.993590 0.998825 1.001984
470 39.089386 39.028438 39.089386 0.995617 0.998861 1.001984
480 39.089386 39.026880 39.089386 0.995617 0.998498 1.001984
490 39.089386 39.023359 39.089386 0.995617 0.998046 1.001984
500 39.076249 39.017063 39.076249 0.996909 0.998058 1.001304
510 39.021094 39.007149 39.021094 0.996909 0.998179 1.001304
520 39.021094 39.003161 39.021094 0.996909 0.998394 1.001304
530 39.021094 38.999011 39.021094 0.996909 0.998610 1.001304
540 39.021094 38.994020 39.021094 0.996909 0.998779 1.001304
550 39.017517 38.989937 39.017517 0.997170 0.998867 1.001304
560 39.017517 38.987733 39.017517 0.997170 0.998746 1.001304
570 39.007139 38.982257 39.007139 0.997170 0.998839 1.001304
580 38.983413 38.979068 38.983413 0.997170 0.998935 1.001304
590 38.983413 38.977725 38.983413 0.997170 0.999180 1.001304
600 38.983413 38.974972 38.983413 0.997170 0.999509 1.001304
610 38.983413 38.971709 38.983413 0.997170 0.999869 1.001304
620 38.983413 38.965131 38.983413 0.997170 1.000211 1.001304
630 38.977416 38.953661 38.977416 0.997595 1.000554 1.001304
640 38.954441 38.948563 38.954441 0.998598 1.000660 1.001304
650 38.954441 38.948089 38.954441 0.998598 1.000620 1.001304
660 38.954441 38.947552 38.954441 0.998598 1.000551 1.000879
670 38.948444 38.946723 38.948444 0.998598 1.000536 1.000879
680 38.948444 38.946723 38.948444 0.998598 1.000536 1.000879
690 38.948444 38.946780 38.948444 0.998598 1.000422 1.000879
700 38.948444 38.946810 38.948444 0.998598 1.000331 1.000879
710 38.948444 38.946650 38.948444 0.998598 1.000221 1.000879
720 38.948444 38.946533 38.948444 0.998598 1.000111 1.000879
730 38.948444 38.946480 38.948444 0.998598 0.999933 1.000879
740 38.948444 38.946453 38.948444 0.998598 0.999732 1.000879
750 38.948444 38.946442 38.948444 0.998598 0.999508 1.000879
760 38.948444 38.946435 38.948444 0.998598 0.999284 1.000879
770 38.948444 38.946429 38.948444 0.998598 0.999060 1.000879
780 38.948444 38.946233 38.948444 0.998598 0.998849 1.000879
790 38.940987 38.946039 38.948444 0.998598 0.998678 0.999775
800 38.940987 38.945785 38.946984 0.998598 0.998683 0.999022
810 38.940987 38.945545 38.946984 0.998598 0.998700 0.999022
820 38.940987 38.945305 38.946984 0.998598 0.998717 0.999022
830 38.940987 38.945065 38.946984 0.998598 0.998734 0.999022
840 38.940987 38.944585 38.946984 0.998598 0.998768 0.999022
850 38.940987 38.943986 38.946984 0.998598 0.998810 0.999022
860 38.940987 38.943386 38.946984 0.998598 0.998853 0.999022
870 38.940987 38.942846 38.946984 0.998598 0.998891 0.999022
880 38.940987 38.942247 38.946984 0.998598 0.998933 0.999022
890 38.940987 38.941647 38.946984 0.998598 0.998976 0.999022
900 38.940987 38.941047 38.946984 0.998598 0.999018 0.999022
910 38.940987 38.940987 38.940987 0.999022 0.999022 0.999022
920 38.940987 38.940987 38.940987 0.999022 0.999022 0.999022
930 38.940987 38.940987 38.940987 0.999022 0.999022 0.999022
940 38.940987 38.940987 38.940987 0.999022 0.999022 0.999022
950 38.940987 38.940987 38.940987 0.999022 0.999022 0.999022
960 38.940987 38.940987 38.940987 0.999022 0.999022 0.999022
970 38.940987 38.940987 38.940987 0.999022 0.999022 0.999022
980 38.940987 38.940987 38.940987 0.999022 0.999022 0.999022
990 38.940987 38.940987 38.940987 0.999022 0.999022 0.999022
1000 38.940987 38.940987 38.940987 0.999022 0.999022 0.999022
1010 38.940987 38.940987 38.940987 0.999022 0.999022 0.999022
1020 38.940987 38.940987 38.940987 0.999022 0.999022 0.999022
1030 38.940987 38.940987 38.940987 0.999022 0.999022 0.999022
1040 38.940987 38.940987 38.940987 0.999022 0.999022 0.999022
1050 38.940987 38.940987 38.940987 0.999022 0.999022 0.999022
1060 38.940987 38.940987 38.940987 0.999022 0.999022 0.999022
1070 38.940987 38.940987 38.940987 0.999022 0.999022 0.999022
1080 38.940987 38.940987 38.940987 0.999022 0.999022 0.999022
1090 38.940987 38.940987 38.940987 0.999022 0.999022 0.999022
1100 38.940987 38.940987 38.940987 0.999022 0.999022 0.999022
1110 38.940987 38.940987 38.940987 0.999022 0.999022 0.999022
1120 38.940987 38.940987 38.940987 0.999022 0.999022 0.999022
1130 38.940987 38.940987 38.940987 0.999022 0.999022 0.999022
1140 38.940987 38.940987 38.940987 0.999022 0.999022 0.999022
1150 38.940987 38.940987 38.940987 0.999022 0.999022 0.999022
1160 38.940987 38.940987 38.940987 0.999022 0.999022 0.999022
1170 38.940987 38.940987 38.940987 0.999022 0.999022 0.999022
1180 38.940987 38.940987 38.940987 0.999022 0.999022 0.999022
1190 38.940987 38.940987 38.940987 0.999022 0.999022 0.999022
1200 38.940987 38.940987 38.940987 0.999022 0.999022 0.999022
1210 38.940987 38.940987 38.940987 0.999022 0.999022 0.999022
1220 38.940987 38.940987 38.940987 0.999022 0.999022 0.999022
1230 38.940987 38.940987 38.940987 0.999022 0.999022 0.999022
1240 38.940987 38.940987 38.940987 0.999022 0.999022 0.999022
1250 38.940987 38.940987 38.940987 0.999022 0.999022 0.999022
1260 38.940987 38.940987 38.940987 0.999022 0.999022 0.999022
1270 38.940987 38.940987 38.940987 0.999022 0.999022 0.999022
1280 38.940987 38.940987 38.940987 0.999022 0.999022 0.999022
1290 38.940987 38.940987 38.940987 0.999022 0.999022 0.999022
1300 38.940987 38.940987 38.940987 0.999022 0.999022 0.999022
1310 38.940987 38.940987 38.940987 0.999022 0.999022 0.999022
1320 38.940987 38.940987 38.940987 0.999022 0.999022 0.999022
1330 38.940987 38.940987 38.940987 0.999022 0.999022 0.999022
1340 38.940987 38.940987 38.940987 0.999022 0.999022 0.999022
1350 38.940987 38.940987 38.940987 0.999022 0.999022 0.999022
1360 38.940987 38.940987 38.940987 0.999022 0.999022 0.999022
1370 38.940987 38.940987 38.940987 0.999022 0.999022 0.999022
1380 38.940987 38.940987 38.940987 0.999022 0.999022 0.999022
1390 38.940987 38.940987 38.940987 0.999022 0.999022 0.999022
1400 38.940987 38.940987 38.940987 0.999022 0.999022 0.999022
1410 38.940987 38.940987 38.940987 0.999022 0.999022 0.999022
1420 38.940987 38.940987 38.940987 0.999022 0.999022 0.999022
1430 38.940987 38.940987 38.940987 0.999022 0.999022 0.999022
1440 38.940987 38.940987 38.940987 0.999022 0.999022 0.999022
1450 38.940987 38.940987 38.940987 0.999022 0.999022 0.999022
1460 38.940987 38.940987 38.940987 0.999022 0.999022 0.999022
1470 38.940987 38.940987 38.940987 0.999022 0.999022 0.999022
1480 38.940987 38.940987 38.940987 0.999022 0.999022 0.999022
1490 38.940987 38.940987 38.940987 0.999022 0.999022 0.999022
1500 38.940987 38.940987 38.940987 0.999022 0.999022 0.999022
1510 38.940987 38.940987 38.940987 0.999022 0.999022 0.999022
1520 38.940987 38.940987 38.940987 0.999022 0.999022 0.999022
1530 38.940987 38.940987 38.940987 0.999022 0.999022 0.999022
1540 38.940987 38.940987 38.940987 0.999022 0.999022 0.999022
1550 38.940987 38.940987 38.940987 0.999022 0.999022 0.999022
1560 38.940987 38.940987 38.940987 0.999022 0.999022 0.999022
1570 38.940987 38.940987 38.940987 0.999022 0.999022 0.999022
1580 38.940987 38.940987 38.940987 0.999022 0.999022 0.999022
1590 38.940987 38.940987 38.940987 0.999022 0.999022 0.999022
1600 38.940987 38.940987 38.940987 0.999022 0.999022 0.999022
1610 38.940987 38.940987 38.940987 0.999022 0.999022 0.999022
1620 38.940987 38.940987 38.940987 0.999022 0.999022 0.999022
1630 38.940987 38.940987 38.940987 0.999022 0.999022 0.999022
1640 38.940987 38.940987 38.940987 0.999022 0.999022 0.999022
1650 38.940987 38.940987 38.940987 0.999022 0.999022 0.999022
1660 38.940987 38.940987 38.940987 0.999022 0.999022 0.999022
1670 38.940987 38.940987 38.940987 0.999022 0.999022 0.999022
1680 38.940987 38.940987 38.940987 0.999022 0.999022 0.999022
1690 38.940987 38.940987 38.940987 0.999022 0.999022 0.999022
1700 38.940987 38.940987 38.940987 0.999022 0.999022 0.999022
1710 38.940987 38.940987 38.940987 0.999022 0.999022 0.999022
1720 38.940987 38.940987 38.940987 0.999022 0.999022 0.999022
1730 38.940987 38.940987 38.940987 0.999022 0.999022 0.999022
1740 38.940987 38.940987 38.940987 0.999022 0.999022 0.999022
1750 38.940987 38.940987 38.940987 0.999022 0.999022 0.999022
1760 38.940987 38.940987 38.940987 0.999022 0.999022 0.999022
1770 38.940987 38.940987 38.940987 0.999022 0.999022 0.999022
1780 38.940987 38.940987 38.940987 0.999022 0.999022 0.999022
1790 38.940987 38.940987 38.940987 0.999022 0.999022 0.999022
1800 38.940987 38.940987 38.940987 0.999022 0.999022 0.999022
1810 38.940987 38.940987 38.940987 0.999022 0.999022 0.999022
1820 38.940987 38.940987 38.940987 0.999022 0.999022 0.999022
1830 38.940987 38.940987 38.940987 0.999022 0.999022 0.999022
1840 38.940987 38.940987 38.940987 0.999022 0.999022 0.999022
1850 38.940987 38.940987 38.940987 0.999022 0.999022 0.999022
1860 38.940987 38.940987 38.940987 0.999022 0.999022 0.999022
1870 38.940987 38.940987 38.940987 0.999022 0.999022 0.999022
1880 38.940987 38.940987 38.940987 0.999022 0.999022 0.999022
1890 38.940987 38.940987 38.940987 0.999022 0.999022 0.999022
1900 38.940987 38.940987 38.940987 0.999022 0.999022 0.999022
1910 38.940987 38.940987 38.940987 0.999022 0.999022 0.999022
1920 38.940987 38.940987 38.940987 0.999022 0.999022 0.999022
1930 38.940987 38.940987 38.940987 0.999022 0.999022 0.999022
1940 38.940987 38.940987 38.940987 0.999022 0.999022 0.999022
1950 38.940987 38.940987 38.940987 0.999022 0.999022 0.999022
1960 38.940987 38.940987 38.940987 0.999022 0.999022 0.999022
1970 38.940987 38.940987 38.940987 0.999022 0.999022 0.999022
1980 38.940987 38.940987 38.940987 0.999022 0.999022 0.999022
1990 38.940987 38.940987 38.940987 0.999022 0.999022 0.999022
2000 38.940987 38.940987 38.940987 0.999022 0.999022 0.999022
2010 38.940987 38.940987 38.940987 0.999022 0.999022 0.999022
2020 38.940987 38.940987 38.940987 0.999022 0.999022 0.999022
2030 38.940987 38.940987 38.940987 0.999022 0.999022 0.999022
2040 38.940987 38.940987 38.940987 0.999022 0.999022 0.999022
2050 38.940987 38.940987 38.940987 0.999022 0.999022 0.999022
2060 38.940987 38.940987 38.940987 0.999022 0.999022 0.999022
2070 38.940987 38.940987 38.940987 0.999022 0.999022 0.999022
2080 38.940987 38.940987 38.940987 0.999022 0.999022 0.999022
2090 38.940987 38.940987 38.940987 0.999022 0.999022 0.999022
2100 38.940987 38.940987 38.940987 0.999022 0.999022 0.999022
2110 38.940987 38.940987 38.940987 0.999022 0.999022 0.999022
2120 38.940987 38.940987 38.940987 0.999022 0.999022 0.999022
2130 38.940987 38.940987 38.940987 0.999022 0.999022 0.999022
2140 38.940987 38.940987 38.940987 0.999022 0.999022 0.999022
2150 38.940987 38.940987 38.940987 0.999022 0.999022 0.999022
2160 38.940987 38.940987 38.940987 0.999022 0.999022 0.999022
2170 38.940987 38.940987 38.940987 0.999022 0.999022 0.999022
2180 38.940987 38.940987 38.940987 0.999022 0.999022 0.999022
2190 38.940987 38.940987 38.940987 0.999022 0.999022 0.999022
2200 38.940987 38.940987 38.940987 0.999022 0.999022 0.999022
2210 38.940987 38.940987 38.940987 0.999022 0.999022 0.999022
2220 38.940987 38.940987 38.940987 0.999022 0.999022 0.999022
2230 38.940987 38.940987 38.940987 0.999022 0.999022 0.999022
2240 38.940987 38.940987 38.940987 0.999022 0.999022 0.999022
2250 38.940987 38.940987 38.940987 0.999022 0.999022 0.999022
2260 38.940987 38.940987 38.940987 0.999022 0.999022 0.999022
2270 38.940987 38.940987 38.940987 0.999022 0.999022 0.999022
2280 38.940987 38.940987 38.940987 0.999022 0.999022 0.999022
2290 38.940987 38.940987 38.940987 0.999022 0.999022 0.999022
2300 38.940987 38.940987 38.940987 0.999022 0.999022 0.999022
2310 38.940987 38.940987 38.940987 0.999022 0.999022 0.999022
2320 38.940987 38.940987 38.940987 0.999022 0.999022 0.999022
2330 38.940987 38.940987 38.940987 0.999022 0.999022 0.999022
2340 38.940987 38.940987 38.940987 0.999022 0.999022 0.999022
2350 38.940987 38.940987 38.940987 0.999022 0.999022 0.999022
2360 38.940987 38.940987 38.940987 0.999022 0.999022 0.999022
2370 38.940987 38.940987 38.940987 0.999022 0.999022 0.999022
2380 38.940987 38.940987 38.940987 0.999022 0.999022 0.999022
2390 38.940987 38.940987 38.940987 0.999022 0.999022 0.999022
2400 38.940987 38.940987 38.940987 0.999022 0.999022 0.999022
2410 38.940987 38.940987 38.940987 0.999022 0.999022 0.999022
2420 38.940987 38.940987 38.940987 0.999022 0.999022 0.999022
2430 38.940987 38.940987 38.940987 0.999022 0.999022 0.999022
2440 38.940987 38.940987 38.940987 0.999022 0.999022 0.999022
2450 38.940987 38.940987 38.940987 0.999022 0.999022 0.999022
2460 38.940987 38.940987 38.940987 0.999022 0.999022 0.999022
2470 38.940987 38.940987 38.940987 0.999022 0.999022 0.999022
2480 38.940987 38.940987 38.940987 0.999022 0.999022 0.999022
2490 38.940987 38.940987 38.940987 0.999022 0.999022 0.999022
2500 38.940987 38.940987 38.940987 0.999022 0.999022 0.999022
2510 38.940987 38.940987 38.940987 0.999022 0.999022 0.999022
2520 38.940987 38.940987 38.940987 0.999022 0.999022 0.999022
2530 38.940987 38.940987 38.940987 0.999022 0.999022 0.999022
2540 38.940987 38.940987 38.940987 0.999022 0.999022 0.999022
2550 38.940987 38.940987 38.940987 0.999022 0.999022 0.999022
2560 38.940987 38.940987 38.940987 0.999022 0.999022 0.999022
2570 38.940987 38.940987 38.940987 0.999022 0.999022 0.999022
2580 38.940987 38.940987 38.940987 0.999022 0.999022 0.999022
2590 38.940987 38.940987 38.940987 0.999022 0.999022 0.999022
2600 38.940987 38.940987 38.940987 0.999022 0.999022 0.999022
2610 38.940987 38.940987 38.940987 0.999022 0.999022 0.999022
2620 38.940987 38.940987 38.940987 0.999022 0.999022 0.999022
2630 38.940987 38.940987 38.940987 0.999022 0.999022 0.999022
2640 38.940987 38.940987 38.940987 0.999022 0.999022 0.999022
2650 38.940987 38.940987 38.940987 0.999022 0.999022 0.999022
2660 38.940987 38.940987 38.940987 0.999022 0.999022 0.999022
2670 38.940987 38.940987 38.940987 0.999022 0.999022 0.999022
2680 38.940987 38.940987 38.940987 0.999022 0.999022 0.999022
2690 38.940987 38.940987 38.940987 0.999022 0.999022 0.999022
2700 38.940987 38.940987 38.940987 0.999022 0.999022 0.999022
2710 38.940987 38.940987 38.940987 0.999022 0.999022 0.999022
2720 38.940987 38.940987 38.940987 0.999022 0.999022 0.999022
2730 38.940987 38.940987 38.940987 0.999022 0.999022 0.999022
2740 38.940987 38.940987 38.940987 0.999022 0.999022 0.999022
2750 38.940987 38.940987 38.940987 0.999022 0.999022 0.999022
2760 38.940987 38.940987 38.940987 0.999022 0.999022 0.999022
2770 38.940987 38.940987 38.940987 0.999022 0.999022 0.999022
2780 38.940987 38.940987 38.940987 0.999022 0.999022 0.999022
2790 38.940987 38.940987 38.940987 0.999022 0.999022 0.999022
2800 38.940987 38.940987 38.940987 0.999022 0.999022 0.999022
2810 38.940987 38.940987 38.940987 0.999022 0.999022 0.999022
2820 38.940987 38.940987 38.940987 0.999022 0.999022 0.999022
2830 38.940987 38.940987 38.940987 0.999022 0.999022 0.999022
2840 38.940987 38.940987 38.940987 0.999022 0.999022 0.999022
2850 38.940987 38.940987 38.940987 0.999022 0.999022 0.999022
2860 38.940987 38.940987 38.940987 0.999022 0.999022 0.999022
2870 38.940987 38.940987 38.940987 0.999022 0.999022 0.999022
2880 38.940987 38.940987 38.940987 0.999022 0.999022 0.999022
2890 38.940987 38.940987 38.940987 0.999022 0.999022 0.999022
2900 38.940987 38.940987 38.940987 0.999022 0.999022 0.999022
2910 38.940987 38.940987 38.940987 0.999022 0.999022 0.999022
2920 38.940987 38.940987 38.940987 0.999022 0.999022 0.999022
2930 38.940987 38.940987 38.940987 0.999022 0.999022 0.999022
2940 38.940987 38.940987 38.940987 0.999022 0.999022 0.999022
2950 38.940987 38.940987 38.940987 0.999022 0.999022 0.999022
2960 38.940987 38.940987 38.940987 0.999022 0.999022 0.999022
2970 38.940987 38.940987 38.940987 0.999022 0.999022 0.999022
2980 38.940987 38.940987 38.940987 0.999022 0.999022 0.999022
2990 38.940987 38.940987 38.940987 0.999022 0.999022 0.999022
3000 38.940987 38.940987 38.940987 0.999022 0.999022 0.999022
3010 38.940987 38.940987 38.940987 0.999022 0.999022 0.999022
3020 38.940987 38.940987 38.940987 0.999022 0.999022 0.999022
3030 38.940987 38.940987 38.940987 0.999022 0.999022 0.999022
3040 38.940987 38.940987 38.940987 0.999022 0.999022 0.999022
3050 38.940987 38.940987 38.940987 0.999022 0.999022 0.999022
3060 38.940987 38.940987 38.940987 0.999022 0.999022 0.999022
3070 38.940987 38.940987 38.940987 0.999022 0.999022 0.999022
3080 38.940987 38.940987 38.940987 0.999022 0.999022 0.999022
3090 38.940987 38.940987 38.940987 0.999022 0.999022 0.999022
3100 38.940987 38.940987 38.940987 0.999022 0.999022 0.999022
3110 38.940987 38.940987 38.940987 0.999022 0.999022 0.999022
3120 38.940987 38.940987 38.940987 0.999022 0.999022 0.999022
3130 38.940987 38.940987 38.940987 0.999022 0.999022 0.999022
3140 38.940987 38.940987 38.940987 0.999022 0.999022 0.999022
3150 38.940987 38.940987 38.940987 0.999022 0.999022 0.999022
3160 38.940987 38.940987 38.940987 0.999022 0.999022 0.999022
3170 38.940987 38.940987 38.940987 0.999022 0.999022 0.999022
3180 38.940987 38.940987 38.940987 0.999022 0.999022 0.999022
3190 38.940987 38.940987 38.940987 0.999022 0.999022 0.999022
3200 38.940987 38.940987 38.940987 0.999022 0.999022 0.999022
3210 38.940987 38.940987 38.940987 0.999022 0.999022 0.999022
3220 38.940987 38.940987 38.940987 0.999022 0.999022 0.999022
3230 38.940987 38.940987 38.940987 0.999022 0.999022 0.999022
3240 38.940987 38.940987 38.940987 0.999022 0.999022 0.999022
3250 38.940987 38.940987 38.940987 0.999022 0.999022 0.999022
3260 38.940987 38.940987 38.940987 0.999022 0.999022 0.999022
3270 38.940987 38.940987 38.940987 0.999022 0.999022 0.999022
3280 38.940987 38.940987 38.940987 0.999022 0.999022 0.999022
3290 38.940987 38.940987 38.940987 0.999022 0.999022 0.999022
3300 38.940987 38.940987 38.940987 0.999022 0.999022 0.999022
3310 38.940987 38.940987 38.940987 0.999022 0.999022 0.999022
3320 38.940987 38.940987 38.940987 0.999022 0.999022 0.999022
3330 38.940987 38.940987 38.940987 0.999022 0.999022 0.999022
3340 38.940987 38.940987 38.940987 0.999022 0.999022 0.999022
3350 38.940987 38.940987 38.940987 0.999022 0.999022 0.999022
3360 38.940987 38.940987 38.940987 0.999022 0.999022 0.999022
3370 38.940987 38.940987 38.940987 0.999022 0.999022 0.999022
3380 38.940987 38.940987 38.940987 0.999022 0.999022 0.999022
3390 38.940987 38.940987 38.940987 0.999022 0.999022 0.999022
3400 38.940987 38.940987 38.940987 0.999022 0.999022 0.999022
3410 38.940987 38.940987 38.940987 0.999022 0.999022 0.999022
3420 38.940987 38.940987 38.940987 0.999022 0.999022 0.999022
3430 38.940987 38.940987 38.940987 0.999022 0.999022 0.999022
3440 38.940987 38.940987 38.940987 0.999022 0.999022 0.999022
3450 38.940987 38.940987 38.940987 0.999022 0.999022 0.999022
3460 38.940987 38.940987 38.940987 0.999022 0.999022 0.999022
3470 38.940987 38.940987 38.940987 0.999022 0.999022 0.999022
3480 38.940987 38.940987 38.940987 0.999022 0.999022 0.999022
3490 38.940987 38.940987 38.940987 0.999022 0.999022 0.999022
3500 38.940987 38.940987 38.940987 0.999022 0.999022 0.999022
3510 38.940987 38.940987 38.940987 0.999022 0.999022 0.999022
3520 38.940987 38.940987 38.940987 0.999022 0.999022 0.999022
3530 38.940987 38.940987 38.940987 0.999022 0.999022 0.999022
3540 38.940987 38.940987 38.940987 0.999022 0.999022 0.999022
3550 38.940987 38.940987 38.940987 0.999022 0.999022 0.999022
3560 38.940987 38.940987 38.940987 0.999022 0.999022 0.999022
3570 38.940987 38.940987 38.940987 0.999022 0.999022 0.999022
3580 38.940987 38.940987 38.940987 0.999022 0.999022 0.999022
3590 38.940987 38.940987 38.940987 0.999022 0.999022 0.999022
3600 38.940987 38.940987 38.940987 0.999022 0.999022 0.999022
3610 38.940987 38.940987 38.940987 0.999022 0.999022 0.999022
3620 38.940987 38.940987 38.940987 0.999022 0.999022 0.999022
3630 38.940987 38.940987 38.940987 0.999022 0.999022 0.999022
3640 38.940987 38.940987 38.940987 0.999022 0.999022 0.999022
3650 38.940987 38.940987 38.940987 0.999022 0.999022 0.999022
3660 38.940987 38.940987 38.940987 0.999022 0.999022 0.999022
3670 38.940987 38.940987 38.940987 0.999022 0.999022 0.999022
3680 38.940987 38.940987 38.940987 0.999022 0.999022 0.999022
3690 38.940987 38.940987 38.940987 0.999022 0.999022 0.999022
3700 38.940987 38.940987 38.940987 0.999022 0.999022 0.999022
3710 38.940987 38.940987 38.940987 0.999022 0.999022 0.999022
3720 38.940987 38.940987 38.940987 0.999022 0.999022 0.999022
3730 38.940987 38.940987 38.940987 0.999022 0.999022 0.999022
3740 38.940987 38.940987 38.940987 0.999022 0.999022 0.999022
3750 38.940987 38.940987 38.940987 0.999022 0.999022 0.999022
3760 38.940987 38.940987 38.940987 0.999022 0.999022 0.999022
3770 38.940987 38.940987 38.940987 0.999022 0.999022 0.999022
3780 38.940987 38.940987 38.940987 0.999022 0.999022 0.999022
3790 38.940987 38.940987 38.940987 0.999022 0.999022 0.999022
3800 38.940987 38.940987 38.940987 0.999022 0.999022 0.999022
3810 38.940987 38.940987 38.940987 0.999022 0.999022 0.999022
3820 38.940987 38.940987 38.940987 0.999022 0.999022 0.999022
3830 38.940987 38.940987 38.940987 0.999022 0.999022 0.999022
3840 38.940987 38.940987 38.940987 0.999022 0.999022 0.999022
3850 38.940987 38.940987 38.940987 0.999022 0.999022 0.999022
3860 38.940987 38.940987 38.940987 0.999022 0.999022 0.999022
3870 38.940987 38.940987 38.940987 0.999022 0.999022 0.999022
3880 38.940987 38.940987 38.940987 0.999022 0.999022 0.999022
3890 38.940987 38.940987 38.940987 0.999022 0.999022 0.999022
3900 38.940987 38.940987 38.940987 0.999022 0.999022 0.999022
3910 38.940987 38.940987 38.940987 0.999022 0.999022 0.999022
3920 38.940987 38.940987 38.940987 0.999022 0.999022 0.999022
3930 38.940987 38.940987 38.940987 0.999022 0.999022 0.999022
3940 38.940987 38.940987 38.940987 0.999022 0.999022 0.999022
3950 38.940987 38.940987 38.940987 0.999022 0.999022 0.999022
3960 38.940987 38.940987 38.940987 0.999022 0.999022 0.999022
3970 38.940987 38.940987 38.940987 0.999022 0.999022 0.999022
3980 38.940987 38.940987 38.940987 0.999022 0.999022 0.999022
3990 38.940987 38.940987 38.940987 0.999022 0.999022 0.999022
4000 38.940987 38.940987 38.940987 0.999022 0.999022 0.999022
4010 38.940987 38.940987 38.940987 0.999022 0.999022 0.999022
4020 38.940987 38.940987 38.940987 0.999022 0.999022 0.999022
4030 38.940987 38.940987 38.940987 0.999022 0.999022 0.999022
4040 38.940987 38.940987 38.940987 0.999022 0.999022 0.999022
4050 38.940987 38.940987 38.940987 0.999022 0.999022 0.999022
4060 38.940987 38.940987 38.940987 0.999022 0.999022 0.999022
4070 38.940987 38.940987 38.940987 0.999022 0.999022 0.999022
4080 38.940987 38.940987 38.940987 0.999022 0.999022 0.999022
4090 38.940987 38.940987 38.940987 0.999022 0.999022 0.999022
4100 38.940987 38.940987 38.940987 0.999022 0.999022 0.999022
4110 38.940987 38.940987 38.940987 0.999022 0.999022 0.999022
4120 38.940987 38.940987 38.940987 0.999022 0.999022 0.999022
4130 38.940987 38.940987 38.940987 0.999022 0.999022 0.999022
4140 38.940987 38.940987 38.940987 0.999022 0.999022 0.999022
4150 38.940987 38.940987 38.940987 0.999022 0.999022 0.999022
4160 38.940987 38.940987 38.940987 0.999022 0.999022 0.999022
4170 38.940987 38.940987 38.940987 0.999022 0.999022 0.999022
4180 38.940987 38.940987 38.940987 0.999022 0.999022 0.999022
4190 38.940987 38.940987 38.940987 0.999022 0.999022 0.999022
4200 38.940987 38.940987 38.940987 0.999022 0.999022 0.999022
4210 38.940987 38.940987 38.940987 0.999022 0.999022 0.999022
4220 38.940987 38.940987 38.940987 0.999022 0.999022 0.999022
4230 38.940987 38.940987 38.940987 0.999022 0.999022 0.999022
4240 38.940987 38.940987 38.940987 0.999022 0.999022 0.999022
4250 38.940987 38.940987 38.940987 0.999022 0.999022 0.999022
4260 38.940987 38.940987 38.940987 0.999022 0.999022 0.999022
4270 38.940987 38.940987 38.940987 0.999022 0.999022 0.999022
4280 38.940987 38.940987 38.940987 0.999022 0.999022 0.999022
4290 38.940987 38.940987 38.940987 0.999022 0.999022 0.999022
4300 38.940987 38.940987 38.940987 0.999022 0.999022 0.999022
4310 38.940987 38.940987 38.940987 0.999022 0.999022 0.999022
4320 38.940987 38.940987 38.940987 0.999022 0.999022 0.999022
4330 38.940987 38.940987 38.940987 0.999022 0.999022 0.999022
4340 38.940987 38.940987 38.940987 0.999022 0.999022 0.999022
4350 38.940987 38.940987 38.940987 0.999022 0.999022 0.999022
4360 38.940987 38.940987 38.940987 0.999022 0.999022 0.999022
4370 38.940987 38.940987 38.940987 0.999022 0.999022 0.999022
4380 38.940987 38.940987 38.940987 0.999022 0.999022 0.999022
4390 38.940987 38.940987 38.940987 0.999022 0.999022 0.999022
4400 38.940987 38.940987 38.940987 0.999022 0.999022 0.999022
4410 38.940987 38.940987 38.940987 0.999022 0.999022 0.999022
4420 38.940987 38.940987 38.940987 0.999022 0.999022 0.999022
4430 38.940987 38.940987 38.940987 0.999022 0.999022 0.999022
4440 38.940987 38.940987 38.940987 0.999022 0.999022 0.999022
4450 38.940987 38.940987 38.940987 0.999022 0.999022 0.999022
4460 38.940987 38.940987 38.940987 0.999022 0.999022 0.999022
4470 38.940987 38.940987 38.940987 0.999022 0.999022 0.999022
4480 38.940987 38.940987 38.940987 0.999022 0.999022 0.999022
4490 38.940987 38.940987 38.940987 0.999022 0.999022 0.999022
4500 38.940987 38.940987 38.940987 0.999022 0.999022 0.999022
4510 38.940987 38.940987 38.940987 0.999022 0.999022 0.999022
4520 38.940987 38.940987 38.940987 0.999022 0.999022 0.999022
4530 38.940987 38.940987 38.940987 0.999022 0.999022 0.999022
4540 38.940987 38.940987 38.940987 0.999022 0.999022 0.999022
4550 38.940987 38.940987 38.940987 0.999022 0.999022 0.999022
4560 38.940987 38.940987 38.940987 0.999022 0.999022 0.999022
4570 38.940987 38.940987 38.940987 0.999022 0.999022 0.999022
4580 38.940987 38.940987 38.940987 0.999022 0.999022 0.999022
4590 38.940987 38.940987 38.940987 0.999022 0.999022 0.999022
4600 38.940987 38.940987 38.940987 0.999022 0.999022 0.999022
4610 38.940987 38.940987 38.940987 0.999022 0.999022 0.999022
4620 38.940987 38.940987 38.940987 0.999022 0.999022 0.999022
4630 38.940987 38.940987 38.940987 0.999022 0.999022 0.999022
4640 38.940987 38.940987 38.940987 0.999022 0.999022 0.999022
4650 38.940987 38.940987 38.940987 0.999022 0.999022 0.999022
4660 38.940987 38.940987 38.940987 0.999022 0.999022 0.999022
4670 38.940987 38.940987 38.940987 0.999022 0.999022 0.999022
4680 38.940987 38.940987 38.940987 0.999022 0.999022 0.999022
4690 38.940987 38.940987 38.940987 0.999022 0.999022 0.999022
4700 38.940987 38.940987 38.940987 0.999022 0.999022 0.999022
4710 38.940987 38.940987 38.940987 0.999022 0.999022 0.999022
4720 38.940987 38.940987 38.940987 0.999022 0.999022 0.999022
4730 38.940987 38.940987 38.940987 0.999022 0.999022 0.999022
4740 38.940987 38.940987 38.940987 0.999022 0.999022 0.999022
4750 38.940987 38.940987 38.940987 0.999022 0.999022 0.999022
4760 38.940987 38.940987 38.940987 0.999022 0.999022 0.999022
4770 38.940987 38.940987 38.940987 0.999022 0.999022 0.999022
4780 38.940987 38.940987 38.940987 0.999022 0.999022 0.999022
4790 38.940987 38.940987 38.940987 0.999022 0.999022 0.999022
4800 38.940987 38.940987 38.940987 0.999022 0.999022 0.999022
4810 38.940987 38.940987 38.940987 0.999022 0.999022 0.999022
4820 38.940987 38.940987 38.940987 0.999022 0.999022 0.999022
4830 38.940987 38.940987 38.940987 0.999022 0.999022 0.999022
4840 38.940987 38.940987 38.940987 0.999022 0.999022 0.999022
4850 38.940987 38.940987 38.940987 0.999022 0.999022 0.999022
4860 38.940987 38.940987 38.940987 0.999022 0.999022 0.999022
4870 38.940987 38.940987 38.940987 0.999022 0.999022 0.999022
4880 38.940987 38.940987 38.940987 0.999022 0.999022 0.999022
4890 38.940987 38.940987 38.940987 0.999022 0.999022 0.999022
4900 38.940987 38.940987 38.940987 0.999022 0.999022 0.999022
4910 38.940987 38.940987 38.940987 0.999022 0.999022 0.999022
4920 38.940987 38.940987 38.940987 0.999022 0.999022 0.999022
4930 38.940987 38.940987 38.940987 0.999022 0.999022 0.999022
4940 38.940987 38.940987 38.940987 0.999022 0.999022 0.999022
4950 38.940987 38.940987 38.940987 0.999022 0.999022 0.999022
4960 38.940987 38.940987 38.940987 0.999022 0.999022 0.999022
4970 38.940987 38.940987 38.940987 0.999022 0.999022 0.999022
4980 38.940987 38.940987 38.940987 0.999022 0.999022 0.999022
4990 38.940987 38.940987 38.940987 0.999022 0.999022 0.999022
5000 38.940987 38.940987 38.940987 0.999022 0.999022 0.999022
5010 38.940987 38.940987 38.940987 0.999022 0.999022 0.999022
5020 38.940987 38.940987 38.940987 0.999022 0.999022 0.999022
5030 38.940987 38.940987 38.940987 0.999022 0.999022 0.999022
5040 38.940987 38.940987 38.940987 0.999022 0.999022 0.999022
5050 38.940987 38.940987 38.940987 0.999022 0.999022 0.999022
5060 38.940987 38.940987 38.940987 0.999022 0.999022 0.999022
5070 38.940987 38.940987 38.940987 0.999022 0.999022 0.999022
5080 38.940987 38.940987 38.940987 0.999022 0.999022 0.999022
5090 38.940987 38.940987 38.940987 0.999022 0.999022 0.999022
5100 38.940987 38.940987 38.940987 0.999022 0.999022 0.999022
5110 38.940987 38.940987 38.940987 0.999022 0.999022 0.999022
5120 38.940987 38.940987 38.940987 0.999022 0.999022 0.999022
5130 38.940987 38.940987 38.940987 0.999022 0.999022 0.999022
5140 38.940987 38.940987 38.940987 0.999022 0.999022 0.999022
5150 38.940987 38.940987 38.940987 0.999022 0.999022 0.999022
5160 38.940987 38.940987 38.940987 0.999022 0.999022 0.999022
5170 38.940987 38.940987 38.940987 0.999022 0.999022 0.999022
5180 38.940987 38.940987 38.940987 0.999022 0.999022 0.999022
5190 38.940987 38.940987 38.940987 0.999022 0.999022 0.999022
5200 38.940987 38.940987 38.940987 0.999022 0.999022 0.999022
5210 38.940987 38.940987 38.940987 0.999022 0.999022 0.999022
5220 38.940987 38.940987 38.940987 0.999022 0.999022 0.999022
5230 38.940987 38.940987 38.940987 0.999022 0.999022 0.999022
5240 38.940987 38.940987 38.940987 0.999022 0.999022 0.999022
5250 38.940987 38.940987 38.940987 0.999022 0.999022 0.999022
5260 38.940987 38.940987 38.940987 0.999022 0.999022 0.999022
5270 38.940987 38.940987 38.940987 0.999022 0.999022 0.999022
5280 38.940987 38.940987 38.940987 0.999022 0.999022 0.999022
5290 38.940987 38.940987 38.940987 0.999022 0.999022 0.999022
5300 38.940987 38.940987 38.940987 0.999022 0.999022 0.999022
5310 38.940987 38.940987 38.940987 0.999022 0.999022 0.999022
5320 38.940987 38.940987 38.940987 0.999022 0.999022 0.999022
5330 38.940987 38.940987 38.940987 0.999022 0.999022 0.999022
5340 38.940987 38.940987 38.940987 0.999022 0.999022 0.999022
5350 38.940987 38.940987 38.940987 0.999022 0.999022 0.999022
5360 38.940987 38.940987 38.940987 0.999022 0.999022 0.999022
5370 38.940987 38.940987 38.940987 0.999022 0.999022 0.999022
5380 38.940987 38.940987 38.940987 0.999022 0.999022 0.999022
5390 38.940987 38.940987 38.940987 0.999022 0.999022 0.999022
5400 38.940987 38.940987 38.940987 0.999022 0.999022 0.999022
5410 38.940987 38.940987 38.940987 0.999022 0.999022 0.999022
5420 38.940987 38.940987 38.940987 0.999022 0.999022 0.999022
5430 38.940987 38.940987 38.940987 0.999022 0.999022 0.999022
5440 38.940987 38.940987 38.940987 0.999022 0.999022 0.999022
5450 38.940987 38.940987 38.940987 0.999022 0.999022 0.999022
5460 38.940987 38.940987 38.940987 0.999022 0.999022 0.999022
5470 38.940987 38.940987 38.940987 0.999022 0.999022 0.999022
5480 38.940987 38.940987 38.940987 0.999022 0.999022 0.999022
5490 38.940987 38.940987 38.940987 0.999022 0.999022 0.999022
5500 38.940987 38.940987 38.940987 0.999022 0.999022 0.999022
5510 38.940987 38.940987 38.940987 0.999022 0.999022 0.999022
5520 38.940987 38.940987 38.940987 0.999022 0.999022 0.999022
5530 38.940987 38.940987 38.940987 0.999022 0.999022 0.999022
5540 38.940987 38.940987 38.940987 0.999022 0.999022 0.999022
5550 38.940987 38.940987 38.940987 0.999022 0.999022 0.999022
5560 38.940987 38.940987 38.940987 0.999022 0.999022 0.999022
5570 38.940987 38.940987 38.940987 0.999022 0.999022 0.999022
5580 38.940987 38.940987 38.940987 0.999022 0.999022 0.999022
5590 38.940987 38.940987 38.940987 0.999022 0.999022 0.999022
5600 38.940987 38.940987 38.940987 0.999022 0.999022 0.999022
5610 38.940987 38.940987 38.940987 0.999022 0.999022 0.999022
5620 38.940987 38.940987 38.940987 0.999022 0.999022 0.999022
5630 38.940987 38.940987 38.940987 0.999022 0.999022 0.999022
5640 38.940987 38.940987 38.940987 0.999022 0.999022 0.999022
5650 38.940987 38.940987 38.940987 0.999022 0.999022 0.999022
5660 38.940987 38.940987 38.940987 0.999022 0.999022 0.999022
5670 38.940987 38.940987 38.940987 0.999022 0.999022 0.999022
5680 38.940987 38.940987 38.940987 0.999022 0.999022 0.999022
5690 38.940987 38.940987 38.940987 0.999022 0.999022 0.999022
5700 38.940987 38.940987 38.940987 0.999022 0.999022 0.999022
5710 38.940987 38.940987 38.940987 0.999022 0.999022 0.999022
5720 38.940987 38.940987 38.940987 0.999022 0.999022 0.999022
5730 38.940987 38.940987 38.940987 0.999022 0.999022 0.999022
5740 38.940987 38.940987 38.940987 0.999022 0.999022 0.999022
5750 38.940987 38.940987 38.940987 0.999022 0.999022 0.999022
5760 38.940987 38.940987 38.940987 0.999022 0.999022 0.999022
5770 38.940987 38.940987 38.940987 0.999022 0.999022 0.999022
5780 38.940987 38.940987 38.940987 0.999022 0.999022 0.999022
5790 38.940987 38.940987 38.940987 0.999022 0.999022 0.999022
5800 38.940987 38.940987 38.940987 0.999022 0.999022 0.999022
5810 38.940987 38.940987 38.940987 0.999022 0.999022 0.999022
5820 38.940987 38.940987 38.940987 0.999022 0.999022 0.999022
5830 38.940987 38.940987 38.940987 0.999022 0.999022 0.999022
5840 38.940987 38.940987 38.940987 0.999022 0.999022 0.999022
5850 38.940987 38.940987 38.940987 0.999022 0.999022 0.999022
5860 38.940987 38.940987 38.940987 0.999022 0.999022 0.999022
5870 38.940987 38.940987 38.940987 0.999022 0.999022 0.999022
5880 38.940987 38.940987 38.940987 0.999022 0.999022 0.999022
5890 38.940987 38.940987 38.940987 0.999022 0.999022 0.999022
5900 38.940987 38.940987 38.940987 0.999022 0.999022 0.999022
5910 38.940987 38.940987 38.940987 0.999022 0.999022 0.999022
5920 38.940987 38.940987 38.940987 0.999022 0.999022 0.999022
5930 38.940987 38.940987 38.940987 0.999022 0.999022 0.999022
5940 38.940987 38.940987 38.940987 0.999022 0.999022 0.999022
5950 38.940987 38.940987 38.940987 0.999022 0.999022 0.999022
5960 38.940987 38.940987 38.940987 0.999022 0.999022 0.999022
5970 38.940987 38.940987 38.940987 0.999022 0.999022 0.999022
5980 38.940987 38.940987 38.940987 0.999022 0.999022 0.999022
5990 38.940987 38.940987 38.940987 0.999022 0.999022 0.999022
6000 38.940987 38.940987 38.940987 0.999022 0.999022 0.999022
6010 38.940987 38.940987 38.940987 0.999022 0.999022 0.999022
6020 38.940987 38.940987 38.940987 0.999022 0.999022 0.999022
6030 38.940987 38.940987 38.940987 0.999022 0.999022 0.999022
6040 38.940987 38.940987 38.940987 0.999022 0.999022 0.999022
6050 38.940987 38.940987 38.940987 0.999022 0.999022 0.999022
6060 38.940987 38.940987 38.940987 0.999022 0.999022 0.999022
6070 38.940987 38.940987 38.940987 0.999022 0.999022 0.999022
6080 38.940987 38.940987 38.940987 0.999022 0.999022 0.999022
6090 38.940987 38.940987 38.940987 0.999022 0.999022 0.999022
6100 38.940987 38.940987 38.940987 0.999022 0.999022 0.999022
6110 38.940987 38.940987 38.940987 0.999022 0.999022 0.999022
6120 38.940987 38.940987 38.940987 0.999022 0.999022 0.999022
6130 38.940987 38.940987 38.940987 0.999022 0.999022 0.999022
6140 38.940987 38.940987 38.940987 0.999022 0.999022 0.999022
6150 38.940987 38.940987 38.940987 0.999022 0.999022 0.999022
6160 38.940987 38.940987 38.940987 0.999022 0.999022 0.999022
6170 38.940987 38.940987 38.940987 0.999022 0.999022 0.999022
6180 38.940987 38.940987 38.940987 0.999022 0.999022 0.999022
6190 38.940987 38.940987 38.940987 0.999022 0.999022 0.999022
6200 38.940987 38.940987 38.940987 0.999022 0.999022 0.999022
6210 38.940987 38.940987 38.940987 0.999022 0.999022 0.999022
6220 38.940987 38.940987 38.940987 0.999022 0.999022 0.999022
6230 38.940987 38.940987 38.940987 0.999022 0.999022 0.999022
6240 38.940987 38.940987 38.940987 0.999022 0.999022 0.999022
6250 38.940987 38.940987 38.940987 0.999022 0.999022 0.999022
6260 38.940987 38.940987 38.940987 0.999022 0.999022 0.999022
6270 38.940987 38.940987 38.940987 0.999022 0.999022 0.999022
6280 38.940987 38.940987 38.940987 0.999022 0.999022 0.999022
6290 38.940987 38.940987 38.940987 0.999022 0.999022 0.999022
6300 38.940987 38.940987 38.940987 0.999022 0.999022 0.999022
6310 38.940987 38.940987 38.940987 0.999022 0.999022 0.999022
6320 38.940987 38.940987 38.940987 0.999022 0.999022 0.999022
6330 38.940987 38.940987 38.940987 0.999022 0.999022 0.999022
6340 38.940987 38.940987 38.940987 0.999022 0.999022 0.999022
6350 38.940987 38.940987 38.940987 0.999022 0.999022 0.999022
6360 38.940987 38.940987 38.940987 0.999022 0.999022 0.999022
6370 38.940987 38.940987 38.940987 0.999022 0.999022 0.999022
6380 38.940987 38.940987 38.940987 0.999022 0.999022 0.999022
6390 38.940987 38.940987 38.940987 0.999022 0.999022 0.999022
6400 38.940987 38.940987 38.940987 0.999022 0.999022 0.999022
6410 38.940987 38.940987 38.940987 0.999022 0.999022 0.999022
6420 38.940987 38.940987 38.940987 0.999022 0.999022 0.999022
6430 38.940987 38.940987 38.940987 0.999022 0.999022 0.999022
6440 38.940987 38.940987 38.940987 0.999022 0.999022 0.999022
6450 38.940987 38.940987 38.940987 0.999022 0.999022 0.999022
6460 38.940987 38.940987 38.940987 0.999022 0.999022 0.999022
6470 38.940987 38.940987 38.940987 0.999022 0.999022 0.999022
6480 38.940987 38.940987 38.940987 0.999022 0.999022 0.999022
6490 38.940987 38.940987 38.940987 0.999022 0.999022 0.999022
6500 38.940987 38.940987 38.940987 0.999022 0.999022 0.999022
6510 38.940987 38.940987 38.940987 0.999022 0.999022 0.999022
6520 38.940987 38.940987 38.940987 0.999022 0.999022 0.999022
6530 38.940987 38.940987 38.940987 0.999022 0.999022 0.999022
6540 38.940987 38.940987 38.940987 0.999022 0.999022 0.999022
6550 38.940987 38.940987 38.940987 0.999022 0.999022 0.999022
6560 38.940987 38.940987 38.940987 0.999022 0.999022 0.999022
6570 38.940987 38.940987 38.940987 0.999022 0.999022 0.999022
6580 38.940987 38.940987 38.940987 0.999022 0.999022 0.999022
6590 38.940987 38.940987 38.940987 0.999022 0.999022 0.999022
6600 38.940987 38.940987 38.940987 0.999022 0.999022 0.999022
6610 38.940987 38.940987 38.940987 0.999022 0.999022 0.999022
6620 38.940987 38.940987 38.940987 0.999022 0.999022 0.999022
6630 38.940987 38.940987 38.940987 0.999022 0.999022 0.999022
6640 38.940987 38.940987 38.940987 0.999022 0.999022 0.999022
6650 38.940987 38.940987 38.940987 0.999022 0.999022 0.999022
6660 38.940987 38.940987 38.940987 0.999022 0.999022 0.999022
6670 38.940987 38.940987 38.940987 0.999022 0.999022 0.999022
6680 38.940987 38.940987 38.940987 0.999022 0.999022 0.999022
6690 38.940987 38.940987 38.940987 0.999022 0.999022 0.999022
6700 38.940987 38.940987 38.940987 0.999022 0.999022 0.999022
6710 38.940987 38.940987 38.940987 0.999022 0.999022 0.999022
6720 38.940987 38.940987 38.940987 0.999022 0.999022 0.999022
6730 38.940987 38.940987 38.940987 0.999022 0.999022 0.999022
6740 38.940987 38.940987 38.940987 0.999022 0.999022 0.999022
6750 38.940987 38.940987 38.940987 0.999022 0.999022 0.999022
6760 38.940987 38.940987 38.940987 0.999022 0.999022 0.999022
6770 38.940987 38.940987 38.940987 0.999022 0.999022 0.999022
6780 38.940987 38.940987 38.940987 0.999022 0.999022 0.999022
6790 38.940987 38.940987 38.940987 0.999022 0.999022 0.999022
6800 38.940987 38.940987 38.940987 0.999022 0.999022 0.999022
6810 38.940987 38.940987 38.940987 0.999022 0.999022 0.999022
6820 38.940987 38.940987 38.940987 0.999022 0.999022 0.999022
6830 38.940987 38.940987 38.940987 0.999022 0.999022 0.999022
6840 38.940987 38.940987 38.940987 0.999022 0.999022 0.999022
6850 38.940987 38.940987 38.940987 0.999022 0.999022 0.999022
6860 38.940987 38.940987 38.940987 0.999022 0.999022 0.999022
6870 38.940987 38.940987 38.940987 0.999022 0.999022 0.999022
6880 38.940987 38.940987 38.940987 0.999022 0.999022 0.999022
6890 38.940987 38.940987 38.940987 0.999022 0.999022 0.999022
6900 38.940987 38.940987 38.940987 0.999022 0.999022 0.999022
6910 38.940987 38.940987 38.940987 0.999022 0.999022 0.999022
6920 38.940987 38.940987 38.940987 0.999022 0.999022 0.999022
6930 38.940987 38.940987 38.940987 0.999022 0.999022 0.999022
6940 38.940987 38.940987 38.940987 0.999022 0.999022 0.999022
6950 38.940987 38.940987 38.940987 0.999022 0.999022 0.999022
6960 38.940987 38.940987 38.940987 0.999022 0.999022 0.999022
6970 38.940987 38.940987 38.940987 0.999022 0.999022 0.999022
6980 38.940987 38.940987 38.940987 0.999022 0.999022 0.999022
6990 38.940987 38.940987 38.940987 0.999022 0.999022 0.999022
7000 38.940987 38.940987 38.940987 0.999022 0.999022 0.999022
7010 38.940987 38.940987 38.940987 0.999022 0.999022 0.999022
7020 38.940987 38.940987 38.940987 0.999022 0.999022 0.999022
7030 38.940987 38.940987 38.940987 0.999022 0.999022 0.999022
7040 38.940987 38.940987 38.940987 0.999022 0.999022 0.999022
7050 38.940987 38.940987 38.940987 0.999022 0.999022 0.999022
7060 38.940987 38.940987 38.940987 0.999022 0.999022 0.999022
7070 38.940987 38.940987 38.940987 0.999022 0.999022 0.999022
7080 38.940987 38.940987 38.940987 0.999022 0.999022 0.999022
7090 38.940987 38.940987 38.940987 0.999022 0.999022 0.999022
7100 38.940987 38.940987 38.940987 0.999022 0.999022 0.999022
7110 38.940987 38.940987 38.940987 0.999022 0.999022 0.999022
7120 38.940987 38.940987 38.940987 0.999022 0.999022 0.999022
7130 38.940987 38.940987 38.940987 0.999022 0.999022 0.999022
7140 38.940987 38.940987 38.940987 0.999022 0.999022 0.999022
7150 38.940987 38.940987 38.940987 0.999022 0.999022 0.999022
7160 38.940987 38.940987 38.940987 0.999022 0.999022 0.999022
7170 38.940987 38.940987 38.940987 0.999022 0.999022 0.999022
7180 38.940987 38.940987 38.940987 0.999022 0.999022 0.999022
7190 38.940987 38.940987 38.940987 0.999022 0.999022 0.999022
7200 38.940987 38.940987 38.940987 0.999022 0.999022 0.999022
7210 38.940987 38.940987 38.940987 0.999022 0.999022 0.999022
7220 38.940987 38.940987 38.940987 0.999022 0.999022 0.999022
7230 38.940987 38.940987 38.940987 0.999022 0.999022 0.999022
7240 38.940987 38.940987 38.940987 0.999022 0.999022 0.999022
7250 38.940987 38.940987 38.940987 0.999022 0.999022 0.999022
7260 38.940987 38.940987 38.940987 0.999022 0.999022 0.999022
7270 38.940987 38.940987 38.940987 0.999022 0.999022 0.999022
7280 38.940987 38.940987 38.940987 0.999022 0.999022 0.999022
7290 38.940987 38.940987 38.940987 0.999022 0.999022 0.999022
7300 38.940987 38.940987 38.940987 0.999022 0.999022 0.999022
7310 38.940987 38.940987 38.940987 0.999022 0.999022 0.999022
7320 38.940987 38.940987 38.940987 0.999022 0.999022 0.999022
7330 38.940987 38.940987 38.940987 0.999022 0.999022 0.999022
7340 38.940987 38.940987 38.940987 0.999022 0.999022 0.999022
7350 38.940987 38.940987 38.940987 0.999022 0.999022 0.999022
7360 38.940987 38.940987 38.940987 0.999022 0.999022 0.999022
7370 38.940987 38.940987 38.940987 0.999022 0.999022 0.999022
7380 38.940987 38.940987 38.940987 0.999022 0.999022 0.999022
7390 38.940987 38.940987 38.940987 0.999022 0.999022 0.999022
7400 38.940987 38.940987 38.940987 0.999022 0.999022 0.999022
7410 38.940987 38.940987 38.940987 0.999022 0.999022 0.999022
7420 38.940987 38.940987 38.940987 0.999022 0.999022 0.999022
7430 38.940987 38.940987 38.940987 0.999022 0.999022 0.999022
7440 38.940987 38.940987 38.940987 0.999022 0.999022 0.999022
7450 38.940987 38.940987 38.940987 0.999022 0.999022 0.999022
7460 38.940987 38.940987 38.940987 0.999022 0.999022 0.999022
7470 38.940987 38.940987 38.940987 0.999022 0.999022 0.999022
7480 38.940987 38.940987 38.940987 0.999022 0.999022 0.999022
7490 38.940987 38.940987 38.940987 0.999022 0.999022 0.999022
7500 38.940987 38.940987 38.940987 0.999022 0.999022 0.999022
7510 38.940987 38.940987 38.940987 0.999022 0.999022 0.999022
7520 38.940987 38.940987 38.940987 0.999022 0.999022 0.999022
7530 38.940987 38.940987 38.940987 0.999022 0.999022 0.999022
7540 38.940987 38.940987 38.940987 0.999022 0.999022 0.999022
7550 38.940987 38.940987 38.940987 0.999022 0.999022 0.999022
7560 38.940987 38.940987 38.940987 0.999022 0.999022 0.999022
7570 38.940987 38.940987 38.940987 0.999022 0.999022 0.999022
7580 38.940987 38.940987 38.940987 0.999022 0.999022 0.999022
7590 38.940987 38.940987 38.940987 0.999022 0.999022 0.999022
7600 38.940987 38.940987 38.940987 0.999022 0.999022 0.999022
7610 38.940987 38.940987 38.940987 0.999022 0.999022 0.999022
7620 38.940987 38.940987 38.940987 0.999022 0.999022 0.999022
7630 38.940987 38.940987 38.940987 0.999022 0.999022 0.999022
7640 38.940987 38.940987 38.940987 0.999022 0.999022 0.999022
7650 38.940987 38.940987 38.940987 0.999022 0.999022 0.999022
7660 38.940987 38.940987 38.940987 0.999022 0.999022 0.999022
7670 38.940987 38.940987 38.940987 0.999022 0.999022 0.999022
7680 38.940987 38.940987 38.940987 0.999022 0.999022 0.999022
7690 38.940987 38.940987 38.940987 0.999022 0.999022 0.999022
7700 38.940987 38.940987 38.940987 0.999022 0.999022 0.999022
7710 38.940987 38.940987 38.940987 0.999022 0.999022 0.999022
7720 38.940987 38.940987 38.940987 0.999022 0.999022 0.999022
7730 38.940987 38.940987 38.940987 0.999022 0.999022 0.999022
7740 38.940987 38.940987 38.940987 0.999022 0.999022 0.999022
7750 38.940987 38.940987 38.940987 0.999022 0.999022 0.999022
7760 38.940987 38.940987 38.940987 0.999022 0.999022 0.999022
7770 38.940987 38.940987 38.940987 0.999022 0.999022 0.999022
7780 38.940987 38.940987 38.940987 0.999022 0.999022 0.999022
7790 38.940987 38.940987 38.940987 0.999022 0.999022 0.999022
7800 38.940987 38.940987 38.940987 0.999022 0.999022 0.999022
7810 38.940987 38.940987 38.940987 0.999022 0.999022 0.999022
7820 38.940987 38.940987 38.940987 0.999022 0.999022 0.999022
7830 38.940987 38.940987 38.940987 0.999022 0.999022 0.999022
7840 38.940987 38.940987 38.940987 0.999022 0.999022 0.999022
7850 38.940987 38.940987 38.940987 0.999022 0.999022 0.999022
7860 38.940987 38.940987 38.940987 0.999022 0.999022 0.999022
7870 38.940987 38.940987 38.940987 0.999022 0.999022 0.999022
7880 38.940987 38.940987 38.940987 0.999022 0.999022 0.999022
7890 38.940987 38.940987 38.940987 0.999022 0.999022 0.999022
7900 38.940987 38.940987 38.940987 0.999022 0.999022 0.999022
7910 38.940987 38.940987 38.940987 0.999022 0.999022 0.999022
7920 38.940987 38.940987 38.940987 0.999022 0.999022 0.999022
7930 38.940987 38.940987 38.940987 0.999022 0.999022 0.999022
7940 38.940987 38.940987 38.940987 0.999022 0.999022 0.999022
7950 38.940987 38.940987 38.940987 0.999022 0.999022 0.999022
7960 38.940987 38.940987 38.940987 0.999022 0.999022 0.999022
7970 38.940987 38.940987 38.940987 0.999022 0.999022 0.999022
7980 38.940987 38.940987 38.940987 0.999022 0.999022 0.999022
7990 38.940987 38.940987 38.940987 0.999022 0.999022 0.999022
8000 38.940987 38.940987 38.940987 0.999022 0.999022 0.999022
8010 38.940987 38.940987 38.940987 0.999022 0.999022 0.999022
8020 38.940987 38.940987 38.940987 0.999022 0.999022 0.999022
8030 38.940987 38.940987 38.940987 0.999022 0.999022 0.999022
8040 38.940987 38.940987 38.940987 0.999022 0.999022 0.999022
8050 38.940987 38.940987 38.940987 0.999022 0.999022 0.999022
8060 38.940987 38.940987 38.940987 0.999022 0.999022 0.999022
8070 38.940987 38.940987 38.940987 0.999022 0.999022 0.999022
8080 38.940987 38.940987 38.940987 0.999022 0.999022 0.999022
8090 38.940987 38.940987 38.940987 0.999022 0.999022 0.999022
8100 38.940987 38.940987 38.940987 0.999022 0.999022 0.999022
8110 38.940987 38.940987 38.940987 0.999022 0.999022 0.999022
8120 38.940987 38.940987 38.940987 0.999022 0.999022 0.999022
8130 38.940987 38.940987 38.940987 0.999022 0.999022 0.999022
8140 38.940987 38.940987 38.940987 0.999022 0.999022 0.999022
8150 38.940987 38.940987 38.940987 0.999022 0.999022 0.999022
8160 38.940987 38.940987 38.940987 0.999022 0.999022 0.999022
8170 38.940987 38.940987 38.940987 0.999022 0.999022 0.999022
8180 38.940987 38.940987 38.940987 0.999022 0.999022 0.999022
8190 38.940987 38.940987 38.940987 0.999022 0.999022 0.999022
8200 38.940987 38.940987 38.940987 0.999022 0.999022 0.999022
8210 38.940987 38.940987 38.940987 0.999022 0.999022 0.999022
8220 38.940987 38.940987 38.940987 0.999022 0.999022 0.999022
8230 38.940987 38.940987 38.940987 0.999022 0.999022 0.999022
8240 38.940987 38.940987 38.940987 0.999022 0.999022 0.999022
8250 38.940987 38.940987 38.940987 0.999022 0.999022 0.999022
8260 38.940987 38.940987 38.940987 0.999022 0.999022 0.999022
8270 38.940987 38.940987 38.940987 0.999022 0.999022 0.999022
8280 38.940987 38.940987 38.940987 0.999022 0.999022 0.999022
8290 38.940987 38.940987 38.940987 0.999022 0.999022 0.999022
8300 38.940987 38.940987 38.940987 0.999022 0.999022 0.999022
8310 38.940987 38.940987 38.940987 0.999022 0.999022 0.999022
8320 38.940987 38.940987 38.940987 0.999022 0.999022 0.999022
8330 38.940987 38.940987 38.940987 0.999022 0.999022 0.999022
8340 38.940987 38.940987 38.940987 0.999022 0.999022 0.999022
8350 38.940987 38.940987 38.940987 0.999022 0.999022 0.999022
8360 38.940987 38.940987 38.940987 0.999022 0.999022 0.999022
8370 38.940987 38.940987 38.940987 0.999022 0.999022 0.999022
8380 38.940987 38.940987 38.940987 0.999022 0.999022 0.999022
8390 38.940987 38.940987 38.940987 0.999022 0.999022 0.999022
8400 38.940987 38.940987 38.940987 0.999022 0.999022 0.999022
8410 38.940987 38.940987 38.940987 0.999022 0.999022 0.999022
8420 38.940987 38.940987 38.940987 0.999022 0.999022 0.999022
8430 38.940987 38.940987 38.940987 0.999022 0.999022 0.999022
8440 38.940987 38.940987 38.940987 0.999022 0.999022 0.999022
8450 38.940987 38.940987 38.940987 0.999022 0.999022 0.999022
8460 38.940987 38.940987 38.940987 0.999022 0.999022 0.999022
8470 38.940987 38.940987 38.940987 0.999022 0.999022 0.999022
8480 38.940987 38.940987 38.940987 0.999022 0.999022 0.999022
8490 38.940987 38.940987 38.940987 0.999022 0.999022 0.999022
8500 38.940987 38.940987 38.940987 0.999022 0.999022 0.999022
8510 38.940987 38.940987 38.940987 0.999022 0.999022 0.999022
8520 38.940987 38.940987 38.940987 0.999022 0.999022 0.999022
8530 38.940987 38.940987 38.940987 0.999022 0.999022 0.999022
8540 38.940987 38.940987 38.940987 0.999022 0.999022 0.999022
8550 38.940987 38.940987 38.940987 0.999022 0.999022 0.999022
8560 38.940987 38.940987 38.940987 0.999022 0.999022 0.999022
8570 38.940987 38.940987 38.940987 0.999022 0.999022 0.999022
8580 38.940987 38.940987 38.940987 0.999022 0.999022 0.999022
8590 38.940987 38.940987 38.940987 0.999022 0.999022 0.999022
8600 38.940987 38.940987 38.940987 0.999022 0.999022 0.999022
8610 38.940987 38.940987 38.940987 0.999022 0.999022 0.999022
8620 38.940987 38.940987 38.940987 0.999022 0.999022 0.999022
8630 38.940987 38.940987 38.940987 0.999022 0.999022 0.999022
8640 38.940987 38.940987 38.940987 0.999022 0.999022 0.999022
8650 38.940987 38.940987 38.940987 0.999022 0.999022 0.999022
8660 38.940987 38.940987 38.940987 0.999022 0.999022 0.999022
8670 38.940987 38.940987 38.940987 0.999022 0.999022 0.999022
8680 38.940987 38.940987 38.940987 0.999022 0.999022 0.999022
8690 38.940987 38.940987 38.940987 0.999022 0.999022 0.999022
8700 38.940987 38.940987 38.940987 0.999022 0.999022 0.999022
8710 38.940987 38.940987 38.940987 0.999022 0.999022 0.999022
8720 38.940987 38.940987 38.940987 0.999022 0.999022 0.999022
8730 38.940987 38.940987 38.940987 0.999022 0.999022 0.999022
8740 38.940987 38.940987 38.940987 0.999022 0.999022 0.999022
8750 38.940987 38.940987 38.940987 0.999022 0.999022 0.999022
8760 38.940987 38.940987 38.940987 0.999022 0.999022 0.999022
8770 38.940987 38.940987 38.940987 0.999022 0.999022 0.999022
8780 38.940987 38.940987 38.940987 0.999022 0.999022 0.999022
8790 38.940987 38.940987 38.940987 0.999022 0.999022 0.999022
8800 38.940987 38.940987 38.940987 0.999022 0.999022 0.999022
8810 38.940987 38.940987 38.940987 0.999022 0.999022 0.999022
8820 38.940987 38.940987 38.940987 0.999022 0.999022 0.999022
8830 38.940987 38.940987 38.940987 0.999022 0.999022 0.999022
8840 38.940987 38.940987 38.940987 0.999022 0.999022 0.999022
8850 38.940987 38.940987 38.940987 0.999022 0.999022 0.999022
8860 38.940987 38.940987 38.940987 0.999022 0.999022 0.999022
8870 38.940987 38.940987 38.940987 0.999022 0.999022 0.999022
8880 38.940987 38.940987 38.940987 0.999022 0.999022 0.999022
8890 38.940987 38.940987 38.940987 0.999022 0.999022 0.999022
8900 38.940987 38.940987 38.940987 0.999022 0.999022 0.999022
8910 38.940987 38.940987 38.940987 0.999022 0.999022 0.999022
8920 38.940987 38.940987 38.940987 0.999022 0.999022 0.999022
8930 38.940987 38.940987 38.940987 0.999022 0.999022 0.999022
8940 38.940987 38.940987 38.940987 0.999022 0.999022 0.999022
8950 38.940987 38.940987 38.940987 0.999022 0.999022 0.999022
8960 38.940987 38.940987 38.940987 0.999022 0.999022 0.999022
8970 38.940987 38.940987 38.940987 0.999022 0.999022 0.999022
8980 38.940987 38.940987 38.940987 0.999022 0.999022 0.999022
8990 38.940987 38.940987 38.940987 0.999022 0.999022 0.999022
9000 38.940987 38.940987 38.940987 0.999022 0.999022 0.999022
9010 38.940987 38.940987 38.940987 0.999022 0.999022 0.999022
9020 38.940987 38.940987 38.940987 0.999022 0.999022 0.999022
9030 38.940987 38.940987 38.940987 0.999022 0.999022 0.999022
9040 38.940987 38.940987 38.940987 0.999022 0.999022 0.999022
9050 38.940987 38.940987 38.940987 0.999022 0.999022 0.999022
9060 38.940987 38.940987 38.940987 0.999022 0.999022 0.999022
9070 38.940987 38.940987 38.940987 0.999022 0.999022 0.999022
9080 38.940987 38.940987 38.940987 0.999022 0.999022 0.999022
9090 38.940987 38.940987 38.940987 0.999022 0.999022 0.999022
9100 38.940987 38.940987 38.940987 0.999022 0.999022 0.999022
9110 38.940987 38.940987 38.940987 0.999022 0.999022 0.999022
9120 38.940987 38.940987 38.940987 0.999022 0.999022 0.999022
9130 38.940987 38.940987 38.940987 0.999022 0.999022 0.999022
9140 38.940987 38.940987 38.940987 0.999022 0.999022 0.999022
9150 38.940987 38.940987 38.940987 0.999022 0.999022 0.999022
9160 38.940987 38.940987 38.940987 0.999022 0.999022 0.999022
9170 38.940987 38.940987 38.940987 0.999022 0.999022 0.999022
9180 38.940987 38.940987 38.940987 0.999022 0.999022 0.999022
9190 38.940987 38.940987 38.940987 0.999022 0.999022 0.999022
9200 38.940987 38.940987 38.940987 0.999022 0.999022 0.999022
9210 38.940987 38.940987 38.940987 0.999022 0.999022 0.999022
9220 38.940987 38.940987 38.940987 0.999022 0.999022 0.999022
9230 38.940987 38.940987 38.940987 0.999022 0.999022 0.999022
9240 38.940987 38.940987 38.940987 0.999022 0.999022 0.999022
9250 38.940987 38.940987 38.940987 0.999022 0.999022 0.999022
9260 38.940987 38.940987 38.940987 0.999022 0.999022 0.999022
9270 38.940987 38.940987 38.940987 0.999022 0.999022 0.999022
9280 38.940987 38.940987 38.940987 0.999022 0.999022 0.999022
9290 38.940987 38.940987 38.940987 0.999022 0.999022 0.999022
9300 38.940987 38.940987 38.940987 0.999022 0.999022 0.999022
9310 38.940987 38.940987 38.940987 0.999022 0.999022 0.999022
9320 38.940987 38.940987 38.940987 0.999022 0.999022 0.999022
9330 38.940987 38.940987 38.940987 0.999022 0.999022 0.999022
9340 38.940987 38.940987 38.940987 0.999022 0.999022 0.999022
9350 38.940987 38.940987 38.940987 0.999022 0.999022 0.999022
9360 38.940987 38.940987 38.940987 0.999022 0.999022 0.999022
9370 38.940987 38.940987 38.940987 0.999022 0.999022 0.999022
9380 38.940987 38.940987 38.940987 0.999022 0.999022 0.999022
9390 38.940987 38.940987 38.940987 0.999022 0.999022 0.999022
9400 38.940987 38.940987 38.940987 0.999022 0.999022 0.999022
9410 38.940987 38.940987 38.940987 0.999022 0.999022 0.999022
9420 38.940987 38.940987 38.940987 0.999022 0.999022 0.999022
9430 38.940987 38.940987 38.940987 0.999022 0.999022 0.999022
9440 38.940987 38.940987 38.940987 0.999022 0.999022 0.999022
9450 38.940987 38.940987 38.940987 0.999022 0.999022 0.999022
9460 38.940987 38.940987 38.940987 0.999022 0.999022 0.999022
9470 38.940987 38.940987 38.940987 0.999022 0.999022 0.999022
9480 38.940987 38.940987 38.940987 0.999022 0.999022 0.999022
9490 38.940987 38.940987 38.940987 0.999022 0.999022 0.999022
9500 38.940987 38.940987 38.940987 0.999022 0.999022 0.999022
9510 38.940987 38.940987 38.940987 0.999022 0.999022 0.999022
9520 38.940987 38.940987 38.940987 0.999022 0.999022 0.999022
9530 38.940987 38.940987 38.940987 0.999022 0.999022 0.999022
9540 38.940987 38.940987 38.940987 0.999022 0.999022 0.999022
9550 38.940987 38.940987 38.940987 0.999022 0.999022 0.999022
9560 38.940987 38.940987 38.940987 0.999022 0.999022 0.999022
9570 38.940987 38.940987 38.940987 0.999022 0.999022 0.999022
9580 38.940987 38.940987 38.940987 0.999022 0.999022 0.999022
9590 38.940987 38.940987 38.940987 0.999022 0.999022 0.999022
9600 38.940987 38.940987 38.940987 0.999022 0.999022 0.999022
9610 38.940987 38.940987 38.940987 0.999022 0.999022 0.999022
9620 38.940987 38.940987 38.940987 0.999022 0.999022 0.999022
9630 38.940987 38.940987 38.940987 0.999022 0.999022 0.999022
9640 38.940987 38.940987 38.940987 0.999022 0.999022 0.999022
9650 38.940987 38.940987 38.940987 0.999022 0.999022 0.999022
9660 38.940987 38.940987 38.940987 0.999022 0.999022 0.999022
9670 38.940987 38.940987 38.940987 0.999022 0.999022 0.999022
9680 38.940987 38.940987 38.940987 0.999022 0.999022 0.999022
9690 38.940987 38.940987 38.940987 0.999022 0.999022 0.999022
9700 38.940987 38.940987 38.940987 0.999022 0.999022 0.999022
9710 38.940987 38.940987 38.940987 0.999022 0.999022 0.999022
9720 38.940987 38.940987 38.940987 0.999022 0.999022 0.999022
9730 38.940987 38.940987 38.940987 0.999022 0.999022 0.999022
9740 38.940987 38.940987 38.940987 0.999022 0.999022 0.999022
9750 38.940987 38.940987 38.940987 0.999022 0.999022 0.999022
9760 38.940987 38.940987 38.940987 0.999022 0.999022 0.999022
9770 38.940987 38.940987 38.940987 0.999022 0.999022 0.999022
9780 38.940987 38.940987 38.940987 0.999022 0.999022 0.999022
9790 38.940987 38.940987 38.940987 0.999022 0.999022 0.999022
9800 38.940987 38.940987 38.940987 0.999022 0.999022 0.999022
9810 38.940987 38.940987 38.940987 0.999022 0.999022 0.999022
9820 38.940987 38.940987 38.940987 0.999022 0.999022 0.999022
9830 38.940987 38.940987 38.940987 0.999022 0.999022 0.999022
9840 38.940987 38.940987 38.940987 0.999022 0.999022 0.999022
9850 38.940987 38.940987 38.940987 0.999022 0.999022 0.999022
9860 38.940987 38.940987 38.940987 0.999022 0.999022 0.999022
9870 38.940987 38.940987 38.940987 0.999022 0.999022 0.999022
9880 38.940987 38.940987 38.940987 0.999022 0.999022 0.999022
9890 38.940987 38.940987 38.940987 0.999022 0.999022 0.999022
9900 38.940987 38.940987 38.940987 0.999022 0.999022 0.999022
9910 38.940987 38.940987 38.940987 0.999022 0.999022 0.999022
9920 38.940987 38.940987 38.940987 0.999022 0.999022 0.999022
9930 38.940987 38.940987 38.940987 0.999022 0.999022 0.999022
9940 38.940987 38.940987 38.940987 0.999022 0.999022 0.999022
9950 38.940987 38.940987 38.940987 0.999022 0.999022 0.999022
9960 38.940987 38.940987 38.940987 0.999022 0.999022 0.999022
9970 38.940987 38.940987 38.940987 0.999022 0.999022 0.999022
9980 38.940987 38.940987 38.940987 0.999022 0.999022 0.999022
9990 38.940987 38.940987 38.940987 0.999022 0.999022 0.999022
10000 38.940987 38.940987 38.940987 0.999022 0.999022 0.999022
