# generation power_min power_avg power_max util_min util_avg util_max
1 36.379210 17.836960 36.379210 0.874652 1.412079 1.499831
100 11.287647 15.074614 18.285478 0.719763 1.031571 1.432061
200 8.440948 11.615025 13.862733 0.668050 0.899799 1.056151
300 7.913798 8.917495 9.848342 0.568383 0.794408 1.005465
400 6.673023 7.707714 8.308437 0.523799 0.715987 0.958718
500 6.072007 6.664940 7.235406 0.523799 0.642587 0.834774
600 5.517442 6.015638 6.304356 0.588845 0.652901 0.750893
700 5.368574 5.647608 5.863614 0.631840 0.697746 0.727730
800 5.191820 5.353330 5.496491 0.664270 0.727184 0.753251
900 5.176258 5.206102 5.220534 0.725352 0.732889 0.753251
1000 5.172490 5.183754 5.201204 0.730805 0.750546 0.753997
1100 5.172490 5.172662 5.176258 0.753235 0.753959 0.753997
1200 5.172490 5.172490 5.172490 0.753997 0.753997 0.753997
1300 5.172490 5.172490 5.172490 0.753997 0.753997 0.753997
1400 5.172490 5.172490 5.172490 0.753997 0.753997 0.753997
1500 5.172490 5.172490 5.172490 0.753997 0.753997 0.753997
1600 5.172490 5.172490 5.172490 0.753997 0.753997 0.753997
1700 5.172490 5.172490 5.172490 0.753997 0.753997 0.753997
1800 5.172490 5.172490 5.172490 0.753997 0.753997 0.753997
1900 5.172490 5.172490 5.172490 0.753997 0.753997 0.753997
2000 5.172490 5.172490 5.172490 0.753997 0.753997 0.753997
2100 5.172490 5.172490 5.172490 0.753997 0.753997 0.753997
2200 5.172490 5.172490 5.172490 0.753997 0.753997 0.753997
2300 5.172490 5.172490 5.172490 0.753997 0.753997 0.753997
2400 5.172490 5.172490 5.172490 0.753997 0.753997 0.753997
2500 5.172490 5.172490 5.172490 0.753997 0.753997 0.753997
2600 5.172490 5.172490 5.172490 0.753997 0.753997 0.753997
2700 5.172490 5.172490 5.172490 0.753997 0.753997 0.753997
2800 5.172490 5.172490 5.172490 0.753997 0.753997 0.753997
2900 5.172490 5.172490 5.172490 0.753997 0.753997 0.753997
3000 5.172490 5.172490 5.172490 0.753997 0.753997 0.753997
3100 5.172490 5.172490 5.172490 0.753997 0.753997 0.753997
3200 5.172490 5.172490 5.172490 0.753997 0.753997 0.753997
3300 5.172490 5.172490 5.172490 0.753997 0.753997 0.753997
3400 5.172490 5.172490 5.172490 0.753997 0.753997 0.753997
3500 5.172490 5.172490 5.172490 0.753997 0.753997 0.753997
3600 5.172490 5.172490 5.172490 0.753997 0.753997 0.753997
3700 5.172490 5.172490 5.172490 0.753997 0.753997 0.753997
3800 5.172490 5.172490 5.172490 0.753997 0.753997 0.753997
3900 5.172490 5.172490 5.172490 0.753997 0.753997 0.753997
4000 5.172490 5.172490 5.172490 0.753997 0.753997 0.753997
4100 5.172490 5.172490 5.172490 0.753997 0.753997 0.753997
4200 5.172490 5.172490 5.172490 0.753997 0.753997 0.753997
4300 5.172490 5.172490 5.172490 0.753997 0.753997 0.753997
4400 5.172490 5.172490 5.172490 0.753997 0.753997 0.753997
4500 5.172490 5.172490 5.172490 0.753997 0.753997 0.753997
4600 5.172490 5.172490 5.172490 0.753997 0.753997 0.753997
4700 5.172490 5.172490 5.172490 0.753997 0.753997 0.753997
4800 5.172490 5.172490 5.172490 0.753997 0.753997 0.753997
4900 5.172490 5.172490 5.172490 0.753997 0.753997 0.753997
5000 5.172490 5.172490 5.172490 0.753997 0.753997 0.753997
5100 5.172490 5.172490 5.172490 0.753997 0.753997 0.753997
5200 5.172490 5.172490 5.172490 0.753997 0.753997 0.753997
5300 5.172490 5.172490 5.172490 0.753997 0.753997 0.753997
5400 5.172490 5.172490 5.172490 0.753997 0.753997 0.753997
5500 5.172490 5.172490 5.172490 0.753997 0.753997 0.753997
5600 5.172490 5.172490 5.172490 0.753997 0.753997 0.753997
5700 5.172490 5.172490 5.172490 0.753997 0.753997 0.753997
5800 5.172490 5.172490 5.172490 0.753997 0.753997 0.753997
5900 5.172490 5.172490 5.172490 0.753997 0.753997 0.753997
6000 5.172490 5.172490 5.172490 0.753997 0.753997 0.753997
6100 5.172490 5.172490 5.172490 0.753997 0.753997 0.753997
6200 5.172490 5.172490 5.172490 0.753997 0.753997 0.753997
6300 5.172490 5.172490 5.172490 0.753997 0.753997 0.753997
6400 5.172490 5.172490 5.172490 0.753997 0.753997 0.753997
6500 5.172490 5.172490 5.172490 0.753997 0.753997 0.753997
6600 5.172490 5.172490 5.172490 0.753997 0.753997 0.753997
6700 5.172490 5.172490 5.172490 0.753997 0.753997 0.753997
6800 5.172490 5.172490 5.172490 0.753997 0.753997 0.753997
6900 5.172490 5.172490 5.172490 0.753997 0.753997 0.753997
7000 5.172490 5.172490 5.172490 0.753997 0.753997 0.753997
7100 5.172490 5.172490 5.172490 0.753997 0.753997 0.753997
7200 5.172490 5.172490 5.172490 0.753997 0.753997 0.753997
7300 5.172490 5.172490 5.172490 0.753997 0.753997 0.753997
7400 5.172490 5.172490 5.172490 0.753997 0.753997 0.753997
7500 5.172490 5.172490 5.172490 0.753997 0.753997 0.753997
7600 5.172490 5.172490 5.172490 0.753997 0.753997 0.753997
7700 5.172490 5.172490 5.172490 0.753997 0.753997 0.753997
7800 5.172490 5.172490 5.172490 0.753997 0.753997 0.753997
7900 5.172490 5.172490 5.172490 0.753997 0.753997 0.753997
8000 5.172490 5.172490 5.172490 0.753997 0.753997 0.753997
8100 5.172490 5.172490 5.172490 0.753997 0.753997 0.753997
8200 5.172490 5.172490 5.172490 0.753997 0.753997 0.753997
8300 5.172490 5.172490 5.172490 0.753997 0.753997 0.753997
8400 5.172490 5.172490 5.172490 0.753997 0.753997 0.753997
8500 5.172490 5.172490 5.172490 0.753997 0.753997 0.753997
8600 5.172490 5.172490 5.172490 0.753997 0.753997 0.753997
8700 5.172490 5.172490 5.172490 0.753997 0.753997 0.753997
8800 5.172490 5.172490 5.172490 0.753997 0.753997 0.753997
8900 5.172490 5.172490 5.172490 0.753997 0.753997 0.753997
9000 5.172490 5.172490 5.172490 0.753997 0.753997 0.753997
9100 5.172490 5.172490 5.172490 0.753997 0.753997 0.753997
9200 5.172490 5.172490 5.172490 0.753997 0.753997 0.753997
9300 5.172490 5.172490 5.172490 0.753997 0.753997 0.753997
9400 5.172490 5.172490 5.172490 0.753997 0.753997 0.753997
9500 5.172490 5.172490 5.172490 0.753997 0.753997 0.753997
9600 5.172490 5.172490 5.172490 0.753997 0.753997 0.753997
9700 5.172490 5.172490 5.172490 0.753997 0.753997 0.753997
9800 5.172490 5.172490 5.172490 0.753997 0.753997 0.753997
9900 5.172490 5.172490 5.172490 0.753997 0.753997 0.753997
10000 5.172490 5.172490 5.172490 0.753997 0.753997 0.753997
10100 5.172490 5.172490 5.172490 0.753997 0.753997 0.753997
10200 5.172490 5.172490 5.172490 0.753997 0.753997 0.753997
10300 5.172490 5.172490 5.172490 0.753997 0.753997 0.753997
10400 5.172490 5.172490 5.172490 0.753997 0.753997 0.753997
10500 5.172490 5.172490 5.172490 0.753997 0.753997 0.753997
10600 5.172490 5.172490 5.172490 0.753997 0.753997 0.753997
10700 5.172490 5.172490 5.172490 0.753997 0.753997 0.753997
10800 5.172490 5.172490 5.172490 0.753997 0.753997 0.753997
10900 5.172490 5.172490 5.172490 0.753997 0.753997 0.753997
11000 5.172490 5.172490 5.172490 0.753997 0.753997 0.753997
11100 5.172490 5.172490 5.172490 0.753997 0.753997 0.753997
11200 5.172490 5.172490 5.172490 0.753997 0.753997 0.753997
11300 5.172490 5.172490 5.172490 0.753997 0.753997 0.753997
11400 5.172490 5.172490 5.172490 0.753997 0.753997 0.753997
11500 5.172490 5.172490 5.172490 0.753997 0.753997 0.753997
11600 5.172490 5.172490 5.172490 0.753997 0.753997 0.753997
11700 5.172490 5.172490 5.172490 0.753997 0.753997 0.753997
11800 5.172490 5.172490 5.172490 0.753997 0.753997 0.753997
11900 5.172490 5.172490 5.172490 0.753997 0.753997 0.753997
12000 5.172490 5.172490 5.172490 0.753997 0.753997 0.753997
12100 5.172490 5.172490 5.172490 0.753997 0.753997 0.753997
12200 5.172490 5.172490 5.172490 0.753997 0.753997 0.753997
12300 5.172490 5.172490 5.172490 0.753997 0.753997 0.753997
12400 5.172490 5.172490 5.172490 0.753997 0.753997 0.753997
12500 5.172490 5.172490 5.172490 0.753997 0.753997 0.753997
12600 5.172490 5.172490 5.172490 0.753997 0.753997 0.753997
12700 5.172490 5.172490 5.172490 0.753997 0.753997 0.753997
12800 5.172490 5.172490 5.172490 0.753997 0.753997 0.753997
12900 5.172490 5.172490 5.172490 0.753997 0.753997 0.753997
13000 5.172490 5.172490 5.172490 0.753997 0.753997 0.753997
13100 5.172490 5.172490 5.172490 0.753997 0.753997 0.753997
13200 5.172490 5.172490 5.172490 0.753997 0.753997 0.753997
13300 5.172490 5.172490 5.172490 0.753997 0.753997 0.753997
13400 5.172490 5.172490 5.172490 0.753997 0.753997 0.753997
13500 5.172490 5.172490 5.172490 0.753997 0.753997 0.753997
13600 5.172490 5.172490 5.172490 0.753997 0.753997 0.753997
13700 5.172490 5.172490 5.172490 0.753997 0.753997 0.753997
13800 5.172490 5.172490 5.172490 0.753997 0.753997 0.753997
13900 5.172490 5.172490 5.172490 0.753997 0.753997 0.753997
14000 5.172490 5.172490 5.172490 0.753997 0.753997 0.753997
14100 5.172490 5.172490 5.172490 0.753997 0.753997 0.753997
14200 5.172490 5.172490 5.172490 0.753997 0.753997 0.753997
14300 5.172490 5.172490 5.172490 0.753997 0.753997 0.753997
14400 5.172490 5.172490 5.172490 0.753997 0.753997 0.753997
14500 5.172490 5.172490 5.172490 0.753997 0.753997 0.753997
14600 5.172490 5.172490 5.172490 0.753997 0.753997 0.753997
14700 5.172490 5.172490 5.172490 0.753997 0.753997 0.753997
14800 5.172490 5.172490 5.172490 0.753997 0.753997 0.753997
14900 5.172490 5.172490 5.172490 0.753997 0.753997 0.753997
15000 5.172490 5.172490 5.172490 0.753997 0.753997 0.753997
15100 5.172490 5.172490 5.172490 0.753997 0.753997 0.753997
15200 5.172490 5.172490 5.172490 0.753997 0.753997 0.753997
15300 5.172490 5.172490 5.172490 0.753997 0.753997 0.753997
15400 5.172490 5.172490 5.172490 0.753997 0.753997 0.753997
15500 5.172490 5.172490 5.172490 0.753997 0.753997 0.753997
15600 5.172490 5.172490 5.172490 0.753997 0.753997 0.753997
15700 5.172490 5.172490 5.172490 0.753997 0.753997 0.753997
15800 5.172490 5.172490 5.172490 0.753997 0.753997 0.753997
15900 5.172490 5.172490 5.172490 0.753997 0.753997 0.753997
16000 5.172490 5.172490 5.172490 0.753997 0.753997 0.753997
16100 5.172490 5.172490 5.172490 0.753997 0.753997 0.753997
16200 5.172490 5.172490 5.172490 0.753997 0.753997 0.753997
16300 5.172490 5.172490 5.172490 0.753997 0.753997 0.753997
16400 5.172490 5.172490 5.172490 0.753997 0.753997 0.753997
16500 5.172490 5.172490 5.172490 0.753997 0.753997 0.753997
16600 5.172490 5.172490 5.172490 0.753997 0.753997 0.753997
16700 5.172490 5.172490 5.172490 0.753997 0.753997 0.753997
16800 5.172490 5.172490 5.172490 0.753997 0.753997 0.753997
16900 5.172490 5.172490 5.172490 0.753997 0.753997 0.753997
17000 5.172490 5.172490 5.172490 0.753997 0.753997 0.753997
17100 5.172490 5.172490 5.172490 0.753997 0.753997 0.753997
17200 5.172490 5.172490 5.172490 0.753997 0.753997 0.753997
17300 5.172490 5.172490 5.172490 0.753997 0.753997 0.753997
17400 5.172490 5.172490 5.172490 0.753997 0.753997 0.753997
17500 5.172490 5.172490 5.172490 0.753997 0.753997 0.753997
17600 5.172490 5.172490 5.172490 0.753997 0.753997 0.753997
17700 5.172490 5.172490 5.172490 0.753997 0.753997 0.753997
17800 5.172490 5.172490 5.172490 0.753997 0.753997 0.753997
17900 5.172490 5.172490 5.172490 0.753997 0.753997 0.753997
18000 5.172490 5.172490 5.172490 0.753997 0.753997 0.753997
18100 5.172490 5.172490 5.172490 0.753997 0.753997 0.753997
18200 5.172490 5.172490 5.172490 0.753997 0.753997 0.753997
18300 5.172490 5.172490 5.172490 0.753997 0.753997 0.753997
18400 5.172490 5.172490 5.172490 0.753997 0.753997 0.753997
18500 5.172490 5.172490 5.172490 0.753997 0.753997 0.753997
18600 5.172490 5.172490 5.172490 0.753997 0.753997 0.753997
18700 5.172490 5.172490 5.172490 0.753997 0.753997 0.753997
18800 5.172490 5.172490 5.172490 0.753997 0.753997 0.753997
18900 5.172490 5.172490 5.172490 0.753997 0.753997 0.753997
19000 5.172490 5.172490 5.172490 0.753997 0.753997 0.753997
19100 5.172490 5.172490 5.172490 0.753997 0.753997 0.753997
19200 5.172490 5.172490 5.172490 0.753997 0.753997 0.753997
19300 5.172490 5.172490 5.172490 0.753997 0.753997 0.753997
19400 5.172490 5.172490 5.172490 0.753997 0.753997 0.753997
19500 5.172490 5.172490 5.172490 0.753997 0.753997 0.753997
19600 5.172490 5.172490 5.172490 0.753997 0.753997 0.753997
19700 5.172490 5.172490 5.172490 0.753997 0.753997 0.753997
19800 5.172490 5.172490 5.172490 0.753997 0.753997 0.753997
19900 5.172490 5.172490 5.172490 0.753997 0.753997 0.753997
20000 5.172490 5.172490 5.172490 0.753997 0.753997 0.753997
20100 5.172490 5.172490 5.172490 0.753997 0.753997 0.753997
20200 5.172490 5.172490 5.172490 0.753997 0.753997 0.753997
20300 5.172490 5.172490 5.172490 0.753997 0.753997 0.753997
20400 5.172490 5.172490 5.172490 0.753997 0.753997 0.753997
20500 5.172490 5.172490 5.172490 0.753997 0.753997 0.753997
20600 5.172490 5.172490 5.172490 0.753997 0.753997 0.753997
20700 5.172490 5.172490 5.172490 0.753997 0.753997 0.753997
20800 5.172490 5.172490 5.172490 0.753997 0.753997 0.753997
20900 5.172490 5.172490 5.172490 0.753997 0.753997 0.753997
21000 5.172490 5.172490 5.172490 0.753997 0.753997 0.753997
21100 5.172490 5.172490 5.172490 0.753997 0.753997 0.753997
21200 5.172490 5.172490 5.172490 0.753997 0.753997 0.753997
21300 5.172490 5.172490 5.172490 0.753997 0.753997 0.753997
21400 5.172490 5.172490 5.172490 0.753997 0.753997 0.753997
21500 5.172490 5.172490 5.172490 0.753997 0.753997 0.753997
21600 5.172490 5.172490 5.172490 0.753997 0.753997 0.753997
21700 5.172490 5.172490 5.172490 0.753997 0.753997 0.753997
21800 5.172490 5.172490 5.172490 0.753997 0.753997 0.753997
21900 5.172490 5.172490 5.172490 0.753997 0.753997 0.753997
22000 5.172490 5.172490 5.172490 0.753997 0.753997 0.753997
22100 5.172490 5.172490 5.172490 0.753997 0.753997 0.753997
22200 5.172490 5.172490 5.172490 0.753997 0.753997 0.753997
22300 5.172490 5.172490 5.172490 0.753997 0.753997 0.753997
22400 5.172490 5.172490 5.172490 0.753997 0.753997 0.753997
22500 5.172490 5.172490 5.172490 0.753997 0.753997 0.753997
22600 5.172490 5.172490 5.172490 0.753997 0.753997 0.753997
22700 5.172490 5.172490 5.172490 0.753997 0.753997 0.753997
22800 5.172490 5.172490 5.172490 0.753997 0.753997 0.753997
22900 5.172490 5.172490 5.172490 0.753997 0.753997 0.753997
23000 5.172490 5.172490 5.172490 0.753997 0.753997 0.753997
23100 5.172490 5.172490 5.172490 0.753997 0.753997 0.753997
23200 5.172490 5.172490 5.172490 0.753997 0.753997 0.753997
23300 5.172490 5.172490 5.172490 0.753997 0.753997 0.753997
23400 5.172490 5.172490 5.172490 0.753997 0.753997 0.753997
23500 5.172490 5.172490 5.172490 0.753997 0.753997 0.753997
23600 5.172490 5.172490 5.172490 0.753997 0.753997 0.753997
23700 5.172490 5.172490 5.172490 0.753997 0.753997 0.753997
23800 5.172490 5.172490 5.172490 0.753997 0.753997 0.753997
23900 5.172490 5.172490 5.172490 0.753997 0.753997 0.753997
24000 5.172490 5.172490 5.172490 0.753997 0.753997 0.753997
24100 5.172490 5.172490 5.172490 0.753997 0.753997 0.753997
24200 5.172490 5.172490 5.172490 0.753997 0.753997 0.753997
24300 5.172490 5.172490 5.172490 0.753997 0.753997 0.753997
24400 5.172490 5.172490 5.172490 0.753997 0.753997 0.753997
24500 5.172490 5.172490 5.172490 0.753997 0.753997 0.753997
24600 5.172490 5.172490 5.172490 0.753997 0.753997 0.753997
24700 5.172490 5.172490 5.172490 0.753997 0.753997 0.753997
24800 5.172490 5.172490 5.172490 0.753997 0.753997 0.753997
24900 5.172490 5.172490 5.172490 0.753997 0.753997 0.753997
25000 5.172490 5.172490 5.172490 0.753997 0.753997 0.753997
25100 5.172490 5.172490 5.172490 0.753997 0.753997 0.753997
25200 5.172490 5.172490 5.172490 0.753997 0.753997 0.753997
25300 5.172490 5.172490 5.172490 0.753997 0.753997 0.753997
25400 5.172490 5.172490 5.172490 0.753997 0.753997 0.753997
25500 5.172490 5.172490 5.172490 0.753997 0.753997 0.753997
25600 5.172490 5.172490 5.172490 0.753997 0.753997 0.753997
25700 5.172490 5.172490 5.172490 0.753997 0.753997 0.753997
25800 5.172490 5.172490 5.172490 0.753997 0.753997 0.753997
25900 5.172490 5.172490 5.172490 0.753997 0.753997 0.753997
26000 5.172490 5.172490 5.172490 0.753997 0.753997 0.753997
26100 5.172490 5.172490 5.172490 0.753997 0.753997 0.753997
26200 5.172490 5.172490 5.172490 0.753997 0.753997 0.753997
26300 5.172490 5.172490 5.172490 0.753997 0.753997 0.753997
26400 5.172490 5.172490 5.172490 0.753997 0.753997 0.753997
26500 5.172490 5.172490 5.172490 0.753997 0.753997 0.753997
26600 5.172490 5.172490 5.172490 0.753997 0.753997 0.753997
26700 5.172490 5.172490 5.172490 0.753997 0.753997 0.753997
26800 5.172490 5.172490 5.172490 0.753997 0.753997 0.753997
26900 5.172490 5.172490 5.172490 0.753997 0.753997 0.753997
27000 5.172490 5.172490 5.172490 0.753997 0.753997 0.753997
27100 5.172490 5.172490 5.172490 0.753997 0.753997 0.753997
27200 5.172490 5.172490 5.172490 0.753997 0.753997 0.753997
27300 5.172490 5.172490 5.172490 0.753997 0.753997 0.753997
27400 5.172490 5.172490 5.172490 0.753997 0.753997 0.753997
27500 5.172490 5.172490 5.172490 0.753997 0.753997 0.753997
27600 5.172490 5.172490 5.172490 0.753997 0.753997 0.753997
27700 5.172490 5.172490 5.172490 0.753997 0.753997 0.753997
27800 5.172490 5.172490 5.172490 0.753997 0.753997 0.753997
27900 5.172490 5.172490 5.172490 0.753997 0.753997 0.753997
28000 5.172490 5.172490 5.172490 0.753997 0.753997 0.753997
28100 5.172490 5.172490 5.172490 0.753997 0.753997 0.753997
28200 5.172490 5.172490 5.172490 0.753997 0.753997 0.753997
28300 5.172490 5.172490 5.172490 0.753997 0.753997 0.753997
28400 5.172490 5.172490 5.172490 0.753997 0.753997 0.753997
28500 5.172490 5.172490 5.172490 0.753997 0.753997 0.753997
28600 5.172490 5.172490 5.172490 0.753997 0.753997 0.753997
28700 5.172490 5.172490 5.172490 0.753997 0.753997 0.753997
28800 5.172490 5.172490 5.172490 0.753997 0.753997 0.753997
28900 5.172490 5.172490 5.172490 0.753997 0.753997 0.753997
29000 5.172490 5.172490 5.172490 0.753997 0.753997 0.753997
29100 5.172490 5.172490 5.172490 0.753997 0.753997 0.753997
29200 5.172490 5.172490 5.172490 0.753997 0.753997 0.753997
29300 5.172490 5.172490 5.172490 0.753997 0.753997 0.753997
29400 5.172490 5.172490 5.172490 0.753997 0.753997 0.753997
29500 5.172490 5.172490 5.172490 0.753997 0.753997 0.753997
29600 5.172490 5.172490 5.172490 0.753997 0.753997 0.753997
29700 5.172490 5.172490 5.172490 0.753997 0.753997 0.753997
29800 5.172490 5.172490 5.172490 0.753997 0.753997 0.753997
29900 5.172490 5.172490 5.172490 0.753997 0.753997 0.753997
30000 5.172490 5.172490 5.172490 0.753997 0.753997 0.753997
30100 5.172490 5.172490 5.172490 0.753997 0.753997 0.753997
30200 5.172490 5.172490 5.172490 0.753997 0.753997 0.753997
30300 5.172490 5.172490 5.172490 0.753997 0.753997 0.753997
30400 5.172490 5.172490 5.172490 0.753997 0.753997 0.753997
30500 5.172490 5.172490 5.172490 0.753997 0.753997 0.753997
30600 5.172490 5.172490 5.172490 0.753997 0.753997 0.753997
30700 5.172490 5.172490 5.172490 0.753997 0.753997 0.753997
30800 5.172490 5.172490 5.172490 0.753997 0.753997 0.753997
30900 5.172490 5.172490 5.172490 0.753997 0.753997 0.753997
31000 5.172490 5.172490 5.172490 0.753997 0.753997 0.753997
31100 5.172490 5.172490 5.172490 0.753997 0.753997 0.753997
31200 5.172490 5.172490 5.172490 0.753997 0.753997 0.753997
31300 5.172490 5.172490 5.172490 0.753997 0.753997 0.753997
31400 5.172490 5.172490 5.172490 0.753997 0.753997 0.753997
31500 5.172490 5.172490 5.172490 0.753997 0.753997 0.753997
31600 5.172490 5.172490 5.172490 0.753997 0.753997 0.753997
31700 5.172490 5.172490 5.172490 0.753997 0.753997 0.753997
31800 5.172490 5.172490 5.172490 0.753997 0.753997 0.753997
31900 5.172490 5.172490 5.172490 0.753997 0.753997 0.753997
32000 5.172490 5.172490 5.172490 0.753997 0.753997 0.753997
32100 5.172490 5.172490 5.172490 0.753997 0.753997 0.753997
32200 5.172490 5.172490 5.172490 0.753997 0.753997 0.753997
32300 5.172490 5.172490 5.172490 0.753997 0.753997 0.753997
32400 5.172490 5.172490 5.172490 0.753997 0.753997 0.753997
32500 5.172490 5.172490 5.172490 0.753997 0.753997 0.753997
32600 5.172490 5.172490 5.172490 0.753997 0.753997 0.753997
32700 5.172490 5.172490 5.172490 0.753997 0.753997 0.753997
32800 5.172490 5.172490 5.172490 0.753997 0.753997 0.753997
32900 5.172490 5.172490 5.172490 0.753997 0.753997 0.753997
33000 5.172490 5.172490 5.172490 0.753997 0.753997 0.753997
33100 5.172490 5.172490 5.172490 0.753997 0.753997 0.753997
33200 5.172490 5.172490 5.172490 0.753997 0.753997 0.753997
33300 5.172490 5.172490 5.172490 0.753997 0.753997 0.753997
33400 5.172490 5.172490 5.172490 0.753997 0.753997 0.753997
33500 5.172490 5.172490 5.172490 0.753997 0.753997 0.753997
33600 5.172490 5.172490 5.172490 0.753997 0.753997 0.753997
33700 5.172490 5.172490 5.172490 0.753997 0.753997 0.753997
33800 5.172490 5.172490 5.172490 0.753997 0.753997 0.753997
33900 5.172490 5.172490 5.172490 0.753997 0.753997 0.753997
34000 5.172490 5.172490 5.172490 0.753997 0.753997 0.753997
34100 5.172490 5.172490 5.172490 0.753997 0.753997 0.753997
34200 5.172490 5.172490 5.172490 0.753997 0.753997 0.753997
34300 5.172490 5.172490 5.172490 0.753997 0.753997 0.753997
34400 5.172490 5.172490 5.172490 0.753997 0.753997 0.753997
34500 5.172490 5.172490 5.172490 0.753997 0.753997 0.753997
34600 5.172490 5.172490 5.172490 0.753997 0.753997 0.753997
34700 5.172490 5.172490 5.172490 0.753997 0.753997 0.753997
34800 5.172490 5.172490 5.172490 0.753997 0.753997 0.753997
34900 5.172490 5.172490 5.172490 0.753997 0.753997 0.753997
35000 5.172490 5.172490 5.172490 0.753997 0.753997 0.753997
35100 5.172490 5.172490 5.172490 0.753997 0.753997 0.753997
35200 5.172490 5.172490 5.172490 0.753997 0.753997 0.753997
35300 5.172490 5.172490 5.172490 0.753997 0.753997 0.753997
35400 5.172490 5.172490 5.172490 0.753997 0.753997 0.753997
35500 5.172490 5.172490 5.172490 0.753997 0.753997 0.753997
35600 5.172490 5.172490 5.172490 0.753997 0.753997 0.753997
35700 5.172490 5.172490 5.172490 0.753997 0.753997 0.753997
35800 5.172490 5.172490 5.172490 0.753997 0.753997 0.753997
35900 5.172490 5.172490 5.172490 0.753997 0.753997 0.753997
36000 5.172490 5.172490 5.172490 0.753997 0.753997 0.753997
36100 5.172490 5.172490 5.172490 0.753997 0.753997 0.753997
36200 5.172490 5.172490 5.172490 0.753997 0.753997 0.753997
36300 5.172490 5.172490 5.172490 0.753997 0.753997 0.753997
36400 5.172490 5.172490 5.172490 0.753997 0.753997 0.753997
36500 5.172490 5.172490 5.172490 0.753997 0.753997 0.753997
36600 5.172490 5.172490 5.172490 0.753997 0.753997 0.753997
36700 5.172490 5.172490 5.172490 0.753997 0.753997 0.753997
36800 5.172490 5.172490 5.172490 0.753997 0.753997 0.753997
36900 5.172490 5.172490 5.172490 0.753997 0.753997 0.753997
37000 5.172490 5.172490 5.172490 0.753997 0.753997 0.753997
37100 5.172490 5.172490 5.172490 0.753997 0.753997 0.753997
37200 5.172490 5.172490 5.172490 0.753997 0.753997 0.753997
37300 5.172490 5.172490 5.172490 0.753997 0.753997 0.753997
37400 5.172490 5.172490 5.172490 0.753997 0.753997 0.753997
37500 5.172490 5.172490 5.172490 0.753997 0.753997 0.753997
37600 5.172490 5.172490 5.172490 0.753997 0.753997 0.753997
37700 5.172490 5.172490 5.172490 0.753997 0.753997 0.753997
37800 5.172490 5.172490 5.172490 0.753997 0.753997 0.753997
37900 5.172490 5.172490 5.172490 0.753997 0.753997 0.753997
38000 5.172490 5.172490 5.172490 0.753997 0.753997 0.753997
38100 5.172490 5.172490 5.172490 0.753997 0.753997 0.753997
38200 5.172490 5.172490 5.172490 0.753997 0.753997 0.753997
38300 5.172490 5.172490 5.172490 0.753997 0.753997 0.753997
38400 5.172490 5.172490 5.172490 0.753997 0.753997 0.753997
38500 5.172490 5.172490 5.172490 0.753997 0.753997 0.753997
38600 5.172490 5.172490 5.172490 0.753997 0.753997 0.753997
38700 5.172490 5.172490 5.172490 0.753997 0.753997 0.753997
38800 5.172490 5.172490 5.172490 0.753997 0.753997 0.753997
38900 5.172490 5.172490 5.172490 0.753997 0.753997 0.753997
39000 5.172490 5.172490 5.172490 0.753997 0.753997 0.753997
39100 5.172490 5.172490 5.172490 0.753997 0.753997 0.753997
39200 5.172490 5.172490 5.172490 0.753997 0.753997 0.753997
39300 5.172490 5.172490 5.172490 0.753997 0.753997 0.753997
39400 5.172490 5.172490 5.172490 0.753997 0.753997 0.753997
39500 5.172490 5.172490 5.172490 0.753997 0.753997 0.753997
39600 5.172490 5.172490 5.172490 0.753997 0.753997 0.753997
39700 5.172490 5.172490 5.172490 0.753997 0.753997 0.753997
39800 5.172490 5.172490 5.172490 0.753997 0.753997 0.753997
39900 5.172490 5.172490 5.172490 0.753997 0.753997 0.753997
40000 5.172490 5.172490 5.172490 0.753997 0.753997 0.753997
40100 5.172490 5.172490 5.172490 0.753997 0.753997 0.753997
40200 5.172490 5.172490 5.172490 0.753997 0.753997 0.753997
40300 5.172490 5.172490 5.172490 0.753997 0.753997 0.753997
40400 5.172490 5.172490 5.172490 0.753997 0.753997 0.753997
40500 5.172490 5.172490 5.172490 0.753997 0.753997 0.753997
40600 5.172490 5.172490 5.172490 0.753997 0.753997 0.753997
40700 5.172490 5.172490 5.172490 0.753997 0.753997 0.753997
40800 5.172490 5.172490 5.172490 0.753997 0.753997 0.753997
40900 5.172490 5.172490 5.172490 0.753997 0.753997 0.753997
41000 5.172490 5.172490 5.172490 0.753997 0.753997 0.753997
41100 5.172490 5.172490 5.172490 0.753997 0.753997 0.753997
41200 5.172490 5.172490 5.172490 0.753997 0.753997 0.753997
41300 5.172490 5.172490 5.172490 0.753997 0.753997 0.753997
41400 5.172490 5.172490 5.172490 0.753997 0.753997 0.753997
41500 5.172490 5.172490 5.172490 0.753997 0.753997 0.753997
41600 5.172490 5.172490 5.172490 0.753997 0.753997 0.753997
41700 5.172490 5.172490 5.172490 0.753997 0.753997 0.753997
41800 5.172490 5.172490 5.172490 0.753997 0.753997 0.753997
41900 5.172490 5.172490 5.172490 0.753997 0.753997 0.753997
42000 5.172490 5.172490 5.172490 0.753997 0.753997 0.753997
42100 5.172490 5.172490 5.172490 0.753997 0.753997 0.753997
42200 5.172490 5.172490 5.172490 0.753997 0.753997 0.753997
42300 5.172490 5.172490 5.172490 0.753997 0.753997 0.753997
42400 5.172490 5.172490 5.172490 0.753997 0.753997 0.753997
42500 5.172490 5.172490 5.172490 0.753997 0.753997 0.753997
42600 5.172490 5.172490 5.172490 0.753997 0.753997 0.753997
42700 5.172490 5.172490 5.172490 0.753997 0.753997 0.753997
42800 5.172490 5.172490 5.172490 0.753997 0.753997 0.753997
42900 5.172490 5.172490 5.172490 0.753997 0.753997 0.753997
43000 5.172490 5.172490 5.172490 0.753997 0.753997 0.753997
43100 5.172490 5.172490 5.172490 0.753997 0.753997 0.753997
43200 5.172490 5.172490 5.172490 0.753997 0.753997 0.753997
43300 5.172490 5.172490 5.172490 0.753997 0.753997 0.753997
43400 5.172490 5.172490 5.172490 0.753997 0.753997 0.753997
43500 5.172490 5.172490 5.172490 0.753997 0.753997 0.753997
43600 5.172490 5.172490 5.172490 0.753997 0.753997 0.753997
43700 5.172490 5.172490 5.172490 0.753997 0.753997 0.753997
43800 5.172490 5.172490 5.172490 0.753997 0.753997 0.753997
43900 5.172490 5.172490 5.172490 0.753997 0.753997 0.753997
44000 5.172490 5.172490 5.172490 0.753997 0.753997 0.753997
44100 5.172490 5.172490 5.172490 0.753997 0.753997 0.753997
44200 5.172490 5.172490 5.172490 0.753997 0.753997 0.753997
44300 5.172490 5.172490 5.172490 0.753997 0.753997 0.753997
44400 5.172490 5.172490 5.172490 0.753997 0.753997 0.753997
44500 5.172490 5.172490 5.172490 0.753997 0.753997 0.753997
44600 5.172490 5.172490 5.172490 0.753997 0.753997 0.753997
44700 5.172490 5.172490 5.172490 0.753997 0.753997 0.753997
44800 5.172490 5.172490 5.172490 0.753997 0.753997 0.753997
44900 5.172490 5.172490 5.172490 0.753997 0.753997 0.753997
45000 5.172490 5.172490 5.172490 0.753997 0.753997 0.753997
45100 5.172490 5.172490 5.172490 0.753997 0.753997 0.753997
45200 5.172490 5.172490 5.172490 0.753997 0.753997 0.753997
45300 5.172490 5.172490 5.172490 0.753997 0.753997 0.753997
45400 5.172490 5.172490 5.172490 0.753997 0.753997 0.753997
45500 5.172490 5.172490 5.172490 0.753997 0.753997 0.753997
45600 5.172490 5.172490 5.172490 0.753997 0.753997 0.753997
45700 5.172490 5.172490 5.172490 0.753997 0.753997 0.753997
45800 5.172490 5.172490 5.172490 0.753997 0.753997 0.753997
45900 5.172490 5.172490 5.172490 0.753997 0.753997 0.753997
46000 5.172490 5.172490 5.172490 0.753997 0.753997 0.753997
46100 5.172490 5.172490 5.172490 0.753997 0.753997 0.753997
46200 5.172490 5.172490 5.172490 0.753997 0.753997 0.753997
46300 5.172490 5.172490 5.172490 0.753997 0.753997 0.753997
46400 5.172490 5.172490 5.172490 0.753997 0.753997 0.753997
46500 5.172490 5.172490 5.172490 0.753997 0.753997 0.753997
46600 5.172490 5.172490 5.172490 0.753997 0.753997 0.753997
46700 5.172490 5.172490 5.172490 0.753997 0.753997 0.753997
46800 5.172490 5.172490 5.172490 0.753997 0.753997 0.753997
46900 5.172490 5.172490 5.172490 0.753997 0.753997 0.753997
47000 5.172490 5.172490 5.172490 0.753997 0.753997 0.753997
47100 5.172490 5.172490 5.172490 0.753997 0.753997 0.753997
47200 5.172490 5.172490 5.172490 0.753997 0.753997 0.753997
47300 5.172490 5.172490 5.172490 0.753997 0.753997 0.753997
47400 5.172490 5.172490 5.172490 0.753997 0.753997 0.753997
47500 5.172490 5.172490 5.172490 0.753997 0.753997 0.753997
47600 5.172490 5.172490 5.172490 0.753997 0.753997 0.753997
47700 5.172490 5.172490 5.172490 0.753997 0.753997 0.753997
47800 5.172490 5.172490 5.172490 0.753997 0.753997 0.753997
47900 5.172490 5.172490 5.172490 0.753997 0.753997 0.753997
48000 5.172490 5.172490 5.172490 0.753997 0.753997 0.753997
48100 5.172490 5.172490 5.172490 0.753997 0.753997 0.753997
48200 5.172490 5.172490 5.172490 0.753997 0.753997 0.753997
48300 5.172490 5.172490 5.172490 0.753997 0.753997 0.753997
48400 5.172490 5.172490 5.172490 0.753997 0.753997 0.753997
48500 5.172490 5.172490 5.172490 0.753997 0.753997 0.753997
48600 5.172490 5.172490 5.172490 0.753997 0.753997 0.753997
48700 5.172490 5.172490 5.172490 0.753997 0.753997 0.753997
48800 5.172490 5.172490 5.172490 0.753997 0.753997 0.753997
48900 5.172490 5.172490 5.172490 0.753997 0.753997 0.753997
49000 5.172490 5.172490 5.172490 0.753997 0.753997 0.753997
49100 5.172490 5.172490 5.172490 0.753997 0.753997 0.753997
49200 5.172490 5.172490 5.172490 0.753997 0.753997 0.753997
49300 5.172490 5.172490 5.172490 0.753997 0.753997 0.753997
49400 5.172490 5.172490 5.172490 0.753997 0.753997 0.753997
49500 5.172490 5.172490 5.172490 0.753997 0.753997 0.753997
49600 5.172490 5.172490 5.172490 0.753997 0.753997 0.753997
49700 5.172490 5.172490 5.172490 0.753997 0.753997 0.753997
49800 5.172490 5.172490 5.172490 0.753997 0.753997 0.753997
49900 5.172490 5.172490 5.172490 0.753997 0.753997 0.753997
50000 5.172490 5.172490 5.172490 0.753997 0.753997 0.753997
50100 5.172490 5.172490 5.172490 0.753997 0.753997 0.753997
50200 5.172490 5.172490 5.172490 0.753997 0.753997 0.753997
50300 5.172490 5.172490 5.172490 0.753997 0.753997 0.753997
50400 5.172490 5.172490 5.172490 0.753997 0.753997 0.753997
50500 5.172490 5.172490 5.172490 0.753997 0.753997 0.753997
50600 5.172490 5.172490 5.172490 0.753997 0.753997 0.753997
50700 5.172490 5.172490 5.172490 0.753997 0.753997 0.753997
50800 5.172490 5.172490 5.172490 0.753997 0.753997 0.753997
50900 5.172490 5.172490 5.172490 0.753997 0.753997 0.753997
51000 5.172490 5.172490 5.172490 0.753997 0.753997 0.753997
51100 5.172490 5.172490 5.172490 0.753997 0.753997 0.753997
51200 5.172490 5.172490 5.172490 0.753997 0.753997 0.753997
51300 5.172490 5.172490 5.172490 0.753997 0.753997 0.753997
51400 5.172490 5.172490 5.172490 0.753997 0.753997 0.753997
51500 5.172490 5.172490 5.172490 0.753997 0.753997 0.753997
51600 5.172490 5.172490 5.172490 0.753997 0.753997 0.753997
51700 5.172490 5.172490 5.172490 0.753997 0.753997 0.753997
51800 5.172490 5.172490 5.172490 0.753997 0.753997 0.753997
51900 5.172490 5.172490 5.172490 0.753997 0.753997 0.753997
52000 5.172490 5.172490 5.172490 0.753997 0.753997 0.753997
52100 5.172490 5.172490 5.172490 0.753997 0.753997 0.753997
52200 5.172490 5.172490 5.172490 0.753997 0.753997 0.753997
52300 5.172490 5.172490 5.172490 0.753997 0.753997 0.753997
52400 5.172490 5.172490 5.172490 0.753997 0.753997 0.753997
52500 5.172490 5.172490 5.172490 0.753997 0.753997 0.753997
52600 5.172490 5.172490 5.172490 0.753997 0.753997 0.753997
52700 5.172490 5.172490 5.172490 0.753997 0.753997 0.753997
52800 5.172490 5.172490 5.172490 0.753997 0.753997 0.753997
52900 5.172490 5.172490 5.172490 0.753997 0.753997 0.753997
53000 5.172490 5.172490 5.172490 0.753997 0.753997 0.753997
53100 5.172490 5.172490 5.172490 0.753997 0.753997 0.753997
53200 5.172490 5.172490 5.172490 0.753997 0.753997 0.753997
53300 5.172490 5.172490 5.172490 0.753997 0.753997 0.753997
53400 5.172490 5.172490 5.172490 0.753997 0.753997 0.753997
53500 5.172490 5.172490 5.172490 0.753997 0.753997 0.753997
53600 5.172490 5.172490 5.172490 0.753997 0.753997 0.753997
53700 5.172490 5.172490 5.172490 0.753997 0.753997 0.753997
53800 5.172490 5.172490 5.172490 0.753997 0.753997 0.753997
53900 5.172490 5.172490 5.172490 0.753997 0.753997 0.753997
54000 5.172490 5.172490 5.172490 0.753997 0.753997 0.753997
54100 5.172490 5.172490 5.172490 0.753997 0.753997 0.753997
54200 5.172490 5.172490 5.172490 0.753997 0.753997 0.753997
54300 5.172490 5.172490 5.172490 0.753997 0.753997 0.753997
54400 5.172490 5.172490 5.172490 0.753997 0.753997 0.753997
54500 5.172490 5.172490 5.172490 0.753997 0.753997 0.753997
54600 5.172490 5.172490 5.172490 0.753997 0.753997 0.753997
54700 5.172490 5.172490 5.172490 0.753997 0.753997 0.753997
54800 5.172490 5.172490 5.172490 0.753997 0.753997 0.753997
54900 5.172490 5.172490 5.172490 0.753997 0.753997 0.753997
55000 5.172490 5.172490 5.172490 0.753997 0.753997 0.753997
55100 5.172490 5.172490 5.172490 0.753997 0.753997 0.753997
55200 5.172490 5.172490 5.172490 0.753997 0.753997 0.753997
55300 5.172490 5.172490 5.172490 0.753997 0.753997 0.753997
55400 5.172490 5.172490 5.172490 0.753997 0.753997 0.753997
55500 5.172490 5.172490 5.172490 0.753997 0.753997 0.753997
55600 5.172490 5.172490 5.172490 0.753997 0.753997 0.753997
55700 5.172490 5.172490 5.172490 0.753997 0.753997 0.753997
55800 5.172490 5.172490 5.172490 0.753997 0.753997 0.753997
55900 5.172490 5.172490 5.172490 0.753997 0.753997 0.753997
56000 5.172490 5.172490 5.172490 0.753997 0.753997 0.753997
56100 5.172490 5.172490 5.172490 0.753997 0.753997 0.753997
56200 5.172490 5.172490 5.172490 0.753997 0.753997 0.753997
56300 5.172490 5.172490 5.172490 0.753997 0.753997 0.753997
56400 5.172490 5.172490 5.172490 0.753997 0.753997 0.753997
56500 5.172490 5.172490 5.172490 0.753997 0.753997 0.753997
56600 5.172490 5.172490 5.172490 0.753997 0.753997 0.753997
56700 5.172490 5.172490 5.172490 0.753997 0.753997 0.753997
56800 5.172490 5.172490 5.172490 0.753997 0.753997 0.753997
56900 5.172490 5.172490 5.172490 0.753997 0.753997 0.753997
57000 5.172490 5.172490 5.172490 0.753997 0.753997 0.753997
57100 5.172490 5.172490 5.172490 0.753997 0.753997 0.753997
57200 5.172490 5.172490 5.172490 0.753997 0.753997 0.753997
57300 5.172490 5.172490 5.172490 0.753997 0.753997 0.753997
57400 5.172490 5.172490 5.172490 0.753997 0.753997 0.753997
57500 5.172490 5.172490 5.172490 0.753997 0.753997 0.753997
57600 5.172490 5.172490 5.172490 0.753997 0.753997 0.753997
57700 5.172490 5.172490 5.172490 0.753997 0.753997 0.753997
57800 5.172490 5.172490 5.172490 0.753997 0.753997 0.753997
57900 5.172490 5.172490 5.172490 0.753997 0.753997 0.753997
58000 5.172490 5.172490 5.172490 0.753997 0.753997 0.753997
58100 5.172490 5.172490 5.172490 0.753997 0.753997 0.753997
58200 5.172490 5.172490 5.172490 0.753997 0.753997 0.753997
58300 5.172490 5.172490 5.172490 0.753997 0.753997 0.753997
58400 5.172490 5.172490 5.172490 0.753997 0.753997 0.753997
58500 5.172490 5.172490 5.172490 0.753997 0.753997 0.753997
58600 5.172490 5.172490 5.172490 0.753997 0.753997 0.753997
58700 5.172490 5.172490 5.172490 0.753997 0.753997 0.753997
58800 5.172490 5.172490 5.172490 0.753997 0.753997 0.753997
58900 5.172490 5.172490 5.172490 0.753997 0.753997 0.753997
59000 5.172490 5.172490 5.172490 0.753997 0.753997 0.753997
59100 5.172490 5.172490 5.172490 0.753997 0.753997 0.753997
59200 5.172490 5.172490 5.172490 0.753997 0.753997 0.753997
59300 5.172490 5.172490 5.172490 0.753997 0.753997 0.753997
59400 5.172490 5.172490 5.172490 0.753997 0.753997 0.753997
59500 5.172490 5.172490 5.172490 0.753997 0.753997 0.753997
59600 5.172490 5.172490 5.172490 0.753997 0.753997 0.753997
59700 5.172490 5.172490 5.172490 0.753997 0.753997 0.753997
59800 5.172490 5.172490 5.172490 0.753997 0.753997 0.753997
59900 5.172490 5.172490 5.172490 0.753997 0.753997 0.753997
60000 5.172490 5.172490 5.172490 0.753997 0.753997 0.753997
60100 5.172490 5.172490 5.172490 0.753997 0.753997 0.753997
60200 5.172490 5.172490 5.172490 0.753997 0.753997 0.753997
60300 5.172490 5.172490 5.172490 0.753997 0.753997 0.753997
60400 5.172490 5.172490 5.172490 0.753997 0.753997 0.753997
60500 5.172490 5.172490 5.172490 0.753997 0.753997 0.753997
60600 5.172490 5.172490 5.172490 0.753997 0.753997 0.753997
60700 5.172490 5.172490 5.172490 0.753997 0.753997 0.753997
60800 5.172490 5.172490 5.172490 0.753997 0.753997 0.753997
60900 5.172490 5.172490 5.172490 0.753997 0.753997 0.753997
61000 5.172490 5.172490 5.172490 0.753997 0.753997 0.753997
61100 5.172490 5.172490 5.172490 0.753997 0.753997 0.753997
61200 5.172490 5.172490 5.172490 0.753997 0.753997 0.753997
61300 5.172490 5.172490 5.172490 0.753997 0.753997 0.753997
61400 5.172490 5.172490 5.172490 0.753997 0.753997 0.753997
61500 5.172490 5.172490 5.172490 0.753997 0.753997 0.753997
61600 5.172490 5.172490 5.172490 0.753997 0.753997 0.753997
61700 5.172490 5.172490 5.172490 0.753997 0.753997 0.753997
61800 5.172490 5.172490 5.172490 0.753997 0.753997 0.753997
61900 5.172490 5.172490 5.172490 0.753997 0.753997 0.753997
62000 5.172490 5.172490 5.172490 0.753997 0.753997 0.753997
62100 5.172490 5.172490 5.172490 0.753997 0.753997 0.753997
62200 5.172490 5.172490 5.172490 0.753997 0.753997 0.753997
62300 5.172490 5.172490 5.172490 0.753997 0.753997 0.753997
62400 5.172490 5.172490 5.172490 0.753997 0.753997 0.753997
62500 5.172490 5.172490 5.172490 0.753997 0.753997 0.753997
62600 5.172490 5.172490 5.172490 0.753997 0.753997 0.753997
62700 5.172490 5.172490 5.172490 0.753997 0.753997 0.753997
62800 5.172490 5.172490 5.172490 0.753997 0.753997 0.753997
62900 5.172490 5.172490 5.172490 0.753997 0.753997 0.753997
63000 5.172490 5.172490 5.172490 0.753997 0.753997 0.753997
63100 5.172490 5.172490 5.172490 0.753997 0.753997 0.753997
63200 5.172490 5.172490 5.172490 0.753997 0.753997 0.753997
63300 5.172490 5.172490 5.172490 0.753997 0.753997 0.753997
63400 5.172490 5.172490 5.172490 0.753997 0.753997 0.753997
63500 5.172490 5.172490 5.172490 0.753997 0.753997 0.753997
63600 5.172490 5.172490 5.172490 0.753997 0.753997 0.753997
63700 5.172490 5.172490 5.172490 0.753997 0.753997 0.753997
63800 5.172490 5.172490 5.172490 0.753997 0.753997 0.753997
63900 5.172490 5.172490 5.172490 0.753997 0.753997 0.753997
64000 5.172490 5.172490 5.172490 0.753997 0.753997 0.753997
64100 5.172490 5.172490 5.172490 0.753997 0.753997 0.753997
64200 5.172490 5.172490 5.172490 0.753997 0.753997 0.753997
64300 5.172490 5.172490 5.172490 0.753997 0.753997 0.753997
64400 5.172490 5.172490 5.172490 0.753997 0.753997 0.753997
64500 5.172490 5.172490 5.172490 0.753997 0.753997 0.753997
64600 5.172490 5.172490 5.172490 0.753997 0.753997 0.753997
64700 5.172490 5.172490 5.172490 0.753997 0.753997 0.753997
64800 5.172490 5.172490 5.172490 0.753997 0.753997 0.753997
64900 5.172490 5.172490 5.172490 0.753997 0.753997 0.753997
65000 5.172490 5.172490 5.172490 0.753997 0.753997 0.753997
65100 5.172490 5.172490 5.172490 0.753997 0.753997 0.753997
65200 5.172490 5.172490 5.172490 0.753997 0.753997 0.753997
65300 5.172490 5.172490 5.172490 0.753997 0.753997 0.753997
65400 5.172490 5.172490 5.172490 0.753997 0.753997 0.753997
65500 5.172490 5.172490 5.172490 0.753997 0.753997 0.753997
65600 5.172490 5.172490 5.172490 0.753997 0.753997 0.753997
65700 5.172490 5.172490 5.172490 0.753997 0.753997 0.753997
65800 5.172490 5.172490 5.172490 0.753997 0.753997 0.753997
65900 5.172490 5.172490 5.172490 0.753997 0.753997 0.753997
66000 5.172490 5.172490 5.172490 0.753997 0.753997 0.753997
66100 5.172490 5.172490 5.172490 0.753997 0.753997 0.753997
66200 5.172490 5.172490 5.172490 0.753997 0.753997 0.753997
66300 5.172490 5.172490 5.172490 0.753997 0.753997 0.753997
66400 5.172490 5.172490 5.172490 0.753997 0.753997 0.753997
66500 5.172490 5.172490 5.172490 0.753997 0.753997 0.753997
66600 5.172490 5.172490 5.172490 0.753997 0.753997 0.753997
66700 5.172490 5.172490 5.172490 0.753997 0.753997 0.753997
66800 5.172490 5.172490 5.172490 0.753997 0.753997 0.753997
66900 5.172490 5.172490 5.172490 0.753997 0.753997 0.753997
67000 5.172490 5.172490 5.172490 0.753997 0.753997 0.753997
67100 5.172490 5.172490 5.172490 0.753997 0.753997 0.753997
67200 5.172490 5.172490 5.172490 0.753997 0.753997 0.753997
67300 5.172490 5.172490 5.172490 0.753997 0.753997 0.753997
67400 5.172490 5.172490 5.172490 0.753997 0.753997 0.753997
67500 5.172490 5.172490 5.172490 0.753997 0.753997 0.753997
67600 5.172490 5.172490 5.172490 0.753997 0.753997 0.753997
67700 5.172490 5.172490 5.172490 0.753997 0.753997 0.753997
67800 5.172490 5.172490 5.172490 0.753997 0.753997 0.753997
67900 5.172490 5.172490 5.172490 0.753997 0.753997 0.753997
68000 5.172490 5.172490 5.172490 0.753997 0.753997 0.753997
68100 5.172490 5.172490 5.172490 0.753997 0.753997 0.753997
68200 5.172490 5.172490 5.172490 0.753997 0.753997 0.753997
68300 5.172490 5.172490 5.172490 0.753997 0.753997 0.753997
68400 5.172490 5.172490 5.172490 0.753997 0.753997 0.753997
68500 5.172490 5.172490 5.172490 0.753997 0.753997 0.753997
68600 5.172490 5.172490 5.172490 0.753997 0.753997 0.753997
68700 5.172490 5.172490 5.172490 0.753997 0.753997 0.753997
68800 5.172490 5.172490 5.172490 0.753997 0.753997 0.753997
68900 5.172490 5.172490 5.172490 0.753997 0.753997 0.753997
69000 5.172490 5.172490 5.172490 0.753997 0.753997 0.753997
69100 5.172490 5.172490 5.172490 0.753997 0.753997 0.753997
69200 5.172490 5.172490 5.172490 0.753997 0.753997 0.753997
69300 5.172490 5.172490 5.172490 0.753997 0.753997 0.753997
69400 5.172490 5.172490 5.172490 0.753997 0.753997 0.753997
69500 5.172490 5.172490 5.172490 0.753997 0.753997 0.753997
69600 5.172490 5.172490 5.172490 0.753997 0.753997 0.753997
69700 5.172490 5.172490 5.172490 0.753997 0.753997 0.753997
69800 5.172490 5.172490 5.172490 0.753997 0.753997 0.753997
69900 5.172490 5.172490 5.172490 0.753997 0.753997 0.753997
70000 5.172490 5.172490 5.172490 0.753997 0.753997 0.753997
70100 5.172490 5.172490 5.172490 0.753997 0.753997 0.753997
70200 5.172490 5.172490 5.172490 0.753997 0.753997 0.753997
70300 5.172490 5.172490 5.172490 0.753997 0.753997 0.753997
70400 5.172490 5.172490 5.172490 0.753997 0.753997 0.753997
70500 5.172490 5.172490 5.172490 0.753997 0.753997 0.753997
70600 5.172490 5.172490 5.172490 0.753997 0.753997 0.753997
70700 5.172490 5.172490 5.172490 0.753997 0.753997 0.753997
70800 5.172490 5.172490 5.172490 0.753997 0.753997 0.753997
70900 5.172490 5.172490 5.172490 0.753997 0.753997 0.753997
71000 5.172490 5.172490 5.172490 0.753997 0.753997 0.753997
71100 5.172490 5.172490 5.172490 0.753997 0.753997 0.753997
71200 5.172490 5.172490 5.172490 0.753997 0.753997 0.753997
71300 5.172490 5.172490 5.172490 0.753997 0.753997 0.753997
71400 5.172490 5.172490 5.172490 0.753997 0.753997 0.753997
71500 5.172490 5.172490 5.172490 0.753997 0.753997 0.753997
71600 5.172490 5.172490 5.172490 0.753997 0.753997 0.753997
71700 5.172490 5.172490 5.172490 0.753997 0.753997 0.753997
71800 5.172490 5.172490 5.172490 0.753997 0.753997 0.753997
71900 5.172490 5.172490 5.172490 0.753997 0.753997 0.753997
72000 5.172490 5.172490 5.172490 0.753997 0.753997 0.753997
72100 5.172490 5.172490 5.172490 0.753997 0.753997 0.753997
72200 5.172490 5.172490 5.172490 0.753997 0.753997 0.753997
72300 5.172490 5.172490 5.172490 0.753997 0.753997 0.753997
72400 5.172490 5.172490 5.172490 0.753997 0.753997 0.753997
72500 5.172490 5.172490 5.172490 0.753997 0.753997 0.753997
72600 5.172490 5.172490 5.172490 0.753997 0.753997 0.753997
72700 5.172490 5.172490 5.172490 0.753997 0.753997 0.753997
72800 5.172490 5.172490 5.172490 0.753997 0.753997 0.753997
72900 5.172490 5.172490 5.172490 0.753997 0.753997 0.753997
73000 5.172490 5.172490 5.172490 0.753997 0.753997 0.753997
73100 5.172490 5.172490 5.172490 0.753997 0.753997 0.753997
73200 5.172490 5.172490 5.172490 0.753997 0.753997 0.753997
73300 5.172490 5.172490 5.172490 0.753997 0.753997 0.753997
73400 5.172490 5.172490 5.172490 0.753997 0.753997 0.753997
73500 5.172490 5.172490 5.172490 0.753997 0.753997 0.753997
73600 5.172490 5.172490 5.172490 0.753997 0.753997 0.753997
73700 5.172490 5.172490 5.172490 0.753997 0.753997 0.753997
73800 5.172490 5.172490 5.172490 0.753997 0.753997 0.753997
73900 5.172490 5.172490 5.172490 0.753997 0.753997 0.753997
74000 5.172490 5.172490 5.172490 0.753997 0.753997 0.753997
74100 5.172490 5.172490 5.172490 0.753997 0.753997 0.753997
74200 5.172490 5.172490 5.172490 0.753997 0.753997 0.753997
74300 5.172490 5.172490 5.172490 0.753997 0.753997 0.753997
74400 5.172490 5.172490 5.172490 0.753997 0.753997 0.753997
74500 5.172490 5.172490 5.172490 0.753997 0.753997 0.753997
74600 5.172490 5.172490 5.172490 0.753997 0.753997 0.753997
74700 5.172490 5.172490 5.172490 0.753997 0.753997 0.753997
74800 5.172490 5.172490 5.172490 0.753997 0.753997 0.753997
74900 5.172490 5.172490 5.172490 0.753997 0.753997 0.753997
75000 5.172490 5.172490 5.172490 0.753997 0.753997 0.753997
75100 5.172490 5.172490 5.172490 0.753997 0.753997 0.753997
75200 5.172490 5.172490 5.172490 0.753997 0.753997 0.753997
75300 5.172490 5.172490 5.172490 0.753997 0.753997 0.753997
75400 5.172490 5.172490 5.172490 0.753997 0.753997 0.753997
75500 5.172490 5.172490 5.172490 0.753997 0.753997 0.753997
75600 5.172490 5.172490 5.172490 0.753997 0.753997 0.753997
75700 5.172490 5.172490 5.172490 0.753997 0.753997 0.753997
75800 5.172490 5.172490 5.172490 0.753997 0.753997 0.753997
75900 5.172490 5.172490 5.172490 0.753997 0.753997 0.753997
76000 5.172490 5.172490 5.172490 0.753997 0.753997 0.753997
76100 5.172490 5.172490 5.172490 0.753997 0.753997 0.753997
76200 5.172490 5.172490 5.172490 0.753997 0.753997 0.753997
76300 5.172490 5.172490 5.172490 0.753997 0.753997 0.753997
76400 5.172490 5.172490 5.172490 0.753997 0.753997 0.753997
76500 5.172490 5.172490 5.172490 0.753997 0.753997 0.753997
76600 5.172490 5.172490 5.172490 0.753997 0.753997 0.753997
76700 5.172490 5.172490 5.172490 0.753997 0.753997 0.753997
76800 5.172490 5.172490 5.172490 0.753997 0.753997 0.753997
76900 5.172490 5.172490 5.172490 0.753997 0.753997 0.753997
77000 5.172490 5.172490 5.172490 0.753997 0.753997 0.753997
77100 5.172490 5.172490 5.172490 0.753997 0.753997 0.753997
77200 5.172490 5.172490 5.172490 0.753997 0.753997 0.753997
77300 5.172490 5.172490 5.172490 0.753997 0.753997 0.753997
77400 5.172490 5.172490 5.172490 0.753997 0.753997 0.753997
77500 5.172490 5.172490 5.172490 0.753997 0.753997 0.753997
77600 5.172490 5.172490 5.172490 0.753997 0.753997 0.753997
77700 5.172490 5.172490 5.172490 0.753997 0.753997 0.753997
77800 5.172490 5.172490 5.172490 0.753997 0.753997 0.753997
77900 5.172490 5.172490 5.172490 0.753997 0.753997 0.753997
78000 5.172490 5.172490 5.172490 0.753997 0.753997 0.753997
78100 5.172490 5.172490 5.172490 0.753997 0.753997 0.753997
78200 5.172490 5.172490 5.172490 0.753997 0.753997 0.753997
78300 5.172490 5.172490 5.172490 0.753997 0.753997 0.753997
78400 5.172490 5.172490 5.172490 0.753997 0.753997 0.753997
78500 5.172490 5.172490 5.172490 0.753997 0.753997 0.753997
78600 5.172490 5.172490 5.172490 0.753997 0.753997 0.753997
78700 5.172490 5.172490 5.172490 0.753997 0.753997 0.753997
78800 5.172490 5.172490 5.172490 0.753997 0.753997 0.753997
78900 5.172490 5.172490 5.172490 0.753997 0.753997 0.753997
79000 5.172490 5.172490 5.172490 0.753997 0.753997 0.753997
79100 5.172490 5.172490 5.172490 0.753997 0.753997 0.753997
79200 5.172490 5.172490 5.172490 0.753997 0.753997 0.753997
79300 5.172490 5.172490 5.172490 0.753997 0.753997 0.753997
79400 5.172490 5.172490 5.172490 0.753997 0.753997 0.753997
79500 5.172490 5.172490 5.172490 0.753997 0.753997 0.753997
79600 5.172490 5.172490 5.172490 0.753997 0.753997 0.753997
79700 5.172490 5.172490 5.172490 0.753997 0.753997 0.753997
79800 5.172490 5.172490 5.172490 0.753997 0.753997 0.753997
79900 5.172490 5.172490 5.172490 0.753997 0.753997 0.753997
80000 5.172490 5.172490 5.172490 0.753997 0.753997 0.753997
80100 5.172490 5.172490 5.172490 0.753997 0.753997 0.753997
80200 5.172490 5.172490 5.172490 0.753997 0.753997 0.753997
80300 5.172490 5.172490 5.172490 0.753997 0.753997 0.753997
80400 5.172490 5.172490 5.172490 0.753997 0.753997 0.753997
80500 5.172490 5.172490 5.172490 0.753997 0.753997 0.753997
80600 5.172490 5.172490 5.172490 0.753997 0.753997 0.753997
80700 5.172490 5.172490 5.172490 0.753997 0.753997 0.753997
80800 5.172490 5.172490 5.172490 0.753997 0.753997 0.753997
80900 5.172490 5.172490 5.172490 0.753997 0.753997 0.753997
81000 5.172490 5.172490 5.172490 0.753997 0.753997 0.753997
81100 5.172490 5.172490 5.172490 0.753997 0.753997 0.753997
81200 5.172490 5.172490 5.172490 0.753997 0.753997 0.753997
81300 5.172490 5.172490 5.172490 0.753997 0.753997 0.753997
81400 5.172490 5.172490 5.172490 0.753997 0.753997 0.753997
81500 5.172490 5.172490 5.172490 0.753997 0.753997 0.753997
81600 5.172490 5.172490 5.172490 0.753997 0.753997 0.753997
81700 5.172490 5.172490 5.172490 0.753997 0.753997 0.753997
81800 5.172490 5.172490 5.172490 0.753997 0.753997 0.753997
81900 5.172490 5.172490 5.172490 0.753997 0.753997 0.753997
82000 5.172490 5.172490 5.172490 0.753997 0.753997 0.753997
82100 5.172490 5.172490 5.172490 0.753997 0.753997 0.753997
82200 5.172490 5.172490 5.172490 0.753997 0.753997 0.753997
82300 5.172490 5.172490 5.172490 0.753997 0.753997 0.753997
82400 5.172490 5.172490 5.172490 0.753997 0.753997 0.753997
82500 5.172490 5.172490 5.172490 0.753997 0.753997 0.753997
82600 5.172490 5.172490 5.172490 0.753997 0.753997 0.753997
82700 5.172490 5.172490 5.172490 0.753997 0.753997 0.753997
82800 5.172490 5.172490 5.172490 0.753997 0.753997 0.753997
82900 5.172490 5.172490 5.172490 0.753997 0.753997 0.753997
83000 5.172490 5.172490 5.172490 0.753997 0.753997 0.753997
83100 5.172490 5.172490 5.172490 0.753997 0.753997 0.753997
83200 5.172490 5.172490 5.172490 0.753997 0.753997 0.753997
83300 5.172490 5.172490 5.172490 0.753997 0.753997 0.753997
83400 5.172490 5.172490 5.172490 0.753997 0.753997 0.753997
83500 5.172490 5.172490 5.172490 0.753997 0.753997 0.753997
83600 5.172490 5.172490 5.172490 0.753997 0.753997 0.753997
83700 5.172490 5.172490 5.172490 0.753997 0.753997 0.753997
83800 5.172490 5.172490 5.172490 0.753997 0.753997 0.753997
83900 5.172490 5.172490 5.172490 0.753997 0.753997 0.753997
84000 5.172490 5.172490 5.172490 0.753997 0.753997 0.753997
84100 5.172490 5.172490 5.172490 0.753997 0.753997 0.753997
84200 5.172490 5.172490 5.172490 0.753997 0.753997 0.753997
84300 5.172490 5.172490 5.172490 0.753997 0.753997 0.753997
84400 5.172490 5.172490 5.172490 0.753997 0.753997 0.753997
84500 5.172490 5.172490 5.172490 0.753997 0.753997 0.753997
84600 5.172490 5.172490 5.172490 0.753997 0.753997 0.753997
84700 5.172490 5.172490 5.172490 0.753997 0.753997 0.753997
84800 5.172490 5.172490 5.172490 0.753997 0.753997 0.753997
84900 5.172490 5.172490 5.172490 0.753997 0.753997 0.753997
85000 5.172490 5.172490 5.172490 0.753997 0.753997 0.753997
85100 5.172490 5.172490 5.172490 0.753997 0.753997 0.753997
85200 5.172490 5.172490 5.172490 0.753997 0.753997 0.753997
85300 5.172490 5.172490 5.172490 0.753997 0.753997 0.753997
85400 5.172490 5.172490 5.172490 0.753997 0.753997 0.753997
85500 5.172490 5.172490 5.172490 0.753997 0.753997 0.753997
85600 5.172490 5.172490 5.172490 0.753997 0.753997 0.753997
85700 5.172490 5.172490 5.172490 0.753997 0.753997 0.753997
85800 5.172490 5.172490 5.172490 0.753997 0.753997 0.753997
85900 5.172490 5.172490 5.172490 0.753997 0.753997 0.753997
86000 5.172490 5.172490 5.172490 0.753997 0.753997 0.753997
86100 5.172490 5.172490 5.172490 0.753997 0.753997 0.753997
86200 5.172490 5.172490 5.172490 0.753997 0.753997 0.753997
86300 5.172490 5.172490 5.172490 0.753997 0.753997 0.753997
86400 5.172490 5.172490 5.172490 0.753997 0.753997 0.753997
86500 5.172490 5.172490 5.172490 0.753997 0.753997 0.753997
86600 5.172490 5.172490 5.172490 0.753997 0.753997 0.753997
86700 5.172490 5.172490 5.172490 0.753997 0.753997 0.753997
86800 5.172490 5.172490 5.172490 0.753997 0.753997 0.753997
86900 5.172490 5.172490 5.172490 0.753997 0.753997 0.753997
87000 5.172490 5.172490 5.172490 0.753997 0.753997 0.753997
87100 5.172490 5.172490 5.172490 0.753997 0.753997 0.753997
87200 5.172490 5.172490 5.172490 0.753997 0.753997 0.753997
87300 5.172490 5.172490 5.172490 0.753997 0.753997 0.753997
87400 5.172490 5.172490 5.172490 0.753997 0.753997 0.753997
87500 5.172490 5.172490 5.172490 0.753997 0.753997 0.753997
87600 5.172490 5.172490 5.172490 0.753997 0.753997 0.753997
87700 5.172490 5.172490 5.172490 0.753997 0.753997 0.753997
87800 5.172490 5.172490 5.172490 0.753997 0.753997 0.753997
87900 5.172490 5.172490 5.172490 0.753997 0.753997 0.753997
88000 5.172490 5.172490 5.172490 0.753997 0.753997 0.753997
88100 5.172490 5.172490 5.172490 0.753997 0.753997 0.753997
88200 5.172490 5.172490 5.172490 0.753997 0.753997 0.753997
88300 5.172490 5.172490 5.172490 0.753997 0.753997 0.753997
88400 5.172490 5.172490 5.172490 0.753997 0.753997 0.753997
88500 5.172490 5.172490 5.172490 0.753997 0.753997 0.753997
88600 5.172490 5.172490 5.172490 0.753997 0.753997 0.753997
88700 5.172490 5.172490 5.172490 0.753997 0.753997 0.753997
88800 5.172490 5.172490 5.172490 0.753997 0.753997 0.753997
88900 5.172490 5.172490 5.172490 0.753997 0.753997 0.753997
89000 5.172490 5.172490 5.172490 0.753997 0.753997 0.753997
89100 5.172490 5.172490 5.172490 0.753997 0.753997 0.753997
89200 5.172490 5.172490 5.172490 0.753997 0.753997 0.753997
89300 5.172490 5.172490 5.172490 0.753997 0.753997 0.753997
89400 5.172490 5.172490 5.172490 0.753997 0.753997 0.753997
89500 5.172490 5.172490 5.172490 0.753997 0.753997 0.753997
89600 5.172490 5.172490 5.172490 0.753997 0.753997 0.753997
89700 5.172490 5.172490 5.172490 0.753997 0.753997 0.753997
89800 5.172490 5.172490 5.172490 0.753997 0.753997 0.753997
89900 5.172490 5.172490 5.172490 0.753997 0.753997 0.753997
90000 5.172490 5.172490 5.172490 0.753997 0.753997 0.753997
90100 5.172490 5.172490 5.172490 0.753997 0.753997 0.753997
90200 5.172490 5.172490 5.172490 0.753997 0.753997 0.753997
90300 5.172490 5.172490 5.172490 0.753997 0.753997 0.753997
90400 5.172490 5.172490 5.172490 0.753997 0.753997 0.753997
90500 5.172490 5.172490 5.172490 0.753997 0.753997 0.753997
90600 5.172490 5.172490 5.172490 0.753997 0.753997 0.753997
90700 5.172490 5.172490 5.172490 0.753997 0.753997 0.753997
90800 5.172490 5.172490 5.172490 0.753997 0.753997 0.753997
90900 5.172490 5.172490 5.172490 0.753997 0.753997 0.753997
91000 5.172490 5.172490 5.172490 0.753997 0.753997 0.753997
91100 5.172490 5.172490 5.172490 0.753997 0.753997 0.753997
91200 5.172490 5.172490 5.172490 0.753997 0.753997 0.753997
91300 5.172490 5.172490 5.172490 0.753997 0.753997 0.753997
91400 5.172490 5.172490 5.172490 0.753997 0.753997 0.753997
91500 5.172490 5.172490 5.172490 0.753997 0.753997 0.753997
91600 5.172490 5.172490 5.172490 0.753997 0.753997 0.753997
91700 5.172490 5.172490 5.172490 0.753997 0.753997 0.753997
91800 5.172490 5.172490 5.172490 0.753997 0.753997 0.753997
91900 5.172490 5.172490 5.172490 0.753997 0.753997 0.753997
92000 5.172490 5.172490 5.172490 0.753997 0.753997 0.753997
92100 5.172490 5.172490 5.172490 0.753997 0.753997 0.753997
92200 5.172490 5.172490 5.172490 0.753997 0.753997 0.753997
92300 5.172490 5.172490 5.172490 0.753997 0.753997 0.753997
92400 5.172490 5.172490 5.172490 0.753997 0.753997 0.753997
92500 5.172490 5.172490 5.172490 0.753997 0.753997 0.753997
92600 5.172490 5.172490 5.172490 0.753997 0.753997 0.753997
92700 5.172490 5.172490 5.172490 0.753997 0.753997 0.753997
92800 5.172490 5.172490 5.172490 0.753997 0.753997 0.753997
92900 5.172490 5.172490 5.172490 0.753997 0.753997 0.753997
93000 5.172490 5.172490 5.172490 0.753997 0.753997 0.753997
93100 5.172490 5.172490 5.172490 0.753997 0.753997 0.753997
93200 5.172490 5.172490 5.172490 0.753997 0.753997 0.753997
93300 5.172490 5.172490 5.172490 0.753997 0.753997 0.753997
93400 5.172490 5.172490 5.172490 0.753997 0.753997 0.753997
93500 5.172490 5.172490 5.172490 0.753997 0.753997 0.753997
93600 5.172490 5.172490 5.172490 0.753997 0.753997 0.753997
93700 5.172490 5.172490 5.172490 0.753997 0.753997 0.753997
93800 5.172490 5.172490 5.172490 0.753997 0.753997 0.753997
93900 5.172490 5.172490 5.172490 0.753997 0.753997 0.753997
94000 5.172490 5.172490 5.172490 0.753997 0.753997 0.753997
94100 5.172490 5.172490 5.172490 0.753997 0.753997 0.753997
94200 5.172490 5.172490 5.172490 0.753997 0.753997 0.753997
94300 5.172490 5.172490 5.172490 0.753997 0.753997 0.753997
94400 5.172490 5.172490 5.172490 0.753997 0.753997 0.753997
94500 5.172490 5.172490 5.172490 0.753997 0.753997 0.753997
94600 5.172490 5.172490 5.172490 0.753997 0.753997 0.753997
94700 5.172490 5.172490 5.172490 0.753997 0.753997 0.753997
94800 5.172490 5.172490 5.172490 0.753997 0.753997 0.753997
94900 5.172490 5.172490 5.172490 0.753997 0.753997 0.753997
95000 5.172490 5.172490 5.172490 0.753997 0.753997 0.753997
95100 5.172490 5.172490 5.172490 0.753997 0.753997 0.753997
95200 5.172490 5.172490 5.172490 0.753997 0.753997 0.753997
95300 5.172490 5.172490 5.172490 0.753997 0.753997 0.753997
95400 5.172490 5.172490 5.172490 0.753997 0.753997 0.753997
95500 5.172490 5.172490 5.172490 0.753997 0.753997 0.753997
95600 5.172490 5.172490 5.172490 0.753997 0.753997 0.753997
95700 5.172490 5.172490 5.172490 0.753997 0.753997 0.753997
95800 5.172490 5.172490 5.172490 0.753997 0.753997 0.753997
95900 5.172490 5.172490 5.172490 0.753997 0.753997 0.753997
96000 5.172490 5.172490 5.172490 0.753997 0.753997 0.753997
96100 5.172490 5.172490 5.172490 0.753997 0.753997 0.753997
96200 5.172490 5.172490 5.172490 0.753997 0.753997 0.753997
96300 5.172490 5.172490 5.172490 0.753997 0.753997 0.753997
96400 5.172490 5.172490 5.172490 0.753997 0.753997 0.753997
96500 5.172490 5.172490 5.172490 0.753997 0.753997 0.753997
96600 5.172490 5.172490 5.172490 0.753997 0.753997 0.753997
96700 5.172490 5.172490 5.172490 0.753997 0.753997 0.753997
96800 5.172490 5.172490 5.172490 0.753997 0.753997 0.753997
96900 5.172490 5.172490 5.172490 0.753997 0.753997 0.753997
97000 5.172490 5.172490 5.172490 0.753997 0.753997 0.753997
97100 5.172490 5.172490 5.172490 0.753997 0.753997 0.753997
97200 5.172490 5.172490 5.172490 0.753997 0.753997 0.753997
97300 5.172490 5.172490 5.172490 0.753997 0.753997 0.753997
97400 5.172490 5.172490 5.172490 0.753997 0.753997 0.753997
97500 5.172490 5.172490 5.172490 0.753997 0.753997 0.753997
97600 5.172490 5.172490 5.172490 0.753997 0.753997 0.753997
97700 5.172490 5.172490 5.172490 0.753997 0.753997 0.753997
97800 5.172490 5.172490 5.172490 0.753997 0.753997 0.753997
97900 5.172490 5.172490 5.172490 0.753997 0.753997 0.753997
98000 5.172490 5.172490 5.172490 0.753997 0.753997 0.753997
98100 5.172490 5.172490 5.172490 0.753997 0.753997 0.753997
98200 5.172490 5.172490 5.172490 0.753997 0.753997 0.753997
98300 5.172490 5.172490 5.172490 0.753997 0.753997 0.753997
98400 5.172490 5.172490 5.172490 0.753997 0.753997 0.753997
98500 5.172490 5.172490 5.172490 0.753997 0.753997 0.753997
98600 5.172490 5.172490 5.172490 0.753997 0.753997 0.753997
98700 5.172490 5.172490 5.172490 0.753997 0.753997 0.753997
98800 5.172490 5.172490 5.172490 0.753997 0.753997 0.753997
98900 5.172490 5.172490 5.172490 0.753997 0.753997 0.753997
99000 5.172490 5.172490 5.172490 0.753997 0.753997 0.753997
99100 5.172490 5.172490 5.172490 0.753997 0.753997 0.753997
99200 5.172490 5.172490 5.172490 0.753997 0.753997 0.753997
99300 5.172490 5.172490 5.172490 0.753997 0.753997 0.753997
99400 5.172490 5.172490 5.172490 0.753997 0.753997 0.753997
99500 5.172490 5.172490 5.172490 0.753997 0.753997 0.753997
99600 5.172490 5.172490 5.172490 0.753997 0.753997 0.753997
99700 5.172490 5.172490 5.172490 0.753997 0.753997 0.753997
99800 5.172490 5.172490 5.172490 0.753997 0.753997 0.753997
99900 5.172490 5.172490 5.172490 0.753997 0.753997 0.753997
100000 5.172490 5.172490 5.172490 0.753997 0.753997 0.753997
