# generation power_min power_avg power_max util_min util_avg util_max
1 7.375438 8.930339 10.643657 0.029889 0.042567 0.051431
10 7.204430 8.765699 9.664107 0.029889 0.042407 0.051431
20 7.204430 8.618168 9.466797 0.029889 0.042127 0.051431
30 7.204430 8.492641 9.194975 0.029889 0.041971 0.051431
40 7.204430 8.378480 8.970511 0.029889 0.041857 0.051431
50 7.204430 8.278268 8.877467 0.029889 0.041783 0.051431
60 7.204430 8.159363 8.787188 0.029889 0.041549 0.050573
70 6.848704 8.033252 8.641836 0.029889 0.041325 0.050573
80 6.848704 7.923926 8.512378 0.029889 0.041077 0.050573
90 6.848704 7.809173 8.435278 0.029889 0.041017 0.050573
100 6.848704 7.704962 8.338750 0.029889 0.040839 0.050573
110 6.848704 7.603521 8.225556 0.029889 0.040632 0.050573
120 6.848704 7.504545 8.102535 0.029889 0.040230 0.050573
130 6.777852 7.409206 7.917291 0.029889 0.039827 0.050573
140 6.673705 7.308790 7.782839 0.029889 0.039417 0.047749
150 6.320385 7.211503 7.694750 0.029889 0.038848 0.047749
160 6.320385 7.120714 7.576150 0.029889 0.038533 0.047749
170 6.320385 7.038833 7.513141 0.029889 0.038153 0.047749
180 6.320385 6.957421 7.439597 0.029889 0.037981 0.047749
190 6.165008 6.865808 7.298494 0.029930 0.037565 0.047749
200 6.083945 6.786981 7.203346 0.029930 0.037270 0.046263
210 5.829705 6.697957 7.139844 0.029930 0.037182 0.046263
220 5.829705 6.618361 7.060107 0.029943 0.037131 0.046263
230 5.774645 6.529534 6.969370 0.029943 0.036893 0.046263
240 5.774645 6.459473 6.873893 0.029943 0.036637 0.046263
250 5.774645 6.382812 6.807427 0.029943 0.036424 0.043418
260 5.687507 6.299695 6.771162 0.028560 0.036050 0.043418
270 5.675625 6.211282 6.673705 0.028560 0.035623 0.043418
280 5.415151 6.125031 6.615914 0.028560 0.035454 0.043869
290 5.184741 6.044674 6.480983 0.028560 0.035182 0.043869
300 5.184741 5.962294 6.376342 0.028496 0.034736 0.043869
310 5.047134 5.877185 6.312271 0.028496 0.034402 0.043869
320 5.047134 5.807465 6.227567 0.027886 0.034234 0.043869
330 5.047134 5.739407 6.165008 0.027886 0.033723 0.043869
340 4.828231 5.665204 6.083945 0.027886 0.033359 0.041535
350 4.828231 5.582287 5.957989 0.027886 0.032751 0.041535
360 4.828231 5.508991 5.856398 0.025822 0.032284 0.040779
370 4.828231 5.434319 5.814355 0.025822 0.031653 0.040779
380 4.828231 5.367604 5.748149 0.025822 0.030978 0.040779
390 4.766252 5.291697 5.700391 0.025822 0.030620 0.040779
400 4.690859 5.221193 5.644515 0.025821 0.030202 0.039315
410 4.566465 5.142663 5.580072 0.025821 0.029707 0.039315
420 4.497767 5.067559 5.473068 0.025578 0.029181 0.033363
430 4.497767 5.007248 5.324064 0.025578 0.028819 0.033047
440 4.497767 4.951613 5.305674 0.025578 0.028632 0.033047
450 4.497767 4.900014 5.216464 0.025578 0.028364 0.033047
460 4.488559 4.853450 5.141046 0.025578 0.027967 0.031989
470 4.340691 4.807050 5.065523 0.025578 0.027698 0.031989
480 4.340691 4.767589 5.029539 0.025246 0.027451 0.031989
490 4.340691 4.727231 4.948097 0.025246 0.027283 0.031727
500 4.250847 4.682976 4.878470 0.025074 0.027058 0.030546
510 4.250847 4.645356 4.828231 0.025074 0.026857 0.028920
520 4.250847 4.606933 4.828231 0.025074 0.026692 0.028920
530 4.250847 4.570037 4.784237 0.025074 0.026524 0.028920
540 4.250847 4.539522 4.762538 0.025074 0.026354 0.028920
550 4.250847 4.504818 4.734319 0.025074 0.026318 0.028829
560 4.188346 4.469481 4.698184 0.024573 0.026312 0.028829
570 4.188346 4.442335 4.639351 0.024573 0.026229 0.028334
580 4.188346 4.422861 4.523698 0.024573 0.026088 0.028334
590 4.188346 4.404750 4.497767 0.024573 0.026062 0.028211
600 4.154292 4.387781 4.451802 0.022850 0.025976 0.028211
610 4.154292 4.376975 4.442413 0.022850 0.025982 0.028211
620 4.154292 4.360197 4.442413 0.022850 0.025884 0.028211
630 4.154292 4.341296 4.437786 0.022850 0.025894 0.028211
640 4.135823 4.322612 4.419869 0.022850 0.025820 0.028211
650 4.100330 4.300217 4.419869 0.022850 0.025818 0.028211
660 4.100330 4.279755 4.408437 0.022850 0.025795 0.028211
670 4.100330 4.254458 4.376720 0.022850 0.025566 0.028211
680 4.100330 4.233193 4.354176 0.022850 0.025392 0.028211
690 4.068397 4.211100 4.340691 0.022850 0.025263 0.028211
700 4.068397 4.191157 4.316421 0.022850 0.025027 0.028211
710 4.068397 4.172749 4.307356 0.022850 0.024899 0.028211
720 4.016046 4.153574 4.250966 0.022843 0.024697 0.027453
730 4.016046 4.139005 4.218011 0.022843 0.024630 0.027453
740 4.016046 4.125266 4.208144 0.022009 0.024601 0.027453
750 4.016046 4.114540 4.188346 0.022009 0.024541 0.027453
760 4.016046 4.105386 4.170435 0.022009 0.024533 0.027453
770 4.016046 4.097249 4.154292 0.022009 0.024612 0.025586
780 4.016046 4.088860 4.138034 0.022009 0.024617 0.025586
790 4.016046 4.083673 4.108683 0.022009 0.024663 0.025586
800 4.016046 4.080396 4.100330 0.022009 0.024576 0.025192
810 4.016046 4.075633 4.100330 0.022009 0.024448 0.025192
820 4.015615 4.071703 4.100330 0.022009 0.024344 0.025192
830 4.015615 4.066939 4.100330 0.022009 0.024216 0.025192
840 4.015615 4.062210 4.099899 0.022009 0.024087 0.025192
850 4.015615 4.058733 4.079766 0.022009 0.023994 0.024565
860 4.015615 4.055301 4.068397 0.022843 0.023971 0.024347
870 4.015615 4.051623 4.068397 0.022843 0.023866 0.024347
880 4.015615 4.047427 4.068397 0.022843 0.023747 0.024347
890 3.984113 4.041859 4.068397 0.022016 0.023588 0.024347
900 3.984113 4.037143 4.068397 0.022016 0.023453 0.024347
910 3.984113 4.031904 4.068397 0.022016 0.023303 0.024347
920 3.984113 4.026647 4.068397 0.022016 0.023154 0.024347
930 3.984113 4.021399 4.068397 0.022016 0.023004 0.024347
940 3.984113 4.016138 4.068397 0.022016 0.022855 0.024347
950 3.984113 4.014955 4.016046 0.022016 0.022824 0.022861
960 3.984113 4.014916 4.016046 0.022016 0.022825 0.022861
970 3.984113 4.014562 4.016046 0.022016 0.022819 0.022861
980 3.984113 4.014519 4.016046 0.022016 0.022820 0.022861
990 3.984113 4.014165 4.016046 0.022016 0.022813 0.022861
1000 3.984113 4.013177 4.016046 0.022016 0.022790 0.022861
1010 3.984113 4.012819 4.016046 0.022016 0.022783 0.022861
1020 3.984113 4.012150 4.015615 0.022016 0.022768 0.022861
1030 3.984113 4.010890 4.015615 0.022016 0.022734 0.022861
1040 3.984113 4.009630 4.015615 0.022016 0.022700 0.022861
1050 3.984113 4.007425 4.015615 0.022016 0.022641 0.022861
1060 3.984113 4.005535 4.015615 0.022016 0.022590 0.022861
1070 3.984113 4.003329 4.015615 0.022016 0.022531 0.022861
1080 3.984113 4.001754 4.015615 0.022016 0.022489 0.022861
1090 3.984113 3.998919 4.015615 0.022016 0.022413 0.022861
1100 3.984113 3.996084 4.015615 0.022016 0.022337 0.022861
1110 3.984113 3.992934 4.015615 0.022016 0.022252 0.022861
1120 3.984113 3.989783 4.015615 0.022016 0.022168 0.022861
1130 3.984113 3.986633 4.015615 0.022016 0.022083 0.022861
1140 3.984113 3.984113 3.984113 0.022016 0.022016 0.022016
1150 3.984113 3.984113 3.984113 0.022016 0.022016 0.022016
1160 3.984113 3.984113 3.984113 0.022016 0.022016 0.022016
1170 3.984113 3.984113 3.984113 0.022016 0.022016 0.022016
1180 3.984113 3.984113 3.984113 0.022016 0.022016 0.022016
1190 3.984113 3.984113 3.984113 0.022016 0.022016 0.022016
1200 3.984113 3.984113 3.984113 0.022016 0.022016 0.022016
1210 3.984113 3.984113 3.984113 0.022016 0.022016 0.022016
1220 3.984113 3.984113 3.984113 0.022016 0.022016 0.022016
1230 3.984113 3.984113 3.984113 0.022016 0.022016 0.022016
1240 3.984113 3.984113 3.984113 0.022016 0.022016 0.022016
1250 3.984113 3.984113 3.984113 0.022016 0.022016 0.022016
1260 3.984113 3.984113 3.984113 0.022016 0.022016 0.022016
1270 3.984113 3.984113 3.984113 0.022016 0.022016 0.022016
1280 3.984113 3.984113 3.984113 0.022016 0.022016 0.022016
1290 3.984113 3.984113 3.984113 0.022016 0.022016 0.022016
1300 3.984113 3.984113 3.984113 0.022016 0.022016 0.022016
1310 3.984113 3.984113 3.984113 0.022016 0.022016 0.022016
1320 3.984113 3.984113 3.984113 0.022016 0.022016 0.022016
1330 3.984113 3.984113 3.984113 0.022016 0.022016 0.022016
1340 3.984113 3.984113 3.984113 0.022016 0.022016 0.022016
1350 3.984113 3.984113 3.984113 0.022016 0.022016 0.022016
1360 3.984113 3.984113 3.984113 0.022016 0.022016 0.022016
1370 3.984113 3.984113 3.984113 0.022016 0.022016 0.022016
1380 3.984113 3.984113 3.984113 0.022016 0.022016 0.022016
1390 3.984113 3.984113 3.984113 0.022016 0.022016 0.022016
1400 3.984113 3.984113 3.984113 0.022016 0.022016 0.022016
1410 3.984113 3.984113 3.984113 0.022016 0.022016 0.022016
1420 3.984113 3.984113 3.984113 0.022016 0.022016 0.022016
1430 3.984113 3.984113 3.984113 0.022016 0.022016 0.022016
1440 3.984113 3.984113 3.984113 0.022016 0.022016 0.022016
1450 3.984113 3.984113 3.984113 0.022016 0.022016 0.022016
1460 3.984113 3.984113 3.984113 0.022016 0.022016 0.022016
1470 3.984113 3.984113 3.984113 0.022016 0.022016 0.022016
1480 3.984113 3.984113 3.984113 0.022016 0.022016 0.022016
1490 3.984113 3.984113 3.984113 0.022016 0.022016 0.022016
1500 3.984113 3.984113 3.984113 0.022016 0.022016 0.022016
1510 3.984113 3.984113 3.984113 0.022016 0.022016 0.022016
1520 3.984113 3.984113 3.984113 0.022016 0.022016 0.022016
1530 3.984113 3.984113 3.984113 0.022016 0.022016 0.022016
1540 3.984113 3.984113 3.984113 0.022016 0.022016 0.022016
1550 3.984113 3.984113 3.984113 0.022016 0.022016 0.022016
1560 3.984113 3.984113 3.984113 0.022016 0.022016 0.022016
1570 3.984113 3.984113 3.984113 0.022016 0.022016 0.022016
1580 3.984113 3.984113 3.984113 0.022016 0.022016 0.022016
1590 3.984113 3.984113 3.984113 0.022016 0.022016 0.022016
1600 3.984113 3.984113 3.984113 0.022016 0.022016 0.022016
1610 3.984113 3.984113 3.984113 0.022016 0.022016 0.022016
1620 3.984113 3.984113 3.984113 0.022016 0.022016 0.022016
1630 3.984113 3.984113 3.984113 0.022016 0.022016 0.022016
1640 3.984113 3.984113 3.984113 0.022016 0.022016 0.022016
1650 3.984113 3.984113 3.984113 0.022016 0.022016 0.022016
1660 3.984113 3.984113 3.984113 0.022016 0.022016 0.022016
1670 3.984113 3.984113 3.984113 0.022016 0.022016 0.022016
1680 3.984113 3.984113 3.984113 0.022016 0.022016 0.022016
1690 3.984113 3.984113 3.984113 0.022016 0.022016 0.022016
1700 3.984113 3.984113 3.984113 0.022016 0.022016 0.022016
1710 3.984113 3.984113 3.984113 0.022016 0.022016 0.022016
1720 3.984113 3.984113 3.984113 0.022016 0.022016 0.022016
1730 3.984113 3.984113 3.984113 0.022016 0.022016 0.022016
1740 3.984113 3.984113 3.984113 0.022016 0.022016 0.022016
1750 3.984113 3.984113 3.984113 0.022016 0.022016 0.022016
1760 3.984113 3.984113 3.984113 0.022016 0.022016 0.022016
1770 3.984113 3.984113 3.984113 0.022016 0.022016 0.022016
1780 3.984113 3.984113 3.984113 0.022016 0.022016 0.022016
1790 3.984113 3.984113 3.984113 0.022016 0.022016 0.022016
1800 3.984113 3.984113 3.984113 0.022016 0.022016 0.022016
1810 3.984113 3.984113 3.984113 0.022016 0.022016 0.022016
1820 3.984113 3.984113 3.984113 0.022016 0.022016 0.022016
1830 3.984113 3.984113 3.984113 0.022016 0.022016 0.022016
1840 3.984113 3.984113 3.984113 0.022016 0.022016 0.022016
1850 3.984113 3.984113 3.984113 0.022016 0.022016 0.022016
1860 3.984113 3.984113 3.984113 0.022016 0.022016 0.022016
1870 3.984113 3.984113 3.984113 0.022016 0.022016 0.022016
1880 3.984113 3.984113 3.984113 0.022016 0.022016 0.022016
1890 3.984113 3.984113 3.984113 0.022016 0.022016 0.022016
1900 3.984113 3.984113 3.984113 0.022016 0.022016 0.022016
1910 3.984113 3.984113 3.984113 0.022016 0.022016 0.022016
1920 3.984113 3.984113 3.984113 0.022016 0.022016 0.022016
1930 3.984113 3.984113 3.984113 0.022016 0.022016 0.022016
1940 3.984113 3.984113 3.984113 0.022016 0.022016 0.022016
1950 3.984113 3.984113 3.984113 0.022016 0.022016 0.022016
1960 3.984113 3.984113 3.984113 0.022016 0.022016 0.022016
1970 3.984113 3.984113 3.984113 0.022016 0.022016 0.022016
1980 3.984113 3.984113 3.984113 0.022016 0.022016 0.022016
1990 3.984113 3.984113 3.984113 0.022016 0.022016 0.022016
2000 3.984113 3.984113 3.984113 0.022016 0.022016 0.022016
2010 3.984113 3.984113 3.984113 0.022016 0.022016 0.022016
2020 3.984113 3.984113 3.984113 0.022016 0.022016 0.022016
2030 3.984113 3.984113 3.984113 0.022016 0.022016 0.022016
2040 3.984113 3.984113 3.984113 0.022016 0.022016 0.022016
2050 3.984113 3.984113 3.984113 0.022016 0.022016 0.022016
2060 3.984113 3.984113 3.984113 0.022016 0.022016 0.022016
2070 3.984113 3.984113 3.984113 0.022016 0.022016 0.022016
2080 3.984113 3.984113 3.984113 0.022016 0.022016 0.022016
2090 3.984113 3.984113 3.984113 0.022016 0.022016 0.022016
2100 3.984113 3.984113 3.984113 0.022016 0.022016 0.022016
2110 3.984113 3.984113 3.984113 0.022016 0.022016 0.022016
2120 3.984113 3.984113 3.984113 0.022016 0.022016 0.022016
2130 3.984113 3.984113 3.984113 0.022016 0.022016 0.022016
2140 3.984113 3.984113 3.984113 0.022016 0.022016 0.022016
2150 3.984113 3.984113 3.984113 0.022016 0.022016 0.022016
2160 3.984113 3.984113 3.984113 0.022016 0.022016 0.022016
2170 3.984113 3.984113 3.984113 0.022016 0.022016 0.022016
2180 3.984113 3.984113 3.984113 0.022016 0.022016 0.022016
2190 3.984113 3.984113 3.984113 0.022016 0.022016 0.022016
2200 3.984113 3.984113 3.984113 0.022016 0.022016 0.022016
2210 3.984113 3.984113 3.984113 0.022016 0.022016 0.022016
2220 3.984113 3.984113 3.984113 0.022016 0.022016 0.022016
2230 3.984113 3.984113 3.984113 0.022016 0.022016 0.022016
2240 3.984113 3.984113 3.984113 0.022016 0.022016 0.022016
2250 3.984113 3.984113 3.984113 0.022016 0.022016 0.022016
2260 3.984113 3.984113 3.984113 0.022016 0.022016 0.022016
2270 3.984113 3.984113 3.984113 0.022016 0.022016 0.022016
2280 3.984113 3.984113 3.984113 0.022016 0.022016 0.022016
2290 3.984113 3.984113 3.984113 0.022016 0.022016 0.022016
2300 3.984113 3.984113 3.984113 0.022016 0.022016 0.022016
2310 3.984113 3.984113 3.984113 0.022016 0.022016 0.022016
2320 3.984113 3.984113 3.984113 0.022016 0.022016 0.022016
2330 3.984113 3.984113 3.984113 0.022016 0.022016 0.022016
2340 3.984113 3.984113 3.984113 0.022016 0.022016 0.022016
2350 3.984113 3.984113 3.984113 0.022016 0.022016 0.022016
2360 3.984113 3.984113 3.984113 0.022016 0.022016 0.022016
2370 3.984113 3.984113 3.984113 0.022016 0.022016 0.022016
2380 3.984113 3.984113 3.984113 0.022016 0.022016 0.022016
2390 3.984113 3.984113 3.984113 0.022016 0.022016 0.022016
2400 3.984113 3.984113 3.984113 0.022016 0.022016 0.022016
2410 3.984113 3.984113 3.984113 0.022016 0.022016 0.022016
2420 3.984113 3.984113 3.984113 0.022016 0.022016 0.022016
2430 3.984113 3.984113 3.984113 0.022016 0.022016 0.022016
2440 3.984113 3.984113 3.984113 0.022016 0.022016 0.022016
2450 3.984113 3.984113 3.984113 0.022016 0.022016 0.022016
2460 3.984113 3.984113 3.984113 0.022016 0.022016 0.022016
2470 3.984113 3.984113 3.984113 0.022016 0.022016 0.022016
2480 3.984113 3.984113 3.984113 0.022016 0.022016 0.022016
2490 3.984113 3.984113 3.984113 0.022016 0.022016 0.022016
2500 3.984113 3.984113 3.984113 0.022016 0.022016 0.022016
2510 3.984113 3.984113 3.984113 0.022016 0.022016 0.022016
2520 3.984113 3.984113 3.984113 0.022016 0.022016 0.022016
2530 3.984113 3.984113 3.984113 0.022016 0.022016 0.022016
2540 3.984113 3.984113 3.984113 0.022016 0.022016 0.022016
2550 3.984113 3.984113 3.984113 0.022016 0.022016 0.022016
2560 3.984113 3.984113 3.984113 0.022016 0.022016 0.022016
2570 3.984113 3.984113 3.984113 0.022016 0.022016 0.022016
2580 3.984113 3.984113 3.984113 0.022016 0.022016 0.022016
2590 3.984113 3.984113 3.984113 0.022016 0.022016 0.022016
2600 3.984113 3.984113 3.984113 0.022016 0.022016 0.022016
2610 3.984113 3.984113 3.984113 0.022016 0.022016 0.022016
2620 3.984113 3.984113 3.984113 0.022016 0.022016 0.022016
2630 3.984113 3.984113 3.984113 0.022016 0.022016 0.022016
2640 3.984113 3.984113 3.984113 0.022016 0.022016 0.022016
2650 3.984113 3.984113 3.984113 0.022016 0.022016 0.022016
2660 3.984113 3.984113 3.984113 0.022016 0.022016 0.022016
2670 3.984113 3.984113 3.984113 0.022016 0.022016 0.022016
2680 3.984113 3.984113 3.984113 0.022016 0.022016 0.022016
2690 3.984113 3.984113 3.984113 0.022016 0.022016 0.022016
2700 3.984113 3.984113 3.984113 0.022016 0.022016 0.022016
2710 3.984113 3.984113 3.984113 0.022016 0.022016 0.022016
2720 3.984113 3.984113 3.984113 0.022016 0.022016 0.022016
2730 3.984113 3.984113 3.984113 0.022016 0.022016 0.022016
2740 3.984113 3.984113 3.984113 0.022016 0.022016 0.022016
2750 3.984113 3.984113 3.984113 0.022016 0.022016 0.022016
2760 3.984113 3.984113 3.984113 0.022016 0.022016 0.022016
2770 3.984113 3.984113 3.984113 0.022016 0.022016 0.022016
2780 3.984113 3.984113 3.984113 0.022016 0.022016 0.022016
2790 3.984113 3.984113 3.984113 0.022016 0.022016 0.022016
2800 3.984113 3.984113 3.984113 0.022016 0.022016 0.022016
2810 3.984113 3.984113 3.984113 0.022016 0.022016 0.022016
2820 3.984113 3.984113 3.984113 0.022016 0.022016 0.022016
2830 3.984113 3.984113 3.984113 0.022016 0.022016 0.022016
2840 3.984113 3.984113 3.984113 0.022016 0.022016 0.022016
2850 3.984113 3.984113 3.984113 0.022016 0.022016 0.022016
2860 3.984113 3.984113 3.984113 0.022016 0.022016 0.022016
2870 3.984113 3.984113 3.984113 0.022016 0.022016 0.022016
2880 3.984113 3.984113 3.984113 0.022016 0.022016 0.022016
2890 3.984113 3.984113 3.984113 0.022016 0.022016 0.022016
2900 3.984113 3.984113 3.984113 0.022016 0.022016 0.022016
2910 3.984113 3.984113 3.984113 0.022016 0.022016 0.022016
2920 3.984113 3.984113 3.984113 0.022016 0.022016 0.022016
2930 3.984113 3.984113 3.984113 0.022016 0.022016 0.022016
2940 3.984113 3.984113 3.984113 0.022016 0.022016 0.022016
2950 3.984113 3.984113 3.984113 0.022016 0.022016 0.022016
2960 3.984113 3.984113 3.984113 0.022016 0.022016 0.022016
2970 3.984113 3.984113 3.984113 0.022016 0.022016 0.022016
2980 3.984113 3.984113 3.984113 0.022016 0.022016 0.022016
2990 3.984113 3.984113 3.984113 0.022016 0.022016 0.022016
3000 3.984113 3.984113 3.984113 0.022016 0.022016 0.022016
3010 3.984113 3.984113 3.984113 0.022016 0.022016 0.022016
3020 3.984113 3.984113 3.984113 0.022016 0.022016 0.022016
3030 3.984113 3.984113 3.984113 0.022016 0.022016 0.022016
3040 3.984113 3.984113 3.984113 0.022016 0.022016 0.022016
3050 3.984113 3.984113 3.984113 0.022016 0.022016 0.022016
3060 3.984113 3.984113 3.984113 0.022016 0.022016 0.022016
3070 3.984113 3.984113 3.984113 0.022016 0.022016 0.022016
3080 3.984113 3.984113 3.984113 0.022016 0.022016 0.022016
3090 3.984113 3.984113 3.984113 0.022016 0.022016 0.022016
3100 3.984113 3.984113 3.984113 0.022016 0.022016 0.022016
3110 3.984113 3.984113 3.984113 0.022016 0.022016 0.022016
3120 3.984113 3.984113 3.984113 0.022016 0.022016 0.022016
3130 3.984113 3.984113 3.984113 0.022016 0.022016 0.022016
3140 3.984113 3.984113 3.984113 0.022016 0.022016 0.022016
3150 3.984113 3.984113 3.984113 0.022016 0.022016 0.022016
3160 3.984113 3.984113 3.984113 0.022016 0.022016 0.022016
3170 3.984113 3.984113 3.984113 0.022016 0.022016 0.022016
3180 3.984113 3.984113 3.984113 0.022016 0.022016 0.022016
3190 3.984113 3.984113 3.984113 0.022016 0.022016 0.022016
3200 3.984113 3.984113 3.984113 0.022016 0.022016 0.022016
3210 3.984113 3.984113 3.984113 0.022016 0.022016 0.022016
3220 3.984113 3.984113 3.984113 0.022016 0.022016 0.022016
3230 3.984113 3.984113 3.984113 0.022016 0.022016 0.022016
3240 3.984113 3.984113 3.984113 0.022016 0.022016 0.022016
3250 3.984113 3.984113 3.984113 0.022016 0.022016 0.022016
3260 3.984113 3.984113 3.984113 0.022016 0.022016 0.022016
3270 3.984113 3.984113 3.984113 0.022016 0.022016 0.022016
3280 3.984113 3.984113 3.984113 0.022016 0.022016 0.022016
3290 3.984113 3.984113 3.984113 0.022016 0.022016 0.022016
3300 3.984113 3.984113 3.984113 0.022016 0.022016 0.022016
3310 3.984113 3.984113 3.984113 0.022016 0.022016 0.022016
3320 3.984113 3.984113 3.984113 0.022016 0.022016 0.022016
3330 3.984113 3.984113 3.984113 0.022016 0.022016 0.022016
3340 3.984113 3.984113 3.984113 0.022016 0.022016 0.022016
3350 3.984113 3.984113 3.984113 0.022016 0.022016 0.022016
3360 3.984113 3.984113 3.984113 0.022016 0.022016 0.022016
3370 3.984113 3.984113 3.984113 0.022016 0.022016 0.022016
3380 3.984113 3.984113 3.984113 0.022016 0.022016 0.022016
3390 3.984113 3.984113 3.984113 0.022016 0.022016 0.022016
3400 3.984113 3.984113 3.984113 0.022016 0.022016 0.022016
3410 3.984113 3.984113 3.984113 0.022016 0.022016 0.022016
3420 3.984113 3.984113 3.984113 0.022016 0.022016 0.022016
3430 3.984113 3.984113 3.984113 0.022016 0.022016 0.022016
3440 3.984113 3.984113 3.984113 0.022016 0.022016 0.022016
3450 3.984113 3.984113 3.984113 0.022016 0.022016 0.022016
3460 3.984113 3.984113 3.984113 0.022016 0.022016 0.022016
3470 3.984113 3.984113 3.984113 0.022016 0.022016 0.022016
3480 3.984113 3.984113 3.984113 0.022016 0.022016 0.022016
3490 3.984113 3.984113 3.984113 0.022016 0.022016 0.022016
3500 3.984113 3.984113 3.984113 0.022016 0.022016 0.022016
3510 3.984113 3.984113 3.984113 0.022016 0.022016 0.022016
3520 3.984113 3.984113 3.984113 0.022016 0.022016 0.022016
3530 3.984113 3.984113 3.984113 0.022016 0.022016 0.022016
3540 3.984113 3.984113 3.984113 0.022016 0.022016 0.022016
3550 3.984113 3.984113 3.984113 0.022016 0.022016 0.022016
3560 3.984113 3.984113 3.984113 0.022016 0.022016 0.022016
3570 3.984113 3.984113 3.984113 0.022016 0.022016 0.022016
3580 3.984113 3.984113 3.984113 0.022016 0.022016 0.022016
3590 3.984113 3.984113 3.984113 0.022016 0.022016 0.022016
3600 3.984113 3.984113 3.984113 0.022016 0.022016 0.022016
3610 3.984113 3.984113 3.984113 0.022016 0.022016 0.022016
3620 3.984113 3.984113 3.984113 0.022016 0.022016 0.022016
3630 3.984113 3.984113 3.984113 0.022016 0.022016 0.022016
3640 3.984113 3.984113 3.984113 0.022016 0.022016 0.022016
3650 3.984113 3.984113 3.984113 0.022016 0.022016 0.022016
3660 3.984113 3.984113 3.984113 0.022016 0.022016 0.022016
3670 3.984113 3.984113 3.984113 0.022016 0.022016 0.022016
3680 3.984113 3.984113 3.984113 0.022016 0.022016 0.022016
3690 3.984113 3.984113 3.984113 0.022016 0.022016 0.022016
3700 3.984113 3.984113 3.984113 0.022016 0.022016 0.022016
3710 3.984113 3.984113 3.984113 0.022016 0.022016 0.022016
3720 3.984113 3.984113 3.984113 0.022016 0.022016 0.022016
3730 3.984113 3.984113 3.984113 0.022016 0.022016 0.022016
3740 3.984113 3.984113 3.984113 0.022016 0.022016 0.022016
3750 3.984113 3.984113 3.984113 0.022016 0.022016 0.022016
3760 3.984113 3.984113 3.984113 0.022016 0.022016 0.022016
3770 3.984113 3.984113 3.984113 0.022016 0.022016 0.022016
3780 3.984113 3.984113 3.984113 0.022016 0.022016 0.022016
3790 3.984113 3.984113 3.984113 0.022016 0.022016 0.022016
3800 3.984113 3.984113 3.984113 0.022016 0.022016 0.022016
3810 3.984113 3.984113 3.984113 0.022016 0.022016 0.022016
3820 3.984113 3.984113 3.984113 0.022016 0.022016 0.022016
3830 3.984113 3.984113 3.984113 0.022016 0.022016 0.022016
3840 3.984113 3.984113 3.984113 0.022016 0.022016 0.022016
3850 3.984113 3.984113 3.984113 0.022016 0.022016 0.022016
3860 3.984113 3.984113 3.984113 0.022016 0.022016 0.022016
3870 3.984113 3.984113 3.984113 0.022016 0.022016 0.022016
3880 3.984113 3.984113 3.984113 0.022016 0.022016 0.022016
3890 3.984113 3.984113 3.984113 0.022016 0.022016 0.022016
3900 3.984113 3.984113 3.984113 0.022016 0.022016 0.022016
3910 3.984113 3.984113 3.984113 0.022016 0.022016 0.022016
3920 3.984113 3.984113 3.984113 0.022016 0.022016 0.022016
3930 3.984113 3.984113 3.984113 0.022016 0.022016 0.022016
3940 3.984113 3.984113 3.984113 0.022016 0.022016 0.022016
3950 3.984113 3.984113 3.984113 0.022016 0.022016 0.022016
3960 3.984113 3.984113 3.984113 0.022016 0.022016 0.022016
3970 3.984113 3.984113 3.984113 0.022016 0.022016 0.022016
3980 3.984113 3.984113 3.984113 0.022016 0.022016 0.022016
3990 3.984113 3.984113 3.984113 0.022016 0.022016 0.022016
4000 3.984113 3.984113 3.984113 0.022016 0.022016 0.022016
4010 3.984113 3.984113 3.984113 0.022016 0.022016 0.022016
4020 3.984113 3.984113 3.984113 0.022016 0.022016 0.022016
4030 3.984113 3.984113 3.984113 0.022016 0.022016 0.022016
4040 3.984113 3.984113 3.984113 0.022016 0.022016 0.022016
4050 3.984113 3.984113 3.984113 0.022016 0.022016 0.022016
4060 3.984113 3.984113 3.984113 0.022016 0.022016 0.022016
4070 3.984113 3.984113 3.984113 0.022016 0.022016 0.022016
4080 3.984113 3.984113 3.984113 0.022016 0.022016 0.022016
4090 3.984113 3.984113 3.984113 0.022016 0.022016 0.022016
4100 3.984113 3.984113 3.984113 0.022016 0.022016 0.022016
4110 3.984113 3.984113 3.984113 0.022016 0.022016 0.022016
4120 3.984113 3.984113 3.984113 0.022016 0.022016 0.022016
4130 3.984113 3.984113 3.984113 0.022016 0.022016 0.022016
4140 3.984113 3.984113 3.984113 0.022016 0.022016 0.022016
4150 3.984113 3.984113 3.984113 0.022016 0.022016 0.022016
4160 3.984113 3.984113 3.984113 0.022016 0.022016 0.022016
4170 3.984113 3.984113 3.984113 0.022016 0.022016 0.022016
4180 3.984113 3.984113 3.984113 0.022016 0.022016 0.022016
4190 3.984113 3.984113 3.984113 0.022016 0.022016 0.022016
4200 3.984113 3.984113 3.984113 0.022016 0.022016 0.022016
4210 3.984113 3.984113 3.984113 0.022016 0.022016 0.022016
4220 3.984113 3.984113 3.984113 0.022016 0.022016 0.022016
4230 3.984113 3.984113 3.984113 0.022016 0.022016 0.022016
4240 3.984113 3.984113 3.984113 0.022016 0.022016 0.022016
4250 3.984113 3.984113 3.984113 0.022016 0.022016 0.022016
4260 3.984113 3.984113 3.984113 0.022016 0.022016 0.022016
4270 3.984113 3.984113 3.984113 0.022016 0.022016 0.022016
4280 3.984113 3.984113 3.984113 0.022016 0.022016 0.022016
4290 3.984113 3.984113 3.984113 0.022016 0.022016 0.022016
4300 3.984113 3.984113 3.984113 0.022016 0.022016 0.022016
4310 3.984113 3.984113 3.984113 0.022016 0.022016 0.022016
4320 3.984113 3.984113 3.984113 0.022016 0.022016 0.022016
4330 3.984113 3.984113 3.984113 0.022016 0.022016 0.022016
4340 3.984113 3.984113 3.984113 0.022016 0.022016 0.022016
4350 3.984113 3.984113 3.984113 0.022016 0.022016 0.022016
4360 3.984113 3.984113 3.984113 0.022016 0.022016 0.022016
4370 3.984113 3.984113 3.984113 0.022016 0.022016 0.022016
4380 3.984113 3.984113 3.984113 0.022016 0.022016 0.022016
4390 3.984113 3.984113 3.984113 0.022016 0.022016 0.022016
4400 3.984113 3.984113 3.984113 0.022016 0.022016 0.022016
4410 3.984113 3.984113 3.984113 0.022016 0.022016 0.022016
4420 3.984113 3.984113 3.984113 0.022016 0.022016 0.022016
4430 3.984113 3.984113 3.984113 0.022016 0.022016 0.022016
4440 3.984113 3.984113 3.984113 0.022016 0.022016 0.022016
4450 3.984113 3.984113 3.984113 0.022016 0.022016 0.022016
4460 3.984113 3.984113 3.984113 0.022016 0.022016 0.022016
4470 3.984113 3.984113 3.984113 0.022016 0.022016 0.022016
4480 3.984113 3.984113 3.984113 0.022016 0.022016 0.022016
4490 3.984113 3.984113 3.984113 0.022016 0.022016 0.022016
4500 3.984113 3.984113 3.984113 0.022016 0.022016 0.022016
4510 3.984113 3.984113 3.984113 0.022016 0.022016 0.022016
4520 3.984113 3.984113 3.984113 0.022016 0.022016 0.022016
4530 3.984113 3.984113 3.984113 0.022016 0.022016 0.022016
4540 3.984113 3.984113 3.984113 0.022016 0.022016 0.022016
4550 3.984113 3.984113 3.984113 0.022016 0.022016 0.022016
4560 3.984113 3.984113 3.984113 0.022016 0.022016 0.022016
4570 3.984113 3.984113 3.984113 0.022016 0.022016 0.022016
4580 3.984113 3.984113 3.984113 0.022016 0.022016 0.022016
4590 3.984113 3.984113 3.984113 0.022016 0.022016 0.022016
4600 3.984113 3.984113 3.984113 0.022016 0.022016 0.022016
4610 3.984113 3.984113 3.984113 0.022016 0.022016 0.022016
4620 3.984113 3.984113 3.984113 0.022016 0.022016 0.022016
4630 3.984113 3.984113 3.984113 0.022016 0.022016 0.022016
4640 3.984113 3.984113 3.984113 0.022016 0.022016 0.022016
4650 3.984113 3.984113 3.984113 0.022016 0.022016 0.022016
4660 3.984113 3.984113 3.984113 0.022016 0.022016 0.022016
4670 3.984113 3.984113 3.984113 0.022016 0.022016 0.022016
4680 3.984113 3.984113 3.984113 0.022016 0.022016 0.022016
4690 3.984113 3.984113 3.984113 0.022016 0.022016 0.022016
4700 3.984113 3.984113 3.984113 0.022016 0.022016 0.022016
4710 3.984113 3.984113 3.984113 0.022016 0.022016 0.022016
4720 3.984113 3.984113 3.984113 0.022016 0.022016 0.022016
4730 3.984113 3.984113 3.984113 0.022016 0.022016 0.022016
4740 3.984113 3.984113 3.984113 0.022016 0.022016 0.022016
4750 3.984113 3.984113 3.984113 0.022016 0.022016 0.022016
4760 3.984113 3.984113 3.984113 0.022016 0.022016 0.022016
4770 3.984113 3.984113 3.984113 0.022016 0.022016 0.022016
4780 3.984113 3.984113 3.984113 0.022016 0.022016 0.022016
4790 3.984113 3.984113 3.984113 0.022016 0.022016 0.022016
4800 3.984113 3.984113 3.984113 0.022016 0.022016 0.022016
4810 3.984113 3.984113 3.984113 0.022016 0.022016 0.022016
4820 3.984113 3.984113 3.984113 0.022016 0.022016 0.022016
4830 3.984113 3.984113 3.984113 0.022016 0.022016 0.022016
4840 3.984113 3.984113 3.984113 0.022016 0.022016 0.022016
4850 3.984113 3.984113 3.984113 0.022016 0.022016 0.022016
4860 3.984113 3.984113 3.984113 0.022016 0.022016 0.022016
4870 3.984113 3.984113 3.984113 0.022016 0.022016 0.022016
4880 3.984113 3.984113 3.984113 0.022016 0.022016 0.022016
4890 3.984113 3.984113 3.984113 0.022016 0.022016 0.022016
4900 3.984113 3.984113 3.984113 0.022016 0.022016 0.022016
4910 3.984113 3.984113 3.984113 0.022016 0.022016 0.022016
4920 3.984113 3.984113 3.984113 0.022016 0.022016 0.022016
4930 3.984113 3.984113 3.984113 0.022016 0.022016 0.022016
4940 3.984113 3.984113 3.984113 0.022016 0.022016 0.022016
4950 3.984113 3.984113 3.984113 0.022016 0.022016 0.022016
4960 3.984113 3.984113 3.984113 0.022016 0.022016 0.022016
4970 3.984113 3.984113 3.984113 0.022016 0.022016 0.022016
4980 3.984113 3.984113 3.984113 0.022016 0.022016 0.022016
4990 3.984113 3.984113 3.984113 0.022016 0.022016 0.022016
5000 3.984113 3.984113 3.984113 0.022016 0.022016 0.022016
5010 3.984113 3.984113 3.984113 0.022016 0.022016 0.022016
5020 3.984113 3.984113 3.984113 0.022016 0.022016 0.022016
5030 3.984113 3.984113 3.984113 0.022016 0.022016 0.022016
5040 3.984113 3.984113 3.984113 0.022016 0.022016 0.022016
5050 3.984113 3.984113 3.984113 0.022016 0.022016 0.022016
5060 3.984113 3.984113 3.984113 0.022016 0.022016 0.022016
5070 3.984113 3.984113 3.984113 0.022016 0.022016 0.022016
5080 3.984113 3.984113 3.984113 0.022016 0.022016 0.022016
5090 3.984113 3.984113 3.984113 0.022016 0.022016 0.022016
5100 3.984113 3.984113 3.984113 0.022016 0.022016 0.022016
5110 3.984113 3.984113 3.984113 0.022016 0.022016 0.022016
5120 3.984113 3.984113 3.984113 0.022016 0.022016 0.022016
5130 3.984113 3.984113 3.984113 0.022016 0.022016 0.022016
5140 3.984113 3.984113 3.984113 0.022016 0.022016 0.022016
5150 3.984113 3.984113 3.984113 0.022016 0.022016 0.022016
5160 3.984113 3.984113 3.984113 0.022016 0.022016 0.022016
5170 3.984113 3.984113 3.984113 0.022016 0.022016 0.022016
5180 3.984113 3.984113 3.984113 0.022016 0.022016 0.022016
5190 3.984113 3.984113 3.984113 0.022016 0.022016 0.022016
5200 3.984113 3.984113 3.984113 0.022016 0.022016 0.022016
5210 3.984113 3.984113 3.984113 0.022016 0.022016 0.022016
5220 3.984113 3.984113 3.984113 0.022016 0.022016 0.022016
5230 3.984113 3.984113 3.984113 0.022016 0.022016 0.022016
5240 3.984113 3.984113 3.984113 0.022016 0.022016 0.022016
5250 3.984113 3.984113 3.984113 0.022016 0.022016 0.022016
5260 3.984113 3.984113 3.984113 0.022016 0.022016 0.022016
5270 3.984113 3.984113 3.984113 0.022016 0.022016 0.022016
5280 3.984113 3.984113 3.984113 0.022016 0.022016 0.022016
5290 3.984113 3.984113 3.984113 0.022016 0.022016 0.022016
5300 3.984113 3.984113 3.984113 0.022016 0.022016 0.022016
5310 3.984113 3.984113 3.984113 0.022016 0.022016 0.022016
5320 3.984113 3.984113 3.984113 0.022016 0.022016 0.022016
5330 3.984113 3.984113 3.984113 0.022016 0.022016 0.022016
5340 3.984113 3.984113 3.984113 0.022016 0.022016 0.022016
5350 3.984113 3.984113 3.984113 0.022016 0.022016 0.022016
5360 3.984113 3.984113 3.984113 0.022016 0.022016 0.022016
5370 3.984113 3.984113 3.984113 0.022016 0.022016 0.022016
5380 3.984113 3.984113 3.984113 0.022016 0.022016 0.022016
5390 3.984113 3.984113 3.984113 0.022016 0.022016 0.022016
5400 3.984113 3.984113 3.984113 0.022016 0.022016 0.022016
5410 3.984113 3.984113 3.984113 0.022016 0.022016 0.022016
5420 3.984113 3.984113 3.984113 0.022016 0.022016 0.022016
5430 3.984113 3.984113 3.984113 0.022016 0.022016 0.022016
5440 3.984113 3.984113 3.984113 0.022016 0.022016 0.022016
5450 3.984113 3.984113 3.984113 0.022016 0.022016 0.022016
5460 3.984113 3.984113 3.984113 0.022016 0.022016 0.022016
5470 3.984113 3.984113 3.984113 0.022016 0.022016 0.022016
5480 3.984113 3.984113 3.984113 0.022016 0.022016 0.022016
5490 3.984113 3.984113 3.984113 0.022016 0.022016 0.022016
5500 3.984113 3.984113 3.984113 0.022016 0.022016 0.022016
5510 3.984113 3.984113 3.984113 0.022016 0.022016 0.022016
5520 3.984113 3.984113 3.984113 0.022016 0.022016 0.022016
5530 3.984113 3.984113 3.984113 0.022016 0.022016 0.022016
5540 3.984113 3.984113 3.984113 0.022016 0.022016 0.022016
5550 3.984113 3.984113 3.984113 0.022016 0.022016 0.022016
5560 3.984113 3.984113 3.984113 0.022016 0.022016 0.022016
5570 3.984113 3.984113 3.984113 0.022016 0.022016 0.022016
5580 3.984113 3.984113 3.984113 0.022016 0.022016 0.022016
5590 3.984113 3.984113 3.984113 0.022016 0.022016 0.022016
5600 3.984113 3.984113 3.984113 0.022016 0.022016 0.022016
5610 3.984113 3.984113 3.984113 0.022016 0.022016 0.022016
5620 3.984113 3.984113 3.984113 0.022016 0.022016 0.022016
5630 3.984113 3.984113 3.984113 0.022016 0.022016 0.022016
5640 3.984113 3.984113 3.984113 0.022016 0.022016 0.022016
5650 3.984113 3.984113 3.984113 0.022016 0.022016 0.022016
5660 3.984113 3.984113 3.984113 0.022016 0.022016 0.022016
5670 3.984113 3.984113 3.984113 0.022016 0.022016 0.022016
5680 3.984113 3.984113 3.984113 0.022016 0.022016 0.022016
5690 3.984113 3.984113 3.984113 0.022016 0.022016 0.022016
5700 3.984113 3.984113 3.984113 0.022016 0.022016 0.022016
5710 3.984113 3.984113 3.984113 0.022016 0.022016 0.022016
5720 3.984113 3.984113 3.984113 0.022016 0.022016 0.022016
5730 3.984113 3.984113 3.984113 0.022016 0.022016 0.022016
5740 3.984113 3.984113 3.984113 0.022016 0.022016 0.022016
5750 3.984113 3.984113 3.984113 0.022016 0.022016 0.022016
5760 3.984113 3.984113 3.984113 0.022016 0.022016 0.022016
5770 3.984113 3.984113 3.984113 0.022016 0.022016 0.022016
5780 3.984113 3.984113 3.984113 0.022016 0.022016 0.022016
5790 3.984113 3.984113 3.984113 0.022016 0.022016 0.022016
5800 3.984113 3.984113 3.984113 0.022016 0.022016 0.022016
5810 3.984113 3.984113 3.984113 0.022016 0.022016 0.022016
5820 3.984113 3.984113 3.984113 0.022016 0.022016 0.022016
5830 3.984113 3.984113 3.984113 0.022016 0.022016 0.022016
5840 3.984113 3.984113 3.984113 0.022016 0.022016 0.022016
5850 3.984113 3.984113 3.984113 0.022016 0.022016 0.022016
5860 3.984113 3.984113 3.984113 0.022016 0.022016 0.022016
5870 3.984113 3.984113 3.984113 0.022016 0.022016 0.022016
5880 3.984113 3.984113 3.984113 0.022016 0.022016 0.022016
5890 3.984113 3.984113 3.984113 0.022016 0.022016 0.022016
5900 3.984113 3.984113 3.984113 0.022016 0.022016 0.022016
5910 3.984113 3.984113 3.984113 0.022016 0.022016 0.022016
5920 3.984113 3.984113 3.984113 0.022016 0.022016 0.022016
5930 3.984113 3.984113 3.984113 0.022016 0.022016 0.022016
5940 3.984113 3.984113 3.984113 0.022016 0.022016 0.022016
5950 3.984113 3.984113 3.984113 0.022016 0.022016 0.022016
5960 3.984113 3.984113 3.984113 0.022016 0.022016 0.022016
5970 3.984113 3.984113 3.984113 0.022016 0.022016 0.022016
5980 3.984113 3.984113 3.984113 0.022016 0.022016 0.022016
5990 3.984113 3.984113 3.984113 0.022016 0.022016 0.022016
6000 3.984113 3.984113 3.984113 0.022016 0.022016 0.022016
6010 3.984113 3.984113 3.984113 0.022016 0.022016 0.022016
6020 3.984113 3.984113 3.984113 0.022016 0.022016 0.022016
6030 3.984113 3.984113 3.984113 0.022016 0.022016 0.022016
6040 3.984113 3.984113 3.984113 0.022016 0.022016 0.022016
6050 3.984113 3.984113 3.984113 0.022016 0.022016 0.022016
6060 3.984113 3.984113 3.984113 0.022016 0.022016 0.022016
6070 3.984113 3.984113 3.984113 0.022016 0.022016 0.022016
6080 3.984113 3.984113 3.984113 0.022016 0.022016 0.022016
6090 3.984113 3.984113 3.984113 0.022016 0.022016 0.022016
6100 3.984113 3.984113 3.984113 0.022016 0.022016 0.022016
6110 3.984113 3.984113 3.984113 0.022016 0.022016 0.022016
6120 3.984113 3.984113 3.984113 0.022016 0.022016 0.022016
6130 3.984113 3.984113 3.984113 0.022016 0.022016 0.022016
6140 3.984113 3.984113 3.984113 0.022016 0.022016 0.022016
6150 3.984113 3.984113 3.984113 0.022016 0.022016 0.022016
6160 3.984113 3.984113 3.984113 0.022016 0.022016 0.022016
6170 3.984113 3.984113 3.984113 0.022016 0.022016 0.022016
6180 3.984113 3.984113 3.984113 0.022016 0.022016 0.022016
6190 3.984113 3.984113 3.984113 0.022016 0.022016 0.022016
6200 3.984113 3.984113 3.984113 0.022016 0.022016 0.022016
6210 3.984113 3.984113 3.984113 0.022016 0.022016 0.022016
6220 3.984113 3.984113 3.984113 0.022016 0.022016 0.022016
6230 3.984113 3.984113 3.984113 0.022016 0.022016 0.022016
6240 3.984113 3.984113 3.984113 0.022016 0.022016 0.022016
6250 3.984113 3.984113 3.984113 0.022016 0.022016 0.022016
6260 3.984113 3.984113 3.984113 0.022016 0.022016 0.022016
6270 3.984113 3.984113 3.984113 0.022016 0.022016 0.022016
6280 3.984113 3.984113 3.984113 0.022016 0.022016 0.022016
6290 3.984113 3.984113 3.984113 0.022016 0.022016 0.022016
6300 3.984113 3.984113 3.984113 0.022016 0.022016 0.022016
6310 3.984113 3.984113 3.984113 0.022016 0.022016 0.022016
6320 3.984113 3.984113 3.984113 0.022016 0.022016 0.022016
6330 3.984113 3.984113 3.984113 0.022016 0.022016 0.022016
6340 3.984113 3.984113 3.984113 0.022016 0.022016 0.022016
6350 3.984113 3.984113 3.984113 0.022016 0.022016 0.022016
6360 3.984113 3.984113 3.984113 0.022016 0.022016 0.022016
6370 3.984113 3.984113 3.984113 0.022016 0.022016 0.022016
6380 3.984113 3.984113 3.984113 0.022016 0.022016 0.022016
6390 3.984113 3.984113 3.984113 0.022016 0.022016 0.022016
6400 3.984113 3.984113 3.984113 0.022016 0.022016 0.022016
6410 3.984113 3.984113 3.984113 0.022016 0.022016 0.022016
6420 3.984113 3.984113 3.984113 0.022016 0.022016 0.022016
6430 3.984113 3.984113 3.984113 0.022016 0.022016 0.022016
6440 3.984113 3.984113 3.984113 0.022016 0.022016 0.022016
6450 3.984113 3.984113 3.984113 0.022016 0.022016 0.022016
6460 3.984113 3.984113 3.984113 0.022016 0.022016 0.022016
6470 3.984113 3.984113 3.984113 0.022016 0.022016 0.022016
6480 3.984113 3.984113 3.984113 0.022016 0.022016 0.022016
6490 3.984113 3.984113 3.984113 0.022016 0.022016 0.022016
6500 3.984113 3.984113 3.984113 0.022016 0.022016 0.022016
6510 3.984113 3.984113 3.984113 0.022016 0.022016 0.022016
6520 3.984113 3.984113 3.984113 0.022016 0.022016 0.022016
6530 3.984113 3.984113 3.984113 0.022016 0.022016 0.022016
6540 3.984113 3.984113 3.984113 0.022016 0.022016 0.022016
6550 3.984113 3.984113 3.984113 0.022016 0.022016 0.022016
6560 3.984113 3.984113 3.984113 0.022016 0.022016 0.022016
6570 3.984113 3.984113 3.984113 0.022016 0.022016 0.022016
6580 3.984113 3.984113 3.984113 0.022016 0.022016 0.022016
6590 3.984113 3.984113 3.984113 0.022016 0.022016 0.022016
6600 3.984113 3.984113 3.984113 0.022016 0.022016 0.022016
6610 3.984113 3.984113 3.984113 0.022016 0.022016 0.022016
6620 3.984113 3.984113 3.984113 0.022016 0.022016 0.022016
6630 3.984113 3.984113 3.984113 0.022016 0.022016 0.022016
6640 3.984113 3.984113 3.984113 0.022016 0.022016 0.022016
6650 3.984113 3.984113 3.984113 0.022016 0.022016 0.022016
6660 3.984113 3.984113 3.984113 0.022016 0.022016 0.022016
6670 3.984113 3.984113 3.984113 0.022016 0.022016 0.022016
6680 3.984113 3.984113 3.984113 0.022016 0.022016 0.022016
6690 3.984113 3.984113 3.984113 0.022016 0.022016 0.022016
6700 3.984113 3.984113 3.984113 0.022016 0.022016 0.022016
6710 3.984113 3.984113 3.984113 0.022016 0.022016 0.022016
6720 3.984113 3.984113 3.984113 0.022016 0.022016 0.022016
6730 3.984113 3.984113 3.984113 0.022016 0.022016 0.022016
6740 3.984113 3.984113 3.984113 0.022016 0.022016 0.022016
6750 3.984113 3.984113 3.984113 0.022016 0.022016 0.022016
6760 3.984113 3.984113 3.984113 0.022016 0.022016 0.022016
6770 3.984113 3.984113 3.984113 0.022016 0.022016 0.022016
6780 3.984113 3.984113 3.984113 0.022016 0.022016 0.022016
6790 3.984113 3.984113 3.984113 0.022016 0.022016 0.022016
6800 3.984113 3.984113 3.984113 0.022016 0.022016 0.022016
6810 3.984113 3.984113 3.984113 0.022016 0.022016 0.022016
6820 3.984113 3.984113 3.984113 0.022016 0.022016 0.022016
6830 3.984113 3.984113 3.984113 0.022016 0.022016 0.022016
6840 3.984113 3.984113 3.984113 0.022016 0.022016 0.022016
6850 3.984113 3.984113 3.984113 0.022016 0.022016 0.022016
6860 3.984113 3.984113 3.984113 0.022016 0.022016 0.022016
6870 3.984113 3.984113 3.984113 0.022016 0.022016 0.022016
6880 3.984113 3.984113 3.984113 0.022016 0.022016 0.022016
6890 3.984113 3.984113 3.984113 0.022016 0.022016 0.022016
6900 3.984113 3.984113 3.984113 0.022016 0.022016 0.022016
6910 3.984113 3.984113 3.984113 0.022016 0.022016 0.022016
6920 3.984113 3.984113 3.984113 0.022016 0.022016 0.022016
6930 3.984113 3.984113 3.984113 0.022016 0.022016 0.022016
6940 3.984113 3.984113 3.984113 0.022016 0.022016 0.022016
6950 3.984113 3.984113 3.984113 0.022016 0.022016 0.022016
6960 3.984113 3.984113 3.984113 0.022016 0.022016 0.022016
6970 3.984113 3.984113 3.984113 0.022016 0.022016 0.022016
6980 3.984113 3.984113 3.984113 0.022016 0.022016 0.022016
6990 3.984113 3.984113 3.984113 0.022016 0.022016 0.022016
7000 3.984113 3.984113 3.984113 0.022016 0.022016 0.022016
7010 3.984113 3.984113 3.984113 0.022016 0.022016 0.022016
7020 3.984113 3.984113 3.984113 0.022016 0.022016 0.022016
7030 3.984113 3.984113 3.984113 0.022016 0.022016 0.022016
7040 3.984113 3.984113 3.984113 0.022016 0.022016 0.022016
7050 3.984113 3.984113 3.984113 0.022016 0.022016 0.022016
7060 3.984113 3.984113 3.984113 0.022016 0.022016 0.022016
7070 3.984113 3.984113 3.984113 0.022016 0.022016 0.022016
7080 3.984113 3.984113 3.984113 0.022016 0.022016 0.022016
7090 3.984113 3.984113 3.984113 0.022016 0.022016 0.022016
7100 3.984113 3.984113 3.984113 0.022016 0.022016 0.022016
7110 3.984113 3.984113 3.984113 0.022016 0.022016 0.022016
7120 3.984113 3.984113 3.984113 0.022016 0.022016 0.022016
7130 3.984113 3.984113 3.984113 0.022016 0.022016 0.022016
7140 3.984113 3.984113 3.984113 0.022016 0.022016 0.022016
7150 3.984113 3.984113 3.984113 0.022016 0.022016 0.022016
7160 3.984113 3.984113 3.984113 0.022016 0.022016 0.022016
7170 3.984113 3.984113 3.984113 0.022016 0.022016 0.022016
7180 3.984113 3.984113 3.984113 0.022016 0.022016 0.022016
7190 3.984113 3.984113 3.984113 0.022016 0.022016 0.022016
7200 3.984113 3.984113 3.984113 0.022016 0.022016 0.022016
7210 3.984113 3.984113 3.984113 0.022016 0.022016 0.022016
7220 3.984113 3.984113 3.984113 0.022016 0.022016 0.022016
7230 3.984113 3.984113 3.984113 0.022016 0.022016 0.022016
7240 3.984113 3.984113 3.984113 0.022016 0.022016 0.022016
7250 3.984113 3.984113 3.984113 0.022016 0.022016 0.022016
7260 3.984113 3.984113 3.984113 0.022016 0.022016 0.022016
7270 3.984113 3.984113 3.984113 0.022016 0.022016 0.022016
7280 3.984113 3.984113 3.984113 0.022016 0.022016 0.022016
7290 3.984113 3.984113 3.984113 0.022016 0.022016 0.022016
7300 3.984113 3.984113 3.984113 0.022016 0.022016 0.022016
7310 3.984113 3.984113 3.984113 0.022016 0.022016 0.022016
7320 3.984113 3.984113 3.984113 0.022016 0.022016 0.022016
7330 3.984113 3.984113 3.984113 0.022016 0.022016 0.022016
7340 3.984113 3.984113 3.984113 0.022016 0.022016 0.022016
7350 3.984113 3.984113 3.984113 0.022016 0.022016 0.022016
7360 3.984113 3.984113 3.984113 0.022016 0.022016 0.022016
7370 3.984113 3.984113 3.984113 0.022016 0.022016 0.022016
7380 3.984113 3.984113 3.984113 0.022016 0.022016 0.022016
7390 3.984113 3.984113 3.984113 0.022016 0.022016 0.022016
7400 3.984113 3.984113 3.984113 0.022016 0.022016 0.022016
7410 3.984113 3.984113 3.984113 0.022016 0.022016 0.022016
7420 3.984113 3.984113 3.984113 0.022016 0.022016 0.022016
7430 3.984113 3.984113 3.984113 0.022016 0.022016 0.022016
7440 3.984113 3.984113 3.984113 0.022016 0.022016 0.022016
7450 3.984113 3.984113 3.984113 0.022016 0.022016 0.022016
7460 3.984113 3.984113 3.984113 0.022016 0.022016 0.022016
7470 3.984113 3.984113 3.984113 0.022016 0.022016 0.022016
7480 3.984113 3.984113 3.984113 0.022016 0.022016 0.022016
7490 3.984113 3.984113 3.984113 0.022016 0.022016 0.022016
7500 3.984113 3.984113 3.984113 0.022016 0.022016 0.022016
7510 3.984113 3.984113 3.984113 0.022016 0.022016 0.022016
7520 3.984113 3.984113 3.984113 0.022016 0.022016 0.022016
7530 3.984113 3.984113 3.984113 0.022016 0.022016 0.022016
7540 3.984113 3.984113 3.984113 0.022016 0.022016 0.022016
7550 3.984113 3.984113 3.984113 0.022016 0.022016 0.022016
7560 3.984113 3.984113 3.984113 0.022016 0.022016 0.022016
7570 3.984113 3.984113 3.984113 0.022016 0.022016 0.022016
7580 3.984113 3.984113 3.984113 0.022016 0.022016 0.022016
7590 3.984113 3.984113 3.984113 0.022016 0.022016 0.022016
7600 3.984113 3.984113 3.984113 0.022016 0.022016 0.022016
7610 3.984113 3.984113 3.984113 0.022016 0.022016 0.022016
7620 3.984113 3.984113 3.984113 0.022016 0.022016 0.022016
7630 3.984113 3.984113 3.984113 0.022016 0.022016 0.022016
7640 3.984113 3.984113 3.984113 0.022016 0.022016 0.022016
7650 3.984113 3.984113 3.984113 0.022016 0.022016 0.022016
7660 3.984113 3.984113 3.984113 0.022016 0.022016 0.022016
7670 3.984113 3.984113 3.984113 0.022016 0.022016 0.022016
7680 3.984113 3.984113 3.984113 0.022016 0.022016 0.022016
7690 3.984113 3.984113 3.984113 0.022016 0.022016 0.022016
7700 3.984113 3.984113 3.984113 0.022016 0.022016 0.022016
7710 3.984113 3.984113 3.984113 0.022016 0.022016 0.022016
7720 3.984113 3.984113 3.984113 0.022016 0.022016 0.022016
7730 3.984113 3.984113 3.984113 0.022016 0.022016 0.022016
7740 3.984113 3.984113 3.984113 0.022016 0.022016 0.022016
7750 3.984113 3.984113 3.984113 0.022016 0.022016 0.022016
7760 3.984113 3.984113 3.984113 0.022016 0.022016 0.022016
7770 3.984113 3.984113 3.984113 0.022016 0.022016 0.022016
7780 3.984113 3.984113 3.984113 0.022016 0.022016 0.022016
7790 3.984113 3.984113 3.984113 0.022016 0.022016 0.022016
7800 3.984113 3.984113 3.984113 0.022016 0.022016 0.022016
7810 3.984113 3.984113 3.984113 0.022016 0.022016 0.022016
7820 3.984113 3.984113 3.984113 0.022016 0.022016 0.022016
7830 3.984113 3.984113 3.984113 0.022016 0.022016 0.022016
7840 3.984113 3.984113 3.984113 0.022016 0.022016 0.022016
7850 3.984113 3.984113 3.984113 0.022016 0.022016 0.022016
7860 3.984113 3.984113 3.984113 0.022016 0.022016 0.022016
7870 3.984113 3.984113 3.984113 0.022016 0.022016 0.022016
7880 3.984113 3.984113 3.984113 0.022016 0.022016 0.022016
7890 3.984113 3.984113 3.984113 0.022016 0.022016 0.022016
7900 3.984113 3.984113 3.984113 0.022016 0.022016 0.022016
7910 3.984113 3.984113 3.984113 0.022016 0.022016 0.022016
7920 3.984113 3.984113 3.984113 0.022016 0.022016 0.022016
7930 3.984113 3.984113 3.984113 0.022016 0.022016 0.022016
7940 3.984113 3.984113 3.984113 0.022016 0.022016 0.022016
7950 3.984113 3.984113 3.984113 0.022016 0.022016 0.022016
7960 3.984113 3.984113 3.984113 0.022016 0.022016 0.022016
7970 3.984113 3.984113 3.984113 0.022016 0.022016 0.022016
7980 3.984113 3.984113 3.984113 0.022016 0.022016 0.022016
7990 3.984113 3.984113 3.984113 0.022016 0.022016 0.022016
8000 3.984113 3.984113 3.984113 0.022016 0.022016 0.022016
8010 3.984113 3.984113 3.984113 0.022016 0.022016 0.022016
8020 3.984113 3.984113 3.984113 0.022016 0.022016 0.022016
8030 3.984113 3.984113 3.984113 0.022016 0.022016 0.022016
8040 3.984113 3.984113 3.984113 0.022016 0.022016 0.022016
8050 3.984113 3.984113 3.984113 0.022016 0.022016 0.022016
8060 3.984113 3.984113 3.984113 0.022016 0.022016 0.022016
8070 3.984113 3.984113 3.984113 0.022016 0.022016 0.022016
8080 3.984113 3.984113 3.984113 0.022016 0.022016 0.022016
8090 3.984113 3.984113 3.984113 0.022016 0.022016 0.022016
8100 3.984113 3.984113 3.984113 0.022016 0.022016 0.022016
8110 3.984113 3.984113 3.984113 0.022016 0.022016 0.022016
8120 3.984113 3.984113 3.984113 0.022016 0.022016 0.022016
8130 3.984113 3.984113 3.984113 0.022016 0.022016 0.022016
8140 3.984113 3.984113 3.984113 0.022016 0.022016 0.022016
8150 3.984113 3.984113 3.984113 0.022016 0.022016 0.022016
8160 3.984113 3.984113 3.984113 0.022016 0.022016 0.022016
8170 3.984113 3.984113 3.984113 0.022016 0.022016 0.022016
8180 3.984113 3.984113 3.984113 0.022016 0.022016 0.022016
8190 3.984113 3.984113 3.984113 0.022016 0.022016 0.022016
8200 3.984113 3.984113 3.984113 0.022016 0.022016 0.022016
8210 3.984113 3.984113 3.984113 0.022016 0.022016 0.022016
8220 3.984113 3.984113 3.984113 0.022016 0.022016 0.022016
8230 3.984113 3.984113 3.984113 0.022016 0.022016 0.022016
8240 3.984113 3.984113 3.984113 0.022016 0.022016 0.022016
8250 3.984113 3.984113 3.984113 0.022016 0.022016 0.022016
8260 3.984113 3.984113 3.984113 0.022016 0.022016 0.022016
8270 3.984113 3.984113 3.984113 0.022016 0.022016 0.022016
8280 3.984113 3.984113 3.984113 0.022016 0.022016 0.022016
8290 3.984113 3.984113 3.984113 0.022016 0.022016 0.022016
8300 3.984113 3.984113 3.984113 0.022016 0.022016 0.022016
8310 3.984113 3.984113 3.984113 0.022016 0.022016 0.022016
8320 3.984113 3.984113 3.984113 0.022016 0.022016 0.022016
8330 3.984113 3.984113 3.984113 0.022016 0.022016 0.022016
8340 3.984113 3.984113 3.984113 0.022016 0.022016 0.022016
8350 3.984113 3.984113 3.984113 0.022016 0.022016 0.022016
8360 3.984113 3.984113 3.984113 0.022016 0.022016 0.022016
8370 3.984113 3.984113 3.984113 0.022016 0.022016 0.022016
8380 3.984113 3.984113 3.984113 0.022016 0.022016 0.022016
8390 3.984113 3.984113 3.984113 0.022016 0.022016 0.022016
8400 3.984113 3.984113 3.984113 0.022016 0.022016 0.022016
8410 3.984113 3.984113 3.984113 0.022016 0.022016 0.022016
8420 3.984113 3.984113 3.984113 0.022016 0.022016 0.022016
8430 3.984113 3.984113 3.984113 0.022016 0.022016 0.022016
8440 3.984113 3.984113 3.984113 0.022016 0.022016 0.022016
8450 3.984113 3.984113 3.984113 0.022016 0.022016 0.022016
8460 3.984113 3.984113 3.984113 0.022016 0.022016 0.022016
8470 3.984113 3.984113 3.984113 0.022016 0.022016 0.022016
8480 3.984113 3.984113 3.984113 0.022016 0.022016 0.022016
8490 3.984113 3.984113 3.984113 0.022016 0.022016 0.022016
8500 3.984113 3.984113 3.984113 0.022016 0.022016 0.022016
8510 3.984113 3.984113 3.984113 0.022016 0.022016 0.022016
8520 3.984113 3.984113 3.984113 0.022016 0.022016 0.022016
8530 3.984113 3.984113 3.984113 0.022016 0.022016 0.022016
8540 3.984113 3.984113 3.984113 0.022016 0.022016 0.022016
8550 3.984113 3.984113 3.984113 0.022016 0.022016 0.022016
8560 3.984113 3.984113 3.984113 0.022016 0.022016 0.022016
8570 3.984113 3.984113 3.984113 0.022016 0.022016 0.022016
8580 3.984113 3.984113 3.984113 0.022016 0.022016 0.022016
8590 3.984113 3.984113 3.984113 0.022016 0.022016 0.022016
8600 3.984113 3.984113 3.984113 0.022016 0.022016 0.022016
8610 3.984113 3.984113 3.984113 0.022016 0.022016 0.022016
8620 3.984113 3.984113 3.984113 0.022016 0.022016 0.022016
8630 3.984113 3.984113 3.984113 0.022016 0.022016 0.022016
8640 3.984113 3.984113 3.984113 0.022016 0.022016 0.022016
8650 3.984113 3.984113 3.984113 0.022016 0.022016 0.022016
8660 3.984113 3.984113 3.984113 0.022016 0.022016 0.022016
8670 3.984113 3.984113 3.984113 0.022016 0.022016 0.022016
8680 3.984113 3.984113 3.984113 0.022016 0.022016 0.022016
8690 3.984113 3.984113 3.984113 0.022016 0.022016 0.022016
8700 3.984113 3.984113 3.984113 0.022016 0.022016 0.022016
8710 3.984113 3.984113 3.984113 0.022016 0.022016 0.022016
8720 3.984113 3.984113 3.984113 0.022016 0.022016 0.022016
8730 3.984113 3.984113 3.984113 0.022016 0.022016 0.022016
8740 3.984113 3.984113 3.984113 0.022016 0.022016 0.022016
8750 3.984113 3.984113 3.984113 0.022016 0.022016 0.022016
8760 3.984113 3.984113 3.984113 0.022016 0.022016 0.022016
8770 3.984113 3.984113 3.984113 0.022016 0.022016 0.022016
8780 3.984113 3.984113 3.984113 0.022016 0.022016 0.022016
8790 3.984113 3.984113 3.984113 0.022016 0.022016 0.022016
8800 3.984113 3.984113 3.984113 0.022016 0.022016 0.022016
8810 3.984113 3.984113 3.984113 0.022016 0.022016 0.022016
8820 3.984113 3.984113 3.984113 0.022016 0.022016 0.022016
8830 3.984113 3.984113 3.984113 0.022016 0.022016 0.022016
8840 3.984113 3.984113 3.984113 0.022016 0.022016 0.022016
8850 3.984113 3.984113 3.984113 0.022016 0.022016 0.022016
8860 3.984113 3.984113 3.984113 0.022016 0.022016 0.022016
8870 3.984113 3.984113 3.984113 0.022016 0.022016 0.022016
8880 3.984113 3.984113 3.984113 0.022016 0.022016 0.022016
8890 3.984113 3.984113 3.984113 0.022016 0.022016 0.022016
8900 3.984113 3.984113 3.984113 0.022016 0.022016 0.022016
8910 3.984113 3.984113 3.984113 0.022016 0.022016 0.022016
8920 3.984113 3.984113 3.984113 0.022016 0.022016 0.022016
8930 3.984113 3.984113 3.984113 0.022016 0.022016 0.022016
8940 3.984113 3.984113 3.984113 0.022016 0.022016 0.022016
8950 3.984113 3.984113 3.984113 0.022016 0.022016 0.022016
8960 3.984113 3.984113 3.984113 0.022016 0.022016 0.022016
8970 3.984113 3.984113 3.984113 0.022016 0.022016 0.022016
8980 3.984113 3.984113 3.984113 0.022016 0.022016 0.022016
8990 3.984113 3.984113 3.984113 0.022016 0.022016 0.022016
9000 3.984113 3.984113 3.984113 0.022016 0.022016 0.022016
9010 3.984113 3.984113 3.984113 0.022016 0.022016 0.022016
9020 3.984113 3.984113 3.984113 0.022016 0.022016 0.022016
9030 3.984113 3.984113 3.984113 0.022016 0.022016 0.022016
9040 3.984113 3.984113 3.984113 0.022016 0.022016 0.022016
9050 3.984113 3.984113 3.984113 0.022016 0.022016 0.022016
9060 3.984113 3.984113 3.984113 0.022016 0.022016 0.022016
9070 3.984113 3.984113 3.984113 0.022016 0.022016 0.022016
9080 3.984113 3.984113 3.984113 0.022016 0.022016 0.022016
9090 3.984113 3.984113 3.984113 0.022016 0.022016 0.022016
9100 3.984113 3.984113 3.984113 0.022016 0.022016 0.022016
9110 3.984113 3.984113 3.984113 0.022016 0.022016 0.022016
9120 3.984113 3.984113 3.984113 0.022016 0.022016 0.022016
9130 3.984113 3.984113 3.984113 0.022016 0.022016 0.022016
9140 3.984113 3.984113 3.984113 0.022016 0.022016 0.022016
9150 3.984113 3.984113 3.984113 0.022016 0.022016 0.022016
9160 3.984113 3.984113 3.984113 0.022016 0.022016 0.022016
9170 3.984113 3.984113 3.984113 0.022016 0.022016 0.022016
9180 3.984113 3.984113 3.984113 0.022016 0.022016 0.022016
9190 3.984113 3.984113 3.984113 0.022016 0.022016 0.022016
9200 3.984113 3.984113 3.984113 0.022016 0.022016 0.022016
9210 3.984113 3.984113 3.984113 0.022016 0.022016 0.022016
9220 3.984113 3.984113 3.984113 0.022016 0.022016 0.022016
9230 3.984113 3.984113 3.984113 0.022016 0.022016 0.022016
9240 3.984113 3.984113 3.984113 0.022016 0.022016 0.022016
9250 3.984113 3.984113 3.984113 0.022016 0.022016 0.022016
9260 3.984113 3.984113 3.984113 0.022016 0.022016 0.022016
9270 3.984113 3.984113 3.984113 0.022016 0.022016 0.022016
9280 3.984113 3.984113 3.984113 0.022016 0.022016 0.022016
9290 3.984113 3.984113 3.984113 0.022016 0.022016 0.022016
9300 3.984113 3.984113 3.984113 0.022016 0.022016 0.022016
9310 3.984113 3.984113 3.984113 0.022016 0.022016 0.022016
9320 3.984113 3.984113 3.984113 0.022016 0.022016 0.022016
9330 3.984113 3.984113 3.984113 0.022016 0.022016 0.022016
9340 3.984113 3.984113 3.984113 0.022016 0.022016 0.022016
9350 3.984113 3.984113 3.984113 0.022016 0.022016 0.022016
9360 3.984113 3.984113 3.984113 0.022016 0.022016 0.022016
9370 3.984113 3.984113 3.984113 0.022016 0.022016 0.022016
9380 3.984113 3.984113 3.984113 0.022016 0.022016 0.022016
9390 3.984113 3.984113 3.984113 0.022016 0.022016 0.022016
9400 3.984113 3.984113 3.984113 0.022016 0.022016 0.022016
9410 3.984113 3.984113 3.984113 0.022016 0.022016 0.022016
9420 3.984113 3.984113 3.984113 0.022016 0.022016 0.022016
9430 3.984113 3.984113 3.984113 0.022016 0.022016 0.022016
9440 3.984113 3.984113 3.984113 0.022016 0.022016 0.022016
9450 3.984113 3.984113 3.984113 0.022016 0.022016 0.022016
9460 3.984113 3.984113 3.984113 0.022016 0.022016 0.022016
9470 3.984113 3.984113 3.984113 0.022016 0.022016 0.022016
9480 3.984113 3.984113 3.984113 0.022016 0.022016 0.022016
9490 3.984113 3.984113 3.984113 0.022016 0.022016 0.022016
9500 3.984113 3.984113 3.984113 0.022016 0.022016 0.022016
9510 3.984113 3.984113 3.984113 0.022016 0.022016 0.022016
9520 3.984113 3.984113 3.984113 0.022016 0.022016 0.022016
9530 3.984113 3.984113 3.984113 0.022016 0.022016 0.022016
9540 3.984113 3.984113 3.984113 0.022016 0.022016 0.022016
9550 3.984113 3.984113 3.984113 0.022016 0.022016 0.022016
9560 3.984113 3.984113 3.984113 0.022016 0.022016 0.022016
9570 3.984113 3.984113 3.984113 0.022016 0.022016 0.022016
9580 3.984113 3.984113 3.984113 0.022016 0.022016 0.022016
9590 3.984113 3.984113 3.984113 0.022016 0.022016 0.022016
9600 3.984113 3.984113 3.984113 0.022016 0.022016 0.022016
9610 3.984113 3.984113 3.984113 0.022016 0.022016 0.022016
9620 3.984113 3.984113 3.984113 0.022016 0.022016 0.022016
9630 3.984113 3.984113 3.984113 0.022016 0.022016 0.022016
9640 3.984113 3.984113 3.984113 0.022016 0.022016 0.022016
9650 3.984113 3.984113 3.984113 0.022016 0.022016 0.022016
9660 3.984113 3.984113 3.984113 0.022016 0.022016 0.022016
9670 3.984113 3.984113 3.984113 0.022016 0.022016 0.022016
9680 3.984113 3.984113 3.984113 0.022016 0.022016 0.022016
9690 3.984113 3.984113 3.984113 0.022016 0.022016 0.022016
9700 3.984113 3.984113 3.984113 0.022016 0.022016 0.022016
9710 3.984113 3.984113 3.984113 0.022016 0.022016 0.022016
9720 3.984113 3.984113 3.984113 0.022016 0.022016 0.022016
9730 3.984113 3.984113 3.984113 0.022016 0.022016 0.022016
9740 3.984113 3.984113 3.984113 0.022016 0.022016 0.022016
9750 3.984113 3.984113 3.984113 0.022016 0.022016 0.022016
9760 3.984113 3.984113 3.984113 0.022016 0.022016 0.022016
9770 3.984113 3.984113 3.984113 0.022016 0.022016 0.022016
9780 3.984113 3.984113 3.984113 0.022016 0.022016 0.022016
9790 3.984113 3.984113 3.984113 0.022016 0.022016 0.022016
9800 3.984113 3.984113 3.984113 0.022016 0.022016 0.022016
9810 3.984113 3.984113 3.984113 0.022016 0.022016 0.022016
9820 3.984113 3.984113 3.984113 0.022016 0.022016 0.022016
9830 3.984113 3.984113 3.984113 0.022016 0.022016 0.022016
9840 3.984113 3.984113 3.984113 0.022016 0.022016 0.022016
9850 3.984113 3.984113 3.984113 0.022016 0.022016 0.022016
9860 3.984113 3.984113 3.984113 0.022016 0.022016 0.022016
9870 3.984113 3.984113 3.984113 0.022016 0.022016 0.022016
9880 3.984113 3.984113 3.984113 0.022016 0.022016 0.022016
9890 3.984113 3.984113 3.984113 0.022016 0.022016 0.022016
9900 3.984113 3.984113 3.984113 0.022016 0.022016 0.022016
9910 3.984113 3.984113 3.984113 0.022016 0.022016 0.022016
9920 3.984113 3.984113 3.984113 0.022016 0.022016 0.022016
9930 3.984113 3.984113 3.984113 0.022016 0.022016 0.022016
9940 3.984113 3.984113 3.984113 0.022016 0.022016 0.022016
9950 3.984113 3.984113 3.984113 0.022016 0.022016 0.022016
9960 3.984113 3.984113 3.984113 0.022016 0.022016 0.022016
9970 3.984113 3.984113 3.984113 0.022016 0.022016 0.022016
9980 3.984113 3.984113 3.984113 0.022016 0.022016 0.022016
9990 3.984113 3.984113 3.984113 0.022016 0.022016 0.022016
10000 3.984113 3.984113 3.984113 0.022016 0.022016 0.022016
