# generation power_min power_avg power_max util_min util_avg util_max
1 20.768194 24.953322 30.486372 0.229883 0.319147 0.435687
100 18.569255 20.954022 22.939264 0.183620 0.234524 0.276577
200 16.690479 18.298793 19.340847 0.143748 0.178051 0.200170
300 15.566638 16.578702 17.114826 0.120198 0.141676 0.153142
400 13.384522 15.324919 16.039560 0.074539 0.115385 0.130391
500 12.786294 13.691669 14.388347 0.061997 0.081046 0.095633
600 12.786294 12.786294 12.786294 0.061997 0.061997 0.061997
700 12.786294 12.786294 12.786294 0.061997 0.061997 0.061997
800 12.786294 12.786294 12.786294 0.061997 0.061997 0.061997
900 12.786294 12.786294 12.786294 0.061997 0.061997 0.061997
1000 12.786294 12.786294 12.786294 0.061997 0.061997 0.061997
1100 12.786294 12.786294 12.786294 0.061997 0.061997 0.061997
1200 12.786294 12.786294 12.786294 0.061997 0.061997 0.061997
1300 12.786294 12.786294 12.786294 0.061997 0.061997 0.061997
1400 12.786294 12.786294 12.786294 0.061997 0.061997 0.061997
1500 12.786294 12.786294 12.786294 0.061997 0.061997 0.061997
1600 12.786294 12.786294 12.786294 0.061997 0.061997 0.061997
1700 12.786294 12.786294 12.786294 0.061997 0.061997 0.061997
1800 12.786294 12.786294 12.786294 0.061997 0.061997 0.061997
1900 12.786294 12.786294 12.786294 0.061997 0.061997 0.061997
2000 12.786294 12.786294 12.786294 0.061997 0.061997 0.061997
2100 12.786294 12.786294 12.786294 0.061997 0.061997 0.061997
2200 12.786294 12.786294 12.786294 0.061997 0.061997 0.061997
2300 12.786294 12.786294 12.786294 0.061997 0.061997 0.061997
2400 12.786294 12.786294 12.786294 0.061997 0.061997 0.061997
2500 12.786294 12.786294 12.786294 0.061997 0.061997 0.061997
2600 12.786294 12.786294 12.786294 0.061997 0.061997 0.061997
2700 12.786294 12.786294 12.786294 0.061997 0.061997 0.061997
2800 12.786294 12.786294 12.786294 0.061997 0.061997 0.061997
2900 12.786294 12.786294 12.786294 0.061997 0.061997 0.061997
3000 12.786294 12.786294 12.786294 0.061997 0.061997 0.061997
3100 12.786294 12.786294 12.786294 0.061997 0.061997 0.061997
3200 12.786294 12.786294 12.786294 0.061997 0.061997 0.061997
3300 12.786294 12.786294 12.786294 0.061997 0.061997 0.061997
3400 12.786294 12.786294 12.786294 0.061997 0.061997 0.061997
3500 12.786294 12.786294 12.786294 0.061997 0.061997 0.061997
3600 12.786294 12.786294 12.786294 0.061997 0.061997 0.061997
3700 12.786294 12.786294 12.786294 0.061997 0.061997 0.061997
3800 12.786294 12.786294 12.786294 0.061997 0.061997 0.061997
3900 12.786294 12.786294 12.786294 0.061997 0.061997 0.061997
4000 12.786294 12.786294 12.786294 0.061997 0.061997 0.061997
4100 12.786294 12.786294 12.786294 0.061997 0.061997 0.061997
4200 12.786294 12.786294 12.786294 0.061997 0.061997 0.061997
4300 12.786294 12.786294 12.786294 0.061997 0.061997 0.061997
4400 12.786294 12.786294 12.786294 0.061997 0.061997 0.061997
4500 12.786294 12.786294 12.786294 0.061997 0.061997 0.061997
4600 12.786294 12.786294 12.786294 0.061997 0.061997 0.061997
4700 12.786294 12.786294 12.786294 0.061997 0.061997 0.061997
4800 12.786294 12.786294 12.786294 0.061997 0.061997 0.061997
4900 12.786294 12.786294 12.786294 0.061997 0.061997 0.061997
5000 12.786294 12.786294 12.786294 0.061997 0.061997 0.061997
5100 12.786294 12.786294 12.786294 0.061997 0.061997 0.061997
5200 12.786294 12.786294 12.786294 0.061997 0.061997 0.061997
5300 12.786294 12.786294 12.786294 0.061997 0.061997 0.061997
5400 12.786294 12.786294 12.786294 0.061997 0.061997 0.061997
5500 12.786294 12.786294 12.786294 0.061997 0.061997 0.061997
5600 12.786294 12.786294 12.786294 0.061997 0.061997 0.061997
5700 12.786294 12.786294 12.786294 0.061997 0.061997 0.061997
5800 12.786294 12.786294 12.786294 0.061997 0.061997 0.061997
5900 12.786294 12.786294 12.786294 0.061997 0.061997 0.061997
6000 12.786294 12.786294 12.786294 0.061997 0.061997 0.061997
6100 12.786294 12.786294 12.786294 0.061997 0.061997 0.061997
6200 12.786294 12.786294 12.786294 0.061997 0.061997 0.061997
6300 12.786294 12.786294 12.786294 0.061997 0.061997 0.061997
6400 12.786294 12.786294 12.786294 0.061997 0.061997 0.061997
6500 12.786294 12.786294 12.786294 0.061997 0.061997 0.061997
6600 12.786294 12.786294 12.786294 0.061997 0.061997 0.061997
6700 12.786294 12.786294 12.786294 0.061997 0.061997 0.061997
6800 12.786294 12.786294 12.786294 0.061997 0.061997 0.061997
6900 12.786294 12.786294 12.786294 0.061997 0.061997 0.061997
7000 12.786294 12.786294 12.786294 0.061997 0.061997 0.061997
7100 12.786294 12.786294 12.786294 0.061997 0.061997 0.061997
7200 12.786294 12.786294 12.786294 0.061997 0.061997 0.061997
7300 12.786294 12.786294 12.786294 0.061997 0.061997 0.061997
7400 12.786294 12.786294 12.786294 0.061997 0.061997 0.061997
7500 12.786294 12.786294 12.786294 0.061997 0.061997 0.061997
7600 12.786294 12.786294 12.786294 0.061997 0.061997 0.061997
7700 12.786294 12.786294 12.786294 0.061997 0.061997 0.061997
7800 12.786294 12.786294 12.786294 0.061997 0.061997 0.061997
7900 12.786294 12.786294 12.786294 0.061997 0.061997 0.061997
8000 12.786294 12.786294 12.786294 0.061997 0.061997 0.061997
8100 12.786294 12.786294 12.786294 0.061997 0.061997 0.061997
8200 12.786294 12.786294 12.786294 0.061997 0.061997 0.061997
8300 12.786294 12.786294 12.786294 0.061997 0.061997 0.061997
8400 12.786294 12.786294 12.786294 0.061997 0.061997 0.061997
8500 12.786294 12.786294 12.786294 0.061997 0.061997 0.061997
8600 12.786294 12.786294 12.786294 0.061997 0.061997 0.061997
8700 12.786294 12.786294 12.786294 0.061997 0.061997 0.061997
8800 12.786294 12.786294 12.786294 0.061997 0.061997 0.061997
8900 12.786294 12.786294 12.786294 0.061997 0.061997 0.061997
9000 12.786294 12.786294 12.786294 0.061997 0.061997 0.061997
9100 12.786294 12.786294 12.786294 0.061997 0.061997 0.061997
9200 12.786294 12.786294 12.786294 0.061997 0.061997 0.061997
9300 12.786294 12.786294 12.786294 0.061997 0.061997 0.061997
9400 12.786294 12.786294 12.786294 0.061997 0.061997 0.061997
9500 12.786294 12.786294 12.786294 0.061997 0.061997 0.061997
9600 12.786294 12.786294 12.786294 0.061997 0.061997 0.061997
9700 12.786294 12.786294 12.786294 0.061997 0.061997 0.061997
9800 12.786294 12.786294 12.786294 0.061997 0.061997 0.061997
9900 12.786294 12.786294 12.786294 0.061997 0.061997 0.061997
10000 12.786294 12.786294 12.786294 0.061997 0.061997 0.061997
10100 12.786294 12.786294 12.786294 0.061997 0.061997 0.061997
10200 12.786294 12.786294 12.786294 0.061997 0.061997 0.061997
10300 12.786294 12.786294 12.786294 0.061997 0.061997 0.061997
10400 12.786294 12.786294 12.786294 0.061997 0.061997 0.061997
10500 12.786294 12.786294 12.786294 0.061997 0.061997 0.061997
10600 12.786294 12.786294 12.786294 0.061997 0.061997 0.061997
10700 12.786294 12.786294 12.786294 0.061997 0.061997 0.061997
10800 12.786294 12.786294 12.786294 0.061997 0.061997 0.061997
10900 12.786294 12.786294 12.786294 0.061997 0.061997 0.061997
11000 12.786294 12.786294 12.786294 0.061997 0.061997 0.061997
11100 12.786294 12.786294 12.786294 0.061997 0.061997 0.061997
11200 12.786294 12.786294 12.786294 0.061997 0.061997 0.061997
11300 12.786294 12.786294 12.786294 0.061997 0.061997 0.061997
11400 12.786294 12.786294 12.786294 0.061997 0.061997 0.061997
11500 12.786294 12.786294 12.786294 0.061997 0.061997 0.061997
11600 12.786294 12.786294 12.786294 0.061997 0.061997 0.061997
11700 12.786294 12.786294 12.786294 0.061997 0.061997 0.061997
11800 12.786294 12.786294 12.786294 0.061997 0.061997 0.061997
11900 12.786294 12.786294 12.786294 0.061997 0.061997 0.061997
12000 12.786294 12.786294 12.786294 0.061997 0.061997 0.061997
12100 12.786294 12.786294 12.786294 0.061997 0.061997 0.061997
12200 12.786294 12.786294 12.786294 0.061997 0.061997 0.061997
12300 12.786294 12.786294 12.786294 0.061997 0.061997 0.061997
12400 12.786294 12.786294 12.786294 0.061997 0.061997 0.061997
12500 12.786294 12.786294 12.786294 0.061997 0.061997 0.061997
12600 12.786294 12.786294 12.786294 0.061997 0.061997 0.061997
12700 12.786294 12.786294 12.786294 0.061997 0.061997 0.061997
12800 12.786294 12.786294 12.786294 0.061997 0.061997 0.061997
12900 12.786294 12.786294 12.786294 0.061997 0.061997 0.061997
13000 12.786294 12.786294 12.786294 0.061997 0.061997 0.061997
13100 12.786294 12.786294 12.786294 0.061997 0.061997 0.061997
13200 12.786294 12.786294 12.786294 0.061997 0.061997 0.061997
13300 12.786294 12.786294 12.786294 0.061997 0.061997 0.061997
13400 12.786294 12.786294 12.786294 0.061997 0.061997 0.061997
13500 12.786294 12.786294 12.786294 0.061997 0.061997 0.061997
13600 12.786294 12.786294 12.786294 0.061997 0.061997 0.061997
13700 12.786294 12.786294 12.786294 0.061997 0.061997 0.061997
13800 12.786294 12.786294 12.786294 0.061997 0.061997 0.061997
13900 12.786294 12.786294 12.786294 0.061997 0.061997 0.061997
14000 12.786294 12.786294 12.786294 0.061997 0.061997 0.061997
14100 12.786294 12.786294 12.786294 0.061997 0.061997 0.061997
14200 12.786294 12.786294 12.786294 0.061997 0.061997 0.061997
14300 12.786294 12.786294 12.786294 0.061997 0.061997 0.061997
14400 12.786294 12.786294 12.786294 0.061997 0.061997 0.061997
14500 12.786294 12.786294 12.786294 0.061997 0.061997 0.061997
14600 12.786294 12.786294 12.786294 0.061997 0.061997 0.061997
14700 12.786294 12.786294 12.786294 0.061997 0.061997 0.061997
14800 12.786294 12.786294 12.786294 0.061997 0.061997 0.061997
14900 12.786294 12.786294 12.786294 0.061997 0.061997 0.061997
15000 12.786294 12.786294 12.786294 0.061997 0.061997 0.061997
15100 12.786294 12.786294 12.786294 0.061997 0.061997 0.061997
15200 12.786294 12.786294 12.786294 0.061997 0.061997 0.061997
15300 12.786294 12.786294 12.786294 0.061997 0.061997 0.061997
15400 12.786294 12.786294 12.786294 0.061997 0.061997 0.061997
15500 12.786294 12.786294 12.786294 0.061997 0.061997 0.061997
15600 12.786294 12.786294 12.786294 0.061997 0.061997 0.061997
15700 12.786294 12.786294 12.786294 0.061997 0.061997 0.061997
15800 12.786294 12.786294 12.786294 0.061997 0.061997 0.061997
15900 12.786294 12.786294 12.786294 0.061997 0.061997 0.061997
16000 12.786294 12.786294 12.786294 0.061997 0.061997 0.061997
16100 12.786294 12.786294 12.786294 0.061997 0.061997 0.061997
16200 12.786294 12.786294 12.786294 0.061997 0.061997 0.061997
16300 12.786294 12.786294 12.786294 0.061997 0.061997 0.061997
16400 12.786294 12.786294 12.786294 0.061997 0.061997 0.061997
16500 12.786294 12.786294 12.786294 0.061997 0.061997 0.061997
16600 12.786294 12.786294 12.786294 0.061997 0.061997 0.061997
16700 12.786294 12.786294 12.786294 0.061997 0.061997 0.061997
16800 12.786294 12.786294 12.786294 0.061997 0.061997 0.061997
16900 12.786294 12.786294 12.786294 0.061997 0.061997 0.061997
17000 12.786294 12.786294 12.786294 0.061997 0.061997 0.061997
17100 12.786294 12.786294 12.786294 0.061997 0.061997 0.061997
17200 12.786294 12.786294 12.786294 0.061997 0.061997 0.061997
17300 12.786294 12.786294 12.786294 0.061997 0.061997 0.061997
17400 12.786294 12.786294 12.786294 0.061997 0.061997 0.061997
17500 12.786294 12.786294 12.786294 0.061997 0.061997 0.061997
17600 12.786294 12.786294 12.786294 0.061997 0.061997 0.061997
17700 12.786294 12.786294 12.786294 0.061997 0.061997 0.061997
17800 12.786294 12.786294 12.786294 0.061997 0.061997 0.061997
17900 12.786294 12.786294 12.786294 0.061997 0.061997 0.061997
18000 12.786294 12.786294 12.786294 0.061997 0.061997 0.061997
18100 12.786294 12.786294 12.786294 0.061997 0.061997 0.061997
18200 12.786294 12.786294 12.786294 0.061997 0.061997 0.061997
18300 12.786294 12.786294 12.786294 0.061997 0.061997 0.061997
18400 12.786294 12.786294 12.786294 0.061997 0.061997 0.061997
18500 12.786294 12.786294 12.786294 0.061997 0.061997 0.061997
18600 12.786294 12.786294 12.786294 0.061997 0.061997 0.061997
18700 12.786294 12.786294 12.786294 0.061997 0.061997 0.061997
18800 12.786294 12.786294 12.786294 0.061997 0.061997 0.061997
18900 12.786294 12.786294 12.786294 0.061997 0.061997 0.061997
19000 12.786294 12.786294 12.786294 0.061997 0.061997 0.061997
19100 12.786294 12.786294 12.786294 0.061997 0.061997 0.061997
19200 12.786294 12.786294 12.786294 0.061997 0.061997 0.061997
19300 12.786294 12.786294 12.786294 0.061997 0.061997 0.061997
19400 12.786294 12.786294 12.786294 0.061997 0.061997 0.061997
19500 12.786294 12.786294 12.786294 0.061997 0.061997 0.061997
19600 12.786294 12.786294 12.786294 0.061997 0.061997 0.061997
19700 12.786294 12.786294 12.786294 0.061997 0.061997 0.061997
19800 12.786294 12.786294 12.786294 0.061997 0.061997 0.061997
19900 12.786294 12.786294 12.786294 0.061997 0.061997 0.061997
20000 12.786294 12.786294 12.786294 0.061997 0.061997 0.061997
20100 12.786294 12.786294 12.786294 0.061997 0.061997 0.061997
20200 12.786294 12.786294 12.786294 0.061997 0.061997 0.061997
20300 12.786294 12.786294 12.786294 0.061997 0.061997 0.061997
20400 12.786294 12.786294 12.786294 0.061997 0.061997 0.061997
20500 12.786294 12.786294 12.786294 0.061997 0.061997 0.061997
20600 12.786294 12.786294 12.786294 0.061997 0.061997 0.061997
20700 12.786294 12.786294 12.786294 0.061997 0.061997 0.061997
20800 12.786294 12.786294 12.786294 0.061997 0.061997 0.061997
20900 12.786294 12.786294 12.786294 0.061997 0.061997 0.061997
21000 12.786294 12.786294 12.786294 0.061997 0.061997 0.061997
21100 12.786294 12.786294 12.786294 0.061997 0.061997 0.061997
21200 12.786294 12.786294 12.786294 0.061997 0.061997 0.061997
21300 12.786294 12.786294 12.786294 0.061997 0.061997 0.061997
21400 12.786294 12.786294 12.786294 0.061997 0.061997 0.061997
21500 12.786294 12.786294 12.786294 0.061997 0.061997 0.061997
21600 12.786294 12.786294 12.786294 0.061997 0.061997 0.061997
21700 12.786294 12.786294 12.786294 0.061997 0.061997 0.061997
21800 12.786294 12.786294 12.786294 0.061997 0.061997 0.061997
21900 12.786294 12.786294 12.786294 0.061997 0.061997 0.061997
22000 12.786294 12.786294 12.786294 0.061997 0.061997 0.061997
22100 12.786294 12.786294 12.786294 0.061997 0.061997 0.061997
22200 12.786294 12.786294 12.786294 0.061997 0.061997 0.061997
22300 12.786294 12.786294 12.786294 0.061997 0.061997 0.061997
22400 12.786294 12.786294 12.786294 0.061997 0.061997 0.061997
22500 12.786294 12.786294 12.786294 0.061997 0.061997 0.061997
22600 12.786294 12.786294 12.786294 0.061997 0.061997 0.061997
22700 12.786294 12.786294 12.786294 0.061997 0.061997 0.061997
22800 12.786294 12.786294 12.786294 0.061997 0.061997 0.061997
22900 12.786294 12.786294 12.786294 0.061997 0.061997 0.061997
23000 12.786294 12.786294 12.786294 0.061997 0.061997 0.061997
23100 12.786294 12.786294 12.786294 0.061997 0.061997 0.061997
23200 12.786294 12.786294 12.786294 0.061997 0.061997 0.061997
23300 12.786294 12.786294 12.786294 0.061997 0.061997 0.061997
23400 12.786294 12.786294 12.786294 0.061997 0.061997 0.061997
23500 12.786294 12.786294 12.786294 0.061997 0.061997 0.061997
23600 12.786294 12.786294 12.786294 0.061997 0.061997 0.061997
23700 12.786294 12.786294 12.786294 0.061997 0.061997 0.061997
23800 12.786294 12.786294 12.786294 0.061997 0.061997 0.061997
23900 12.786294 12.786294 12.786294 0.061997 0.061997 0.061997
24000 12.786294 12.786294 12.786294 0.061997 0.061997 0.061997
24100 12.786294 12.786294 12.786294 0.061997 0.061997 0.061997
24200 12.786294 12.786294 12.786294 0.061997 0.061997 0.061997
24300 12.786294 12.786294 12.786294 0.061997 0.061997 0.061997
24400 12.786294 12.786294 12.786294 0.061997 0.061997 0.061997
24500 12.786294 12.786294 12.786294 0.061997 0.061997 0.061997
24600 12.786294 12.786294 12.786294 0.061997 0.061997 0.061997
24700 12.786294 12.786294 12.786294 0.061997 0.061997 0.061997
24800 12.786294 12.786294 12.786294 0.061997 0.061997 0.061997
24900 12.786294 12.786294 12.786294 0.061997 0.061997 0.061997
25000 12.786294 12.786294 12.786294 0.061997 0.061997 0.061997
25100 12.786294 12.786294 12.786294 0.061997 0.061997 0.061997
25200 12.786294 12.786294 12.786294 0.061997 0.061997 0.061997
25300 12.786294 12.786294 12.786294 0.061997 0.061997 0.061997
25400 12.786294 12.786294 12.786294 0.061997 0.061997 0.061997
25500 12.786294 12.786294 12.786294 0.061997 0.061997 0.061997
25600 12.786294 12.786294 12.786294 0.061997 0.061997 0.061997
25700 12.786294 12.786294 12.786294 0.061997 0.061997 0.061997
25800 12.786294 12.786294 12.786294 0.061997 0.061997 0.061997
25900 12.786294 12.786294 12.786294 0.061997 0.061997 0.061997
26000 12.786294 12.786294 12.786294 0.061997 0.061997 0.061997
26100 12.786294 12.786294 12.786294 0.061997 0.061997 0.061997
26200 12.786294 12.786294 12.786294 0.061997 0.061997 0.061997
26300 12.786294 12.786294 12.786294 0.061997 0.061997 0.061997
26400 12.786294 12.786294 12.786294 0.061997 0.061997 0.061997
26500 12.786294 12.786294 12.786294 0.061997 0.061997 0.061997
26600 12.786294 12.786294 12.786294 0.061997 0.061997 0.061997
26700 12.786294 12.786294 12.786294 0.061997 0.061997 0.061997
26800 12.786294 12.786294 12.786294 0.061997 0.061997 0.061997
26900 12.786294 12.786294 12.786294 0.061997 0.061997 0.061997
27000 12.786294 12.786294 12.786294 0.061997 0.061997 0.061997
27100 12.786294 12.786294 12.786294 0.061997 0.061997 0.061997
27200 12.786294 12.786294 12.786294 0.061997 0.061997 0.061997
27300 12.786294 12.786294 12.786294 0.061997 0.061997 0.061997
27400 12.786294 12.786294 12.786294 0.061997 0.061997 0.061997
27500 12.786294 12.786294 12.786294 0.061997 0.061997 0.061997
27600 12.786294 12.786294 12.786294 0.061997 0.061997 0.061997
27700 12.786294 12.786294 12.786294 0.061997 0.061997 0.061997
27800 12.786294 12.786294 12.786294 0.061997 0.061997 0.061997
27900 12.786294 12.786294 12.786294 0.061997 0.061997 0.061997
28000 12.786294 12.786294 12.786294 0.061997 0.061997 0.061997
28100 12.786294 12.786294 12.786294 0.061997 0.061997 0.061997
28200 12.786294 12.786294 12.786294 0.061997 0.061997 0.061997
28300 12.786294 12.786294 12.786294 0.061997 0.061997 0.061997
28400 12.786294 12.786294 12.786294 0.061997 0.061997 0.061997
28500 12.786294 12.786294 12.786294 0.061997 0.061997 0.061997
28600 12.786294 12.786294 12.786294 0.061997 0.061997 0.061997
28700 12.786294 12.786294 12.786294 0.061997 0.061997 0.061997
28800 12.786294 12.786294 12.786294 0.061997 0.061997 0.061997
28900 12.786294 12.786294 12.786294 0.061997 0.061997 0.061997
29000 12.786294 12.786294 12.786294 0.061997 0.061997 0.061997
29100 12.786294 12.786294 12.786294 0.061997 0.061997 0.061997
29200 12.786294 12.786294 12.786294 0.061997 0.061997 0.061997
29300 12.786294 12.786294 12.786294 0.061997 0.061997 0.061997
29400 12.786294 12.786294 12.786294 0.061997 0.061997 0.061997
29500 12.786294 12.786294 12.786294 0.061997 0.061997 0.061997
29600 12.786294 12.786294 12.786294 0.061997 0.061997 0.061997
29700 12.786294 12.786294 12.786294 0.061997 0.061997 0.061997
29800 12.786294 12.786294 12.786294 0.061997 0.061997 0.061997
29900 12.786294 12.786294 12.786294 0.061997 0.061997 0.061997
30000 12.786294 12.786294 12.786294 0.061997 0.061997 0.061997
30100 12.786294 12.786294 12.786294 0.061997 0.061997 0.061997
30200 12.786294 12.786294 12.786294 0.061997 0.061997 0.061997
30300 12.786294 12.786294 12.786294 0.061997 0.061997 0.061997
30400 12.786294 12.786294 12.786294 0.061997 0.061997 0.061997
30500 12.786294 12.786294 12.786294 0.061997 0.061997 0.061997
30600 12.786294 12.786294 12.786294 0.061997 0.061997 0.061997
30700 12.786294 12.786294 12.786294 0.061997 0.061997 0.061997
30800 12.786294 12.786294 12.786294 0.061997 0.061997 0.061997
30900 12.786294 12.786294 12.786294 0.061997 0.061997 0.061997
31000 12.786294 12.786294 12.786294 0.061997 0.061997 0.061997
31100 12.786294 12.786294 12.786294 0.061997 0.061997 0.061997
31200 12.786294 12.786294 12.786294 0.061997 0.061997 0.061997
31300 12.786294 12.786294 12.786294 0.061997 0.061997 0.061997
31400 12.786294 12.786294 12.786294 0.061997 0.061997 0.061997
31500 12.786294 12.786294 12.786294 0.061997 0.061997 0.061997
31600 12.786294 12.786294 12.786294 0.061997 0.061997 0.061997
31700 12.786294 12.786294 12.786294 0.061997 0.061997 0.061997
31800 12.786294 12.786294 12.786294 0.061997 0.061997 0.061997
31900 12.786294 12.786294 12.786294 0.061997 0.061997 0.061997
32000 12.786294 12.786294 12.786294 0.061997 0.061997 0.061997
32100 12.786294 12.786294 12.786294 0.061997 0.061997 0.061997
32200 12.786294 12.786294 12.786294 0.061997 0.061997 0.061997
32300 12.786294 12.786294 12.786294 0.061997 0.061997 0.061997
32400 12.786294 12.786294 12.786294 0.061997 0.061997 0.061997
32500 12.786294 12.786294 12.786294 0.061997 0.061997 0.061997
32600 12.786294 12.786294 12.786294 0.061997 0.061997 0.061997
32700 12.786294 12.786294 12.786294 0.061997 0.061997 0.061997
32800 12.786294 12.786294 12.786294 0.061997 0.061997 0.061997
32900 12.786294 12.786294 12.786294 0.061997 0.061997 0.061997
33000 12.786294 12.786294 12.786294 0.061997 0.061997 0.061997
33100 12.786294 12.786294 12.786294 0.061997 0.061997 0.061997
33200 12.786294 12.786294 12.786294 0.061997 0.061997 0.061997
33300 12.786294 12.786294 12.786294 0.061997 0.061997 0.061997
33400 12.786294 12.786294 12.786294 0.061997 0.061997 0.061997
33500 12.786294 12.786294 12.786294 0.061997 0.061997 0.061997
33600 12.786294 12.786294 12.786294 0.061997 0.061997 0.061997
33700 12.786294 12.786294 12.786294 0.061997 0.061997 0.061997
33800 12.786294 12.786294 12.786294 0.061997 0.061997 0.061997
33900 12.786294 12.786294 12.786294 0.061997 0.061997 0.061997
34000 12.786294 12.786294 12.786294 0.061997 0.061997 0.061997
34100 12.786294 12.786294 12.786294 0.061997 0.061997 0.061997
34200 12.786294 12.786294 12.786294 0.061997 0.061997 0.061997
34300 12.786294 12.786294 12.786294 0.061997 0.061997 0.061997
34400 12.786294 12.786294 12.786294 0.061997 0.061997 0.061997
34500 12.786294 12.786294 12.786294 0.061997 0.061997 0.061997
34600 12.786294 12.786294 12.786294 0.061997 0.061997 0.061997
34700 12.786294 12.786294 12.786294 0.061997 0.061997 0.061997
34800 12.786294 12.786294 12.786294 0.061997 0.061997 0.061997
34900 12.786294 12.786294 12.786294 0.061997 0.061997 0.061997
35000 12.786294 12.786294 12.786294 0.061997 0.061997 0.061997
35100 12.786294 12.786294 12.786294 0.061997 0.061997 0.061997
35200 12.786294 12.786294 12.786294 0.061997 0.061997 0.061997
35300 12.786294 12.786294 12.786294 0.061997 0.061997 0.061997
35400 12.786294 12.786294 12.786294 0.061997 0.061997 0.061997
35500 12.786294 12.786294 12.786294 0.061997 0.061997 0.061997
35600 12.786294 12.786294 12.786294 0.061997 0.061997 0.061997
35700 12.786294 12.786294 12.786294 0.061997 0.061997 0.061997
35800 12.786294 12.786294 12.786294 0.061997 0.061997 0.061997
35900 12.786294 12.786294 12.786294 0.061997 0.061997 0.061997
36000 12.786294 12.786294 12.786294 0.061997 0.061997 0.061997
36100 12.786294 12.786294 12.786294 0.061997 0.061997 0.061997
36200 12.786294 12.786294 12.786294 0.061997 0.061997 0.061997
36300 12.786294 12.786294 12.786294 0.061997 0.061997 0.061997
36400 12.786294 12.786294 12.786294 0.061997 0.061997 0.061997
36500 12.786294 12.786294 12.786294 0.061997 0.061997 0.061997
36600 12.786294 12.786294 12.786294 0.061997 0.061997 0.061997
36700 12.786294 12.786294 12.786294 0.061997 0.061997 0.061997
36800 12.786294 12.786294 12.786294 0.061997 0.061997 0.061997
36900 12.786294 12.786294 12.786294 0.061997 0.061997 0.061997
37000 12.786294 12.786294 12.786294 0.061997 0.061997 0.061997
37100 12.786294 12.786294 12.786294 0.061997 0.061997 0.061997
37200 12.786294 12.786294 12.786294 0.061997 0.061997 0.061997
37300 12.786294 12.786294 12.786294 0.061997 0.061997 0.061997
37400 12.786294 12.786294 12.786294 0.061997 0.061997 0.061997
37500 12.786294 12.786294 12.786294 0.061997 0.061997 0.061997
37600 12.786294 12.786294 12.786294 0.061997 0.061997 0.061997
37700 12.786294 12.786294 12.786294 0.061997 0.061997 0.061997
37800 12.786294 12.786294 12.786294 0.061997 0.061997 0.061997
37900 12.786294 12.786294 12.786294 0.061997 0.061997 0.061997
38000 12.786294 12.786294 12.786294 0.061997 0.061997 0.061997
38100 12.786294 12.786294 12.786294 0.061997 0.061997 0.061997
38200 12.786294 12.786294 12.786294 0.061997 0.061997 0.061997
38300 12.786294 12.786294 12.786294 0.061997 0.061997 0.061997
38400 12.786294 12.786294 12.786294 0.061997 0.061997 0.061997
38500 12.786294 12.786294 12.786294 0.061997 0.061997 0.061997
38600 12.786294 12.786294 12.786294 0.061997 0.061997 0.061997
38700 12.786294 12.786294 12.786294 0.061997 0.061997 0.061997
38800 12.786294 12.786294 12.786294 0.061997 0.061997 0.061997
38900 12.786294 12.786294 12.786294 0.061997 0.061997 0.061997
39000 12.786294 12.786294 12.786294 0.061997 0.061997 0.061997
39100 12.786294 12.786294 12.786294 0.061997 0.061997 0.061997
39200 12.786294 12.786294 12.786294 0.061997 0.061997 0.061997
39300 12.786294 12.786294 12.786294 0.061997 0.061997 0.061997
39400 12.786294 12.786294 12.786294 0.061997 0.061997 0.061997
39500 12.786294 12.786294 12.786294 0.061997 0.061997 0.061997
39600 12.786294 12.786294 12.786294 0.061997 0.061997 0.061997
39700 12.786294 12.786294 12.786294 0.061997 0.061997 0.061997
39800 12.786294 12.786294 12.786294 0.061997 0.061997 0.061997
39900 12.786294 12.786294 12.786294 0.061997 0.061997 0.061997
40000 12.786294 12.786294 12.786294 0.061997 0.061997 0.061997
40100 12.786294 12.786294 12.786294 0.061997 0.061997 0.061997
40200 12.786294 12.786294 12.786294 0.061997 0.061997 0.061997
40300 12.786294 12.786294 12.786294 0.061997 0.061997 0.061997
40400 12.786294 12.786294 12.786294 0.061997 0.061997 0.061997
40500 12.786294 12.786294 12.786294 0.061997 0.061997 0.061997
40600 12.786294 12.786294 12.786294 0.061997 0.061997 0.061997
40700 12.786294 12.786294 12.786294 0.061997 0.061997 0.061997
40800 12.786294 12.786294 12.786294 0.061997 0.061997 0.061997
40900 12.786294 12.786294 12.786294 0.061997 0.061997 0.061997
41000 12.786294 12.786294 12.786294 0.061997 0.061997 0.061997
41100 12.786294 12.786294 12.786294 0.061997 0.061997 0.061997
41200 12.786294 12.786294 12.786294 0.061997 0.061997 0.061997
41300 12.786294 12.786294 12.786294 0.061997 0.061997 0.061997
41400 12.786294 12.786294 12.786294 0.061997 0.061997 0.061997
41500 12.786294 12.786294 12.786294 0.061997 0.061997 0.061997
41600 12.786294 12.786294 12.786294 0.061997 0.061997 0.061997
41700 12.786294 12.786294 12.786294 0.061997 0.061997 0.061997
41800 12.786294 12.786294 12.786294 0.061997 0.061997 0.061997
41900 12.786294 12.786294 12.786294 0.061997 0.061997 0.061997
42000 12.786294 12.786294 12.786294 0.061997 0.061997 0.061997
42100 12.786294 12.786294 12.786294 0.061997 0.061997 0.061997
42200 12.786294 12.786294 12.786294 0.061997 0.061997 0.061997
42300 12.786294 12.786294 12.786294 0.061997 0.061997 0.061997
42400 12.786294 12.786294 12.786294 0.061997 0.061997 0.061997
42500 12.786294 12.786294 12.786294 0.061997 0.061997 0.061997
42600 12.786294 12.786294 12.786294 0.061997 0.061997 0.061997
42700 12.786294 12.786294 12.786294 0.061997 0.061997 0.061997
42800 12.786294 12.786294 12.786294 0.061997 0.061997 0.061997
42900 12.786294 12.786294 12.786294 0.061997 0.061997 0.061997
43000 12.786294 12.786294 12.786294 0.061997 0.061997 0.061997
43100 12.786294 12.786294 12.786294 0.061997 0.061997 0.061997
43200 12.786294 12.786294 12.786294 0.061997 0.061997 0.061997
43300 12.786294 12.786294 12.786294 0.061997 0.061997 0.061997
43400 12.786294 12.786294 12.786294 0.061997 0.061997 0.061997
43500 12.786294 12.786294 12.786294 0.061997 0.061997 0.061997
43600 12.786294 12.786294 12.786294 0.061997 0.061997 0.061997
43700 12.786294 12.786294 12.786294 0.061997 0.061997 0.061997
43800 12.786294 12.786294 12.786294 0.061997 0.061997 0.061997
43900 12.786294 12.786294 12.786294 0.061997 0.061997 0.061997
44000 12.786294 12.786294 12.786294 0.061997 0.061997 0.061997
44100 12.786294 12.786294 12.786294 0.061997 0.061997 0.061997
44200 12.786294 12.786294 12.786294 0.061997 0.061997 0.061997
44300 12.786294 12.786294 12.786294 0.061997 0.061997 0.061997
44400 12.786294 12.786294 12.786294 0.061997 0.061997 0.061997
44500 12.786294 12.786294 12.786294 0.061997 0.061997 0.061997
44600 12.786294 12.786294 12.786294 0.061997 0.061997 0.061997
44700 12.786294 12.786294 12.786294 0.061997 0.061997 0.061997
44800 12.786294 12.786294 12.786294 0.061997 0.061997 0.061997
44900 12.786294 12.786294 12.786294 0.061997 0.061997 0.061997
45000 12.786294 12.786294 12.786294 0.061997 0.061997 0.061997
45100 12.786294 12.786294 12.786294 0.061997 0.061997 0.061997
45200 12.786294 12.786294 12.786294 0.061997 0.061997 0.061997
45300 12.786294 12.786294 12.786294 0.061997 0.061997 0.061997
45400 12.786294 12.786294 12.786294 0.061997 0.061997 0.061997
45500 12.786294 12.786294 12.786294 0.061997 0.061997 0.061997
45600 12.786294 12.786294 12.786294 0.061997 0.061997 0.061997
45700 12.786294 12.786294 12.786294 0.061997 0.061997 0.061997
45800 12.786294 12.786294 12.786294 0.061997 0.061997 0.061997
45900 12.786294 12.786294 12.786294 0.061997 0.061997 0.061997
46000 12.786294 12.786294 12.786294 0.061997 0.061997 0.061997
46100 12.786294 12.786294 12.786294 0.061997 0.061997 0.061997
46200 12.786294 12.786294 12.786294 0.061997 0.061997 0.061997
46300 12.786294 12.786294 12.786294 0.061997 0.061997 0.061997
46400 12.786294 12.786294 12.786294 0.061997 0.061997 0.061997
46500 12.786294 12.786294 12.786294 0.061997 0.061997 0.061997
46600 12.786294 12.786294 12.786294 0.061997 0.061997 0.061997
46700 12.786294 12.786294 12.786294 0.061997 0.061997 0.061997
46800 12.786294 12.786294 12.786294 0.061997 0.061997 0.061997
46900 12.786294 12.786294 12.786294 0.061997 0.061997 0.061997
47000 12.786294 12.786294 12.786294 0.061997 0.061997 0.061997
47100 12.786294 12.786294 12.786294 0.061997 0.061997 0.061997
47200 12.786294 12.786294 12.786294 0.061997 0.061997 0.061997
47300 12.786294 12.786294 12.786294 0.061997 0.061997 0.061997
47400 12.786294 12.786294 12.786294 0.061997 0.061997 0.061997
47500 12.786294 12.786294 12.786294 0.061997 0.061997 0.061997
47600 12.786294 12.786294 12.786294 0.061997 0.061997 0.061997
47700 12.786294 12.786294 12.786294 0.061997 0.061997 0.061997
47800 12.786294 12.786294 12.786294 0.061997 0.061997 0.061997
47900 12.786294 12.786294 12.786294 0.061997 0.061997 0.061997
48000 12.786294 12.786294 12.786294 0.061997 0.061997 0.061997
48100 12.786294 12.786294 12.786294 0.061997 0.061997 0.061997
48200 12.786294 12.786294 12.786294 0.061997 0.061997 0.061997
48300 12.786294 12.786294 12.786294 0.061997 0.061997 0.061997
48400 12.786294 12.786294 12.786294 0.061997 0.061997 0.061997
48500 12.786294 12.786294 12.786294 0.061997 0.061997 0.061997
48600 12.786294 12.786294 12.786294 0.061997 0.061997 0.061997
48700 12.786294 12.786294 12.786294 0.061997 0.061997 0.061997
48800 12.786294 12.786294 12.786294 0.061997 0.061997 0.061997
48900 12.786294 12.786294 12.786294 0.061997 0.061997 0.061997
49000 12.786294 12.786294 12.786294 0.061997 0.061997 0.061997
49100 12.786294 12.786294 12.786294 0.061997 0.061997 0.061997
49200 12.786294 12.786294 12.786294 0.061997 0.061997 0.061997
49300 12.786294 12.786294 12.786294 0.061997 0.061997 0.061997
49400 12.786294 12.786294 12.786294 0.061997 0.061997 0.061997
49500 12.786294 12.786294 12.786294 0.061997 0.061997 0.061997
49600 12.786294 12.786294 12.786294 0.061997 0.061997 0.061997
49700 12.786294 12.786294 12.786294 0.061997 0.061997 0.061997
49800 12.786294 12.786294 12.786294 0.061997 0.061997 0.061997
49900 12.786294 12.786294 12.786294 0.061997 0.061997 0.061997
50000 12.786294 12.786294 12.786294 0.061997 0.061997 0.061997
50100 12.786294 12.786294 12.786294 0.061997 0.061997 0.061997
50200 12.786294 12.786294 12.786294 0.061997 0.061997 0.061997
50300 12.786294 12.786294 12.786294 0.061997 0.061997 0.061997
50400 12.786294 12.786294 12.786294 0.061997 0.061997 0.061997
50500 12.786294 12.786294 12.786294 0.061997 0.061997 0.061997
50600 12.786294 12.786294 12.786294 0.061997 0.061997 0.061997
50700 12.786294 12.786294 12.786294 0.061997 0.061997 0.061997
50800 12.786294 12.786294 12.786294 0.061997 0.061997 0.061997
50900 12.786294 12.786294 12.786294 0.061997 0.061997 0.061997
51000 12.786294 12.786294 12.786294 0.061997 0.061997 0.061997
51100 12.786294 12.786294 12.786294 0.061997 0.061997 0.061997
51200 12.786294 12.786294 12.786294 0.061997 0.061997 0.061997
51300 12.786294 12.786294 12.786294 0.061997 0.061997 0.061997
51400 12.786294 12.786294 12.786294 0.061997 0.061997 0.061997
51500 12.786294 12.786294 12.786294 0.061997 0.061997 0.061997
51600 12.786294 12.786294 12.786294 0.061997 0.061997 0.061997
51700 12.786294 12.786294 12.786294 0.061997 0.061997 0.061997
51800 12.786294 12.786294 12.786294 0.061997 0.061997 0.061997
51900 12.786294 12.786294 12.786294 0.061997 0.061997 0.061997
52000 12.786294 12.786294 12.786294 0.061997 0.061997 0.061997
52100 12.786294 12.786294 12.786294 0.061997 0.061997 0.061997
52200 12.786294 12.786294 12.786294 0.061997 0.061997 0.061997
52300 12.786294 12.786294 12.786294 0.061997 0.061997 0.061997
52400 12.786294 12.786294 12.786294 0.061997 0.061997 0.061997
52500 12.786294 12.786294 12.786294 0.061997 0.061997 0.061997
52600 12.786294 12.786294 12.786294 0.061997 0.061997 0.061997
52700 12.786294 12.786294 12.786294 0.061997 0.061997 0.061997
52800 12.786294 12.786294 12.786294 0.061997 0.061997 0.061997
52900 12.786294 12.786294 12.786294 0.061997 0.061997 0.061997
53000 12.786294 12.786294 12.786294 0.061997 0.061997 0.061997
53100 12.786294 12.786294 12.786294 0.061997 0.061997 0.061997
53200 12.786294 12.786294 12.786294 0.061997 0.061997 0.061997
53300 12.786294 12.786294 12.786294 0.061997 0.061997 0.061997
53400 12.786294 12.786294 12.786294 0.061997 0.061997 0.061997
53500 12.786294 12.786294 12.786294 0.061997 0.061997 0.061997
53600 12.786294 12.786294 12.786294 0.061997 0.061997 0.061997
53700 12.786294 12.786294 12.786294 0.061997 0.061997 0.061997
53800 12.786294 12.786294 12.786294 0.061997 0.061997 0.061997
53900 12.786294 12.786294 12.786294 0.061997 0.061997 0.061997
54000 12.786294 12.786294 12.786294 0.061997 0.061997 0.061997
54100 12.786294 12.786294 12.786294 0.061997 0.061997 0.061997
54200 12.786294 12.786294 12.786294 0.061997 0.061997 0.061997
54300 12.786294 12.786294 12.786294 0.061997 0.061997 0.061997
54400 12.786294 12.786294 12.786294 0.061997 0.061997 0.061997
54500 12.786294 12.786294 12.786294 0.061997 0.061997 0.061997
54600 12.786294 12.786294 12.786294 0.061997 0.061997 0.061997
54700 12.786294 12.786294 12.786294 0.061997 0.061997 0.061997
54800 12.786294 12.786294 12.786294 0.061997 0.061997 0.061997
54900 12.786294 12.786294 12.786294 0.061997 0.061997 0.061997
55000 12.786294 12.786294 12.786294 0.061997 0.061997 0.061997
55100 12.786294 12.786294 12.786294 0.061997 0.061997 0.061997
55200 12.786294 12.786294 12.786294 0.061997 0.061997 0.061997
55300 12.786294 12.786294 12.786294 0.061997 0.061997 0.061997
55400 12.786294 12.786294 12.786294 0.061997 0.061997 0.061997
55500 12.786294 12.786294 12.786294 0.061997 0.061997 0.061997
55600 12.786294 12.786294 12.786294 0.061997 0.061997 0.061997
55700 12.786294 12.786294 12.786294 0.061997 0.061997 0.061997
55800 12.786294 12.786294 12.786294 0.061997 0.061997 0.061997
55900 12.786294 12.786294 12.786294 0.061997 0.061997 0.061997
56000 12.786294 12.786294 12.786294 0.061997 0.061997 0.061997
56100 12.786294 12.786294 12.786294 0.061997 0.061997 0.061997
56200 12.786294 12.786294 12.786294 0.061997 0.061997 0.061997
56300 12.786294 12.786294 12.786294 0.061997 0.061997 0.061997
56400 12.786294 12.786294 12.786294 0.061997 0.061997 0.061997
56500 12.786294 12.786294 12.786294 0.061997 0.061997 0.061997
56600 12.786294 12.786294 12.786294 0.061997 0.061997 0.061997
56700 12.786294 12.786294 12.786294 0.061997 0.061997 0.061997
56800 12.786294 12.786294 12.786294 0.061997 0.061997 0.061997
56900 12.786294 12.786294 12.786294 0.061997 0.061997 0.061997
57000 12.786294 12.786294 12.786294 0.061997 0.061997 0.061997
57100 12.786294 12.786294 12.786294 0.061997 0.061997 0.061997
57200 12.786294 12.786294 12.786294 0.061997 0.061997 0.061997
57300 12.786294 12.786294 12.786294 0.061997 0.061997 0.061997
57400 12.786294 12.786294 12.786294 0.061997 0.061997 0.061997
57500 12.786294 12.786294 12.786294 0.061997 0.061997 0.061997
57600 12.786294 12.786294 12.786294 0.061997 0.061997 0.061997
57700 12.786294 12.786294 12.786294 0.061997 0.061997 0.061997
57800 12.786294 12.786294 12.786294 0.061997 0.061997 0.061997
57900 12.786294 12.786294 12.786294 0.061997 0.061997 0.061997
58000 12.786294 12.786294 12.786294 0.061997 0.061997 0.061997
58100 12.786294 12.786294 12.786294 0.061997 0.061997 0.061997
58200 12.786294 12.786294 12.786294 0.061997 0.061997 0.061997
58300 12.786294 12.786294 12.786294 0.061997 0.061997 0.061997
58400 12.786294 12.786294 12.786294 0.061997 0.061997 0.061997
58500 12.786294 12.786294 12.786294 0.061997 0.061997 0.061997
58600 12.786294 12.786294 12.786294 0.061997 0.061997 0.061997
58700 12.786294 12.786294 12.786294 0.061997 0.061997 0.061997
58800 12.786294 12.786294 12.786294 0.061997 0.061997 0.061997
58900 12.786294 12.786294 12.786294 0.061997 0.061997 0.061997
59000 12.786294 12.786294 12.786294 0.061997 0.061997 0.061997
59100 12.786294 12.786294 12.786294 0.061997 0.061997 0.061997
59200 12.786294 12.786294 12.786294 0.061997 0.061997 0.061997
59300 12.786294 12.786294 12.786294 0.061997 0.061997 0.061997
59400 12.786294 12.786294 12.786294 0.061997 0.061997 0.061997
59500 12.786294 12.786294 12.786294 0.061997 0.061997 0.061997
59600 12.786294 12.786294 12.786294 0.061997 0.061997 0.061997
59700 12.786294 12.786294 12.786294 0.061997 0.061997 0.061997
59800 12.786294 12.786294 12.786294 0.061997 0.061997 0.061997
59900 12.786294 12.786294 12.786294 0.061997 0.061997 0.061997
60000 12.786294 12.786294 12.786294 0.061997 0.061997 0.061997
60100 12.786294 12.786294 12.786294 0.061997 0.061997 0.061997
60200 12.786294 12.786294 12.786294 0.061997 0.061997 0.061997
60300 12.786294 12.786294 12.786294 0.061997 0.061997 0.061997
60400 12.786294 12.786294 12.786294 0.061997 0.061997 0.061997
60500 12.786294 12.786294 12.786294 0.061997 0.061997 0.061997
60600 12.786294 12.786294 12.786294 0.061997 0.061997 0.061997
60700 12.786294 12.786294 12.786294 0.061997 0.061997 0.061997
60800 12.786294 12.786294 12.786294 0.061997 0.061997 0.061997
60900 12.786294 12.786294 12.786294 0.061997 0.061997 0.061997
61000 12.786294 12.786294 12.786294 0.061997 0.061997 0.061997
61100 12.786294 12.786294 12.786294 0.061997 0.061997 0.061997
61200 12.786294 12.786294 12.786294 0.061997 0.061997 0.061997
61300 12.786294 12.786294 12.786294 0.061997 0.061997 0.061997
61400 12.786294 12.786294 12.786294 0.061997 0.061997 0.061997
61500 12.786294 12.786294 12.786294 0.061997 0.061997 0.061997
61600 12.786294 12.786294 12.786294 0.061997 0.061997 0.061997
61700 12.786294 12.786294 12.786294 0.061997 0.061997 0.061997
61800 12.786294 12.786294 12.786294 0.061997 0.061997 0.061997
61900 12.786294 12.786294 12.786294 0.061997 0.061997 0.061997
62000 12.786294 12.786294 12.786294 0.061997 0.061997 0.061997
62100 12.786294 12.786294 12.786294 0.061997 0.061997 0.061997
62200 12.786294 12.786294 12.786294 0.061997 0.061997 0.061997
62300 12.786294 12.786294 12.786294 0.061997 0.061997 0.061997
62400 12.786294 12.786294 12.786294 0.061997 0.061997 0.061997
62500 12.786294 12.786294 12.786294 0.061997 0.061997 0.061997
62600 12.786294 12.786294 12.786294 0.061997 0.061997 0.061997
62700 12.786294 12.786294 12.786294 0.061997 0.061997 0.061997
62800 12.786294 12.786294 12.786294 0.061997 0.061997 0.061997
62900 12.786294 12.786294 12.786294 0.061997 0.061997 0.061997
63000 12.786294 12.786294 12.786294 0.061997 0.061997 0.061997
63100 12.786294 12.786294 12.786294 0.061997 0.061997 0.061997
63200 12.786294 12.786294 12.786294 0.061997 0.061997 0.061997
63300 12.786294 12.786294 12.786294 0.061997 0.061997 0.061997
63400 12.786294 12.786294 12.786294 0.061997 0.061997 0.061997
63500 12.786294 12.786294 12.786294 0.061997 0.061997 0.061997
63600 12.786294 12.786294 12.786294 0.061997 0.061997 0.061997
63700 12.786294 12.786294 12.786294 0.061997 0.061997 0.061997
63800 12.786294 12.786294 12.786294 0.061997 0.061997 0.061997
63900 12.786294 12.786294 12.786294 0.061997 0.061997 0.061997
64000 12.786294 12.786294 12.786294 0.061997 0.061997 0.061997
64100 12.786294 12.786294 12.786294 0.061997 0.061997 0.061997
64200 12.786294 12.786294 12.786294 0.061997 0.061997 0.061997
64300 12.786294 12.786294 12.786294 0.061997 0.061997 0.061997
64400 12.786294 12.786294 12.786294 0.061997 0.061997 0.061997
64500 12.786294 12.786294 12.786294 0.061997 0.061997 0.061997
64600 12.786294 12.786294 12.786294 0.061997 0.061997 0.061997
64700 12.786294 12.786294 12.786294 0.061997 0.061997 0.061997
64800 12.786294 12.786294 12.786294 0.061997 0.061997 0.061997
64900 12.786294 12.786294 12.786294 0.061997 0.061997 0.061997
65000 12.786294 12.786294 12.786294 0.061997 0.061997 0.061997
65100 12.786294 12.786294 12.786294 0.061997 0.061997 0.061997
65200 12.786294 12.786294 12.786294 0.061997 0.061997 0.061997
65300 12.786294 12.786294 12.786294 0.061997 0.061997 0.061997
65400 12.786294 12.786294 12.786294 0.061997 0.061997 0.061997
65500 12.786294 12.786294 12.786294 0.061997 0.061997 0.061997
65600 12.786294 12.786294 12.786294 0.061997 0.061997 0.061997
65700 12.786294 12.786294 12.786294 0.061997 0.061997 0.061997
65800 12.786294 12.786294 12.786294 0.061997 0.061997 0.061997
65900 12.786294 12.786294 12.786294 0.061997 0.061997 0.061997
66000 12.786294 12.786294 12.786294 0.061997 0.061997 0.061997
66100 12.786294 12.786294 12.786294 0.061997 0.061997 0.061997
66200 12.786294 12.786294 12.786294 0.061997 0.061997 0.061997
66300 12.786294 12.786294 12.786294 0.061997 0.061997 0.061997
66400 12.786294 12.786294 12.786294 0.061997 0.061997 0.061997
66500 12.786294 12.786294 12.786294 0.061997 0.061997 0.061997
66600 12.786294 12.786294 12.786294 0.061997 0.061997 0.061997
66700 12.786294 12.786294 12.786294 0.061997 0.061997 0.061997
66800 12.786294 12.786294 12.786294 0.061997 0.061997 0.061997
66900 12.786294 12.786294 12.786294 0.061997 0.061997 0.061997
67000 12.786294 12.786294 12.786294 0.061997 0.061997 0.061997
67100 12.786294 12.786294 12.786294 0.061997 0.061997 0.061997
67200 12.786294 12.786294 12.786294 0.061997 0.061997 0.061997
67300 12.786294 12.786294 12.786294 0.061997 0.061997 0.061997
67400 12.786294 12.786294 12.786294 0.061997 0.061997 0.061997
67500 12.786294 12.786294 12.786294 0.061997 0.061997 0.061997
67600 12.786294 12.786294 12.786294 0.061997 0.061997 0.061997
67700 12.786294 12.786294 12.786294 0.061997 0.061997 0.061997
67800 12.786294 12.786294 12.786294 0.061997 0.061997 0.061997
67900 12.786294 12.786294 12.786294 0.061997 0.061997 0.061997
68000 12.786294 12.786294 12.786294 0.061997 0.061997 0.061997
68100 12.786294 12.786294 12.786294 0.061997 0.061997 0.061997
68200 12.786294 12.786294 12.786294 0.061997 0.061997 0.061997
68300 12.786294 12.786294 12.786294 0.061997 0.061997 0.061997
68400 12.786294 12.786294 12.786294 0.061997 0.061997 0.061997
68500 12.786294 12.786294 12.786294 0.061997 0.061997 0.061997
68600 12.786294 12.786294 12.786294 0.061997 0.061997 0.061997
68700 12.786294 12.786294 12.786294 0.061997 0.061997 0.061997
68800 12.786294 12.786294 12.786294 0.061997 0.061997 0.061997
68900 12.786294 12.786294 12.786294 0.061997 0.061997 0.061997
69000 12.786294 12.786294 12.786294 0.061997 0.061997 0.061997
69100 12.786294 12.786294 12.786294 0.061997 0.061997 0.061997
69200 12.786294 12.786294 12.786294 0.061997 0.061997 0.061997
69300 12.786294 12.786294 12.786294 0.061997 0.061997 0.061997
69400 12.786294 12.786294 12.786294 0.061997 0.061997 0.061997
69500 12.786294 12.786294 12.786294 0.061997 0.061997 0.061997
69600 12.786294 12.786294 12.786294 0.061997 0.061997 0.061997
69700 12.786294 12.786294 12.786294 0.061997 0.061997 0.061997
69800 12.786294 12.786294 12.786294 0.061997 0.061997 0.061997
69900 12.786294 12.786294 12.786294 0.061997 0.061997 0.061997
70000 12.786294 12.786294 12.786294 0.061997 0.061997 0.061997
70100 12.786294 12.786294 12.786294 0.061997 0.061997 0.061997
70200 12.786294 12.786294 12.786294 0.061997 0.061997 0.061997
70300 12.786294 12.786294 12.786294 0.061997 0.061997 0.061997
70400 12.786294 12.786294 12.786294 0.061997 0.061997 0.061997
70500 12.786294 12.786294 12.786294 0.061997 0.061997 0.061997
70600 12.786294 12.786294 12.786294 0.061997 0.061997 0.061997
70700 12.786294 12.786294 12.786294 0.061997 0.061997 0.061997
70800 12.786294 12.786294 12.786294 0.061997 0.061997 0.061997
70900 12.786294 12.786294 12.786294 0.061997 0.061997 0.061997
71000 12.786294 12.786294 12.786294 0.061997 0.061997 0.061997
71100 12.786294 12.786294 12.786294 0.061997 0.061997 0.061997
71200 12.786294 12.786294 12.786294 0.061997 0.061997 0.061997
71300 12.786294 12.786294 12.786294 0.061997 0.061997 0.061997
71400 12.786294 12.786294 12.786294 0.061997 0.061997 0.061997
71500 12.786294 12.786294 12.786294 0.061997 0.061997 0.061997
71600 12.786294 12.786294 12.786294 0.061997 0.061997 0.061997
71700 12.786294 12.786294 12.786294 0.061997 0.061997 0.061997
71800 12.786294 12.786294 12.786294 0.061997 0.061997 0.061997
71900 12.786294 12.786294 12.786294 0.061997 0.061997 0.061997
72000 12.786294 12.786294 12.786294 0.061997 0.061997 0.061997
72100 12.786294 12.786294 12.786294 0.061997 0.061997 0.061997
72200 12.786294 12.786294 12.786294 0.061997 0.061997 0.061997
72300 12.786294 12.786294 12.786294 0.061997 0.061997 0.061997
72400 12.786294 12.786294 12.786294 0.061997 0.061997 0.061997
72500 12.786294 12.786294 12.786294 0.061997 0.061997 0.061997
72600 12.786294 12.786294 12.786294 0.061997 0.061997 0.061997
72700 12.786294 12.786294 12.786294 0.061997 0.061997 0.061997
72800 12.786294 12.786294 12.786294 0.061997 0.061997 0.061997
72900 12.786294 12.786294 12.786294 0.061997 0.061997 0.061997
73000 12.786294 12.786294 12.786294 0.061997 0.061997 0.061997
73100 12.786294 12.786294 12.786294 0.061997 0.061997 0.061997
73200 12.786294 12.786294 12.786294 0.061997 0.061997 0.061997
73300 12.786294 12.786294 12.786294 0.061997 0.061997 0.061997
73400 12.786294 12.786294 12.786294 0.061997 0.061997 0.061997
73500 12.786294 12.786294 12.786294 0.061997 0.061997 0.061997
73600 12.786294 12.786294 12.786294 0.061997 0.061997 0.061997
73700 12.786294 12.786294 12.786294 0.061997 0.061997 0.061997
73800 12.786294 12.786294 12.786294 0.061997 0.061997 0.061997
73900 12.786294 12.786294 12.786294 0.061997 0.061997 0.061997
74000 12.786294 12.786294 12.786294 0.061997 0.061997 0.061997
74100 12.786294 12.786294 12.786294 0.061997 0.061997 0.061997
74200 12.786294 12.786294 12.786294 0.061997 0.061997 0.061997
74300 12.786294 12.786294 12.786294 0.061997 0.061997 0.061997
74400 12.786294 12.786294 12.786294 0.061997 0.061997 0.061997
74500 12.786294 12.786294 12.786294 0.061997 0.061997 0.061997
74600 12.786294 12.786294 12.786294 0.061997 0.061997 0.061997
74700 12.786294 12.786294 12.786294 0.061997 0.061997 0.061997
74800 12.786294 12.786294 12.786294 0.061997 0.061997 0.061997
74900 12.786294 12.786294 12.786294 0.061997 0.061997 0.061997
75000 12.786294 12.786294 12.786294 0.061997 0.061997 0.061997
75100 12.786294 12.786294 12.786294 0.061997 0.061997 0.061997
75200 12.786294 12.786294 12.786294 0.061997 0.061997 0.061997
75300 12.786294 12.786294 12.786294 0.061997 0.061997 0.061997
75400 12.786294 12.786294 12.786294 0.061997 0.061997 0.061997
75500 12.786294 12.786294 12.786294 0.061997 0.061997 0.061997
75600 12.786294 12.786294 12.786294 0.061997 0.061997 0.061997
75700 12.786294 12.786294 12.786294 0.061997 0.061997 0.061997
75800 12.786294 12.786294 12.786294 0.061997 0.061997 0.061997
75900 12.786294 12.786294 12.786294 0.061997 0.061997 0.061997
76000 12.786294 12.786294 12.786294 0.061997 0.061997 0.061997
76100 12.786294 12.786294 12.786294 0.061997 0.061997 0.061997
76200 12.786294 12.786294 12.786294 0.061997 0.061997 0.061997
76300 12.786294 12.786294 12.786294 0.061997 0.061997 0.061997
76400 12.786294 12.786294 12.786294 0.061997 0.061997 0.061997
76500 12.786294 12.786294 12.786294 0.061997 0.061997 0.061997
76600 12.786294 12.786294 12.786294 0.061997 0.061997 0.061997
76700 12.786294 12.786294 12.786294 0.061997 0.061997 0.061997
76800 12.786294 12.786294 12.786294 0.061997 0.061997 0.061997
76900 12.786294 12.786294 12.786294 0.061997 0.061997 0.061997
77000 12.786294 12.786294 12.786294 0.061997 0.061997 0.061997
77100 12.786294 12.786294 12.786294 0.061997 0.061997 0.061997
77200 12.786294 12.786294 12.786294 0.061997 0.061997 0.061997
77300 12.786294 12.786294 12.786294 0.061997 0.061997 0.061997
77400 12.786294 12.786294 12.786294 0.061997 0.061997 0.061997
77500 12.786294 12.786294 12.786294 0.061997 0.061997 0.061997
77600 12.786294 12.786294 12.786294 0.061997 0.061997 0.061997
77700 12.786294 12.786294 12.786294 0.061997 0.061997 0.061997
77800 12.786294 12.786294 12.786294 0.061997 0.061997 0.061997
77900 12.786294 12.786294 12.786294 0.061997 0.061997 0.061997
78000 12.786294 12.786294 12.786294 0.061997 0.061997 0.061997
78100 12.786294 12.786294 12.786294 0.061997 0.061997 0.061997
78200 12.786294 12.786294 12.786294 0.061997 0.061997 0.061997
78300 12.786294 12.786294 12.786294 0.061997 0.061997 0.061997
78400 12.786294 12.786294 12.786294 0.061997 0.061997 0.061997
78500 12.786294 12.786294 12.786294 0.061997 0.061997 0.061997
78600 12.786294 12.786294 12.786294 0.061997 0.061997 0.061997
78700 12.786294 12.786294 12.786294 0.061997 0.061997 0.061997
78800 12.786294 12.786294 12.786294 0.061997 0.061997 0.061997
78900 12.786294 12.786294 12.786294 0.061997 0.061997 0.061997
79000 12.786294 12.786294 12.786294 0.061997 0.061997 0.061997
79100 12.786294 12.786294 12.786294 0.061997 0.061997 0.061997
79200 12.786294 12.786294 12.786294 0.061997 0.061997 0.061997
79300 12.786294 12.786294 12.786294 0.061997 0.061997 0.061997
79400 12.786294 12.786294 12.786294 0.061997 0.061997 0.061997
79500 12.786294 12.786294 12.786294 0.061997 0.061997 0.061997
79600 12.786294 12.786294 12.786294 0.061997 0.061997 0.061997
79700 12.786294 12.786294 12.786294 0.061997 0.061997 0.061997
79800 12.786294 12.786294 12.786294 0.061997 0.061997 0.061997
79900 12.786294 12.786294 12.786294 0.061997 0.061997 0.061997
80000 12.786294 12.786294 12.786294 0.061997 0.061997 0.061997
80100 12.786294 12.786294 12.786294 0.061997 0.061997 0.061997
80200 12.786294 12.786294 12.786294 0.061997 0.061997 0.061997
80300 12.786294 12.786294 12.786294 0.061997 0.061997 0.061997
80400 12.786294 12.786294 12.786294 0.061997 0.061997 0.061997
80500 12.786294 12.786294 12.786294 0.061997 0.061997 0.061997
80600 12.786294 12.786294 12.786294 0.061997 0.061997 0.061997
80700 12.786294 12.786294 12.786294 0.061997 0.061997 0.061997
80800 12.786294 12.786294 12.786294 0.061997 0.061997 0.061997
80900 12.786294 12.786294 12.786294 0.061997 0.061997 0.061997
81000 12.786294 12.786294 12.786294 0.061997 0.061997 0.061997
81100 12.786294 12.786294 12.786294 0.061997 0.061997 0.061997
81200 12.786294 12.786294 12.786294 0.061997 0.061997 0.061997
81300 12.786294 12.786294 12.786294 0.061997 0.061997 0.061997
81400 12.786294 12.786294 12.786294 0.061997 0.061997 0.061997
81500 12.786294 12.786294 12.786294 0.061997 0.061997 0.061997
81600 12.786294 12.786294 12.786294 0.061997 0.061997 0.061997
81700 12.786294 12.786294 12.786294 0.061997 0.061997 0.061997
81800 12.786294 12.786294 12.786294 0.061997 0.061997 0.061997
81900 12.786294 12.786294 12.786294 0.061997 0.061997 0.061997
82000 12.786294 12.786294 12.786294 0.061997 0.061997 0.061997
82100 12.786294 12.786294 12.786294 0.061997 0.061997 0.061997
82200 12.786294 12.786294 12.786294 0.061997 0.061997 0.061997
82300 12.786294 12.786294 12.786294 0.061997 0.061997 0.061997
82400 12.786294 12.786294 12.786294 0.061997 0.061997 0.061997
82500 12.786294 12.786294 12.786294 0.061997 0.061997 0.061997
82600 12.786294 12.786294 12.786294 0.061997 0.061997 0.061997
82700 12.786294 12.786294 12.786294 0.061997 0.061997 0.061997
82800 12.786294 12.786294 12.786294 0.061997 0.061997 0.061997
82900 12.786294 12.786294 12.786294 0.061997 0.061997 0.061997
83000 12.786294 12.786294 12.786294 0.061997 0.061997 0.061997
83100 12.786294 12.786294 12.786294 0.061997 0.061997 0.061997
83200 12.786294 12.786294 12.786294 0.061997 0.061997 0.061997
83300 12.786294 12.786294 12.786294 0.061997 0.061997 0.061997
83400 12.786294 12.786294 12.786294 0.061997 0.061997 0.061997
83500 12.786294 12.786294 12.786294 0.061997 0.061997 0.061997
83600 12.786294 12.786294 12.786294 0.061997 0.061997 0.061997
83700 12.786294 12.786294 12.786294 0.061997 0.061997 0.061997
83800 12.786294 12.786294 12.786294 0.061997 0.061997 0.061997
83900 12.786294 12.786294 12.786294 0.061997 0.061997 0.061997
84000 12.786294 12.786294 12.786294 0.061997 0.061997 0.061997
84100 12.786294 12.786294 12.786294 0.061997 0.061997 0.061997
84200 12.786294 12.786294 12.786294 0.061997 0.061997 0.061997
84300 12.786294 12.786294 12.786294 0.061997 0.061997 0.061997
84400 12.786294 12.786294 12.786294 0.061997 0.061997 0.061997
84500 12.786294 12.786294 12.786294 0.061997 0.061997 0.061997
84600 12.786294 12.786294 12.786294 0.061997 0.061997 0.061997
84700 12.786294 12.786294 12.786294 0.061997 0.061997 0.061997
84800 12.786294 12.786294 12.786294 0.061997 0.061997 0.061997
84900 12.786294 12.786294 12.786294 0.061997 0.061997 0.061997
85000 12.786294 12.786294 12.786294 0.061997 0.061997 0.061997
85100 12.786294 12.786294 12.786294 0.061997 0.061997 0.061997
85200 12.786294 12.786294 12.786294 0.061997 0.061997 0.061997
85300 12.786294 12.786294 12.786294 0.061997 0.061997 0.061997
85400 12.786294 12.786294 12.786294 0.061997 0.061997 0.061997
85500 12.786294 12.786294 12.786294 0.061997 0.061997 0.061997
85600 12.786294 12.786294 12.786294 0.061997 0.061997 0.061997
85700 12.786294 12.786294 12.786294 0.061997 0.061997 0.061997
85800 12.786294 12.786294 12.786294 0.061997 0.061997 0.061997
85900 12.786294 12.786294 12.786294 0.061997 0.061997 0.061997
86000 12.786294 12.786294 12.786294 0.061997 0.061997 0.061997
86100 12.786294 12.786294 12.786294 0.061997 0.061997 0.061997
86200 12.786294 12.786294 12.786294 0.061997 0.061997 0.061997
86300 12.786294 12.786294 12.786294 0.061997 0.061997 0.061997
86400 12.786294 12.786294 12.786294 0.061997 0.061997 0.061997
86500 12.786294 12.786294 12.786294 0.061997 0.061997 0.061997
86600 12.786294 12.786294 12.786294 0.061997 0.061997 0.061997
86700 12.786294 12.786294 12.786294 0.061997 0.061997 0.061997
86800 12.786294 12.786294 12.786294 0.061997 0.061997 0.061997
86900 12.786294 12.786294 12.786294 0.061997 0.061997 0.061997
87000 12.786294 12.786294 12.786294 0.061997 0.061997 0.061997
87100 12.786294 12.786294 12.786294 0.061997 0.061997 0.061997
87200 12.786294 12.786294 12.786294 0.061997 0.061997 0.061997
87300 12.786294 12.786294 12.786294 0.061997 0.061997 0.061997
87400 12.786294 12.786294 12.786294 0.061997 0.061997 0.061997
87500 12.786294 12.786294 12.786294 0.061997 0.061997 0.061997
87600 12.786294 12.786294 12.786294 0.061997 0.061997 0.061997
87700 12.786294 12.786294 12.786294 0.061997 0.061997 0.061997
87800 12.786294 12.786294 12.786294 0.061997 0.061997 0.061997
87900 12.786294 12.786294 12.786294 0.061997 0.061997 0.061997
88000 12.786294 12.786294 12.786294 0.061997 0.061997 0.061997
88100 12.786294 12.786294 12.786294 0.061997 0.061997 0.061997
88200 12.786294 12.786294 12.786294 0.061997 0.061997 0.061997
88300 12.786294 12.786294 12.786294 0.061997 0.061997 0.061997
88400 12.786294 12.786294 12.786294 0.061997 0.061997 0.061997
88500 12.786294 12.786294 12.786294 0.061997 0.061997 0.061997
88600 12.786294 12.786294 12.786294 0.061997 0.061997 0.061997
88700 12.786294 12.786294 12.786294 0.061997 0.061997 0.061997
88800 12.786294 12.786294 12.786294 0.061997 0.061997 0.061997
88900 12.786294 12.786294 12.786294 0.061997 0.061997 0.061997
89000 12.786294 12.786294 12.786294 0.061997 0.061997 0.061997
89100 12.786294 12.786294 12.786294 0.061997 0.061997 0.061997
89200 12.786294 12.786294 12.786294 0.061997 0.061997 0.061997
89300 12.786294 12.786294 12.786294 0.061997 0.061997 0.061997
89400 12.786294 12.786294 12.786294 0.061997 0.061997 0.061997
89500 12.786294 12.786294 12.786294 0.061997 0.061997 0.061997
89600 12.786294 12.786294 12.786294 0.061997 0.061997 0.061997
89700 12.786294 12.786294 12.786294 0.061997 0.061997 0.061997
89800 12.786294 12.786294 12.786294 0.061997 0.061997 0.061997
89900 12.786294 12.786294 12.786294 0.061997 0.061997 0.061997
90000 12.786294 12.786294 12.786294 0.061997 0.061997 0.061997
90100 12.786294 12.786294 12.786294 0.061997 0.061997 0.061997
90200 12.786294 12.786294 12.786294 0.061997 0.061997 0.061997
90300 12.786294 12.786294 12.786294 0.061997 0.061997 0.061997
90400 12.786294 12.786294 12.786294 0.061997 0.061997 0.061997
90500 12.786294 12.786294 12.786294 0.061997 0.061997 0.061997
90600 12.786294 12.786294 12.786294 0.061997 0.061997 0.061997
90700 12.786294 12.786294 12.786294 0.061997 0.061997 0.061997
90800 12.786294 12.786294 12.786294 0.061997 0.061997 0.061997
90900 12.786294 12.786294 12.786294 0.061997 0.061997 0.061997
91000 12.786294 12.786294 12.786294 0.061997 0.061997 0.061997
91100 12.786294 12.786294 12.786294 0.061997 0.061997 0.061997
91200 12.786294 12.786294 12.786294 0.061997 0.061997 0.061997
91300 12.786294 12.786294 12.786294 0.061997 0.061997 0.061997
91400 12.786294 12.786294 12.786294 0.061997 0.061997 0.061997
91500 12.786294 12.786294 12.786294 0.061997 0.061997 0.061997
91600 12.786294 12.786294 12.786294 0.061997 0.061997 0.061997
91700 12.786294 12.786294 12.786294 0.061997 0.061997 0.061997
91800 12.786294 12.786294 12.786294 0.061997 0.061997 0.061997
91900 12.786294 12.786294 12.786294 0.061997 0.061997 0.061997
92000 12.786294 12.786294 12.786294 0.061997 0.061997 0.061997
92100 12.786294 12.786294 12.786294 0.061997 0.061997 0.061997
92200 12.786294 12.786294 12.786294 0.061997 0.061997 0.061997
92300 12.786294 12.786294 12.786294 0.061997 0.061997 0.061997
92400 12.786294 12.786294 12.786294 0.061997 0.061997 0.061997
92500 12.786294 12.786294 12.786294 0.061997 0.061997 0.061997
92600 12.786294 12.786294 12.786294 0.061997 0.061997 0.061997
92700 12.786294 12.786294 12.786294 0.061997 0.061997 0.061997
92800 12.786294 12.786294 12.786294 0.061997 0.061997 0.061997
92900 12.786294 12.786294 12.786294 0.061997 0.061997 0.061997
93000 12.786294 12.786294 12.786294 0.061997 0.061997 0.061997
93100 12.786294 12.786294 12.786294 0.061997 0.061997 0.061997
93200 12.786294 12.786294 12.786294 0.061997 0.061997 0.061997
93300 12.786294 12.786294 12.786294 0.061997 0.061997 0.061997
93400 12.786294 12.786294 12.786294 0.061997 0.061997 0.061997
93500 12.786294 12.786294 12.786294 0.061997 0.061997 0.061997
93600 12.786294 12.786294 12.786294 0.061997 0.061997 0.061997
93700 12.786294 12.786294 12.786294 0.061997 0.061997 0.061997
93800 12.786294 12.786294 12.786294 0.061997 0.061997 0.061997
93900 12.786294 12.786294 12.786294 0.061997 0.061997 0.061997
94000 12.786294 12.786294 12.786294 0.061997 0.061997 0.061997
94100 12.786294 12.786294 12.786294 0.061997 0.061997 0.061997
94200 12.786294 12.786294 12.786294 0.061997 0.061997 0.061997
94300 12.786294 12.786294 12.786294 0.061997 0.061997 0.061997
94400 12.786294 12.786294 12.786294 0.061997 0.061997 0.061997
94500 12.786294 12.786294 12.786294 0.061997 0.061997 0.061997
94600 12.786294 12.786294 12.786294 0.061997 0.061997 0.061997
94700 12.786294 12.786294 12.786294 0.061997 0.061997 0.061997
94800 12.786294 12.786294 12.786294 0.061997 0.061997 0.061997
94900 12.786294 12.786294 12.786294 0.061997 0.061997 0.061997
95000 12.786294 12.786294 12.786294 0.061997 0.061997 0.061997
95100 12.786294 12.786294 12.786294 0.061997 0.061997 0.061997
95200 12.786294 12.786294 12.786294 0.061997 0.061997 0.061997
95300 12.786294 12.786294 12.786294 0.061997 0.061997 0.061997
95400 12.786294 12.786294 12.786294 0.061997 0.061997 0.061997
95500 12.786294 12.786294 12.786294 0.061997 0.061997 0.061997
95600 12.786294 12.786294 12.786294 0.061997 0.061997 0.061997
95700 12.786294 12.786294 12.786294 0.061997 0.061997 0.061997
95800 12.786294 12.786294 12.786294 0.061997 0.061997 0.061997
95900 12.786294 12.786294 12.786294 0.061997 0.061997 0.061997
96000 12.786294 12.786294 12.786294 0.061997 0.061997 0.061997
96100 12.786294 12.786294 12.786294 0.061997 0.061997 0.061997
96200 12.786294 12.786294 12.786294 0.061997 0.061997 0.061997
96300 12.786294 12.786294 12.786294 0.061997 0.061997 0.061997
96400 12.786294 12.786294 12.786294 0.061997 0.061997 0.061997
96500 12.786294 12.786294 12.786294 0.061997 0.061997 0.061997
96600 12.786294 12.786294 12.786294 0.061997 0.061997 0.061997
96700 12.786294 12.786294 12.786294 0.061997 0.061997 0.061997
96800 12.786294 12.786294 12.786294 0.061997 0.061997 0.061997
96900 12.786294 12.786294 12.786294 0.061997 0.061997 0.061997
97000 12.786294 12.786294 12.786294 0.061997 0.061997 0.061997
97100 12.786294 12.786294 12.786294 0.061997 0.061997 0.061997
97200 12.786294 12.786294 12.786294 0.061997 0.061997 0.061997
97300 12.786294 12.786294 12.786294 0.061997 0.061997 0.061997
97400 12.786294 12.786294 12.786294 0.061997 0.061997 0.061997
97500 12.786294 12.786294 12.786294 0.061997 0.061997 0.061997
97600 12.786294 12.786294 12.786294 0.061997 0.061997 0.061997
97700 12.786294 12.786294 12.786294 0.061997 0.061997 0.061997
97800 12.786294 12.786294 12.786294 0.061997 0.061997 0.061997
97900 12.786294 12.786294 12.786294 0.061997 0.061997 0.061997
98000 12.786294 12.786294 12.786294 0.061997 0.061997 0.061997
98100 12.786294 12.786294 12.786294 0.061997 0.061997 0.061997
98200 12.786294 12.786294 12.786294 0.061997 0.061997 0.061997
98300 12.786294 12.786294 12.786294 0.061997 0.061997 0.061997
98400 12.786294 12.786294 12.786294 0.061997 0.061997 0.061997
98500 12.786294 12.786294 12.786294 0.061997 0.061997 0.061997
98600 12.786294 12.786294 12.786294 0.061997 0.061997 0.061997
98700 12.786294 12.786294 12.786294 0.061997 0.061997 0.061997
98800 12.786294 12.786294 12.786294 0.061997 0.061997 0.061997
98900 12.786294 12.786294 12.786294 0.061997 0.061997 0.061997
99000 12.786294 12.786294 12.786294 0.061997 0.061997 0.061997
99100 12.786294 12.786294 12.786294 0.061997 0.061997 0.061997
99200 12.786294 12.786294 12.786294 0.061997 0.061997 0.061997
99300 12.786294 12.786294 12.786294 0.061997 0.061997 0.061997
99400 12.786294 12.786294 12.786294 0.061997 0.061997 0.061997
99500 12.786294 12.786294 12.786294 0.061997 0.061997 0.061997
99600 12.786294 12.786294 12.786294 0.061997 0.061997 0.061997
99700 12.786294 12.786294 12.786294 0.061997 0.061997 0.061997
99800 12.786294 12.786294 12.786294 0.061997 0.061997 0.061997
99900 12.786294 12.786294 12.786294 0.061997 0.061997 0.061997
100000 13.109424 13.109424 13.109424 0.068525 0.068525 0.068525
