# generation power_min power_avg power_max util_min util_avg util_max
1 84.798418 84.798418 84.798418 1.133966 1.474225 1.499747
100 51.769436 51.769436 51.769436 1.038898 1.294760 1.490508
200 52.829542 51.984980 52.829542 0.991363 1.047185 1.145142
300 51.198987 51.746097 52.105915 0.973866 0.995693 1.010442
400 51.194153 51.266313 51.485295 0.979496 0.997288 1.001209
500 51.143369 51.193742 51.198987 0.985310 0.992747 0.998879
600 51.138007 51.161589 51.193625 0.984213 0.990375 0.998879
700 51.138007 51.138007 51.138007 0.991183 0.991183 0.991183
800 51.138007 51.138007 51.138007 0.991183 0.991183 0.991183
900 51.138007 51.138007 51.138007 0.991183 0.991183 0.991183
1000 51.138007 51.138007 51.138007 0.991183 0.991183 0.991183
1100 51.138007 51.138007 51.138007 0.991183 0.991183 0.991183
1200 51.138007 51.138007 51.138007 0.991183 0.991183 0.991183
1300 51.138007 51.138007 51.138007 0.991183 0.991183 0.991183
1400 51.138007 51.138007 51.138007 0.991183 0.991183 0.991183
1500 51.138007 51.138007 51.138007 0.991183 0.991183 0.991183
1600 51.138007 51.138007 51.138007 0.991183 0.991183 0.991183
1700 51.138007 51.138007 51.138007 0.991183 0.991183 0.991183
1800 51.138007 51.138007 51.138007 0.991183 0.991183 0.991183
1900 51.138007 51.138007 51.138007 0.991183 0.991183 0.991183
2000 51.138007 51.138007 51.138007 0.991183 0.991183 0.991183
2100 51.138007 51.138007 51.138007 0.991183 0.991183 0.991183
2200 51.138007 51.138007 51.138007 0.991183 0.991183 0.991183
2300 51.138007 51.138007 51.138007 0.991183 0.991183 0.991183
2400 51.138007 51.138007 51.138007 0.991183 0.991183 0.991183
2500 51.138007 51.138007 51.138007 0.991183 0.991183 0.991183
2600 51.138007 51.138007 51.138007 0.991183 0.991183 0.991183
2700 51.138007 51.138007 51.138007 0.991183 0.991183 0.991183
2800 51.138007 51.138007 51.138007 0.991183 0.991183 0.991183
2900 51.138007 51.138007 51.138007 0.991183 0.991183 0.991183
3000 51.138007 51.138007 51.138007 0.991183 0.991183 0.991183
3100 51.138007 51.138007 51.138007 0.991183 0.991183 0.991183
3200 51.138007 51.138007 51.138007 0.991183 0.991183 0.991183
3300 51.138007 51.138007 51.138007 0.991183 0.991183 0.991183
3400 51.138007 51.138007 51.138007 0.991183 0.991183 0.991183
3500 51.138007 51.138007 51.138007 0.991183 0.991183 0.991183
3600 51.138007 51.138007 51.138007 0.991183 0.991183 0.991183
3700 51.138007 51.138007 51.138007 0.991183 0.991183 0.991183
3800 51.138007 51.138007 51.138007 0.991183 0.991183 0.991183
3900 51.138007 51.138007 51.138007 0.991183 0.991183 0.991183
4000 51.138007 51.138007 51.138007 0.991183 0.991183 0.991183
4100 51.138007 51.138007 51.138007 0.991183 0.991183 0.991183
4200 51.138007 51.138007 51.138007 0.991183 0.991183 0.991183
4300 51.138007 51.138007 51.138007 0.991183 0.991183 0.991183
4400 51.138007 51.138007 51.138007 0.991183 0.991183 0.991183
4500 51.138007 51.138007 51.138007 0.991183 0.991183 0.991183
4600 51.138007 51.138007 51.138007 0.991183 0.991183 0.991183
4700 51.138007 51.138007 51.138007 0.991183 0.991183 0.991183
4800 51.138007 51.138007 51.138007 0.991183 0.991183 0.991183
4900 51.138007 51.138007 51.138007 0.991183 0.991183 0.991183
5000 51.138007 51.138007 51.138007 0.991183 0.991183 0.991183
5100 51.138007 51.138007 51.138007 0.991183 0.991183 0.991183
5200 51.138007 51.138007 51.138007 0.991183 0.991183 0.991183
5300 51.138007 51.138007 51.138007 0.991183 0.991183 0.991183
5400 51.138007 51.138007 51.138007 0.991183 0.991183 0.991183
5500 51.138007 51.138007 51.138007 0.991183 0.991183 0.991183
5600 51.138007 51.138007 51.138007 0.991183 0.991183 0.991183
5700 51.138007 51.138007 51.138007 0.991183 0.991183 0.991183
5800 51.138007 51.138007 51.138007 0.991183 0.991183 0.991183
5900 51.138007 51.138007 51.138007 0.991183 0.991183 0.991183
6000 51.138007 51.138007 51.138007 0.991183 0.991183 0.991183
6100 51.138007 51.138007 51.138007 0.991183 0.991183 0.991183
6200 51.138007 51.138007 51.138007 0.991183 0.991183 0.991183
6300 51.138007 51.138007 51.138007 0.991183 0.991183 0.991183
6400 51.138007 51.138007 51.138007 0.991183 0.991183 0.991183
6500 51.138007 51.138007 51.138007 0.991183 0.991183 0.991183
6600 51.138007 51.138007 51.138007 0.991183 0.991183 0.991183
6700 51.138007 51.138007 51.138007 0.991183 0.991183 0.991183
6800 51.138007 51.138007 51.138007 0.991183 0.991183 0.991183
6900 51.138007 51.138007 51.138007 0.991183 0.991183 0.991183
7000 51.138007 51.138007 51.138007 0.991183 0.991183 0.991183
7100 51.138007 51.138007 51.138007 0.991183 0.991183 0.991183
7200 51.138007 51.138007 51.138007 0.991183 0.991183 0.991183
7300 51.138007 51.138007 51.138007 0.991183 0.991183 0.991183
7400 51.138007 51.138007 51.138007 0.991183 0.991183 0.991183
7500 51.138007 51.138007 51.138007 0.991183 0.991183 0.991183
7600 51.138007 51.138007 51.138007 0.991183 0.991183 0.991183
7700 51.138007 51.138007 51.138007 0.991183 0.991183 0.991183
7800 51.138007 51.138007 51.138007 0.991183 0.991183 0.991183
7900 51.138007 51.138007 51.138007 0.991183 0.991183 0.991183
8000 51.138007 51.138007 51.138007 0.991183 0.991183 0.991183
8100 51.138007 51.138007 51.138007 0.991183 0.991183 0.991183
8200 51.138007 51.138007 51.138007 0.991183 0.991183 0.991183
8300 51.138007 51.138007 51.138007 0.991183 0.991183 0.991183
8400 51.138007 51.138007 51.138007 0.991183 0.991183 0.991183
8500 51.138007 51.138007 51.138007 0.991183 0.991183 0.991183
8600 51.138007 51.138007 51.138007 0.991183 0.991183 0.991183
8700 51.138007 51.138007 51.138007 0.991183 0.991183 0.991183
8800 51.138007 51.138007 51.138007 0.991183 0.991183 0.991183
8900 51.138007 51.138007 51.138007 0.991183 0.991183 0.991183
9000 51.138007 51.138007 51.138007 0.991183 0.991183 0.991183
9100 51.138007 51.138007 51.138007 0.991183 0.991183 0.991183
9200 51.138007 51.138007 51.138007 0.991183 0.991183 0.991183
9300 51.138007 51.138007 51.138007 0.991183 0.991183 0.991183
9400 51.138007 51.138007 51.138007 0.991183 0.991183 0.991183
9500 51.138007 51.138007 51.138007 0.991183 0.991183 0.991183
9600 51.138007 51.138007 51.138007 0.991183 0.991183 0.991183
9700 51.138007 51.138007 51.138007 0.991183 0.991183 0.991183
9800 51.138007 51.138007 51.138007 0.991183 0.991183 0.991183
9900 51.138007 51.138007 51.138007 0.991183 0.991183 0.991183
10000 51.138007 51.138007 51.138007 0.991183 0.991183 0.991183
10100 51.138007 51.138007 51.138007 0.991183 0.991183 0.991183
10200 51.138007 51.138007 51.138007 0.991183 0.991183 0.991183
10300 51.138007 51.138007 51.138007 0.991183 0.991183 0.991183
10400 51.138007 51.138007 51.138007 0.991183 0.991183 0.991183
10500 51.138007 51.138007 51.138007 0.991183 0.991183 0.991183
10600 51.138007 51.138007 51.138007 0.991183 0.991183 0.991183
10700 51.138007 51.138007 51.138007 0.991183 0.991183 0.991183
10800 51.138007 51.138007 51.138007 0.991183 0.991183 0.991183
10900 51.138007 51.138007 51.138007 0.991183 0.991183 0.991183
11000 51.138007 51.138007 51.138007 0.991183 0.991183 0.991183
11100 51.138007 51.138007 51.138007 0.991183 0.991183 0.991183
11200 51.138007 51.138007 51.138007 0.991183 0.991183 0.991183
11300 51.138007 51.138007 51.138007 0.991183 0.991183 0.991183
11400 51.138007 51.138007 51.138007 0.991183 0.991183 0.991183
11500 51.138007 51.138007 51.138007 0.991183 0.991183 0.991183
11600 51.138007 51.138007 51.138007 0.991183 0.991183 0.991183
11700 51.138007 51.138007 51.138007 0.991183 0.991183 0.991183
11800 51.138007 51.138007 51.138007 0.991183 0.991183 0.991183
11900 51.138007 51.138007 51.138007 0.991183 0.991183 0.991183
12000 51.138007 51.138007 51.138007 0.991183 0.991183 0.991183
12100 51.138007 51.138007 51.138007 0.991183 0.991183 0.991183
12200 51.138007 51.138007 51.138007 0.991183 0.991183 0.991183
12300 51.138007 51.138007 51.138007 0.991183 0.991183 0.991183
12400 51.138007 51.138007 51.138007 0.991183 0.991183 0.991183
12500 51.138007 51.138007 51.138007 0.991183 0.991183 0.991183
12600 51.138007 51.138007 51.138007 0.991183 0.991183 0.991183
12700 51.138007 51.138007 51.138007 0.991183 0.991183 0.991183
12800 51.138007 51.138007 51.138007 0.991183 0.991183 0.991183
12900 51.138007 51.138007 51.138007 0.991183 0.991183 0.991183
13000 51.138007 51.138007 51.138007 0.991183 0.991183 0.991183
13100 51.138007 51.138007 51.138007 0.991183 0.991183 0.991183
13200 51.138007 51.138007 51.138007 0.991183 0.991183 0.991183
13300 51.138007 51.138007 51.138007 0.991183 0.991183 0.991183
13400 51.138007 51.138007 51.138007 0.991183 0.991183 0.991183
13500 51.138007 51.138007 51.138007 0.991183 0.991183 0.991183
13600 51.138007 51.138007 51.138007 0.991183 0.991183 0.991183
13700 51.138007 51.138007 51.138007 0.991183 0.991183 0.991183
13800 51.138007 51.138007 51.138007 0.991183 0.991183 0.991183
13900 51.138007 51.138007 51.138007 0.991183 0.991183 0.991183
14000 51.138007 51.138007 51.138007 0.991183 0.991183 0.991183
14100 51.138007 51.138007 51.138007 0.991183 0.991183 0.991183
14200 51.138007 51.138007 51.138007 0.991183 0.991183 0.991183
14300 51.138007 51.138007 51.138007 0.991183 0.991183 0.991183
14400 51.138007 51.138007 51.138007 0.991183 0.991183 0.991183
14500 51.138007 51.138007 51.138007 0.991183 0.991183 0.991183
14600 51.138007 51.138007 51.138007 0.991183 0.991183 0.991183
14700 51.138007 51.138007 51.138007 0.991183 0.991183 0.991183
14800 51.138007 51.138007 51.138007 0.991183 0.991183 0.991183
14900 51.138007 51.138007 51.138007 0.991183 0.991183 0.991183
15000 51.138007 51.138007 51.138007 0.991183 0.991183 0.991183
15100 51.138007 51.138007 51.138007 0.991183 0.991183 0.991183
15200 51.138007 51.138007 51.138007 0.991183 0.991183 0.991183
15300 51.138007 51.138007 51.138007 0.991183 0.991183 0.991183
15400 51.138007 51.138007 51.138007 0.991183 0.991183 0.991183
15500 51.138007 51.138007 51.138007 0.991183 0.991183 0.991183
15600 51.138007 51.138007 51.138007 0.991183 0.991183 0.991183
15700 51.138007 51.138007 51.138007 0.991183 0.991183 0.991183
15800 51.138007 51.138007 51.138007 0.991183 0.991183 0.991183
15900 51.138007 51.138007 51.138007 0.991183 0.991183 0.991183
16000 51.138007 51.138007 51.138007 0.991183 0.991183 0.991183
16100 51.138007 51.138007 51.138007 0.991183 0.991183 0.991183
16200 51.138007 51.138007 51.138007 0.991183 0.991183 0.991183
16300 51.138007 51.138007 51.138007 0.991183 0.991183 0.991183
16400 51.138007 51.138007 51.138007 0.991183 0.991183 0.991183
16500 51.138007 51.138007 51.138007 0.991183 0.991183 0.991183
16600 51.138007 51.138007 51.138007 0.991183 0.991183 0.991183
16700 51.138007 51.138007 51.138007 0.991183 0.991183 0.991183
16800 51.138007 51.138007 51.138007 0.991183 0.991183 0.991183
16900 51.138007 51.138007 51.138007 0.991183 0.991183 0.991183
17000 51.138007 51.138007 51.138007 0.991183 0.991183 0.991183
17100 51.138007 51.138007 51.138007 0.991183 0.991183 0.991183
17200 51.138007 51.138007 51.138007 0.991183 0.991183 0.991183
17300 51.138007 51.138007 51.138007 0.991183 0.991183 0.991183
17400 51.138007 51.138007 51.138007 0.991183 0.991183 0.991183
17500 51.138007 51.138007 51.138007 0.991183 0.991183 0.991183
17600 51.138007 51.138007 51.138007 0.991183 0.991183 0.991183
17700 51.138007 51.138007 51.138007 0.991183 0.991183 0.991183
17800 51.138007 51.138007 51.138007 0.991183 0.991183 0.991183
17900 51.138007 51.138007 51.138007 0.991183 0.991183 0.991183
18000 51.138007 51.138007 51.138007 0.991183 0.991183 0.991183
18100 51.138007 51.138007 51.138007 0.991183 0.991183 0.991183
18200 51.138007 51.138007 51.138007 0.991183 0.991183 0.991183
18300 51.138007 51.138007 51.138007 0.991183 0.991183 0.991183
18400 51.138007 51.138007 51.138007 0.991183 0.991183 0.991183
18500 51.138007 51.138007 51.138007 0.991183 0.991183 0.991183
18600 51.138007 51.138007 51.138007 0.991183 0.991183 0.991183
18700 51.138007 51.138007 51.138007 0.991183 0.991183 0.991183
18800 51.138007 51.138007 51.138007 0.991183 0.991183 0.991183
18900 51.138007 51.138007 51.138007 0.991183 0.991183 0.991183
19000 51.138007 51.138007 51.138007 0.991183 0.991183 0.991183
19100 51.138007 51.138007 51.138007 0.991183 0.991183 0.991183
19200 51.138007 51.138007 51.138007 0.991183 0.991183 0.991183
19300 51.138007 51.138007 51.138007 0.991183 0.991183 0.991183
19400 51.138007 51.138007 51.138007 0.991183 0.991183 0.991183
19500 51.138007 51.138007 51.138007 0.991183 0.991183 0.991183
19600 51.138007 51.138007 51.138007 0.991183 0.991183 0.991183
19700 51.138007 51.138007 51.138007 0.991183 0.991183 0.991183
19800 51.138007 51.138007 51.138007 0.991183 0.991183 0.991183
19900 51.138007 51.138007 51.138007 0.991183 0.991183 0.991183
20000 51.138007 51.138007 51.138007 0.991183 0.991183 0.991183
20100 51.138007 51.138007 51.138007 0.991183 0.991183 0.991183
20200 51.138007 51.138007 51.138007 0.991183 0.991183 0.991183
20300 51.138007 51.138007 51.138007 0.991183 0.991183 0.991183
20400 51.138007 51.138007 51.138007 0.991183 0.991183 0.991183
20500 51.138007 51.138007 51.138007 0.991183 0.991183 0.991183
20600 51.138007 51.138007 51.138007 0.991183 0.991183 0.991183
20700 51.138007 51.138007 51.138007 0.991183 0.991183 0.991183
20800 51.138007 51.138007 51.138007 0.991183 0.991183 0.991183
20900 51.138007 51.138007 51.138007 0.991183 0.991183 0.991183
21000 51.138007 51.138007 51.138007 0.991183 0.991183 0.991183
21100 51.138007 51.138007 51.138007 0.991183 0.991183 0.991183
21200 51.138007 51.138007 51.138007 0.991183 0.991183 0.991183
21300 51.138007 51.138007 51.138007 0.991183 0.991183 0.991183
21400 51.138007 51.138007 51.138007 0.991183 0.991183 0.991183
21500 51.138007 51.138007 51.138007 0.991183 0.991183 0.991183
21600 51.138007 51.138007 51.138007 0.991183 0.991183 0.991183
21700 51.138007 51.138007 51.138007 0.991183 0.991183 0.991183
21800 51.138007 51.138007 51.138007 0.991183 0.991183 0.991183
21900 51.138007 51.138007 51.138007 0.991183 0.991183 0.991183
22000 51.138007 51.138007 51.138007 0.991183 0.991183 0.991183
22100 51.138007 51.138007 51.138007 0.991183 0.991183 0.991183
22200 51.138007 51.138007 51.138007 0.991183 0.991183 0.991183
22300 51.138007 51.138007 51.138007 0.991183 0.991183 0.991183
22400 51.138007 51.138007 51.138007 0.991183 0.991183 0.991183
22500 51.138007 51.138007 51.138007 0.991183 0.991183 0.991183
22600 51.138007 51.138007 51.138007 0.991183 0.991183 0.991183
22700 51.138007 51.138007 51.138007 0.991183 0.991183 0.991183
22800 51.138007 51.138007 51.138007 0.991183 0.991183 0.991183
22900 51.138007 51.138007 51.138007 0.991183 0.991183 0.991183
23000 51.138007 51.138007 51.138007 0.991183 0.991183 0.991183
23100 51.138007 51.138007 51.138007 0.991183 0.991183 0.991183
23200 51.138007 51.138007 51.138007 0.991183 0.991183 0.991183
23300 51.138007 51.138007 51.138007 0.991183 0.991183 0.991183
23400 51.138007 51.138007 51.138007 0.991183 0.991183 0.991183
23500 51.138007 51.138007 51.138007 0.991183 0.991183 0.991183
23600 51.138007 51.138007 51.138007 0.991183 0.991183 0.991183
23700 51.138007 51.138007 51.138007 0.991183 0.991183 0.991183
23800 51.138007 51.138007 51.138007 0.991183 0.991183 0.991183
23900 51.138007 51.138007 51.138007 0.991183 0.991183 0.991183
24000 51.138007 51.138007 51.138007 0.991183 0.991183 0.991183
24100 51.138007 51.138007 51.138007 0.991183 0.991183 0.991183
24200 51.138007 51.138007 51.138007 0.991183 0.991183 0.991183
24300 51.138007 51.138007 51.138007 0.991183 0.991183 0.991183
24400 51.138007 51.138007 51.138007 0.991183 0.991183 0.991183
24500 51.138007 51.138007 51.138007 0.991183 0.991183 0.991183
24600 51.138007 51.138007 51.138007 0.991183 0.991183 0.991183
24700 51.138007 51.138007 51.138007 0.991183 0.991183 0.991183
24800 51.138007 51.138007 51.138007 0.991183 0.991183 0.991183
24900 51.138007 51.138007 51.138007 0.991183 0.991183 0.991183
25000 51.138007 51.138007 51.138007 0.991183 0.991183 0.991183
25100 51.138007 51.138007 51.138007 0.991183 0.991183 0.991183
25200 51.138007 51.138007 51.138007 0.991183 0.991183 0.991183
25300 51.138007 51.138007 51.138007 0.991183 0.991183 0.991183
25400 51.138007 51.138007 51.138007 0.991183 0.991183 0.991183
25500 51.138007 51.138007 51.138007 0.991183 0.991183 0.991183
25600 51.138007 51.138007 51.138007 0.991183 0.991183 0.991183
25700 51.138007 51.138007 51.138007 0.991183 0.991183 0.991183
25800 51.138007 51.138007 51.138007 0.991183 0.991183 0.991183
25900 51.138007 51.138007 51.138007 0.991183 0.991183 0.991183
26000 51.138007 51.138007 51.138007 0.991183 0.991183 0.991183
26100 51.138007 51.138007 51.138007 0.991183 0.991183 0.991183
26200 51.138007 51.138007 51.138007 0.991183 0.991183 0.991183
26300 51.138007 51.138007 51.138007 0.991183 0.991183 0.991183
26400 51.138007 51.138007 51.138007 0.991183 0.991183 0.991183
26500 51.138007 51.138007 51.138007 0.991183 0.991183 0.991183
26600 51.138007 51.138007 51.138007 0.991183 0.991183 0.991183
26700 51.138007 51.138007 51.138007 0.991183 0.991183 0.991183
26800 51.138007 51.138007 51.138007 0.991183 0.991183 0.991183
26900 51.138007 51.138007 51.138007 0.991183 0.991183 0.991183
27000 51.138007 51.138007 51.138007 0.991183 0.991183 0.991183
27100 51.138007 51.138007 51.138007 0.991183 0.991183 0.991183
27200 51.138007 51.138007 51.138007 0.991183 0.991183 0.991183
27300 51.138007 51.138007 51.138007 0.991183 0.991183 0.991183
27400 51.138007 51.138007 51.138007 0.991183 0.991183 0.991183
27500 51.138007 51.138007 51.138007 0.991183 0.991183 0.991183
27600 51.138007 51.138007 51.138007 0.991183 0.991183 0.991183
27700 51.138007 51.138007 51.138007 0.991183 0.991183 0.991183
27800 51.138007 51.138007 51.138007 0.991183 0.991183 0.991183
27900 51.138007 51.138007 51.138007 0.991183 0.991183 0.991183
28000 51.138007 51.138007 51.138007 0.991183 0.991183 0.991183
28100 51.138007 51.138007 51.138007 0.991183 0.991183 0.991183
28200 51.138007 51.138007 51.138007 0.991183 0.991183 0.991183
28300 51.138007 51.138007 51.138007 0.991183 0.991183 0.991183
28400 51.138007 51.138007 51.138007 0.991183 0.991183 0.991183
28500 51.138007 51.138007 51.138007 0.991183 0.991183 0.991183
28600 51.138007 51.138007 51.138007 0.991183 0.991183 0.991183
28700 51.138007 51.138007 51.138007 0.991183 0.991183 0.991183
28800 51.138007 51.138007 51.138007 0.991183 0.991183 0.991183
28900 51.138007 51.138007 51.138007 0.991183 0.991183 0.991183
29000 51.138007 51.138007 51.138007 0.991183 0.991183 0.991183
29100 51.138007 51.138007 51.138007 0.991183 0.991183 0.991183
29200 51.138007 51.138007 51.138007 0.991183 0.991183 0.991183
29300 51.138007 51.138007 51.138007 0.991183 0.991183 0.991183
29400 51.138007 51.138007 51.138007 0.991183 0.991183 0.991183
29500 51.138007 51.138007 51.138007 0.991183 0.991183 0.991183
29600 51.138007 51.138007 51.138007 0.991183 0.991183 0.991183
29700 51.138007 51.138007 51.138007 0.991183 0.991183 0.991183
29800 51.138007 51.138007 51.138007 0.991183 0.991183 0.991183
29900 51.138007 51.138007 51.138007 0.991183 0.991183 0.991183
30000 51.138007 51.138007 51.138007 0.991183 0.991183 0.991183
30100 51.138007 51.138007 51.138007 0.991183 0.991183 0.991183
30200 51.138007 51.138007 51.138007 0.991183 0.991183 0.991183
30300 51.138007 51.138007 51.138007 0.991183 0.991183 0.991183
30400 51.138007 51.138007 51.138007 0.991183 0.991183 0.991183
30500 51.138007 51.138007 51.138007 0.991183 0.991183 0.991183
30600 51.138007 51.138007 51.138007 0.991183 0.991183 0.991183
30700 51.138007 51.138007 51.138007 0.991183 0.991183 0.991183
30800 51.138007 51.138007 51.138007 0.991183 0.991183 0.991183
30900 51.138007 51.138007 51.138007 0.991183 0.991183 0.991183
31000 51.138007 51.138007 51.138007 0.991183 0.991183 0.991183
31100 51.138007 51.138007 51.138007 0.991183 0.991183 0.991183
31200 51.138007 51.138007 51.138007 0.991183 0.991183 0.991183
31300 51.138007 51.138007 51.138007 0.991183 0.991183 0.991183
31400 51.138007 51.138007 51.138007 0.991183 0.991183 0.991183
31500 51.138007 51.138007 51.138007 0.991183 0.991183 0.991183
31600 51.138007 51.138007 51.138007 0.991183 0.991183 0.991183
31700 51.138007 51.138007 51.138007 0.991183 0.991183 0.991183
31800 51.138007 51.138007 51.138007 0.991183 0.991183 0.991183
31900 51.138007 51.138007 51.138007 0.991183 0.991183 0.991183
32000 51.138007 51.138007 51.138007 0.991183 0.991183 0.991183
32100 51.138007 51.138007 51.138007 0.991183 0.991183 0.991183
32200 51.138007 51.138007 51.138007 0.991183 0.991183 0.991183
32300 51.138007 51.138007 51.138007 0.991183 0.991183 0.991183
32400 51.138007 51.138007 51.138007 0.991183 0.991183 0.991183
32500 51.138007 51.138007 51.138007 0.991183 0.991183 0.991183
32600 51.138007 51.138007 51.138007 0.991183 0.991183 0.991183
32700 51.138007 51.138007 51.138007 0.991183 0.991183 0.991183
32800 51.138007 51.138007 51.138007 0.991183 0.991183 0.991183
32900 51.138007 51.138007 51.138007 0.991183 0.991183 0.991183
33000 51.138007 51.138007 51.138007 0.991183 0.991183 0.991183
33100 51.138007 51.138007 51.138007 0.991183 0.991183 0.991183
33200 51.138007 51.138007 51.138007 0.991183 0.991183 0.991183
33300 51.138007 51.138007 51.138007 0.991183 0.991183 0.991183
33400 51.138007 51.138007 51.138007 0.991183 0.991183 0.991183
33500 51.138007 51.138007 51.138007 0.991183 0.991183 0.991183
33600 51.138007 51.138007 51.138007 0.991183 0.991183 0.991183
33700 51.138007 51.138007 51.138007 0.991183 0.991183 0.991183
33800 51.138007 51.138007 51.138007 0.991183 0.991183 0.991183
33900 51.138007 51.138007 51.138007 0.991183 0.991183 0.991183
34000 51.138007 51.138007 51.138007 0.991183 0.991183 0.991183
34100 51.138007 51.138007 51.138007 0.991183 0.991183 0.991183
34200 51.138007 51.138007 51.138007 0.991183 0.991183 0.991183
34300 51.138007 51.138007 51.138007 0.991183 0.991183 0.991183
34400 51.138007 51.138007 51.138007 0.991183 0.991183 0.991183
34500 51.138007 51.138007 51.138007 0.991183 0.991183 0.991183
34600 51.138007 51.138007 51.138007 0.991183 0.991183 0.991183
34700 51.138007 51.138007 51.138007 0.991183 0.991183 0.991183
34800 51.138007 51.138007 51.138007 0.991183 0.991183 0.991183
34900 51.138007 51.138007 51.138007 0.991183 0.991183 0.991183
35000 51.138007 51.138007 51.138007 0.991183 0.991183 0.991183
35100 51.138007 51.138007 51.138007 0.991183 0.991183 0.991183
35200 51.138007 51.138007 51.138007 0.991183 0.991183 0.991183
35300 51.138007 51.138007 51.138007 0.991183 0.991183 0.991183
35400 51.138007 51.138007 51.138007 0.991183 0.991183 0.991183
35500 51.138007 51.138007 51.138007 0.991183 0.991183 0.991183
35600 51.138007 51.138007 51.138007 0.991183 0.991183 0.991183
35700 51.138007 51.138007 51.138007 0.991183 0.991183 0.991183
35800 51.138007 51.138007 51.138007 0.991183 0.991183 0.991183
35900 51.138007 51.138007 51.138007 0.991183 0.991183 0.991183
36000 51.138007 51.138007 51.138007 0.991183 0.991183 0.991183
36100 51.138007 51.138007 51.138007 0.991183 0.991183 0.991183
36200 51.138007 51.138007 51.138007 0.991183 0.991183 0.991183
36300 51.138007 51.138007 51.138007 0.991183 0.991183 0.991183
36400 51.138007 51.138007 51.138007 0.991183 0.991183 0.991183
36500 51.138007 51.138007 51.138007 0.991183 0.991183 0.991183
36600 51.138007 51.138007 51.138007 0.991183 0.991183 0.991183
36700 51.138007 51.138007 51.138007 0.991183 0.991183 0.991183
36800 51.138007 51.138007 51.138007 0.991183 0.991183 0.991183
36900 51.138007 51.138007 51.138007 0.991183 0.991183 0.991183
37000 51.138007 51.138007 51.138007 0.991183 0.991183 0.991183
37100 51.138007 51.138007 51.138007 0.991183 0.991183 0.991183
37200 51.138007 51.138007 51.138007 0.991183 0.991183 0.991183
37300 51.138007 51.138007 51.138007 0.991183 0.991183 0.991183
37400 51.138007 51.138007 51.138007 0.991183 0.991183 0.991183
37500 51.138007 51.138007 51.138007 0.991183 0.991183 0.991183
37600 51.138007 51.138007 51.138007 0.991183 0.991183 0.991183
37700 51.138007 51.138007 51.138007 0.991183 0.991183 0.991183
37800 51.138007 51.138007 51.138007 0.991183 0.991183 0.991183
37900 51.138007 51.138007 51.138007 0.991183 0.991183 0.991183
38000 51.138007 51.138007 51.138007 0.991183 0.991183 0.991183
38100 51.138007 51.138007 51.138007 0.991183 0.991183 0.991183
38200 51.138007 51.138007 51.138007 0.991183 0.991183 0.991183
38300 51.138007 51.138007 51.138007 0.991183 0.991183 0.991183
38400 51.138007 51.138007 51.138007 0.991183 0.991183 0.991183
38500 51.138007 51.138007 51.138007 0.991183 0.991183 0.991183
38600 51.138007 51.138007 51.138007 0.991183 0.991183 0.991183
38700 51.138007 51.138007 51.138007 0.991183 0.991183 0.991183
38800 51.138007 51.138007 51.138007 0.991183 0.991183 0.991183
38900 51.138007 51.138007 51.138007 0.991183 0.991183 0.991183
39000 51.138007 51.138007 51.138007 0.991183 0.991183 0.991183
39100 51.138007 51.138007 51.138007 0.991183 0.991183 0.991183
39200 51.138007 51.138007 51.138007 0.991183 0.991183 0.991183
39300 51.138007 51.138007 51.138007 0.991183 0.991183 0.991183
39400 51.138007 51.138007 51.138007 0.991183 0.991183 0.991183
39500 51.138007 51.138007 51.138007 0.991183 0.991183 0.991183
39600 51.138007 51.138007 51.138007 0.991183 0.991183 0.991183
39700 51.138007 51.138007 51.138007 0.991183 0.991183 0.991183
39800 51.138007 51.138007 51.138007 0.991183 0.991183 0.991183
39900 51.138007 51.138007 51.138007 0.991183 0.991183 0.991183
40000 51.138007 51.138007 51.138007 0.991183 0.991183 0.991183
40100 51.138007 51.138007 51.138007 0.991183 0.991183 0.991183
40200 51.138007 51.138007 51.138007 0.991183 0.991183 0.991183
40300 51.138007 51.138007 51.138007 0.991183 0.991183 0.991183
40400 51.138007 51.138007 51.138007 0.991183 0.991183 0.991183
40500 51.138007 51.138007 51.138007 0.991183 0.991183 0.991183
40600 51.138007 51.138007 51.138007 0.991183 0.991183 0.991183
40700 51.138007 51.138007 51.138007 0.991183 0.991183 0.991183
40800 51.138007 51.138007 51.138007 0.991183 0.991183 0.991183
40900 51.138007 51.138007 51.138007 0.991183 0.991183 0.991183
41000 51.138007 51.138007 51.138007 0.991183 0.991183 0.991183
41100 51.138007 51.138007 51.138007 0.991183 0.991183 0.991183
41200 51.138007 51.138007 51.138007 0.991183 0.991183 0.991183
41300 51.138007 51.138007 51.138007 0.991183 0.991183 0.991183
41400 51.138007 51.138007 51.138007 0.991183 0.991183 0.991183
41500 51.138007 51.138007 51.138007 0.991183 0.991183 0.991183
41600 51.138007 51.138007 51.138007 0.991183 0.991183 0.991183
41700 51.138007 51.138007 51.138007 0.991183 0.991183 0.991183
41800 51.138007 51.138007 51.138007 0.991183 0.991183 0.991183
41900 51.138007 51.138007 51.138007 0.991183 0.991183 0.991183
42000 51.138007 51.138007 51.138007 0.991183 0.991183 0.991183
42100 51.138007 51.138007 51.138007 0.991183 0.991183 0.991183
42200 51.138007 51.138007 51.138007 0.991183 0.991183 0.991183
42300 51.138007 51.138007 51.138007 0.991183 0.991183 0.991183
42400 51.138007 51.138007 51.138007 0.991183 0.991183 0.991183
42500 51.138007 51.138007 51.138007 0.991183 0.991183 0.991183
42600 51.138007 51.138007 51.138007 0.991183 0.991183 0.991183
42700 51.138007 51.138007 51.138007 0.991183 0.991183 0.991183
42800 51.138007 51.138007 51.138007 0.991183 0.991183 0.991183
42900 51.138007 51.138007 51.138007 0.991183 0.991183 0.991183
43000 51.138007 51.138007 51.138007 0.991183 0.991183 0.991183
43100 51.138007 51.138007 51.138007 0.991183 0.991183 0.991183
43200 51.138007 51.138007 51.138007 0.991183 0.991183 0.991183
43300 51.138007 51.138007 51.138007 0.991183 0.991183 0.991183
43400 51.138007 51.138007 51.138007 0.991183 0.991183 0.991183
43500 51.138007 51.138007 51.138007 0.991183 0.991183 0.991183
43600 51.138007 51.138007 51.138007 0.991183 0.991183 0.991183
43700 51.138007 51.138007 51.138007 0.991183 0.991183 0.991183
43800 51.138007 51.138007 51.138007 0.991183 0.991183 0.991183
43900 51.138007 51.138007 51.138007 0.991183 0.991183 0.991183
44000 51.138007 51.138007 51.138007 0.991183 0.991183 0.991183
44100 51.138007 51.138007 51.138007 0.991183 0.991183 0.991183
44200 51.138007 51.138007 51.138007 0.991183 0.991183 0.991183
44300 51.138007 51.138007 51.138007 0.991183 0.991183 0.991183
44400 51.138007 51.138007 51.138007 0.991183 0.991183 0.991183
44500 51.138007 51.138007 51.138007 0.991183 0.991183 0.991183
44600 51.138007 51.138007 51.138007 0.991183 0.991183 0.991183
44700 51.138007 51.138007 51.138007 0.991183 0.991183 0.991183
44800 51.138007 51.138007 51.138007 0.991183 0.991183 0.991183
44900 51.138007 51.138007 51.138007 0.991183 0.991183 0.991183
45000 51.138007 51.138007 51.138007 0.991183 0.991183 0.991183
45100 51.138007 51.138007 51.138007 0.991183 0.991183 0.991183
45200 51.138007 51.138007 51.138007 0.991183 0.991183 0.991183
45300 51.138007 51.138007 51.138007 0.991183 0.991183 0.991183
45400 51.138007 51.138007 51.138007 0.991183 0.991183 0.991183
45500 51.138007 51.138007 51.138007 0.991183 0.991183 0.991183
45600 51.138007 51.138007 51.138007 0.991183 0.991183 0.991183
45700 51.138007 51.138007 51.138007 0.991183 0.991183 0.991183
45800 51.138007 51.138007 51.138007 0.991183 0.991183 0.991183
45900 51.138007 51.138007 51.138007 0.991183 0.991183 0.991183
46000 51.138007 51.138007 51.138007 0.991183 0.991183 0.991183
46100 51.138007 51.138007 51.138007 0.991183 0.991183 0.991183
46200 51.138007 51.138007 51.138007 0.991183 0.991183 0.991183
46300 51.138007 51.138007 51.138007 0.991183 0.991183 0.991183
46400 51.138007 51.138007 51.138007 0.991183 0.991183 0.991183
46500 51.138007 51.138007 51.138007 0.991183 0.991183 0.991183
46600 51.138007 51.138007 51.138007 0.991183 0.991183 0.991183
46700 51.138007 51.138007 51.138007 0.991183 0.991183 0.991183
46800 51.138007 51.138007 51.138007 0.991183 0.991183 0.991183
46900 51.138007 51.138007 51.138007 0.991183 0.991183 0.991183
47000 51.138007 51.138007 51.138007 0.991183 0.991183 0.991183
47100 51.138007 51.138007 51.138007 0.991183 0.991183 0.991183
47200 51.138007 51.138007 51.138007 0.991183 0.991183 0.991183
47300 51.138007 51.138007 51.138007 0.991183 0.991183 0.991183
47400 51.138007 51.138007 51.138007 0.991183 0.991183 0.991183
47500 51.138007 51.138007 51.138007 0.991183 0.991183 0.991183
47600 51.138007 51.138007 51.138007 0.991183 0.991183 0.991183
47700 51.138007 51.138007 51.138007 0.991183 0.991183 0.991183
47800 51.138007 51.138007 51.138007 0.991183 0.991183 0.991183
47900 51.138007 51.138007 51.138007 0.991183 0.991183 0.991183
48000 51.138007 51.138007 51.138007 0.991183 0.991183 0.991183
48100 51.138007 51.138007 51.138007 0.991183 0.991183 0.991183
48200 51.138007 51.138007 51.138007 0.991183 0.991183 0.991183
48300 51.138007 51.138007 51.138007 0.991183 0.991183 0.991183
48400 51.138007 51.138007 51.138007 0.991183 0.991183 0.991183
48500 51.138007 51.138007 51.138007 0.991183 0.991183 0.991183
48600 51.138007 51.138007 51.138007 0.991183 0.991183 0.991183
48700 51.138007 51.138007 51.138007 0.991183 0.991183 0.991183
48800 51.138007 51.138007 51.138007 0.991183 0.991183 0.991183
48900 51.138007 51.138007 51.138007 0.991183 0.991183 0.991183
49000 51.138007 51.138007 51.138007 0.991183 0.991183 0.991183
49100 51.138007 51.138007 51.138007 0.991183 0.991183 0.991183
49200 51.138007 51.138007 51.138007 0.991183 0.991183 0.991183
49300 51.138007 51.138007 51.138007 0.991183 0.991183 0.991183
49400 51.138007 51.138007 51.138007 0.991183 0.991183 0.991183
49500 51.138007 51.138007 51.138007 0.991183 0.991183 0.991183
49600 51.138007 51.138007 51.138007 0.991183 0.991183 0.991183
49700 51.138007 51.138007 51.138007 0.991183 0.991183 0.991183
49800 51.138007 51.138007 51.138007 0.991183 0.991183 0.991183
49900 51.138007 51.138007 51.138007 0.991183 0.991183 0.991183
50000 51.138007 51.138007 51.138007 0.991183 0.991183 0.991183
50100 51.138007 51.138007 51.138007 0.991183 0.991183 0.991183
50200 51.138007 51.138007 51.138007 0.991183 0.991183 0.991183
50300 51.138007 51.138007 51.138007 0.991183 0.991183 0.991183
50400 51.138007 51.138007 51.138007 0.991183 0.991183 0.991183
50500 51.138007 51.138007 51.138007 0.991183 0.991183 0.991183
50600 51.138007 51.138007 51.138007 0.991183 0.991183 0.991183
50700 51.138007 51.138007 51.138007 0.991183 0.991183 0.991183
50800 51.138007 51.138007 51.138007 0.991183 0.991183 0.991183
50900 51.138007 51.138007 51.138007 0.991183 0.991183 0.991183
51000 51.138007 51.138007 51.138007 0.991183 0.991183 0.991183
51100 51.138007 51.138007 51.138007 0.991183 0.991183 0.991183
51200 51.138007 51.138007 51.138007 0.991183 0.991183 0.991183
51300 51.138007 51.138007 51.138007 0.991183 0.991183 0.991183
51400 51.138007 51.138007 51.138007 0.991183 0.991183 0.991183
51500 51.138007 51.138007 51.138007 0.991183 0.991183 0.991183
51600 51.138007 51.138007 51.138007 0.991183 0.991183 0.991183
51700 51.138007 51.138007 51.138007 0.991183 0.991183 0.991183
51800 51.138007 51.138007 51.138007 0.991183 0.991183 0.991183
51900 51.138007 51.138007 51.138007 0.991183 0.991183 0.991183
52000 51.138007 51.138007 51.138007 0.991183 0.991183 0.991183
52100 51.138007 51.138007 51.138007 0.991183 0.991183 0.991183
52200 51.138007 51.138007 51.138007 0.991183 0.991183 0.991183
52300 51.138007 51.138007 51.138007 0.991183 0.991183 0.991183
52400 51.138007 51.138007 51.138007 0.991183 0.991183 0.991183
52500 51.138007 51.138007 51.138007 0.991183 0.991183 0.991183
52600 51.138007 51.138007 51.138007 0.991183 0.991183 0.991183
52700 51.138007 51.138007 51.138007 0.991183 0.991183 0.991183
52800 51.138007 51.138007 51.138007 0.991183 0.991183 0.991183
52900 51.138007 51.138007 51.138007 0.991183 0.991183 0.991183
53000 51.138007 51.138007 51.138007 0.991183 0.991183 0.991183
53100 51.138007 51.138007 51.138007 0.991183 0.991183 0.991183
53200 51.138007 51.138007 51.138007 0.991183 0.991183 0.991183
53300 51.138007 51.138007 51.138007 0.991183 0.991183 0.991183
53400 51.138007 51.138007 51.138007 0.991183 0.991183 0.991183
53500 51.138007 51.138007 51.138007 0.991183 0.991183 0.991183
53600 51.138007 51.138007 51.138007 0.991183 0.991183 0.991183
53700 51.138007 51.138007 51.138007 0.991183 0.991183 0.991183
53800 51.138007 51.138007 51.138007 0.991183 0.991183 0.991183
53900 51.138007 51.138007 51.138007 0.991183 0.991183 0.991183
54000 51.138007 51.138007 51.138007 0.991183 0.991183 0.991183
54100 51.138007 51.138007 51.138007 0.991183 0.991183 0.991183
54200 51.138007 51.138007 51.138007 0.991183 0.991183 0.991183
54300 51.138007 51.138007 51.138007 0.991183 0.991183 0.991183
54400 51.138007 51.138007 51.138007 0.991183 0.991183 0.991183
54500 51.138007 51.138007 51.138007 0.991183 0.991183 0.991183
54600 51.138007 51.138007 51.138007 0.991183 0.991183 0.991183
54700 51.138007 51.138007 51.138007 0.991183 0.991183 0.991183
54800 51.138007 51.138007 51.138007 0.991183 0.991183 0.991183
54900 51.138007 51.138007 51.138007 0.991183 0.991183 0.991183
55000 51.138007 51.138007 51.138007 0.991183 0.991183 0.991183
55100 51.138007 51.138007 51.138007 0.991183 0.991183 0.991183
55200 51.138007 51.138007 51.138007 0.991183 0.991183 0.991183
55300 51.138007 51.138007 51.138007 0.991183 0.991183 0.991183
55400 51.138007 51.138007 51.138007 0.991183 0.991183 0.991183
55500 51.138007 51.138007 51.138007 0.991183 0.991183 0.991183
55600 51.138007 51.138007 51.138007 0.991183 0.991183 0.991183
55700 51.138007 51.138007 51.138007 0.991183 0.991183 0.991183
55800 51.138007 51.138007 51.138007 0.991183 0.991183 0.991183
55900 51.138007 51.138007 51.138007 0.991183 0.991183 0.991183
56000 51.138007 51.138007 51.138007 0.991183 0.991183 0.991183
56100 51.138007 51.138007 51.138007 0.991183 0.991183 0.991183
56200 51.138007 51.138007 51.138007 0.991183 0.991183 0.991183
56300 51.138007 51.138007 51.138007 0.991183 0.991183 0.991183
56400 51.138007 51.138007 51.138007 0.991183 0.991183 0.991183
56500 51.138007 51.138007 51.138007 0.991183 0.991183 0.991183
56600 51.138007 51.138007 51.138007 0.991183 0.991183 0.991183
56700 51.138007 51.138007 51.138007 0.991183 0.991183 0.991183
56800 51.138007 51.138007 51.138007 0.991183 0.991183 0.991183
56900 51.138007 51.138007 51.138007 0.991183 0.991183 0.991183
57000 51.138007 51.138007 51.138007 0.991183 0.991183 0.991183
57100 51.138007 51.138007 51.138007 0.991183 0.991183 0.991183
57200 51.138007 51.138007 51.138007 0.991183 0.991183 0.991183
57300 51.138007 51.138007 51.138007 0.991183 0.991183 0.991183
57400 51.138007 51.138007 51.138007 0.991183 0.991183 0.991183
57500 51.138007 51.138007 51.138007 0.991183 0.991183 0.991183
57600 51.138007 51.138007 51.138007 0.991183 0.991183 0.991183
57700 51.138007 51.138007 51.138007 0.991183 0.991183 0.991183
57800 51.138007 51.138007 51.138007 0.991183 0.991183 0.991183
57900 51.138007 51.138007 51.138007 0.991183 0.991183 0.991183
58000 51.138007 51.138007 51.138007 0.991183 0.991183 0.991183
58100 51.138007 51.138007 51.138007 0.991183 0.991183 0.991183
58200 51.138007 51.138007 51.138007 0.991183 0.991183 0.991183
58300 51.138007 51.138007 51.138007 0.991183 0.991183 0.991183
58400 51.138007 51.138007 51.138007 0.991183 0.991183 0.991183
58500 51.138007 51.138007 51.138007 0.991183 0.991183 0.991183
58600 51.138007 51.138007 51.138007 0.991183 0.991183 0.991183
58700 51.138007 51.138007 51.138007 0.991183 0.991183 0.991183
58800 51.138007 51.138007 51.138007 0.991183 0.991183 0.991183
58900 51.138007 51.138007 51.138007 0.991183 0.991183 0.991183
59000 51.138007 51.138007 51.138007 0.991183 0.991183 0.991183
59100 51.138007 51.138007 51.138007 0.991183 0.991183 0.991183
59200 51.138007 51.138007 51.138007 0.991183 0.991183 0.991183
59300 51.138007 51.138007 51.138007 0.991183 0.991183 0.991183
59400 51.138007 51.138007 51.138007 0.991183 0.991183 0.991183
59500 51.138007 51.138007 51.138007 0.991183 0.991183 0.991183
59600 51.138007 51.138007 51.138007 0.991183 0.991183 0.991183
59700 51.138007 51.138007 51.138007 0.991183 0.991183 0.991183
59800 51.138007 51.138007 51.138007 0.991183 0.991183 0.991183
59900 51.138007 51.138007 51.138007 0.991183 0.991183 0.991183
60000 51.138007 51.138007 51.138007 0.991183 0.991183 0.991183
60100 51.138007 51.138007 51.138007 0.991183 0.991183 0.991183
60200 51.138007 51.138007 51.138007 0.991183 0.991183 0.991183
60300 51.138007 51.138007 51.138007 0.991183 0.991183 0.991183
60400 51.138007 51.138007 51.138007 0.991183 0.991183 0.991183
60500 51.138007 51.138007 51.138007 0.991183 0.991183 0.991183
60600 51.138007 51.138007 51.138007 0.991183 0.991183 0.991183
60700 51.138007 51.138007 51.138007 0.991183 0.991183 0.991183
60800 51.138007 51.138007 51.138007 0.991183 0.991183 0.991183
60900 51.138007 51.138007 51.138007 0.991183 0.991183 0.991183
61000 51.138007 51.138007 51.138007 0.991183 0.991183 0.991183
61100 51.138007 51.138007 51.138007 0.991183 0.991183 0.991183
61200 51.138007 51.138007 51.138007 0.991183 0.991183 0.991183
61300 51.138007 51.138007 51.138007 0.991183 0.991183 0.991183
61400 51.138007 51.138007 51.138007 0.991183 0.991183 0.991183
61500 51.138007 51.138007 51.138007 0.991183 0.991183 0.991183
61600 51.138007 51.138007 51.138007 0.991183 0.991183 0.991183
61700 51.138007 51.138007 51.138007 0.991183 0.991183 0.991183
61800 51.138007 51.138007 51.138007 0.991183 0.991183 0.991183
61900 51.138007 51.138007 51.138007 0.991183 0.991183 0.991183
62000 51.138007 51.138007 51.138007 0.991183 0.991183 0.991183
62100 51.138007 51.138007 51.138007 0.991183 0.991183 0.991183
62200 51.138007 51.138007 51.138007 0.991183 0.991183 0.991183
62300 51.138007 51.138007 51.138007 0.991183 0.991183 0.991183
62400 51.138007 51.138007 51.138007 0.991183 0.991183 0.991183
62500 51.138007 51.138007 51.138007 0.991183 0.991183 0.991183
62600 51.138007 51.138007 51.138007 0.991183 0.991183 0.991183
62700 51.138007 51.138007 51.138007 0.991183 0.991183 0.991183
62800 51.138007 51.138007 51.138007 0.991183 0.991183 0.991183
62900 51.138007 51.138007 51.138007 0.991183 0.991183 0.991183
63000 51.138007 51.138007 51.138007 0.991183 0.991183 0.991183
63100 51.138007 51.138007 51.138007 0.991183 0.991183 0.991183
63200 51.138007 51.138007 51.138007 0.991183 0.991183 0.991183
63300 51.138007 51.138007 51.138007 0.991183 0.991183 0.991183
63400 51.138007 51.138007 51.138007 0.991183 0.991183 0.991183
63500 51.138007 51.138007 51.138007 0.991183 0.991183 0.991183
63600 51.138007 51.138007 51.138007 0.991183 0.991183 0.991183
63700 51.138007 51.138007 51.138007 0.991183 0.991183 0.991183
63800 51.138007 51.138007 51.138007 0.991183 0.991183 0.991183
63900 51.138007 51.138007 51.138007 0.991183 0.991183 0.991183
64000 51.138007 51.138007 51.138007 0.991183 0.991183 0.991183
64100 51.138007 51.138007 51.138007 0.991183 0.991183 0.991183
64200 51.138007 51.138007 51.138007 0.991183 0.991183 0.991183
64300 51.138007 51.138007 51.138007 0.991183 0.991183 0.991183
64400 51.138007 51.138007 51.138007 0.991183 0.991183 0.991183
64500 51.138007 51.138007 51.138007 0.991183 0.991183 0.991183
64600 51.138007 51.138007 51.138007 0.991183 0.991183 0.991183
64700 51.138007 51.138007 51.138007 0.991183 0.991183 0.991183
64800 51.138007 51.138007 51.138007 0.991183 0.991183 0.991183
64900 51.138007 51.138007 51.138007 0.991183 0.991183 0.991183
65000 51.138007 51.138007 51.138007 0.991183 0.991183 0.991183
65100 51.138007 51.138007 51.138007 0.991183 0.991183 0.991183
65200 51.138007 51.138007 51.138007 0.991183 0.991183 0.991183
65300 51.138007 51.138007 51.138007 0.991183 0.991183 0.991183
65400 51.138007 51.138007 51.138007 0.991183 0.991183 0.991183
65500 51.138007 51.138007 51.138007 0.991183 0.991183 0.991183
65600 51.138007 51.138007 51.138007 0.991183 0.991183 0.991183
65700 51.138007 51.138007 51.138007 0.991183 0.991183 0.991183
65800 51.138007 51.138007 51.138007 0.991183 0.991183 0.991183
65900 51.138007 51.138007 51.138007 0.991183 0.991183 0.991183
66000 51.138007 51.138007 51.138007 0.991183 0.991183 0.991183
66100 51.138007 51.138007 51.138007 0.991183 0.991183 0.991183
66200 51.138007 51.138007 51.138007 0.991183 0.991183 0.991183
66300 51.138007 51.138007 51.138007 0.991183 0.991183 0.991183
66400 51.138007 51.138007 51.138007 0.991183 0.991183 0.991183
66500 51.138007 51.138007 51.138007 0.991183 0.991183 0.991183
66600 51.138007 51.138007 51.138007 0.991183 0.991183 0.991183
66700 51.138007 51.138007 51.138007 0.991183 0.991183 0.991183
66800 51.138007 51.138007 51.138007 0.991183 0.991183 0.991183
66900 51.138007 51.138007 51.138007 0.991183 0.991183 0.991183
67000 51.138007 51.138007 51.138007 0.991183 0.991183 0.991183
67100 51.138007 51.138007 51.138007 0.991183 0.991183 0.991183
67200 51.138007 51.138007 51.138007 0.991183 0.991183 0.991183
67300 51.138007 51.138007 51.138007 0.991183 0.991183 0.991183
67400 51.138007 51.138007 51.138007 0.991183 0.991183 0.991183
67500 51.138007 51.138007 51.138007 0.991183 0.991183 0.991183
67600 51.138007 51.138007 51.138007 0.991183 0.991183 0.991183
67700 51.138007 51.138007 51.138007 0.991183 0.991183 0.991183
67800 51.138007 51.138007 51.138007 0.991183 0.991183 0.991183
67900 51.138007 51.138007 51.138007 0.991183 0.991183 0.991183
68000 51.138007 51.138007 51.138007 0.991183 0.991183 0.991183
68100 51.138007 51.138007 51.138007 0.991183 0.991183 0.991183
68200 51.138007 51.138007 51.138007 0.991183 0.991183 0.991183
68300 51.138007 51.138007 51.138007 0.991183 0.991183 0.991183
68400 51.138007 51.138007 51.138007 0.991183 0.991183 0.991183
68500 51.138007 51.138007 51.138007 0.991183 0.991183 0.991183
68600 51.138007 51.138007 51.138007 0.991183 0.991183 0.991183
68700 51.138007 51.138007 51.138007 0.991183 0.991183 0.991183
68800 51.138007 51.138007 51.138007 0.991183 0.991183 0.991183
68900 51.138007 51.138007 51.138007 0.991183 0.991183 0.991183
69000 51.138007 51.138007 51.138007 0.991183 0.991183 0.991183
69100 51.138007 51.138007 51.138007 0.991183 0.991183 0.991183
69200 51.138007 51.138007 51.138007 0.991183 0.991183 0.991183
69300 51.138007 51.138007 51.138007 0.991183 0.991183 0.991183
69400 51.138007 51.138007 51.138007 0.991183 0.991183 0.991183
69500 51.138007 51.138007 51.138007 0.991183 0.991183 0.991183
69600 51.138007 51.138007 51.138007 0.991183 0.991183 0.991183
69700 51.138007 51.138007 51.138007 0.991183 0.991183 0.991183
69800 51.138007 51.138007 51.138007 0.991183 0.991183 0.991183
69900 51.138007 51.138007 51.138007 0.991183 0.991183 0.991183
70000 51.138007 51.138007 51.138007 0.991183 0.991183 0.991183
70100 51.138007 51.138007 51.138007 0.991183 0.991183 0.991183
70200 51.138007 51.138007 51.138007 0.991183 0.991183 0.991183
70300 51.138007 51.138007 51.138007 0.991183 0.991183 0.991183
70400 51.138007 51.138007 51.138007 0.991183 0.991183 0.991183
70500 51.138007 51.138007 51.138007 0.991183 0.991183 0.991183
70600 51.138007 51.138007 51.138007 0.991183 0.991183 0.991183
70700 51.138007 51.138007 51.138007 0.991183 0.991183 0.991183
70800 51.138007 51.138007 51.138007 0.991183 0.991183 0.991183
70900 51.138007 51.138007 51.138007 0.991183 0.991183 0.991183
71000 51.138007 51.138007 51.138007 0.991183 0.991183 0.991183
71100 51.138007 51.138007 51.138007 0.991183 0.991183 0.991183
71200 51.138007 51.138007 51.138007 0.991183 0.991183 0.991183
71300 51.138007 51.138007 51.138007 0.991183 0.991183 0.991183
71400 51.138007 51.138007 51.138007 0.991183 0.991183 0.991183
71500 51.138007 51.138007 51.138007 0.991183 0.991183 0.991183
71600 51.138007 51.138007 51.138007 0.991183 0.991183 0.991183
71700 51.138007 51.138007 51.138007 0.991183 0.991183 0.991183
71800 51.138007 51.138007 51.138007 0.991183 0.991183 0.991183
71900 51.138007 51.138007 51.138007 0.991183 0.991183 0.991183
72000 51.138007 51.138007 51.138007 0.991183 0.991183 0.991183
72100 51.138007 51.138007 51.138007 0.991183 0.991183 0.991183
72200 51.138007 51.138007 51.138007 0.991183 0.991183 0.991183
72300 51.138007 51.138007 51.138007 0.991183 0.991183 0.991183
72400 51.138007 51.138007 51.138007 0.991183 0.991183 0.991183
72500 51.138007 51.138007 51.138007 0.991183 0.991183 0.991183
72600 51.138007 51.138007 51.138007 0.991183 0.991183 0.991183
72700 51.138007 51.138007 51.138007 0.991183 0.991183 0.991183
72800 51.138007 51.138007 51.138007 0.991183 0.991183 0.991183
72900 51.138007 51.138007 51.138007 0.991183 0.991183 0.991183
73000 51.138007 51.138007 51.138007 0.991183 0.991183 0.991183
73100 51.138007 51.138007 51.138007 0.991183 0.991183 0.991183
73200 51.138007 51.138007 51.138007 0.991183 0.991183 0.991183
73300 51.138007 51.138007 51.138007 0.991183 0.991183 0.991183
73400 51.138007 51.138007 51.138007 0.991183 0.991183 0.991183
73500 51.138007 51.138007 51.138007 0.991183 0.991183 0.991183
73600 51.138007 51.138007 51.138007 0.991183 0.991183 0.991183
73700 51.138007 51.138007 51.138007 0.991183 0.991183 0.991183
73800 51.138007 51.138007 51.138007 0.991183 0.991183 0.991183
73900 51.138007 51.138007 51.138007 0.991183 0.991183 0.991183
74000 51.138007 51.138007 51.138007 0.991183 0.991183 0.991183
74100 51.138007 51.138007 51.138007 0.991183 0.991183 0.991183
74200 51.138007 51.138007 51.138007 0.991183 0.991183 0.991183
74300 51.138007 51.138007 51.138007 0.991183 0.991183 0.991183
74400 51.138007 51.138007 51.138007 0.991183 0.991183 0.991183
74500 51.138007 51.138007 51.138007 0.991183 0.991183 0.991183
74600 51.138007 51.138007 51.138007 0.991183 0.991183 0.991183
74700 51.138007 51.138007 51.138007 0.991183 0.991183 0.991183
74800 51.138007 51.138007 51.138007 0.991183 0.991183 0.991183
74900 51.138007 51.138007 51.138007 0.991183 0.991183 0.991183
75000 51.138007 51.138007 51.138007 0.991183 0.991183 0.991183
75100 51.138007 51.138007 51.138007 0.991183 0.991183 0.991183
75200 51.138007 51.138007 51.138007 0.991183 0.991183 0.991183
75300 51.138007 51.138007 51.138007 0.991183 0.991183 0.991183
75400 51.138007 51.138007 51.138007 0.991183 0.991183 0.991183
75500 51.138007 51.138007 51.138007 0.991183 0.991183 0.991183
75600 51.138007 51.138007 51.138007 0.991183 0.991183 0.991183
75700 51.138007 51.138007 51.138007 0.991183 0.991183 0.991183
75800 51.138007 51.138007 51.138007 0.991183 0.991183 0.991183
75900 51.138007 51.138007 51.138007 0.991183 0.991183 0.991183
76000 51.138007 51.138007 51.138007 0.991183 0.991183 0.991183
76100 51.138007 51.138007 51.138007 0.991183 0.991183 0.991183
76200 51.138007 51.138007 51.138007 0.991183 0.991183 0.991183
76300 51.138007 51.138007 51.138007 0.991183 0.991183 0.991183
76400 51.138007 51.138007 51.138007 0.991183 0.991183 0.991183
76500 51.138007 51.138007 51.138007 0.991183 0.991183 0.991183
76600 51.138007 51.138007 51.138007 0.991183 0.991183 0.991183
76700 51.138007 51.138007 51.138007 0.991183 0.991183 0.991183
76800 51.138007 51.138007 51.138007 0.991183 0.991183 0.991183
76900 51.138007 51.138007 51.138007 0.991183 0.991183 0.991183
77000 51.138007 51.138007 51.138007 0.991183 0.991183 0.991183
77100 51.138007 51.138007 51.138007 0.991183 0.991183 0.991183
77200 51.138007 51.138007 51.138007 0.991183 0.991183 0.991183
77300 51.138007 51.138007 51.138007 0.991183 0.991183 0.991183
77400 51.138007 51.138007 51.138007 0.991183 0.991183 0.991183
77500 51.138007 51.138007 51.138007 0.991183 0.991183 0.991183
77600 51.138007 51.138007 51.138007 0.991183 0.991183 0.991183
77700 51.138007 51.138007 51.138007 0.991183 0.991183 0.991183
77800 51.138007 51.138007 51.138007 0.991183 0.991183 0.991183
77900 51.138007 51.138007 51.138007 0.991183 0.991183 0.991183
78000 51.138007 51.138007 51.138007 0.991183 0.991183 0.991183
78100 51.138007 51.138007 51.138007 0.991183 0.991183 0.991183
78200 51.138007 51.138007 51.138007 0.991183 0.991183 0.991183
78300 51.138007 51.138007 51.138007 0.991183 0.991183 0.991183
78400 51.138007 51.138007 51.138007 0.991183 0.991183 0.991183
78500 51.138007 51.138007 51.138007 0.991183 0.991183 0.991183
78600 51.138007 51.138007 51.138007 0.991183 0.991183 0.991183
78700 51.138007 51.138007 51.138007 0.991183 0.991183 0.991183
78800 51.138007 51.138007 51.138007 0.991183 0.991183 0.991183
78900 51.138007 51.138007 51.138007 0.991183 0.991183 0.991183
79000 51.138007 51.138007 51.138007 0.991183 0.991183 0.991183
79100 51.138007 51.138007 51.138007 0.991183 0.991183 0.991183
79200 51.138007 51.138007 51.138007 0.991183 0.991183 0.991183
79300 51.138007 51.138007 51.138007 0.991183 0.991183 0.991183
79400 51.138007 51.138007 51.138007 0.991183 0.991183 0.991183
79500 51.138007 51.138007 51.138007 0.991183 0.991183 0.991183
79600 51.138007 51.138007 51.138007 0.991183 0.991183 0.991183
79700 51.138007 51.138007 51.138007 0.991183 0.991183 0.991183
79800 51.138007 51.138007 51.138007 0.991183 0.991183 0.991183
79900 51.138007 51.138007 51.138007 0.991183 0.991183 0.991183
80000 51.138007 51.138007 51.138007 0.991183 0.991183 0.991183
80100 51.138007 51.138007 51.138007 0.991183 0.991183 0.991183
80200 51.138007 51.138007 51.138007 0.991183 0.991183 0.991183
80300 51.138007 51.138007 51.138007 0.991183 0.991183 0.991183
80400 51.138007 51.138007 51.138007 0.991183 0.991183 0.991183
80500 51.138007 51.138007 51.138007 0.991183 0.991183 0.991183
80600 51.138007 51.138007 51.138007 0.991183 0.991183 0.991183
80700 51.138007 51.138007 51.138007 0.991183 0.991183 0.991183
80800 51.138007 51.138007 51.138007 0.991183 0.991183 0.991183
80900 51.138007 51.138007 51.138007 0.991183 0.991183 0.991183
81000 51.138007 51.138007 51.138007 0.991183 0.991183 0.991183
81100 51.138007 51.138007 51.138007 0.991183 0.991183 0.991183
81200 51.138007 51.138007 51.138007 0.991183 0.991183 0.991183
81300 51.138007 51.138007 51.138007 0.991183 0.991183 0.991183
81400 51.138007 51.138007 51.138007 0.991183 0.991183 0.991183
81500 51.138007 51.138007 51.138007 0.991183 0.991183 0.991183
81600 51.138007 51.138007 51.138007 0.991183 0.991183 0.991183
81700 51.138007 51.138007 51.138007 0.991183 0.991183 0.991183
81800 51.138007 51.138007 51.138007 0.991183 0.991183 0.991183
81900 51.138007 51.138007 51.138007 0.991183 0.991183 0.991183
82000 51.138007 51.138007 51.138007 0.991183 0.991183 0.991183
82100 51.138007 51.138007 51.138007 0.991183 0.991183 0.991183
82200 51.138007 51.138007 51.138007 0.991183 0.991183 0.991183
82300 51.138007 51.138007 51.138007 0.991183 0.991183 0.991183
82400 51.138007 51.138007 51.138007 0.991183 0.991183 0.991183
82500 51.138007 51.138007 51.138007 0.991183 0.991183 0.991183
82600 51.138007 51.138007 51.138007 0.991183 0.991183 0.991183
82700 51.138007 51.138007 51.138007 0.991183 0.991183 0.991183
82800 51.138007 51.138007 51.138007 0.991183 0.991183 0.991183
82900 51.138007 51.138007 51.138007 0.991183 0.991183 0.991183
83000 51.138007 51.138007 51.138007 0.991183 0.991183 0.991183
83100 51.138007 51.138007 51.138007 0.991183 0.991183 0.991183
83200 51.138007 51.138007 51.138007 0.991183 0.991183 0.991183
83300 51.138007 51.138007 51.138007 0.991183 0.991183 0.991183
83400 51.138007 51.138007 51.138007 0.991183 0.991183 0.991183
83500 51.138007 51.138007 51.138007 0.991183 0.991183 0.991183
83600 51.138007 51.138007 51.138007 0.991183 0.991183 0.991183
83700 51.138007 51.138007 51.138007 0.991183 0.991183 0.991183
83800 51.138007 51.138007 51.138007 0.991183 0.991183 0.991183
83900 51.138007 51.138007 51.138007 0.991183 0.991183 0.991183
84000 51.138007 51.138007 51.138007 0.991183 0.991183 0.991183
84100 51.138007 51.138007 51.138007 0.991183 0.991183 0.991183
84200 51.138007 51.138007 51.138007 0.991183 0.991183 0.991183
84300 51.138007 51.138007 51.138007 0.991183 0.991183 0.991183
84400 51.138007 51.138007 51.138007 0.991183 0.991183 0.991183
84500 51.138007 51.138007 51.138007 0.991183 0.991183 0.991183
84600 51.138007 51.138007 51.138007 0.991183 0.991183 0.991183
84700 51.138007 51.138007 51.138007 0.991183 0.991183 0.991183
84800 51.138007 51.138007 51.138007 0.991183 0.991183 0.991183
84900 51.138007 51.138007 51.138007 0.991183 0.991183 0.991183
85000 51.138007 51.138007 51.138007 0.991183 0.991183 0.991183
85100 51.138007 51.138007 51.138007 0.991183 0.991183 0.991183
85200 51.138007 51.138007 51.138007 0.991183 0.991183 0.991183
85300 51.138007 51.138007 51.138007 0.991183 0.991183 0.991183
85400 51.138007 51.138007 51.138007 0.991183 0.991183 0.991183
85500 51.138007 51.138007 51.138007 0.991183 0.991183 0.991183
85600 51.138007 51.138007 51.138007 0.991183 0.991183 0.991183
85700 51.138007 51.138007 51.138007 0.991183 0.991183 0.991183
85800 51.138007 51.138007 51.138007 0.991183 0.991183 0.991183
85900 51.138007 51.138007 51.138007 0.991183 0.991183 0.991183
86000 51.138007 51.138007 51.138007 0.991183 0.991183 0.991183
86100 51.138007 51.138007 51.138007 0.991183 0.991183 0.991183
86200 51.138007 51.138007 51.138007 0.991183 0.991183 0.991183
86300 51.138007 51.138007 51.138007 0.991183 0.991183 0.991183
86400 51.138007 51.138007 51.138007 0.991183 0.991183 0.991183
86500 51.138007 51.138007 51.138007 0.991183 0.991183 0.991183
86600 51.138007 51.138007 51.138007 0.991183 0.991183 0.991183
86700 51.138007 51.138007 51.138007 0.991183 0.991183 0.991183
86800 51.138007 51.138007 51.138007 0.991183 0.991183 0.991183
86900 51.138007 51.138007 51.138007 0.991183 0.991183 0.991183
87000 51.138007 51.138007 51.138007 0.991183 0.991183 0.991183
87100 51.138007 51.138007 51.138007 0.991183 0.991183 0.991183
87200 51.138007 51.138007 51.138007 0.991183 0.991183 0.991183
87300 51.138007 51.138007 51.138007 0.991183 0.991183 0.991183
87400 51.138007 51.138007 51.138007 0.991183 0.991183 0.991183
87500 51.138007 51.138007 51.138007 0.991183 0.991183 0.991183
87600 51.138007 51.138007 51.138007 0.991183 0.991183 0.991183
87700 51.138007 51.138007 51.138007 0.991183 0.991183 0.991183
87800 51.138007 51.138007 51.138007 0.991183 0.991183 0.991183
87900 51.138007 51.138007 51.138007 0.991183 0.991183 0.991183
88000 51.138007 51.138007 51.138007 0.991183 0.991183 0.991183
88100 51.138007 51.138007 51.138007 0.991183 0.991183 0.991183
88200 51.138007 51.138007 51.138007 0.991183 0.991183 0.991183
88300 51.138007 51.138007 51.138007 0.991183 0.991183 0.991183
88400 51.138007 51.138007 51.138007 0.991183 0.991183 0.991183
88500 51.138007 51.138007 51.138007 0.991183 0.991183 0.991183
88600 51.138007 51.138007 51.138007 0.991183 0.991183 0.991183
88700 51.138007 51.138007 51.138007 0.991183 0.991183 0.991183
88800 51.138007 51.138007 51.138007 0.991183 0.991183 0.991183
88900 51.138007 51.138007 51.138007 0.991183 0.991183 0.991183
89000 51.138007 51.138007 51.138007 0.991183 0.991183 0.991183
89100 51.138007 51.138007 51.138007 0.991183 0.991183 0.991183
89200 51.138007 51.138007 51.138007 0.991183 0.991183 0.991183
89300 51.138007 51.138007 51.138007 0.991183 0.991183 0.991183
89400 51.138007 51.138007 51.138007 0.991183 0.991183 0.991183
89500 51.138007 51.138007 51.138007 0.991183 0.991183 0.991183
89600 51.138007 51.138007 51.138007 0.991183 0.991183 0.991183
89700 51.138007 51.138007 51.138007 0.991183 0.991183 0.991183
89800 51.138007 51.138007 51.138007 0.991183 0.991183 0.991183
89900 51.138007 51.138007 51.138007 0.991183 0.991183 0.991183
90000 51.138007 51.138007 51.138007 0.991183 0.991183 0.991183
90100 51.138007 51.138007 51.138007 0.991183 0.991183 0.991183
90200 51.138007 51.138007 51.138007 0.991183 0.991183 0.991183
90300 51.138007 51.138007 51.138007 0.991183 0.991183 0.991183
90400 51.138007 51.138007 51.138007 0.991183 0.991183 0.991183
90500 51.138007 51.138007 51.138007 0.991183 0.991183 0.991183
90600 51.138007 51.138007 51.138007 0.991183 0.991183 0.991183
90700 51.138007 51.138007 51.138007 0.991183 0.991183 0.991183
90800 51.138007 51.138007 51.138007 0.991183 0.991183 0.991183
90900 51.138007 51.138007 51.138007 0.991183 0.991183 0.991183
91000 51.138007 51.138007 51.138007 0.991183 0.991183 0.991183
91100 51.138007 51.138007 51.138007 0.991183 0.991183 0.991183
91200 51.138007 51.138007 51.138007 0.991183 0.991183 0.991183
91300 51.138007 51.138007 51.138007 0.991183 0.991183 0.991183
91400 51.138007 51.138007 51.138007 0.991183 0.991183 0.991183
91500 51.138007 51.138007 51.138007 0.991183 0.991183 0.991183
91600 51.138007 51.138007 51.138007 0.991183 0.991183 0.991183
91700 51.138007 51.138007 51.138007 0.991183 0.991183 0.991183
91800 51.138007 51.138007 51.138007 0.991183 0.991183 0.991183
91900 51.138007 51.138007 51.138007 0.991183 0.991183 0.991183
92000 51.138007 51.138007 51.138007 0.991183 0.991183 0.991183
92100 51.138007 51.138007 51.138007 0.991183 0.991183 0.991183
92200 51.138007 51.138007 51.138007 0.991183 0.991183 0.991183
92300 51.138007 51.138007 51.138007 0.991183 0.991183 0.991183
92400 51.138007 51.138007 51.138007 0.991183 0.991183 0.991183
92500 51.138007 51.138007 51.138007 0.991183 0.991183 0.991183
92600 51.138007 51.138007 51.138007 0.991183 0.991183 0.991183
92700 51.138007 51.138007 51.138007 0.991183 0.991183 0.991183
92800 51.138007 51.138007 51.138007 0.991183 0.991183 0.991183
92900 51.138007 51.138007 51.138007 0.991183 0.991183 0.991183
93000 51.138007 51.138007 51.138007 0.991183 0.991183 0.991183
93100 51.138007 51.138007 51.138007 0.991183 0.991183 0.991183
93200 51.138007 51.138007 51.138007 0.991183 0.991183 0.991183
93300 51.138007 51.138007 51.138007 0.991183 0.991183 0.991183
93400 51.138007 51.138007 51.138007 0.991183 0.991183 0.991183
93500 51.138007 51.138007 51.138007 0.991183 0.991183 0.991183
93600 51.138007 51.138007 51.138007 0.991183 0.991183 0.991183
93700 51.138007 51.138007 51.138007 0.991183 0.991183 0.991183
93800 51.138007 51.138007 51.138007 0.991183 0.991183 0.991183
93900 51.138007 51.138007 51.138007 0.991183 0.991183 0.991183
94000 51.138007 51.138007 51.138007 0.991183 0.991183 0.991183
94100 51.138007 51.138007 51.138007 0.991183 0.991183 0.991183
94200 51.138007 51.138007 51.138007 0.991183 0.991183 0.991183
94300 51.138007 51.138007 51.138007 0.991183 0.991183 0.991183
94400 51.138007 51.138007 51.138007 0.991183 0.991183 0.991183
94500 51.138007 51.138007 51.138007 0.991183 0.991183 0.991183
94600 51.138007 51.138007 51.138007 0.991183 0.991183 0.991183
94700 51.138007 51.138007 51.138007 0.991183 0.991183 0.991183
94800 51.138007 51.138007 51.138007 0.991183 0.991183 0.991183
94900 51.138007 51.138007 51.138007 0.991183 0.991183 0.991183
95000 51.138007 51.138007 51.138007 0.991183 0.991183 0.991183
95100 51.138007 51.138007 51.138007 0.991183 0.991183 0.991183
95200 51.138007 51.138007 51.138007 0.991183 0.991183 0.991183
95300 51.138007 51.138007 51.138007 0.991183 0.991183 0.991183
95400 51.138007 51.138007 51.138007 0.991183 0.991183 0.991183
95500 51.138007 51.138007 51.138007 0.991183 0.991183 0.991183
95600 51.138007 51.138007 51.138007 0.991183 0.991183 0.991183
95700 51.138007 51.138007 51.138007 0.991183 0.991183 0.991183
95800 51.138007 51.138007 51.138007 0.991183 0.991183 0.991183
95900 51.138007 51.138007 51.138007 0.991183 0.991183 0.991183
96000 51.138007 51.138007 51.138007 0.991183 0.991183 0.991183
96100 51.138007 51.138007 51.138007 0.991183 0.991183 0.991183
96200 51.138007 51.138007 51.138007 0.991183 0.991183 0.991183
96300 51.138007 51.138007 51.138007 0.991183 0.991183 0.991183
96400 51.138007 51.138007 51.138007 0.991183 0.991183 0.991183
96500 51.138007 51.138007 51.138007 0.991183 0.991183 0.991183
96600 51.138007 51.138007 51.138007 0.991183 0.991183 0.991183
96700 51.138007 51.138007 51.138007 0.991183 0.991183 0.991183
96800 51.138007 51.138007 51.138007 0.991183 0.991183 0.991183
96900 51.138007 51.138007 51.138007 0.991183 0.991183 0.991183
97000 51.138007 51.138007 51.138007 0.991183 0.991183 0.991183
97100 51.138007 51.138007 51.138007 0.991183 0.991183 0.991183
97200 51.138007 51.138007 51.138007 0.991183 0.991183 0.991183
97300 51.138007 51.138007 51.138007 0.991183 0.991183 0.991183
97400 51.138007 51.138007 51.138007 0.991183 0.991183 0.991183
97500 51.138007 51.138007 51.138007 0.991183 0.991183 0.991183
97600 51.138007 51.138007 51.138007 0.991183 0.991183 0.991183
97700 51.138007 51.138007 51.138007 0.991183 0.991183 0.991183
97800 51.138007 51.138007 51.138007 0.991183 0.991183 0.991183
97900 51.138007 51.138007 51.138007 0.991183 0.991183 0.991183
98000 51.138007 51.138007 51.138007 0.991183 0.991183 0.991183
98100 51.138007 51.138007 51.138007 0.991183 0.991183 0.991183
98200 51.138007 51.138007 51.138007 0.991183 0.991183 0.991183
98300 51.138007 51.138007 51.138007 0.991183 0.991183 0.991183
98400 51.138007 51.138007 51.138007 0.991183 0.991183 0.991183
98500 51.138007 51.138007 51.138007 0.991183 0.991183 0.991183
98600 51.138007 51.138007 51.138007 0.991183 0.991183 0.991183
98700 51.138007 51.138007 51.138007 0.991183 0.991183 0.991183
98800 51.138007 51.138007 51.138007 0.991183 0.991183 0.991183
98900 51.138007 51.138007 51.138007 0.991183 0.991183 0.991183
99000 51.138007 51.138007 51.138007 0.991183 0.991183 0.991183
99100 51.138007 51.138007 51.138007 0.991183 0.991183 0.991183
99200 51.138007 51.138007 51.138007 0.991183 0.991183 0.991183
99300 51.138007 51.138007 51.138007 0.991183 0.991183 0.991183
99400 51.138007 51.138007 51.138007 0.991183 0.991183 0.991183
99500 51.138007 51.138007 51.138007 0.991183 0.991183 0.991183
99600 51.138007 51.138007 51.138007 0.991183 0.991183 0.991183
99700 51.138007 51.138007 51.138007 0.991183 0.991183 0.991183
99800 51.138007 51.138007 51.138007 0.991183 0.991183 0.991183
99900 51.138007 51.138007 51.138007 0.991183 0.991183 0.991183
100000 51.138007 51.138007 51.138007 0.991183 0.991183 0.991183
