# generation power_min power_avg power_max util_min util_avg util_max
1 10.116646 12.447217 16.249441 0.731598 1.126739 1.494655
100 7.348011 9.721088 11.500649 0.541413 0.839014 1.033355
200 5.372402 7.192560 8.189876 0.406486 0.684954 0.897852
300 4.937257 5.797326 6.440720 0.359188 0.542711 0.862301
400 4.288095 4.921287 5.213821 0.293953 0.411582 0.526763
500 4.011282 4.372271 4.757751 0.249577 0.358256 0.450251
600 3.728734 3.952707 4.122260 0.291038 0.330901 0.401162
700 3.616305 3.731654 3.838165 0.291038 0.316486 0.377050
800 3.534210 3.616768 3.641795 0.311891 0.315848 0.317749
900 3.497935 3.581357 3.611826 0.315946 0.318346 0.321462
1000 3.490394 3.511459 3.521791 0.318373 0.320028 0.322071
1100 3.490394 3.496123 3.505686 0.319653 0.321595 0.322313
1200 3.490394 3.490394 3.490394 0.322042 0.322042 0.322042
1300 3.490394 3.490394 3.490394 0.322042 0.322042 0.322042
1400 3.490394 3.490394 3.490394 0.322042 0.322042 0.322042
1500 3.490394 3.490394 3.490394 0.322042 0.322042 0.322042
1600 3.490394 3.490394 3.490394 0.322042 0.322042 0.322042
1700 3.490394 3.490394 3.490394 0.322042 0.322042 0.322042
1800 3.490394 3.490394 3.490394 0.322042 0.322042 0.322042
1900 3.490394 3.490394 3.490394 0.322042 0.322042 0.322042
2000 3.490394 3.490394 3.490394 0.322042 0.322042 0.322042
2100 3.490394 3.490394 3.490394 0.322042 0.322042 0.322042
2200 3.490394 3.490394 3.490394 0.322042 0.322042 0.322042
2300 3.490394 3.490394 3.490394 0.322042 0.322042 0.322042
2400 3.490394 3.490394 3.490394 0.322042 0.322042 0.322042
2500 3.490394 3.490394 3.490394 0.322042 0.322042 0.322042
2600 3.490394 3.490394 3.490394 0.322042 0.322042 0.322042
2700 3.490394 3.490394 3.490394 0.322042 0.322042 0.322042
2800 3.490394 3.490394 3.490394 0.322042 0.322042 0.322042
2900 3.490394 3.490394 3.490394 0.322042 0.322042 0.322042
3000 3.490394 3.490394 3.490394 0.322042 0.322042 0.322042
3100 3.490394 3.490394 3.490394 0.322042 0.322042 0.322042
3200 3.490394 3.490394 3.490394 0.322042 0.322042 0.322042
3300 3.490394 3.490394 3.490394 0.322042 0.322042 0.322042
3400 3.490394 3.490394 3.490394 0.322042 0.322042 0.322042
3500 3.490394 3.490394 3.490394 0.322042 0.322042 0.322042
3600 3.490394 3.490394 3.490394 0.322042 0.322042 0.322042
3700 3.490394 3.490394 3.490394 0.322042 0.322042 0.322042
3800 3.490394 3.490394 3.490394 0.322042 0.322042 0.322042
3900 3.490394 3.490394 3.490394 0.322042 0.322042 0.322042
4000 3.490394 3.490394 3.490394 0.322042 0.322042 0.322042
4100 3.490394 3.490394 3.490394 0.322042 0.322042 0.322042
4200 3.490394 3.490394 3.490394 0.322042 0.322042 0.322042
4300 3.490394 3.490394 3.490394 0.322042 0.322042 0.322042
4400 3.490394 3.490394 3.490394 0.322042 0.322042 0.322042
4500 3.490394 3.490394 3.490394 0.322042 0.322042 0.322042
4600 3.490394 3.490394 3.490394 0.322042 0.322042 0.322042
4700 3.490394 3.490394 3.490394 0.322042 0.322042 0.322042
4800 3.490394 3.490394 3.490394 0.322042 0.322042 0.322042
4900 3.490394 3.490394 3.490394 0.322042 0.322042 0.322042
5000 3.490394 3.490394 3.490394 0.322042 0.322042 0.322042
5100 3.490394 3.490394 3.490394 0.322042 0.322042 0.322042
5200 3.490394 3.490394 3.490394 0.322042 0.322042 0.322042
5300 3.490394 3.490394 3.490394 0.322042 0.322042 0.322042
5400 3.490394 3.490394 3.490394 0.322042 0.322042 0.322042
5500 3.490394 3.490394 3.490394 0.322042 0.322042 0.322042
5600 3.490394 3.490394 3.490394 0.322042 0.322042 0.322042
5700 3.490394 3.490394 3.490394 0.322042 0.322042 0.322042
5800 3.490394 3.490394 3.490394 0.322042 0.322042 0.322042
5900 3.490394 3.490394 3.490394 0.322042 0.322042 0.322042
6000 3.490394 3.490394 3.490394 0.322042 0.322042 0.322042
6100 3.490394 3.490394 3.490394 0.322042 0.322042 0.322042
6200 3.490394 3.490394 3.490394 0.322042 0.322042 0.322042
6300 3.490394 3.490394 3.490394 0.322042 0.322042 0.322042
6400 3.490394 3.490394 3.490394 0.322042 0.322042 0.322042
6500 3.490394 3.490394 3.490394 0.322042 0.322042 0.322042
6600 3.490394 3.490394 3.490394 0.322042 0.322042 0.322042
6700 3.490394 3.490394 3.490394 0.322042 0.322042 0.322042
6800 3.490394 3.490394 3.490394 0.322042 0.322042 0.322042
6900 3.490394 3.490394 3.490394 0.322042 0.322042 0.322042
7000 3.490394 3.490394 3.490394 0.322042 0.322042 0.322042
7100 3.490394 3.490394 3.490394 0.322042 0.322042 0.322042
7200 3.490394 3.490394 3.490394 0.322042 0.322042 0.322042
7300 3.490394 3.490394 3.490394 0.322042 0.322042 0.322042
7400 3.490394 3.490394 3.490394 0.322042 0.322042 0.322042
7500 3.490394 3.490394 3.490394 0.322042 0.322042 0.322042
7600 3.490394 3.490394 3.490394 0.322042 0.322042 0.322042
7700 3.490394 3.490394 3.490394 0.322042 0.322042 0.322042
7800 3.490394 3.490394 3.490394 0.322042 0.322042 0.322042
7900 3.490394 3.490394 3.490394 0.322042 0.322042 0.322042
8000 3.490394 3.490394 3.490394 0.322042 0.322042 0.322042
8100 3.490394 3.490394 3.490394 0.322042 0.322042 0.322042
8200 3.490394 3.490394 3.490394 0.322042 0.322042 0.322042
8300 3.490394 3.490394 3.490394 0.322042 0.322042 0.322042
8400 3.490394 3.490394 3.490394 0.322042 0.322042 0.322042
8500 3.490394 3.490394 3.490394 0.322042 0.322042 0.322042
8600 3.490394 3.490394 3.490394 0.322042 0.322042 0.322042
8700 3.490394 3.490394 3.490394 0.322042 0.322042 0.322042
8800 3.490394 3.490394 3.490394 0.322042 0.322042 0.322042
8900 3.490394 3.490394 3.490394 0.322042 0.322042 0.322042
9000 3.490394 3.490394 3.490394 0.322042 0.322042 0.322042
9100 3.490394 3.490394 3.490394 0.322042 0.322042 0.322042
9200 3.490394 3.490394 3.490394 0.322042 0.322042 0.322042
9300 3.490394 3.490394 3.490394 0.322042 0.322042 0.322042
9400 3.490394 3.490394 3.490394 0.322042 0.322042 0.322042
9500 3.490394 3.490394 3.490394 0.322042 0.322042 0.322042
9600 3.490394 3.490394 3.490394 0.322042 0.322042 0.322042
9700 3.490394 3.490394 3.490394 0.322042 0.322042 0.322042
9800 3.490394 3.490394 3.490394 0.322042 0.322042 0.322042
9900 3.490394 3.490394 3.490394 0.322042 0.322042 0.322042
10000 3.490394 3.490394 3.490394 0.322042 0.322042 0.322042
10100 3.490394 3.490394 3.490394 0.322042 0.322042 0.322042
10200 3.490394 3.490394 3.490394 0.322042 0.322042 0.322042
10300 3.490394 3.490394 3.490394 0.322042 0.322042 0.322042
10400 3.490394 3.490394 3.490394 0.322042 0.322042 0.322042
10500 3.490394 3.490394 3.490394 0.322042 0.322042 0.322042
10600 3.490394 3.490394 3.490394 0.322042 0.322042 0.322042
10700 3.490394 3.490394 3.490394 0.322042 0.322042 0.322042
10800 3.490394 3.490394 3.490394 0.322042 0.322042 0.322042
10900 3.490394 3.490394 3.490394 0.322042 0.322042 0.322042
11000 3.490394 3.490394 3.490394 0.322042 0.322042 0.322042
11100 3.490394 3.490394 3.490394 0.322042 0.322042 0.322042
11200 3.490394 3.490394 3.490394 0.322042 0.322042 0.322042
11300 3.490394 3.490394 3.490394 0.322042 0.322042 0.322042
11400 3.490394 3.490394 3.490394 0.322042 0.322042 0.322042
11500 3.490394 3.490394 3.490394 0.322042 0.322042 0.322042
11600 3.490394 3.490394 3.490394 0.322042 0.322042 0.322042
11700 3.490394 3.490394 3.490394 0.322042 0.322042 0.322042
11800 3.490394 3.490394 3.490394 0.322042 0.322042 0.322042
11900 3.490394 3.490394 3.490394 0.322042 0.322042 0.322042
12000 3.490394 3.490394 3.490394 0.322042 0.322042 0.322042
12100 3.490394 3.490394 3.490394 0.322042 0.322042 0.322042
12200 3.490394 3.490394 3.490394 0.322042 0.322042 0.322042
12300 3.490394 3.490394 3.490394 0.322042 0.322042 0.322042
12400 3.490394 3.490394 3.490394 0.322042 0.322042 0.322042
12500 3.490394 3.490394 3.490394 0.322042 0.322042 0.322042
12600 3.490394 3.490394 3.490394 0.322042 0.322042 0.322042
12700 3.490394 3.490394 3.490394 0.322042 0.322042 0.322042
12800 3.490394 3.490394 3.490394 0.322042 0.322042 0.322042
12900 3.490394 3.490394 3.490394 0.322042 0.322042 0.322042
13000 3.490394 3.490394 3.490394 0.322042 0.322042 0.322042
13100 3.490394 3.490394 3.490394 0.322042 0.322042 0.322042
13200 3.490394 3.490394 3.490394 0.322042 0.322042 0.322042
13300 3.490394 3.490394 3.490394 0.322042 0.322042 0.322042
13400 3.490394 3.490394 3.490394 0.322042 0.322042 0.322042
13500 3.490394 3.490394 3.490394 0.322042 0.322042 0.322042
13600 3.490394 3.490394 3.490394 0.322042 0.322042 0.322042
13700 3.490394 3.490394 3.490394 0.322042 0.322042 0.322042
13800 3.490394 3.490394 3.490394 0.322042 0.322042 0.322042
13900 3.490394 3.490394 3.490394 0.322042 0.322042 0.322042
14000 3.490394 3.490394 3.490394 0.322042 0.322042 0.322042
14100 3.490394 3.490394 3.490394 0.322042 0.322042 0.322042
14200 3.490394 3.490394 3.490394 0.322042 0.322042 0.322042
14300 3.490394 3.490394 3.490394 0.322042 0.322042 0.322042
14400 3.490394 3.490394 3.490394 0.322042 0.322042 0.322042
14500 3.490394 3.490394 3.490394 0.322042 0.322042 0.322042
14600 3.490394 3.490394 3.490394 0.322042 0.322042 0.322042
14700 3.490394 3.490394 3.490394 0.322042 0.322042 0.322042
14800 3.490394 3.490394 3.490394 0.322042 0.322042 0.322042
14900 3.490394 3.490394 3.490394 0.322042 0.322042 0.322042
15000 3.490394 3.490394 3.490394 0.322042 0.322042 0.322042
15100 3.490394 3.490394 3.490394 0.322042 0.322042 0.322042
15200 3.490394 3.490394 3.490394 0.322042 0.322042 0.322042
15300 3.490394 3.490394 3.490394 0.322042 0.322042 0.322042
15400 3.490394 3.490394 3.490394 0.322042 0.322042 0.322042
15500 3.490394 3.490394 3.490394 0.322042 0.322042 0.322042
15600 3.490394 3.490394 3.490394 0.322042 0.322042 0.322042
15700 3.490394 3.490394 3.490394 0.322042 0.322042 0.322042
15800 3.490394 3.490394 3.490394 0.322042 0.322042 0.322042
15900 3.490394 3.490394 3.490394 0.322042 0.322042 0.322042
16000 3.490394 3.490394 3.490394 0.322042 0.322042 0.322042
16100 3.490394 3.490394 3.490394 0.322042 0.322042 0.322042
16200 3.490394 3.490394 3.490394 0.322042 0.322042 0.322042
16300 3.490394 3.490394 3.490394 0.322042 0.322042 0.322042
16400 3.490394 3.490394 3.490394 0.322042 0.322042 0.322042
16500 3.490394 3.490394 3.490394 0.322042 0.322042 0.322042
16600 3.490394 3.490394 3.490394 0.322042 0.322042 0.322042
16700 3.490394 3.490394 3.490394 0.322042 0.322042 0.322042
16800 3.490394 3.490394 3.490394 0.322042 0.322042 0.322042
16900 3.490394 3.490394 3.490394 0.322042 0.322042 0.322042
17000 3.490394 3.490394 3.490394 0.322042 0.322042 0.322042
17100 3.490394 3.490394 3.490394 0.322042 0.322042 0.322042
17200 3.490394 3.490394 3.490394 0.322042 0.322042 0.322042
17300 3.490394 3.490394 3.490394 0.322042 0.322042 0.322042
17400 3.490394 3.490394 3.490394 0.322042 0.322042 0.322042
17500 3.490394 3.490394 3.490394 0.322042 0.322042 0.322042
17600 3.490394 3.490394 3.490394 0.322042 0.322042 0.322042
17700 3.490394 3.490394 3.490394 0.322042 0.322042 0.322042
17800 3.490394 3.490394 3.490394 0.322042 0.322042 0.322042
17900 3.490394 3.490394 3.490394 0.322042 0.322042 0.322042
18000 3.490394 3.490394 3.490394 0.322042 0.322042 0.322042
18100 3.490394 3.490394 3.490394 0.322042 0.322042 0.322042
18200 3.490394 3.490394 3.490394 0.322042 0.322042 0.322042
18300 3.490394 3.490394 3.490394 0.322042 0.322042 0.322042
18400 3.490394 3.490394 3.490394 0.322042 0.322042 0.322042
18500 3.490394 3.490394 3.490394 0.322042 0.322042 0.322042
18600 3.490394 3.490394 3.490394 0.322042 0.322042 0.322042
18700 3.490394 3.490394 3.490394 0.322042 0.322042 0.322042
18800 3.490394 3.490394 3.490394 0.322042 0.322042 0.322042
18900 3.490394 3.490394 3.490394 0.322042 0.322042 0.322042
19000 3.490394 3.490394 3.490394 0.322042 0.322042 0.322042
19100 3.490394 3.490394 3.490394 0.322042 0.322042 0.322042
19200 3.490394 3.490394 3.490394 0.322042 0.322042 0.322042
19300 3.490394 3.490394 3.490394 0.322042 0.322042 0.322042
19400 3.490394 3.490394 3.490394 0.322042 0.322042 0.322042
19500 3.490394 3.490394 3.490394 0.322042 0.322042 0.322042
19600 3.490394 3.490394 3.490394 0.322042 0.322042 0.322042
19700 3.490394 3.490394 3.490394 0.322042 0.322042 0.322042
19800 3.490394 3.490394 3.490394 0.322042 0.322042 0.322042
19900 3.490394 3.490394 3.490394 0.322042 0.322042 0.322042
20000 3.490394 3.490394 3.490394 0.322042 0.322042 0.322042
20100 3.490394 3.490394 3.490394 0.322042 0.322042 0.322042
20200 3.490394 3.490394 3.490394 0.322042 0.322042 0.322042
20300 3.490394 3.490394 3.490394 0.322042 0.322042 0.322042
20400 3.490394 3.490394 3.490394 0.322042 0.322042 0.322042
20500 3.490394 3.490394 3.490394 0.322042 0.322042 0.322042
20600 3.490394 3.490394 3.490394 0.322042 0.322042 0.322042
20700 3.490394 3.490394 3.490394 0.322042 0.322042 0.322042
20800 3.490394 3.490394 3.490394 0.322042 0.322042 0.322042
20900 3.490394 3.490394 3.490394 0.322042 0.322042 0.322042
21000 3.490394 3.490394 3.490394 0.322042 0.322042 0.322042
21100 3.490394 3.490394 3.490394 0.322042 0.322042 0.322042
21200 3.490394 3.490394 3.490394 0.322042 0.322042 0.322042
21300 3.490394 3.490394 3.490394 0.322042 0.322042 0.322042
21400 3.490394 3.490394 3.490394 0.322042 0.322042 0.322042
21500 3.490394 3.490394 3.490394 0.322042 0.322042 0.322042
21600 3.490394 3.490394 3.490394 0.322042 0.322042 0.322042
21700 3.490394 3.490394 3.490394 0.322042 0.322042 0.322042
21800 3.490394 3.490394 3.490394 0.322042 0.322042 0.322042
21900 3.490394 3.490394 3.490394 0.322042 0.322042 0.322042
22000 3.490394 3.490394 3.490394 0.322042 0.322042 0.322042
22100 3.490394 3.490394 3.490394 0.322042 0.322042 0.322042
22200 3.490394 3.490394 3.490394 0.322042 0.322042 0.322042
22300 3.490394 3.490394 3.490394 0.322042 0.322042 0.322042
22400 3.490394 3.490394 3.490394 0.322042 0.322042 0.322042
22500 3.490394 3.490394 3.490394 0.322042 0.322042 0.322042
22600 3.490394 3.490394 3.490394 0.322042 0.322042 0.322042
22700 3.490394 3.490394 3.490394 0.322042 0.322042 0.322042
22800 3.490394 3.490394 3.490394 0.322042 0.322042 0.322042
22900 3.490394 3.490394 3.490394 0.322042 0.322042 0.322042
23000 3.490394 3.490394 3.490394 0.322042 0.322042 0.322042
23100 3.490394 3.490394 3.490394 0.322042 0.322042 0.322042
23200 3.490394 3.490394 3.490394 0.322042 0.322042 0.322042
23300 3.490394 3.490394 3.490394 0.322042 0.322042 0.322042
23400 3.490394 3.490394 3.490394 0.322042 0.322042 0.322042
23500 3.490394 3.490394 3.490394 0.322042 0.322042 0.322042
23600 3.490394 3.490394 3.490394 0.322042 0.322042 0.322042
23700 3.490394 3.490394 3.490394 0.322042 0.322042 0.322042
23800 3.490394 3.490394 3.490394 0.322042 0.322042 0.322042
23900 3.490394 3.490394 3.490394 0.322042 0.322042 0.322042
24000 3.490394 3.490394 3.490394 0.322042 0.322042 0.322042
24100 3.490394 3.490394 3.490394 0.322042 0.322042 0.322042
24200 3.490394 3.490394 3.490394 0.322042 0.322042 0.322042
24300 3.490394 3.490394 3.490394 0.322042 0.322042 0.322042
24400 3.490394 3.490394 3.490394 0.322042 0.322042 0.322042
24500 3.490394 3.490394 3.490394 0.322042 0.322042 0.322042
24600 3.490394 3.490394 3.490394 0.322042 0.322042 0.322042
24700 3.490394 3.490394 3.490394 0.322042 0.322042 0.322042
24800 3.490394 3.490394 3.490394 0.322042 0.322042 0.322042
24900 3.490394 3.490394 3.490394 0.322042 0.322042 0.322042
25000 3.490394 3.490394 3.490394 0.322042 0.322042 0.322042
25100 3.490394 3.490394 3.490394 0.322042 0.322042 0.322042
25200 3.490394 3.490394 3.490394 0.322042 0.322042 0.322042
25300 3.490394 3.490394 3.490394 0.322042 0.322042 0.322042
25400 3.490394 3.490394 3.490394 0.322042 0.322042 0.322042
25500 3.490394 3.490394 3.490394 0.322042 0.322042 0.322042
25600 3.490394 3.490394 3.490394 0.322042 0.322042 0.322042
25700 3.490394 3.490394 3.490394 0.322042 0.322042 0.322042
25800 3.490394 3.490394 3.490394 0.322042 0.322042 0.322042
25900 3.490394 3.490394 3.490394 0.322042 0.322042 0.322042
26000 3.490394 3.490394 3.490394 0.322042 0.322042 0.322042
26100 3.490394 3.490394 3.490394 0.322042 0.322042 0.322042
26200 3.490394 3.490394 3.490394 0.322042 0.322042 0.322042
26300 3.490394 3.490394 3.490394 0.322042 0.322042 0.322042
26400 3.490394 3.490394 3.490394 0.322042 0.322042 0.322042
26500 3.490394 3.490394 3.490394 0.322042 0.322042 0.322042
26600 3.490394 3.490394 3.490394 0.322042 0.322042 0.322042
26700 3.490394 3.490394 3.490394 0.322042 0.322042 0.322042
26800 3.490394 3.490394 3.490394 0.322042 0.322042 0.322042
26900 3.490394 3.490394 3.490394 0.322042 0.322042 0.322042
27000 3.490394 3.490394 3.490394 0.322042 0.322042 0.322042
27100 3.490394 3.490394 3.490394 0.322042 0.322042 0.322042
27200 3.490394 3.490394 3.490394 0.322042 0.322042 0.322042
27300 3.490394 3.490394 3.490394 0.322042 0.322042 0.322042
27400 3.490394 3.490394 3.490394 0.322042 0.322042 0.322042
27500 3.490394 3.490394 3.490394 0.322042 0.322042 0.322042
27600 3.490394 3.490394 3.490394 0.322042 0.322042 0.322042
27700 3.490394 3.490394 3.490394 0.322042 0.322042 0.322042
27800 3.490394 3.490394 3.490394 0.322042 0.322042 0.322042
27900 3.490394 3.490394 3.490394 0.322042 0.322042 0.322042
28000 3.490394 3.490394 3.490394 0.322042 0.322042 0.322042
28100 3.490394 3.490394 3.490394 0.322042 0.322042 0.322042
28200 3.490394 3.490394 3.490394 0.322042 0.322042 0.322042
28300 3.490394 3.490394 3.490394 0.322042 0.322042 0.322042
28400 3.490394 3.490394 3.490394 0.322042 0.322042 0.322042
28500 3.490394 3.490394 3.490394 0.322042 0.322042 0.322042
28600 3.490394 3.490394 3.490394 0.322042 0.322042 0.322042
28700 3.490394 3.490394 3.490394 0.322042 0.322042 0.322042
28800 3.490394 3.490394 3.490394 0.322042 0.322042 0.322042
28900 3.490394 3.490394 3.490394 0.322042 0.322042 0.322042
29000 3.490394 3.490394 3.490394 0.322042 0.322042 0.322042
29100 3.490394 3.490394 3.490394 0.322042 0.322042 0.322042
29200 3.490394 3.490394 3.490394 0.322042 0.322042 0.322042
29300 3.490394 3.490394 3.490394 0.322042 0.322042 0.322042
29400 3.490394 3.490394 3.490394 0.322042 0.322042 0.322042
29500 3.490394 3.490394 3.490394 0.322042 0.322042 0.322042
29600 3.490394 3.490394 3.490394 0.322042 0.322042 0.322042
29700 3.490394 3.490394 3.490394 0.322042 0.322042 0.322042
29800 3.490394 3.490394 3.490394 0.322042 0.322042 0.322042
29900 3.490394 3.490394 3.490394 0.322042 0.322042 0.322042
30000 3.490394 3.490394 3.490394 0.322042 0.322042 0.322042
30100 3.490394 3.490394 3.490394 0.322042 0.322042 0.322042
30200 3.490394 3.490394 3.490394 0.322042 0.322042 0.322042
30300 3.490394 3.490394 3.490394 0.322042 0.322042 0.322042
30400 3.490394 3.490394 3.490394 0.322042 0.322042 0.322042
30500 3.490394 3.490394 3.490394 0.322042 0.322042 0.322042
30600 3.490394 3.490394 3.490394 0.322042 0.322042 0.322042
30700 3.490394 3.490394 3.490394 0.322042 0.322042 0.322042
30800 3.490394 3.490394 3.490394 0.322042 0.322042 0.322042
30900 3.490394 3.490394 3.490394 0.322042 0.322042 0.322042
31000 3.490394 3.490394 3.490394 0.322042 0.322042 0.322042
31100 3.490394 3.490394 3.490394 0.322042 0.322042 0.322042
31200 3.490394 3.490394 3.490394 0.322042 0.322042 0.322042
31300 3.490394 3.490394 3.490394 0.322042 0.322042 0.322042
31400 3.490394 3.490394 3.490394 0.322042 0.322042 0.322042
31500 3.490394 3.490394 3.490394 0.322042 0.322042 0.322042
31600 3.490394 3.490394 3.490394 0.322042 0.322042 0.322042
31700 3.490394 3.490394 3.490394 0.322042 0.322042 0.322042
31800 3.490394 3.490394 3.490394 0.322042 0.322042 0.322042
31900 3.490394 3.490394 3.490394 0.322042 0.322042 0.322042
32000 3.490394 3.490394 3.490394 0.322042 0.322042 0.322042
32100 3.490394 3.490394 3.490394 0.322042 0.322042 0.322042
32200 3.490394 3.490394 3.490394 0.322042 0.322042 0.322042
32300 3.490394 3.490394 3.490394 0.322042 0.322042 0.322042
32400 3.490394 3.490394 3.490394 0.322042 0.322042 0.322042
32500 3.490394 3.490394 3.490394 0.322042 0.322042 0.322042
32600 3.490394 3.490394 3.490394 0.322042 0.322042 0.322042
32700 3.490394 3.490394 3.490394 0.322042 0.322042 0.322042
32800 3.490394 3.490394 3.490394 0.322042 0.322042 0.322042
32900 3.490394 3.490394 3.490394 0.322042 0.322042 0.322042
33000 3.490394 3.490394 3.490394 0.322042 0.322042 0.322042
33100 3.490394 3.490394 3.490394 0.322042 0.322042 0.322042
33200 3.490394 3.490394 3.490394 0.322042 0.322042 0.322042
33300 3.490394 3.490394 3.490394 0.322042 0.322042 0.322042
33400 3.490394 3.490394 3.490394 0.322042 0.322042 0.322042
33500 3.490394 3.490394 3.490394 0.322042 0.322042 0.322042
33600 3.490394 3.490394 3.490394 0.322042 0.322042 0.322042
33700 3.490394 3.490394 3.490394 0.322042 0.322042 0.322042
33800 3.490394 3.490394 3.490394 0.322042 0.322042 0.322042
33900 3.490394 3.490394 3.490394 0.322042 0.322042 0.322042
34000 3.490394 3.490394 3.490394 0.322042 0.322042 0.322042
34100 3.490394 3.490394 3.490394 0.322042 0.322042 0.322042
34200 3.490394 3.490394 3.490394 0.322042 0.322042 0.322042
34300 3.490394 3.490394 3.490394 0.322042 0.322042 0.322042
34400 3.490394 3.490394 3.490394 0.322042 0.322042 0.322042
34500 3.490394 3.490394 3.490394 0.322042 0.322042 0.322042
34600 3.490394 3.490394 3.490394 0.322042 0.322042 0.322042
34700 3.490394 3.490394 3.490394 0.322042 0.322042 0.322042
34800 3.490394 3.490394 3.490394 0.322042 0.322042 0.322042
34900 3.490394 3.490394 3.490394 0.322042 0.322042 0.322042
35000 3.490394 3.490394 3.490394 0.322042 0.322042 0.322042
35100 3.490394 3.490394 3.490394 0.322042 0.322042 0.322042
35200 3.490394 3.490394 3.490394 0.322042 0.322042 0.322042
35300 3.490394 3.490394 3.490394 0.322042 0.322042 0.322042
35400 3.490394 3.490394 3.490394 0.322042 0.322042 0.322042
35500 3.490394 3.490394 3.490394 0.322042 0.322042 0.322042
35600 3.490394 3.490394 3.490394 0.322042 0.322042 0.322042
35700 3.490394 3.490394 3.490394 0.322042 0.322042 0.322042
35800 3.490394 3.490394 3.490394 0.322042 0.322042 0.322042
35900 3.490394 3.490394 3.490394 0.322042 0.322042 0.322042
36000 3.490394 3.490394 3.490394 0.322042 0.322042 0.322042
36100 3.490394 3.490394 3.490394 0.322042 0.322042 0.322042
36200 3.490394 3.490394 3.490394 0.322042 0.322042 0.322042
36300 3.490394 3.490394 3.490394 0.322042 0.322042 0.322042
36400 3.490394 3.490394 3.490394 0.322042 0.322042 0.322042
36500 3.490394 3.490394 3.490394 0.322042 0.322042 0.322042
36600 3.490394 3.490394 3.490394 0.322042 0.322042 0.322042
36700 3.490394 3.490394 3.490394 0.322042 0.322042 0.322042
36800 3.490394 3.490394 3.490394 0.322042 0.322042 0.322042
36900 3.490394 3.490394 3.490394 0.322042 0.322042 0.322042
37000 3.490394 3.490394 3.490394 0.322042 0.322042 0.322042
37100 3.490394 3.490394 3.490394 0.322042 0.322042 0.322042
37200 3.490394 3.490394 3.490394 0.322042 0.322042 0.322042
37300 3.490394 3.490394 3.490394 0.322042 0.322042 0.322042
37400 3.490394 3.490394 3.490394 0.322042 0.322042 0.322042
37500 3.490394 3.490394 3.490394 0.322042 0.322042 0.322042
37600 3.490394 3.490394 3.490394 0.322042 0.322042 0.322042
37700 3.490394 3.490394 3.490394 0.322042 0.322042 0.322042
37800 3.490394 3.490394 3.490394 0.322042 0.322042 0.322042
37900 3.490394 3.490394 3.490394 0.322042 0.322042 0.322042
38000 3.490394 3.490394 3.490394 0.322042 0.322042 0.322042
38100 3.490394 3.490394 3.490394 0.322042 0.322042 0.322042
38200 3.490394 3.490394 3.490394 0.322042 0.322042 0.322042
38300 3.490394 3.490394 3.490394 0.322042 0.322042 0.322042
38400 3.490394 3.490394 3.490394 0.322042 0.322042 0.322042
38500 3.490394 3.490394 3.490394 0.322042 0.322042 0.322042
38600 3.490394 3.490394 3.490394 0.322042 0.322042 0.322042
38700 3.490394 3.490394 3.490394 0.322042 0.322042 0.322042
38800 3.490394 3.490394 3.490394 0.322042 0.322042 0.322042
38900 3.490394 3.490394 3.490394 0.322042 0.322042 0.322042
39000 3.490394 3.490394 3.490394 0.322042 0.322042 0.322042
39100 3.490394 3.490394 3.490394 0.322042 0.322042 0.322042
39200 3.490394 3.490394 3.490394 0.322042 0.322042 0.322042
39300 3.490394 3.490394 3.490394 0.322042 0.322042 0.322042
39400 3.490394 3.490394 3.490394 0.322042 0.322042 0.322042
39500 3.490394 3.490394 3.490394 0.322042 0.322042 0.322042
39600 3.490394 3.490394 3.490394 0.322042 0.322042 0.322042
39700 3.490394 3.490394 3.490394 0.322042 0.322042 0.322042
39800 3.490394 3.490394 3.490394 0.322042 0.322042 0.322042
39900 3.490394 3.490394 3.490394 0.322042 0.322042 0.322042
40000 3.490394 3.490394 3.490394 0.322042 0.322042 0.322042
40100 3.490394 3.490394 3.490394 0.322042 0.322042 0.322042
40200 3.490394 3.490394 3.490394 0.322042 0.322042 0.322042
40300 3.490394 3.490394 3.490394 0.322042 0.322042 0.322042
40400 3.490394 3.490394 3.490394 0.322042 0.322042 0.322042
40500 3.490394 3.490394 3.490394 0.322042 0.322042 0.322042
40600 3.490394 3.490394 3.490394 0.322042 0.322042 0.322042
40700 3.490394 3.490394 3.490394 0.322042 0.322042 0.322042
40800 3.490394 3.490394 3.490394 0.322042 0.322042 0.322042
40900 3.490394 3.490394 3.490394 0.322042 0.322042 0.322042
41000 3.490394 3.490394 3.490394 0.322042 0.322042 0.322042
41100 3.490394 3.490394 3.490394 0.322042 0.322042 0.322042
41200 3.490394 3.490394 3.490394 0.322042 0.322042 0.322042
41300 3.490394 3.490394 3.490394 0.322042 0.322042 0.322042
41400 3.490394 3.490394 3.490394 0.322042 0.322042 0.322042
41500 3.490394 3.490394 3.490394 0.322042 0.322042 0.322042
41600 3.490394 3.490394 3.490394 0.322042 0.322042 0.322042
41700 3.490394 3.490394 3.490394 0.322042 0.322042 0.322042
41800 3.490394 3.490394 3.490394 0.322042 0.322042 0.322042
41900 3.490394 3.490394 3.490394 0.322042 0.322042 0.322042
42000 3.490394 3.490394 3.490394 0.322042 0.322042 0.322042
42100 3.490394 3.490394 3.490394 0.322042 0.322042 0.322042
42200 3.490394 3.490394 3.490394 0.322042 0.322042 0.322042
42300 3.490394 3.490394 3.490394 0.322042 0.322042 0.322042
42400 3.490394 3.490394 3.490394 0.322042 0.322042 0.322042
42500 3.490394 3.490394 3.490394 0.322042 0.322042 0.322042
42600 3.490394 3.490394 3.490394 0.322042 0.322042 0.322042
42700 3.490394 3.490394 3.490394 0.322042 0.322042 0.322042
42800 3.490394 3.490394 3.490394 0.322042 0.322042 0.322042
42900 3.490394 3.490394 3.490394 0.322042 0.322042 0.322042
43000 3.490394 3.490394 3.490394 0.322042 0.322042 0.322042
43100 3.490394 3.490394 3.490394 0.322042 0.322042 0.322042
43200 3.490394 3.490394 3.490394 0.322042 0.322042 0.322042
43300 3.490394 3.490394 3.490394 0.322042 0.322042 0.322042
43400 3.490394 3.490394 3.490394 0.322042 0.322042 0.322042
43500 3.490394 3.490394 3.490394 0.322042 0.322042 0.322042
43600 3.490394 3.490394 3.490394 0.322042 0.322042 0.322042
43700 3.490394 3.490394 3.490394 0.322042 0.322042 0.322042
43800 3.490394 3.490394 3.490394 0.322042 0.322042 0.322042
43900 3.490394 3.490394 3.490394 0.322042 0.322042 0.322042
44000 3.490394 3.490394 3.490394 0.322042 0.322042 0.322042
44100 3.490394 3.490394 3.490394 0.322042 0.322042 0.322042
44200 3.490394 3.490394 3.490394 0.322042 0.322042 0.322042
44300 3.490394 3.490394 3.490394 0.322042 0.322042 0.322042
44400 3.490394 3.490394 3.490394 0.322042 0.322042 0.322042
44500 3.490394 3.490394 3.490394 0.322042 0.322042 0.322042
44600 3.490394 3.490394 3.490394 0.322042 0.322042 0.322042
44700 3.490394 3.490394 3.490394 0.322042 0.322042 0.322042
44800 3.490394 3.490394 3.490394 0.322042 0.322042 0.322042
44900 3.490394 3.490394 3.490394 0.322042 0.322042 0.322042
45000 3.490394 3.490394 3.490394 0.322042 0.322042 0.322042
45100 3.490394 3.490394 3.490394 0.322042 0.322042 0.322042
45200 3.490394 3.490394 3.490394 0.322042 0.322042 0.322042
45300 3.490394 3.490394 3.490394 0.322042 0.322042 0.322042
45400 3.490394 3.490394 3.490394 0.322042 0.322042 0.322042
45500 3.490394 3.490394 3.490394 0.322042 0.322042 0.322042
45600 3.490394 3.490394 3.490394 0.322042 0.322042 0.322042
45700 3.490394 3.490394 3.490394 0.322042 0.322042 0.322042
45800 3.490394 3.490394 3.490394 0.322042 0.322042 0.322042
45900 3.490394 3.490394 3.490394 0.322042 0.322042 0.322042
46000 3.490394 3.490394 3.490394 0.322042 0.322042 0.322042
46100 3.490394 3.490394 3.490394 0.322042 0.322042 0.322042
46200 3.490394 3.490394 3.490394 0.322042 0.322042 0.322042
46300 3.490394 3.490394 3.490394 0.322042 0.322042 0.322042
46400 3.490394 3.490394 3.490394 0.322042 0.322042 0.322042
46500 3.490394 3.490394 3.490394 0.322042 0.322042 0.322042
46600 3.490394 3.490394 3.490394 0.322042 0.322042 0.322042
46700 3.490394 3.490394 3.490394 0.322042 0.322042 0.322042
46800 3.490394 3.490394 3.490394 0.322042 0.322042 0.322042
46900 3.490394 3.490394 3.490394 0.322042 0.322042 0.322042
47000 3.490394 3.490394 3.490394 0.322042 0.322042 0.322042
47100 3.490394 3.490394 3.490394 0.322042 0.322042 0.322042
47200 3.490394 3.490394 3.490394 0.322042 0.322042 0.322042
47300 3.490394 3.490394 3.490394 0.322042 0.322042 0.322042
47400 3.490394 3.490394 3.490394 0.322042 0.322042 0.322042
47500 3.490394 3.490394 3.490394 0.322042 0.322042 0.322042
47600 3.490394 3.490394 3.490394 0.322042 0.322042 0.322042
47700 3.490394 3.490394 3.490394 0.322042 0.322042 0.322042
47800 3.490394 3.490394 3.490394 0.322042 0.322042 0.322042
47900 3.490394 3.490394 3.490394 0.322042 0.322042 0.322042
48000 3.490394 3.490394 3.490394 0.322042 0.322042 0.322042
48100 3.490394 3.490394 3.490394 0.322042 0.322042 0.322042
48200 3.490394 3.490394 3.490394 0.322042 0.322042 0.322042
48300 3.490394 3.490394 3.490394 0.322042 0.322042 0.322042
48400 3.490394 3.490394 3.490394 0.322042 0.322042 0.322042
48500 3.490394 3.490394 3.490394 0.322042 0.322042 0.322042
48600 3.490394 3.490394 3.490394 0.322042 0.322042 0.322042
48700 3.490394 3.490394 3.490394 0.322042 0.322042 0.322042
48800 3.490394 3.490394 3.490394 0.322042 0.322042 0.322042
48900 3.490394 3.490394 3.490394 0.322042 0.322042 0.322042
49000 3.490394 3.490394 3.490394 0.322042 0.322042 0.322042
49100 3.490394 3.490394 3.490394 0.322042 0.322042 0.322042
49200 3.490394 3.490394 3.490394 0.322042 0.322042 0.322042
49300 3.490394 3.490394 3.490394 0.322042 0.322042 0.322042
49400 3.490394 3.490394 3.490394 0.322042 0.322042 0.322042
49500 3.490394 3.490394 3.490394 0.322042 0.322042 0.322042
49600 3.490394 3.490394 3.490394 0.322042 0.322042 0.322042
49700 3.490394 3.490394 3.490394 0.322042 0.322042 0.322042
49800 3.490394 3.490394 3.490394 0.322042 0.322042 0.322042
49900 3.490394 3.490394 3.490394 0.322042 0.322042 0.322042
50000 3.490394 3.490394 3.490394 0.322042 0.322042 0.322042
50100 3.490394 3.490394 3.490394 0.322042 0.322042 0.322042
50200 3.490394 3.490394 3.490394 0.322042 0.322042 0.322042
50300 3.490394 3.490394 3.490394 0.322042 0.322042 0.322042
50400 3.490394 3.490394 3.490394 0.322042 0.322042 0.322042
50500 3.490394 3.490394 3.490394 0.322042 0.322042 0.322042
50600 3.490394 3.490394 3.490394 0.322042 0.322042 0.322042
50700 3.490394 3.490394 3.490394 0.322042 0.322042 0.322042
50800 3.490394 3.490394 3.490394 0.322042 0.322042 0.322042
50900 3.490394 3.490394 3.490394 0.322042 0.322042 0.322042
51000 3.490394 3.490394 3.490394 0.322042 0.322042 0.322042
51100 3.490394 3.490394 3.490394 0.322042 0.322042 0.322042
51200 3.490394 3.490394 3.490394 0.322042 0.322042 0.322042
51300 3.490394 3.490394 3.490394 0.322042 0.322042 0.322042
51400 3.490394 3.490394 3.490394 0.322042 0.322042 0.322042
51500 3.490394 3.490394 3.490394 0.322042 0.322042 0.322042
51600 3.490394 3.490394 3.490394 0.322042 0.322042 0.322042
51700 3.490394 3.490394 3.490394 0.322042 0.322042 0.322042
51800 3.490394 3.490394 3.490394 0.322042 0.322042 0.322042
51900 3.490394 3.490394 3.490394 0.322042 0.322042 0.322042
52000 3.490394 3.490394 3.490394 0.322042 0.322042 0.322042
52100 3.490394 3.490394 3.490394 0.322042 0.322042 0.322042
52200 3.490394 3.490394 3.490394 0.322042 0.322042 0.322042
52300 3.490394 3.490394 3.490394 0.322042 0.322042 0.322042
52400 3.490394 3.490394 3.490394 0.322042 0.322042 0.322042
52500 3.490394 3.490394 3.490394 0.322042 0.322042 0.322042
52600 3.490394 3.490394 3.490394 0.322042 0.322042 0.322042
52700 3.490394 3.490394 3.490394 0.322042 0.322042 0.322042
52800 3.490394 3.490394 3.490394 0.322042 0.322042 0.322042
52900 3.490394 3.490394 3.490394 0.322042 0.322042 0.322042
53000 3.490394 3.490394 3.490394 0.322042 0.322042 0.322042
53100 3.490394 3.490394 3.490394 0.322042 0.322042 0.322042
53200 3.490394 3.490394 3.490394 0.322042 0.322042 0.322042
53300 3.490394 3.490394 3.490394 0.322042 0.322042 0.322042
53400 3.490394 3.490394 3.490394 0.322042 0.322042 0.322042
53500 3.490394 3.490394 3.490394 0.322042 0.322042 0.322042
53600 3.490394 3.490394 3.490394 0.322042 0.322042 0.322042
53700 3.490394 3.490394 3.490394 0.322042 0.322042 0.322042
53800 3.490394 3.490394 3.490394 0.322042 0.322042 0.322042
53900 3.490394 3.490394 3.490394 0.322042 0.322042 0.322042
54000 3.490394 3.490394 3.490394 0.322042 0.322042 0.322042
54100 3.490394 3.490394 3.490394 0.322042 0.322042 0.322042
54200 3.490394 3.490394 3.490394 0.322042 0.322042 0.322042
54300 3.490394 3.490394 3.490394 0.322042 0.322042 0.322042
54400 3.490394 3.490394 3.490394 0.322042 0.322042 0.322042
54500 3.490394 3.490394 3.490394 0.322042 0.322042 0.322042
54600 3.490394 3.490394 3.490394 0.322042 0.322042 0.322042
54700 3.490394 3.490394 3.490394 0.322042 0.322042 0.322042
54800 3.490394 3.490394 3.490394 0.322042 0.322042 0.322042
54900 3.490394 3.490394 3.490394 0.322042 0.322042 0.322042
55000 3.490394 3.490394 3.490394 0.322042 0.322042 0.322042
55100 3.490394 3.490394 3.490394 0.322042 0.322042 0.322042
55200 3.490394 3.490394 3.490394 0.322042 0.322042 0.322042
55300 3.490394 3.490394 3.490394 0.322042 0.322042 0.322042
55400 3.490394 3.490394 3.490394 0.322042 0.322042 0.322042
55500 3.490394 3.490394 3.490394 0.322042 0.322042 0.322042
55600 3.490394 3.490394 3.490394 0.322042 0.322042 0.322042
55700 3.490394 3.490394 3.490394 0.322042 0.322042 0.322042
55800 3.490394 3.490394 3.490394 0.322042 0.322042 0.322042
55900 3.490394 3.490394 3.490394 0.322042 0.322042 0.322042
56000 3.490394 3.490394 3.490394 0.322042 0.322042 0.322042
56100 3.490394 3.490394 3.490394 0.322042 0.322042 0.322042
56200 3.490394 3.490394 3.490394 0.322042 0.322042 0.322042
56300 3.490394 3.490394 3.490394 0.322042 0.322042 0.322042
56400 3.490394 3.490394 3.490394 0.322042 0.322042 0.322042
56500 3.490394 3.490394 3.490394 0.322042 0.322042 0.322042
56600 3.490394 3.490394 3.490394 0.322042 0.322042 0.322042
56700 3.490394 3.490394 3.490394 0.322042 0.322042 0.322042
56800 3.490394 3.490394 3.490394 0.322042 0.322042 0.322042
56900 3.490394 3.490394 3.490394 0.322042 0.322042 0.322042
57000 3.490394 3.490394 3.490394 0.322042 0.322042 0.322042
57100 3.490394 3.490394 3.490394 0.322042 0.322042 0.322042
57200 3.490394 3.490394 3.490394 0.322042 0.322042 0.322042
57300 3.490394 3.490394 3.490394 0.322042 0.322042 0.322042
57400 3.490394 3.490394 3.490394 0.322042 0.322042 0.322042
57500 3.490394 3.490394 3.490394 0.322042 0.322042 0.322042
57600 3.490394 3.490394 3.490394 0.322042 0.322042 0.322042
57700 3.490394 3.490394 3.490394 0.322042 0.322042 0.322042
57800 3.490394 3.490394 3.490394 0.322042 0.322042 0.322042
57900 3.490394 3.490394 3.490394 0.322042 0.322042 0.322042
58000 3.490394 3.490394 3.490394 0.322042 0.322042 0.322042
58100 3.490394 3.490394 3.490394 0.322042 0.322042 0.322042
58200 3.490394 3.490394 3.490394 0.322042 0.322042 0.322042
58300 3.490394 3.490394 3.490394 0.322042 0.322042 0.322042
58400 3.490394 3.490394 3.490394 0.322042 0.322042 0.322042
58500 3.490394 3.490394 3.490394 0.322042 0.322042 0.322042
58600 3.490394 3.490394 3.490394 0.322042 0.322042 0.322042
58700 3.490394 3.490394 3.490394 0.322042 0.322042 0.322042
58800 3.490394 3.490394 3.490394 0.322042 0.322042 0.322042
58900 3.490394 3.490394 3.490394 0.322042 0.322042 0.322042
59000 3.490394 3.490394 3.490394 0.322042 0.322042 0.322042
59100 3.490394 3.490394 3.490394 0.322042 0.322042 0.322042
59200 3.490394 3.490394 3.490394 0.322042 0.322042 0.322042
59300 3.490394 3.490394 3.490394 0.322042 0.322042 0.322042
59400 3.490394 3.490394 3.490394 0.322042 0.322042 0.322042
59500 3.490394 3.490394 3.490394 0.322042 0.322042 0.322042
59600 3.490394 3.490394 3.490394 0.322042 0.322042 0.322042
59700 3.490394 3.490394 3.490394 0.322042 0.322042 0.322042
59800 3.490394 3.490394 3.490394 0.322042 0.322042 0.322042
59900 3.490394 3.490394 3.490394 0.322042 0.322042 0.322042
60000 3.490394 3.490394 3.490394 0.322042 0.322042 0.322042
60100 3.490394 3.490394 3.490394 0.322042 0.322042 0.322042
60200 3.490394 3.490394 3.490394 0.322042 0.322042 0.322042
60300 3.490394 3.490394 3.490394 0.322042 0.322042 0.322042
60400 3.490394 3.490394 3.490394 0.322042 0.322042 0.322042
60500 3.490394 3.490394 3.490394 0.322042 0.322042 0.322042
60600 3.490394 3.490394 3.490394 0.322042 0.322042 0.322042
60700 3.490394 3.490394 3.490394 0.322042 0.322042 0.322042
60800 3.490394 3.490394 3.490394 0.322042 0.322042 0.322042
60900 3.490394 3.490394 3.490394 0.322042 0.322042 0.322042
61000 3.490394 3.490394 3.490394 0.322042 0.322042 0.322042
61100 3.490394 3.490394 3.490394 0.322042 0.322042 0.322042
61200 3.490394 3.490394 3.490394 0.322042 0.322042 0.322042
61300 3.490394 3.490394 3.490394 0.322042 0.322042 0.322042
61400 3.490394 3.490394 3.490394 0.322042 0.322042 0.322042
61500 3.490394 3.490394 3.490394 0.322042 0.322042 0.322042
61600 3.490394 3.490394 3.490394 0.322042 0.322042 0.322042
61700 3.490394 3.490394 3.490394 0.322042 0.322042 0.322042
61800 3.490394 3.490394 3.490394 0.322042 0.322042 0.322042
61900 3.490394 3.490394 3.490394 0.322042 0.322042 0.322042
62000 3.490394 3.490394 3.490394 0.322042 0.322042 0.322042
62100 3.490394 3.490394 3.490394 0.322042 0.322042 0.322042
62200 3.490394 3.490394 3.490394 0.322042 0.322042 0.322042
62300 3.490394 3.490394 3.490394 0.322042 0.322042 0.322042
62400 3.490394 3.490394 3.490394 0.322042 0.322042 0.322042
62500 3.490394 3.490394 3.490394 0.322042 0.322042 0.322042
62600 3.490394 3.490394 3.490394 0.322042 0.322042 0.322042
62700 3.490394 3.490394 3.490394 0.322042 0.322042 0.322042
62800 3.490394 3.490394 3.490394 0.322042 0.322042 0.322042
62900 3.490394 3.490394 3.490394 0.322042 0.322042 0.322042
63000 3.490394 3.490394 3.490394 0.322042 0.322042 0.322042
63100 3.490394 3.490394 3.490394 0.322042 0.322042 0.322042
63200 3.490394 3.490394 3.490394 0.322042 0.322042 0.322042
63300 3.490394 3.490394 3.490394 0.322042 0.322042 0.322042
63400 3.490394 3.490394 3.490394 0.322042 0.322042 0.322042
63500 3.490394 3.490394 3.490394 0.322042 0.322042 0.322042
63600 3.490394 3.490394 3.490394 0.322042 0.322042 0.322042
63700 3.490394 3.490394 3.490394 0.322042 0.322042 0.322042
63800 3.490394 3.490394 3.490394 0.322042 0.322042 0.322042
63900 3.490394 3.490394 3.490394 0.322042 0.322042 0.322042
64000 3.490394 3.490394 3.490394 0.322042 0.322042 0.322042
64100 3.490394 3.490394 3.490394 0.322042 0.322042 0.322042
64200 3.490394 3.490394 3.490394 0.322042 0.322042 0.322042
64300 3.490394 3.490394 3.490394 0.322042 0.322042 0.322042
64400 3.490394 3.490394 3.490394 0.322042 0.322042 0.322042
64500 3.490394 3.490394 3.490394 0.322042 0.322042 0.322042
64600 3.490394 3.490394 3.490394 0.322042 0.322042 0.322042
64700 3.490394 3.490394 3.490394 0.322042 0.322042 0.322042
64800 3.490394 3.490394 3.490394 0.322042 0.322042 0.322042
64900 3.490394 3.490394 3.490394 0.322042 0.322042 0.322042
65000 3.490394 3.490394 3.490394 0.322042 0.322042 0.322042
65100 3.490394 3.490394 3.490394 0.322042 0.322042 0.322042
65200 3.490394 3.490394 3.490394 0.322042 0.322042 0.322042
65300 3.490394 3.490394 3.490394 0.322042 0.322042 0.322042
65400 3.490394 3.490394 3.490394 0.322042 0.322042 0.322042
65500 3.490394 3.490394 3.490394 0.322042 0.322042 0.322042
65600 3.490394 3.490394 3.490394 0.322042 0.322042 0.322042
65700 3.490394 3.490394 3.490394 0.322042 0.322042 0.322042
65800 3.490394 3.490394 3.490394 0.322042 0.322042 0.322042
65900 3.490394 3.490394 3.490394 0.322042 0.322042 0.322042
66000 3.490394 3.490394 3.490394 0.322042 0.322042 0.322042
66100 3.490394 3.490394 3.490394 0.322042 0.322042 0.322042
66200 3.490394 3.490394 3.490394 0.322042 0.322042 0.322042
66300 3.490394 3.490394 3.490394 0.322042 0.322042 0.322042
66400 3.490394 3.490394 3.490394 0.322042 0.322042 0.322042
66500 3.490394 3.490394 3.490394 0.322042 0.322042 0.322042
66600 3.490394 3.490394 3.490394 0.322042 0.322042 0.322042
66700 3.490394 3.490394 3.490394 0.322042 0.322042 0.322042
66800 3.490394 3.490394 3.490394 0.322042 0.322042 0.322042
66900 3.490394 3.490394 3.490394 0.322042 0.322042 0.322042
67000 3.490394 3.490394 3.490394 0.322042 0.322042 0.322042
67100 3.490394 3.490394 3.490394 0.322042 0.322042 0.322042
67200 3.490394 3.490394 3.490394 0.322042 0.322042 0.322042
67300 3.490394 3.490394 3.490394 0.322042 0.322042 0.322042
67400 3.490394 3.490394 3.490394 0.322042 0.322042 0.322042
67500 3.490394 3.490394 3.490394 0.322042 0.322042 0.322042
67600 3.490394 3.490394 3.490394 0.322042 0.322042 0.322042
67700 3.490394 3.490394 3.490394 0.322042 0.322042 0.322042
67800 3.490394 3.490394 3.490394 0.322042 0.322042 0.322042
67900 3.490394 3.490394 3.490394 0.322042 0.322042 0.322042
68000 3.490394 3.490394 3.490394 0.322042 0.322042 0.322042
68100 3.490394 3.490394 3.490394 0.322042 0.322042 0.322042
68200 3.490394 3.490394 3.490394 0.322042 0.322042 0.322042
68300 3.490394 3.490394 3.490394 0.322042 0.322042 0.322042
68400 3.490394 3.490394 3.490394 0.322042 0.322042 0.322042
68500 3.490394 3.490394 3.490394 0.322042 0.322042 0.322042
68600 3.490394 3.490394 3.490394 0.322042 0.322042 0.322042
68700 3.490394 3.490394 3.490394 0.322042 0.322042 0.322042
68800 3.490394 3.490394 3.490394 0.322042 0.322042 0.322042
68900 3.490394 3.490394 3.490394 0.322042 0.322042 0.322042
69000 3.490394 3.490394 3.490394 0.322042 0.322042 0.322042
69100 3.490394 3.490394 3.490394 0.322042 0.322042 0.322042
69200 3.490394 3.490394 3.490394 0.322042 0.322042 0.322042
69300 3.490394 3.490394 3.490394 0.322042 0.322042 0.322042
69400 3.490394 3.490394 3.490394 0.322042 0.322042 0.322042
69500 3.490394 3.490394 3.490394 0.322042 0.322042 0.322042
69600 3.490394 3.490394 3.490394 0.322042 0.322042 0.322042
69700 3.490394 3.490394 3.490394 0.322042 0.322042 0.322042
69800 3.490394 3.490394 3.490394 0.322042 0.322042 0.322042
69900 3.490394 3.490394 3.490394 0.322042 0.322042 0.322042
70000 3.490394 3.490394 3.490394 0.322042 0.322042 0.322042
70100 3.490394 3.490394 3.490394 0.322042 0.322042 0.322042
70200 3.490394 3.490394 3.490394 0.322042 0.322042 0.322042
70300 3.490394 3.490394 3.490394 0.322042 0.322042 0.322042
70400 3.490394 3.490394 3.490394 0.322042 0.322042 0.322042
70500 3.490394 3.490394 3.490394 0.322042 0.322042 0.322042
70600 3.490394 3.490394 3.490394 0.322042 0.322042 0.322042
70700 3.490394 3.490394 3.490394 0.322042 0.322042 0.322042
70800 3.490394 3.490394 3.490394 0.322042 0.322042 0.322042
70900 3.490394 3.490394 3.490394 0.322042 0.322042 0.322042
71000 3.490394 3.490394 3.490394 0.322042 0.322042 0.322042
71100 3.490394 3.490394 3.490394 0.322042 0.322042 0.322042
71200 3.490394 3.490394 3.490394 0.322042 0.322042 0.322042
71300 3.490394 3.490394 3.490394 0.322042 0.322042 0.322042
71400 3.490394 3.490394 3.490394 0.322042 0.322042 0.322042
71500 3.490394 3.490394 3.490394 0.322042 0.322042 0.322042
71600 3.490394 3.490394 3.490394 0.322042 0.322042 0.322042
71700 3.490394 3.490394 3.490394 0.322042 0.322042 0.322042
71800 3.490394 3.490394 3.490394 0.322042 0.322042 0.322042
71900 3.490394 3.490394 3.490394 0.322042 0.322042 0.322042
72000 3.490394 3.490394 3.490394 0.322042 0.322042 0.322042
72100 3.490394 3.490394 3.490394 0.322042 0.322042 0.322042
72200 3.490394 3.490394 3.490394 0.322042 0.322042 0.322042
72300 3.490394 3.490394 3.490394 0.322042 0.322042 0.322042
72400 3.490394 3.490394 3.490394 0.322042 0.322042 0.322042
72500 3.490394 3.490394 3.490394 0.322042 0.322042 0.322042
72600 3.490394 3.490394 3.490394 0.322042 0.322042 0.322042
72700 3.490394 3.490394 3.490394 0.322042 0.322042 0.322042
72800 3.490394 3.490394 3.490394 0.322042 0.322042 0.322042
72900 3.490394 3.490394 3.490394 0.322042 0.322042 0.322042
73000 3.490394 3.490394 3.490394 0.322042 0.322042 0.322042
73100 3.490394 3.490394 3.490394 0.322042 0.322042 0.322042
73200 3.490394 3.490394 3.490394 0.322042 0.322042 0.322042
73300 3.490394 3.490394 3.490394 0.322042 0.322042 0.322042
73400 3.490394 3.490394 3.490394 0.322042 0.322042 0.322042
73500 3.490394 3.490394 3.490394 0.322042 0.322042 0.322042
73600 3.490394 3.490394 3.490394 0.322042 0.322042 0.322042
73700 3.490394 3.490394 3.490394 0.322042 0.322042 0.322042
73800 3.490394 3.490394 3.490394 0.322042 0.322042 0.322042
73900 3.490394 3.490394 3.490394 0.322042 0.322042 0.322042
74000 3.490394 3.490394 3.490394 0.322042 0.322042 0.322042
74100 3.490394 3.490394 3.490394 0.322042 0.322042 0.322042
74200 3.490394 3.490394 3.490394 0.322042 0.322042 0.322042
74300 3.490394 3.490394 3.490394 0.322042 0.322042 0.322042
74400 3.490394 3.490394 3.490394 0.322042 0.322042 0.322042
74500 3.490394 3.490394 3.490394 0.322042 0.322042 0.322042
74600 3.490394 3.490394 3.490394 0.322042 0.322042 0.322042
74700 3.490394 3.490394 3.490394 0.322042 0.322042 0.322042
74800 3.490394 3.490394 3.490394 0.322042 0.322042 0.322042
74900 3.490394 3.490394 3.490394 0.322042 0.322042 0.322042
75000 3.490394 3.490394 3.490394 0.322042 0.322042 0.322042
75100 3.490394 3.490394 3.490394 0.322042 0.322042 0.322042
75200 3.490394 3.490394 3.490394 0.322042 0.322042 0.322042
75300 3.490394 3.490394 3.490394 0.322042 0.322042 0.322042
75400 3.490394 3.490394 3.490394 0.322042 0.322042 0.322042
75500 3.490394 3.490394 3.490394 0.322042 0.322042 0.322042
75600 3.490394 3.490394 3.490394 0.322042 0.322042 0.322042
75700 3.490394 3.490394 3.490394 0.322042 0.322042 0.322042
75800 3.490394 3.490394 3.490394 0.322042 0.322042 0.322042
75900 3.490394 3.490394 3.490394 0.322042 0.322042 0.322042
76000 3.490394 3.490394 3.490394 0.322042 0.322042 0.322042
76100 3.490394 3.490394 3.490394 0.322042 0.322042 0.322042
76200 3.490394 3.490394 3.490394 0.322042 0.322042 0.322042
76300 3.490394 3.490394 3.490394 0.322042 0.322042 0.322042
76400 3.490394 3.490394 3.490394 0.322042 0.322042 0.322042
76500 3.490394 3.490394 3.490394 0.322042 0.322042 0.322042
76600 3.490394 3.490394 3.490394 0.322042 0.322042 0.322042
76700 3.490394 3.490394 3.490394 0.322042 0.322042 0.322042
76800 3.490394 3.490394 3.490394 0.322042 0.322042 0.322042
76900 3.490394 3.490394 3.490394 0.322042 0.322042 0.322042
77000 3.490394 3.490394 3.490394 0.322042 0.322042 0.322042
77100 3.490394 3.490394 3.490394 0.322042 0.322042 0.322042
77200 3.490394 3.490394 3.490394 0.322042 0.322042 0.322042
77300 3.490394 3.490394 3.490394 0.322042 0.322042 0.322042
77400 3.490394 3.490394 3.490394 0.322042 0.322042 0.322042
77500 3.490394 3.490394 3.490394 0.322042 0.322042 0.322042
77600 3.490394 3.490394 3.490394 0.322042 0.322042 0.322042
77700 3.490394 3.490394 3.490394 0.322042 0.322042 0.322042
77800 3.490394 3.490394 3.490394 0.322042 0.322042 0.322042
77900 3.490394 3.490394 3.490394 0.322042 0.322042 0.322042
78000 3.490394 3.490394 3.490394 0.322042 0.322042 0.322042
78100 3.490394 3.490394 3.490394 0.322042 0.322042 0.322042
78200 3.490394 3.490394 3.490394 0.322042 0.322042 0.322042
78300 3.490394 3.490394 3.490394 0.322042 0.322042 0.322042
78400 3.490394 3.490394 3.490394 0.322042 0.322042 0.322042
78500 3.490394 3.490394 3.490394 0.322042 0.322042 0.322042
78600 3.490394 3.490394 3.490394 0.322042 0.322042 0.322042
78700 3.490394 3.490394 3.490394 0.322042 0.322042 0.322042
78800 3.490394 3.490394 3.490394 0.322042 0.322042 0.322042
78900 3.490394 3.490394 3.490394 0.322042 0.322042 0.322042
79000 3.490394 3.490394 3.490394 0.322042 0.322042 0.322042
79100 3.490394 3.490394 3.490394 0.322042 0.322042 0.322042
79200 3.490394 3.490394 3.490394 0.322042 0.322042 0.322042
79300 3.490394 3.490394 3.490394 0.322042 0.322042 0.322042
79400 3.490394 3.490394 3.490394 0.322042 0.322042 0.322042
79500 3.490394 3.490394 3.490394 0.322042 0.322042 0.322042
79600 3.490394 3.490394 3.490394 0.322042 0.322042 0.322042
79700 3.490394 3.490394 3.490394 0.322042 0.322042 0.322042
79800 3.490394 3.490394 3.490394 0.322042 0.322042 0.322042
79900 3.490394 3.490394 3.490394 0.322042 0.322042 0.322042
80000 3.490394 3.490394 3.490394 0.322042 0.322042 0.322042
80100 3.490394 3.490394 3.490394 0.322042 0.322042 0.322042
80200 3.490394 3.490394 3.490394 0.322042 0.322042 0.322042
80300 3.490394 3.490394 3.490394 0.322042 0.322042 0.322042
80400 3.490394 3.490394 3.490394 0.322042 0.322042 0.322042
80500 3.490394 3.490394 3.490394 0.322042 0.322042 0.322042
80600 3.490394 3.490394 3.490394 0.322042 0.322042 0.322042
80700 3.490394 3.490394 3.490394 0.322042 0.322042 0.322042
80800 3.490394 3.490394 3.490394 0.322042 0.322042 0.322042
80900 3.490394 3.490394 3.490394 0.322042 0.322042 0.322042
81000 3.490394 3.490394 3.490394 0.322042 0.322042 0.322042
81100 3.490394 3.490394 3.490394 0.322042 0.322042 0.322042
81200 3.490394 3.490394 3.490394 0.322042 0.322042 0.322042
81300 3.490394 3.490394 3.490394 0.322042 0.322042 0.322042
81400 3.490394 3.490394 3.490394 0.322042 0.322042 0.322042
81500 3.490394 3.490394 3.490394 0.322042 0.322042 0.322042
81600 3.490394 3.490394 3.490394 0.322042 0.322042 0.322042
81700 3.490394 3.490394 3.490394 0.322042 0.322042 0.322042
81800 3.490394 3.490394 3.490394 0.322042 0.322042 0.322042
81900 3.490394 3.490394 3.490394 0.322042 0.322042 0.322042
82000 3.490394 3.490394 3.490394 0.322042 0.322042 0.322042
82100 3.490394 3.490394 3.490394 0.322042 0.322042 0.322042
82200 3.490394 3.490394 3.490394 0.322042 0.322042 0.322042
82300 3.490394 3.490394 3.490394 0.322042 0.322042 0.322042
82400 3.490394 3.490394 3.490394 0.322042 0.322042 0.322042
82500 3.490394 3.490394 3.490394 0.322042 0.322042 0.322042
82600 3.490394 3.490394 3.490394 0.322042 0.322042 0.322042
82700 3.490394 3.490394 3.490394 0.322042 0.322042 0.322042
82800 3.490394 3.490394 3.490394 0.322042 0.322042 0.322042
82900 3.490394 3.490394 3.490394 0.322042 0.322042 0.322042
83000 3.490394 3.490394 3.490394 0.322042 0.322042 0.322042
83100 3.490394 3.490394 3.490394 0.322042 0.322042 0.322042
83200 3.490394 3.490394 3.490394 0.322042 0.322042 0.322042
83300 3.490394 3.490394 3.490394 0.322042 0.322042 0.322042
83400 3.490394 3.490394 3.490394 0.322042 0.322042 0.322042
83500 3.490394 3.490394 3.490394 0.322042 0.322042 0.322042
83600 3.490394 3.490394 3.490394 0.322042 0.322042 0.322042
83700 3.490394 3.490394 3.490394 0.322042 0.322042 0.322042
83800 3.490394 3.490394 3.490394 0.322042 0.322042 0.322042
83900 3.490394 3.490394 3.490394 0.322042 0.322042 0.322042
84000 3.490394 3.490394 3.490394 0.322042 0.322042 0.322042
84100 3.490394 3.490394 3.490394 0.322042 0.322042 0.322042
84200 3.490394 3.490394 3.490394 0.322042 0.322042 0.322042
84300 3.490394 3.490394 3.490394 0.322042 0.322042 0.322042
84400 3.490394 3.490394 3.490394 0.322042 0.322042 0.322042
84500 3.490394 3.490394 3.490394 0.322042 0.322042 0.322042
84600 3.490394 3.490394 3.490394 0.322042 0.322042 0.322042
84700 3.490394 3.490394 3.490394 0.322042 0.322042 0.322042
84800 3.490394 3.490394 3.490394 0.322042 0.322042 0.322042
84900 3.490394 3.490394 3.490394 0.322042 0.322042 0.322042
85000 3.490394 3.490394 3.490394 0.322042 0.322042 0.322042
85100 3.490394 3.490394 3.490394 0.322042 0.322042 0.322042
85200 3.490394 3.490394 3.490394 0.322042 0.322042 0.322042
85300 3.490394 3.490394 3.490394 0.322042 0.322042 0.322042
85400 3.490394 3.490394 3.490394 0.322042 0.322042 0.322042
85500 3.490394 3.490394 3.490394 0.322042 0.322042 0.322042
85600 3.490394 3.490394 3.490394 0.322042 0.322042 0.322042
85700 3.490394 3.490394 3.490394 0.322042 0.322042 0.322042
85800 3.490394 3.490394 3.490394 0.322042 0.322042 0.322042
85900 3.490394 3.490394 3.490394 0.322042 0.322042 0.322042
86000 3.490394 3.490394 3.490394 0.322042 0.322042 0.322042
86100 3.490394 3.490394 3.490394 0.322042 0.322042 0.322042
86200 3.490394 3.490394 3.490394 0.322042 0.322042 0.322042
86300 3.490394 3.490394 3.490394 0.322042 0.322042 0.322042
86400 3.490394 3.490394 3.490394 0.322042 0.322042 0.322042
86500 3.490394 3.490394 3.490394 0.322042 0.322042 0.322042
86600 3.490394 3.490394 3.490394 0.322042 0.322042 0.322042
86700 3.490394 3.490394 3.490394 0.322042 0.322042 0.322042
86800 3.490394 3.490394 3.490394 0.322042 0.322042 0.322042
86900 3.490394 3.490394 3.490394 0.322042 0.322042 0.322042
87000 3.490394 3.490394 3.490394 0.322042 0.322042 0.322042
87100 3.490394 3.490394 3.490394 0.322042 0.322042 0.322042
87200 3.490394 3.490394 3.490394 0.322042 0.322042 0.322042
87300 3.490394 3.490394 3.490394 0.322042 0.322042 0.322042
87400 3.490394 3.490394 3.490394 0.322042 0.322042 0.322042
87500 3.490394 3.490394 3.490394 0.322042 0.322042 0.322042
87600 3.490394 3.490394 3.490394 0.322042 0.322042 0.322042
87700 3.490394 3.490394 3.490394 0.322042 0.322042 0.322042
87800 3.490394 3.490394 3.490394 0.322042 0.322042 0.322042
87900 3.490394 3.490394 3.490394 0.322042 0.322042 0.322042
88000 3.490394 3.490394 3.490394 0.322042 0.322042 0.322042
88100 3.490394 3.490394 3.490394 0.322042 0.322042 0.322042
88200 3.490394 3.490394 3.490394 0.322042 0.322042 0.322042
88300 3.490394 3.490394 3.490394 0.322042 0.322042 0.322042
88400 3.490394 3.490394 3.490394 0.322042 0.322042 0.322042
88500 3.490394 3.490394 3.490394 0.322042 0.322042 0.322042
88600 3.490394 3.490394 3.490394 0.322042 0.322042 0.322042
88700 3.490394 3.490394 3.490394 0.322042 0.322042 0.322042
88800 3.490394 3.490394 3.490394 0.322042 0.322042 0.322042
88900 3.490394 3.490394 3.490394 0.322042 0.322042 0.322042
89000 3.490394 3.490394 3.490394 0.322042 0.322042 0.322042
89100 3.490394 3.490394 3.490394 0.322042 0.322042 0.322042
89200 3.490394 3.490394 3.490394 0.322042 0.322042 0.322042
89300 3.490394 3.490394 3.490394 0.322042 0.322042 0.322042
89400 3.490394 3.490394 3.490394 0.322042 0.322042 0.322042
89500 3.490394 3.490394 3.490394 0.322042 0.322042 0.322042
89600 3.490394 3.490394 3.490394 0.322042 0.322042 0.322042
89700 3.490394 3.490394 3.490394 0.322042 0.322042 0.322042
89800 3.490394 3.490394 3.490394 0.322042 0.322042 0.322042
89900 3.490394 3.490394 3.490394 0.322042 0.322042 0.322042
90000 3.490394 3.490394 3.490394 0.322042 0.322042 0.322042
90100 3.490394 3.490394 3.490394 0.322042 0.322042 0.322042
90200 3.490394 3.490394 3.490394 0.322042 0.322042 0.322042
90300 3.490394 3.490394 3.490394 0.322042 0.322042 0.322042
90400 3.490394 3.490394 3.490394 0.322042 0.322042 0.322042
90500 3.490394 3.490394 3.490394 0.322042 0.322042 0.322042
90600 3.490394 3.490394 3.490394 0.322042 0.322042 0.322042
90700 3.490394 3.490394 3.490394 0.322042 0.322042 0.322042
90800 3.490394 3.490394 3.490394 0.322042 0.322042 0.322042
90900 3.490394 3.490394 3.490394 0.322042 0.322042 0.322042
91000 3.490394 3.490394 3.490394 0.322042 0.322042 0.322042
91100 3.490394 3.490394 3.490394 0.322042 0.322042 0.322042
91200 3.490394 3.490394 3.490394 0.322042 0.322042 0.322042
91300 3.490394 3.490394 3.490394 0.322042 0.322042 0.322042
91400 3.490394 3.490394 3.490394 0.322042 0.322042 0.322042
91500 3.490394 3.490394 3.490394 0.322042 0.322042 0.322042
91600 3.490394 3.490394 3.490394 0.322042 0.322042 0.322042
91700 3.490394 3.490394 3.490394 0.322042 0.322042 0.322042
91800 3.490394 3.490394 3.490394 0.322042 0.322042 0.322042
91900 3.490394 3.490394 3.490394 0.322042 0.322042 0.322042
92000 3.490394 3.490394 3.490394 0.322042 0.322042 0.322042
92100 3.490394 3.490394 3.490394 0.322042 0.322042 0.322042
92200 3.490394 3.490394 3.490394 0.322042 0.322042 0.322042
92300 3.490394 3.490394 3.490394 0.322042 0.322042 0.322042
92400 3.490394 3.490394 3.490394 0.322042 0.322042 0.322042
92500 3.490394 3.490394 3.490394 0.322042 0.322042 0.322042
92600 3.490394 3.490394 3.490394 0.322042 0.322042 0.322042
92700 3.490394 3.490394 3.490394 0.322042 0.322042 0.322042
92800 3.490394 3.490394 3.490394 0.322042 0.322042 0.322042
92900 3.490394 3.490394 3.490394 0.322042 0.322042 0.322042
93000 3.490394 3.490394 3.490394 0.322042 0.322042 0.322042
93100 3.490394 3.490394 3.490394 0.322042 0.322042 0.322042
93200 3.490394 3.490394 3.490394 0.322042 0.322042 0.322042
93300 3.490394 3.490394 3.490394 0.322042 0.322042 0.322042
93400 3.490394 3.490394 3.490394 0.322042 0.322042 0.322042
93500 3.490394 3.490394 3.490394 0.322042 0.322042 0.322042
93600 3.490394 3.490394 3.490394 0.322042 0.322042 0.322042
93700 3.490394 3.490394 3.490394 0.322042 0.322042 0.322042
93800 3.490394 3.490394 3.490394 0.322042 0.322042 0.322042
93900 3.490394 3.490394 3.490394 0.322042 0.322042 0.322042
94000 3.490394 3.490394 3.490394 0.322042 0.322042 0.322042
94100 3.490394 3.490394 3.490394 0.322042 0.322042 0.322042
94200 3.490394 3.490394 3.490394 0.322042 0.322042 0.322042
94300 3.490394 3.490394 3.490394 0.322042 0.322042 0.322042
94400 3.490394 3.490394 3.490394 0.322042 0.322042 0.322042
94500 3.490394 3.490394 3.490394 0.322042 0.322042 0.322042
94600 3.490394 3.490394 3.490394 0.322042 0.322042 0.322042
94700 3.490394 3.490394 3.490394 0.322042 0.322042 0.322042
94800 3.490394 3.490394 3.490394 0.322042 0.322042 0.322042
94900 3.490394 3.490394 3.490394 0.322042 0.322042 0.322042
95000 3.490394 3.490394 3.490394 0.322042 0.322042 0.322042
95100 3.490394 3.490394 3.490394 0.322042 0.322042 0.322042
95200 3.490394 3.490394 3.490394 0.322042 0.322042 0.322042
95300 3.490394 3.490394 3.490394 0.322042 0.322042 0.322042
95400 3.490394 3.490394 3.490394 0.322042 0.322042 0.322042
95500 3.490394 3.490394 3.490394 0.322042 0.322042 0.322042
95600 3.490394 3.490394 3.490394 0.322042 0.322042 0.322042
95700 3.490394 3.490394 3.490394 0.322042 0.322042 0.322042
95800 3.490394 3.490394 3.490394 0.322042 0.322042 0.322042
95900 3.490394 3.490394 3.490394 0.322042 0.322042 0.322042
96000 3.490394 3.490394 3.490394 0.322042 0.322042 0.322042
96100 3.490394 3.490394 3.490394 0.322042 0.322042 0.322042
96200 3.490394 3.490394 3.490394 0.322042 0.322042 0.322042
96300 3.490394 3.490394 3.490394 0.322042 0.322042 0.322042
96400 3.490394 3.490394 3.490394 0.322042 0.322042 0.322042
96500 3.490394 3.490394 3.490394 0.322042 0.322042 0.322042
96600 3.490394 3.490394 3.490394 0.322042 0.322042 0.322042
96700 3.490394 3.490394 3.490394 0.322042 0.322042 0.322042
96800 3.490394 3.490394 3.490394 0.322042 0.322042 0.322042
96900 3.490394 3.490394 3.490394 0.322042 0.322042 0.322042
97000 3.490394 3.490394 3.490394 0.322042 0.322042 0.322042
97100 3.490394 3.490394 3.490394 0.322042 0.322042 0.322042
97200 3.490394 3.490394 3.490394 0.322042 0.322042 0.322042
97300 3.490394 3.490394 3.490394 0.322042 0.322042 0.322042
97400 3.490394 3.490394 3.490394 0.322042 0.322042 0.322042
97500 3.490394 3.490394 3.490394 0.322042 0.322042 0.322042
97600 3.490394 3.490394 3.490394 0.322042 0.322042 0.322042
97700 3.490394 3.490394 3.490394 0.322042 0.322042 0.322042
97800 3.490394 3.490394 3.490394 0.322042 0.322042 0.322042
97900 3.490394 3.490394 3.490394 0.322042 0.322042 0.322042
98000 3.490394 3.490394 3.490394 0.322042 0.322042 0.322042
98100 3.490394 3.490394 3.490394 0.322042 0.322042 0.322042
98200 3.490394 3.490394 3.490394 0.322042 0.322042 0.322042
98300 3.490394 3.490394 3.490394 0.322042 0.322042 0.322042
98400 3.490394 3.490394 3.490394 0.322042 0.322042 0.322042
98500 3.490394 3.490394 3.490394 0.322042 0.322042 0.322042
98600 3.490394 3.490394 3.490394 0.322042 0.322042 0.322042
98700 3.490394 3.490394 3.490394 0.322042 0.322042 0.322042
98800 3.490394 3.490394 3.490394 0.322042 0.322042 0.322042
98900 3.490394 3.490394 3.490394 0.322042 0.322042 0.322042
99000 3.490394 3.490394 3.490394 0.322042 0.322042 0.322042
99100 3.490394 3.490394 3.490394 0.322042 0.322042 0.322042
99200 3.490394 3.490394 3.490394 0.322042 0.322042 0.322042
99300 3.490394 3.490394 3.490394 0.322042 0.322042 0.322042
99400 3.490394 3.490394 3.490394 0.322042 0.322042 0.322042
99500 3.490394 3.490394 3.490394 0.322042 0.322042 0.322042
99600 3.490394 3.490394 3.490394 0.322042 0.322042 0.322042
99700 3.490394 3.490394 3.490394 0.322042 0.322042 0.322042
99800 3.490394 3.490394 3.490394 0.322042 0.322042 0.322042
99900 3.490394 3.490394 3.490394 0.322042 0.322042 0.322042
100000 3.490394 3.490394 3.490394 0.322042 0.322042 0.322042
