# generation power_min power_avg power_max util_min util_avg util_max
1 37.956768 37.956768 37.956768 1.463463 1.490852 1.499934
10 38.471869 38.471869 38.471869 1.249851 1.480360 1.499934
20 38.751302 38.751302 38.751302 1.156053 1.462990 1.499934
30 39.645720 39.645720 39.645720 1.066935 1.442639 1.499934
40 39.771108 39.771108 39.771108 1.066935 1.425104 1.499473
50 39.771108 39.771108 39.771108 1.066935 1.401441 1.499473
60 39.771108 39.771108 39.771108 1.066935 1.388233 1.499473
70 40.257706 40.257706 40.257706 1.066935 1.357238 1.498542
80 40.743245 40.743245 40.743245 1.025307 1.324307 1.498542
90 40.743245 40.743245 40.743245 1.017647 1.287097 1.498432
100 40.743245 40.643987 40.743245 0.990797 1.246447 1.484326
110 41.066026 40.860629 41.066026 0.973029 1.205555 1.462513
120 41.167536 40.885732 41.167536 0.953400 1.167711 1.409372
130 41.167536 40.824713 41.167536 0.953400 1.133956 1.338047
140 41.167536 40.826039 41.167536 0.953400 1.102695 1.289665
150 41.822024 40.856464 41.822024 0.894819 1.074739 1.246363
160 41.822024 40.802323 41.822024 0.894819 1.052175 1.218671
170 41.822024 40.803650 41.822024 0.894819 1.032897 1.156710
180 41.822024 40.775783 41.822024 0.884836 1.018110 1.123058
190 41.822024 40.754967 41.822024 0.884836 1.008469 1.083305
200 41.822024 40.706911 41.822024 0.884836 1.001076 1.068798
210 41.822024 40.671604 41.822024 0.884836 0.994738 1.050367
220 41.822024 40.651320 41.822024 0.884836 0.990484 1.022153
230 41.332487 40.595463 41.332487 0.938010 0.990407 1.019149
240 41.065581 40.531611 41.065581 0.940230 0.991149 1.008956
250 40.869648 40.455615 40.869648 0.940230 0.990927 1.008956
260 40.765659 40.405145 40.765659 0.963027 0.991629 1.006955
270 40.642246 40.361150 40.642246 0.963027 0.992375 1.006955
280 40.584073 40.309219 40.584073 0.963027 0.992734 1.006955
290 40.543681 40.262818 40.543681 0.963027 0.993394 1.006955
300 40.457986 40.227747 40.457986 0.963027 0.993882 1.006955
310 40.378891 40.191398 40.378891 0.963027 0.994053 1.006955
320 40.346973 40.145560 40.346973 0.963027 0.994147 1.004887
330 40.322380 40.098404 40.322380 0.963027 0.994724 1.004887
340 40.290841 40.048850 40.290841 0.969466 0.995045 1.004887
350 40.223298 40.010429 40.223298 0.978563 0.995579 1.004887
360 40.176767 39.961429 40.176767 0.972403 0.995179 1.003773
370 40.148325 39.908126 40.148325 0.972403 0.995919 1.003773
380 40.092268 39.869644 40.092268 0.972403 0.995837 1.004822
390 40.012878 39.830576 40.012878 0.971855 0.995285 1.004822
400 39.967101 39.808672 39.967101 0.971855 0.994646 1.005971
410 39.952343 39.782722 39.952343 0.971855 0.994493 1.005971
420 39.946246 39.761003 39.946246 0.971855 0.994526 1.005971
430 39.930675 39.723692 39.930675 0.966276 0.993856 1.005971
440 39.102751 39.674605 39.878202 0.966276 0.993879 1.005971
450 39.102751 39.642621 39.827818 0.966276 0.993643 1.005971
460 39.102751 39.609586 39.789757 0.966276 0.994032 1.005971
470 39.102751 39.572186 39.767108 0.966276 0.994353 1.005971
480 39.064295 39.537532 39.725110 0.971855 0.994753 1.005971
490 38.965979 39.491381 39.699980 0.971855 0.994722 1.005971
500 38.965979 39.455427 39.659936 0.973449 0.995122 1.005971
510 38.965979 39.414258 39.648020 0.979328 0.995158 1.005971
520 38.965979 39.373426 39.596176 0.979328 0.995085 1.005971
530 38.965979 39.326994 39.578685 0.979328 0.995068 1.005971
540 38.908033 39.289526 39.508464 0.979328 0.995186 1.002569
550 38.908033 39.244682 39.484165 0.979328 0.995085 1.002569
560 38.908033 39.193593 39.435550 0.979328 0.995212 1.002569
570 38.908033 39.148748 39.392224 0.979328 0.995502 1.001959
580 38.908033 39.109576 39.360290 0.982414 0.995776 1.001572
590 38.908033 39.075134 39.327465 0.982414 0.995789 1.001572
600 39.261190 39.043444 39.261190 0.982414 0.996160 1.001572
610 39.216681 39.015201 39.216681 0.984897 0.996298 1.001572
620 39.157598 38.999233 39.157598 0.984897 0.996206 1.001572
630 39.118110 38.978889 39.118110 0.986213 0.996527 1.001572
640 39.078456 38.960408 39.078456 0.990154 0.996881 1.001572
650 39.015177 38.951783 39.015177 0.993527 0.996827 1.001472
660 38.990635 38.944832 38.990635 0.993527 0.996762 1.001472
670 38.965979 38.940002 38.965979 0.994156 0.996888 1.001472
680 38.965979 38.936320 38.965979 0.994156 0.996999 1.001472
690 38.965979 38.931914 38.965979 0.994156 0.997100 1.001472
700 38.941437 38.928089 38.941437 0.994156 0.997196 1.001472
710 38.929894 38.926910 38.929894 0.995272 0.997248 1.001472
720 38.929894 38.926814 38.929894 0.995272 0.997344 1.001472
730 38.929894 38.925520 38.929894 0.995272 0.997369 1.001472
740 38.802414 38.923389 38.929894 0.995272 0.997448 1.001472
750 38.929894 38.922337 38.929894 0.995272 0.997555 1.001556
760 38.929894 38.920913 38.929894 0.995272 0.997618 1.001556
770 38.929894 38.915538 38.929894 0.995272 0.997788 1.001556
780 38.929894 38.912388 38.929894 0.995272 0.997768 1.001556
790 38.929894 38.908150 38.929894 0.995272 0.997986 1.001556
800 38.929894 38.903118 38.929894 0.995272 0.998039 1.001556
810 38.929894 38.897187 38.929894 0.995272 0.998192 1.001556
820 38.929894 38.888121 38.929894 0.995272 0.998480 1.001556
830 38.908033 38.883131 38.908033 0.995272 0.998445 1.001556
840 38.905351 38.873142 38.905351 0.995272 0.998841 1.001556
850 38.905351 38.860879 38.905351 0.995272 0.999259 1.001556
860 38.905351 38.841989 38.905351 0.995272 0.999680 1.001556
870 38.883490 38.833407 38.883490 0.995889 0.999718 1.000356
880 38.883490 38.829501 38.883490 0.995889 0.999631 1.000356
890 38.883490 38.825655 38.883490 0.995889 0.999547 1.000356
900 38.883490 38.823854 38.883490 0.995889 0.999438 1.000356
910 38.883490 38.821472 38.883490 0.995889 0.999367 1.000356
920 38.883490 38.819588 38.883490 0.995889 0.999275 1.000356
930 38.883490 38.817721 38.883490 0.995889 0.999193 1.000356
940 38.857469 38.810495 38.857469 0.995889 0.999302 1.000150
950 38.838499 38.806294 38.838499 0.998426 0.999469 1.000150
960 38.808836 38.802414 38.808836 0.999542 0.999581 1.000150
970 38.802414 38.802414 38.802414 0.999542 0.999573 1.000049
980 38.802414 38.802414 38.802414 0.999542 0.999578 1.000049
990 38.802414 38.802414 38.802414 0.999542 0.999588 1.000049
1000 38.802414 38.802414 38.802414 0.999542 0.999588 1.000049
1010 38.802414 38.802414 38.802414 0.999542 0.999593 1.000049
1020 38.802414 38.802414 38.802414 0.999542 0.999598 1.000049
1030 38.802414 38.802414 38.802414 0.999542 0.999629 1.000049
1040 38.802414 38.802414 38.802414 0.999542 0.999644 1.000049
1050 38.802414 38.802414 38.802414 0.999542 0.999689 1.000049
1060 38.802414 38.802414 38.802414 0.999542 0.999725 1.000049
1070 38.802414 38.802414 38.802414 0.999542 0.999765 1.000049
1080 38.802414 38.802414 38.802414 0.999542 0.999811 1.000049
1090 38.802414 38.802414 38.802414 0.999542 0.999857 1.000049
1100 38.802414 38.802414 38.802414 0.999542 0.999907 1.000049
1110 38.802414 38.802414 38.802414 0.999542 0.999958 1.000049
1120 38.802414 38.802414 38.802414 0.999542 1.000009 1.000049
1130 38.766987 38.766987 38.766987 1.000049 1.000049 1.000049
1140 38.766987 38.766987 38.766987 1.000049 1.000049 1.000049
1150 38.766987 38.766987 38.766987 1.000049 1.000049 1.000049
1160 38.766987 38.766987 38.766987 1.000049 1.000049 1.000049
1170 38.766987 38.766987 38.766987 1.000049 1.000049 1.000049
1180 38.766987 38.766987 38.766987 1.000049 1.000049 1.000049
1190 38.766987 38.766987 38.766987 1.000049 1.000049 1.000049
1200 38.766987 38.766987 38.766987 1.000049 1.000049 1.000049
1210 38.766987 38.766987 38.766987 1.000049 1.000049 1.000049
1220 38.766987 38.766987 38.766987 1.000049 1.000049 1.000049
1230 38.766987 38.766987 38.766987 1.000049 1.000049 1.000049
1240 38.766987 38.766987 38.766987 1.000049 1.000049 1.000049
1250 38.766987 38.766987 38.766987 1.000049 1.000049 1.000049
1260 38.766987 38.766987 38.766987 1.000049 1.000049 1.000049
1270 38.766987 38.766987 38.766987 1.000049 1.000049 1.000049
1280 38.766987 38.766987 38.766987 1.000049 1.000049 1.000049
1290 38.766987 38.766987 38.766987 1.000049 1.000049 1.000049
1300 38.766987 38.766987 38.766987 1.000049 1.000049 1.000049
1310 38.766987 38.766987 38.766987 1.000049 1.000049 1.000049
1320 38.766987 38.766987 38.766987 1.000049 1.000049 1.000049
1330 38.766987 38.766987 38.766987 1.000049 1.000049 1.000049
1340 38.766987 38.766987 38.766987 1.000049 1.000049 1.000049
1350 38.766987 38.766987 38.766987 1.000049 1.000049 1.000049
1360 38.766987 38.766987 38.766987 1.000049 1.000049 1.000049
1370 38.766987 38.766987 38.766987 1.000049 1.000049 1.000049
1380 38.766987 38.766987 38.766987 1.000049 1.000049 1.000049
1390 38.766987 38.766987 38.766987 1.000049 1.000049 1.000049
1400 38.766987 38.766987 38.766987 1.000049 1.000049 1.000049
1410 38.766987 38.766987 38.766987 1.000049 1.000049 1.000049
1420 38.766987 38.766987 38.766987 1.000049 1.000049 1.000049
1430 38.766987 38.766987 38.766987 1.000049 1.000049 1.000049
1440 38.766987 38.766987 38.766987 1.000049 1.000049 1.000049
1450 38.766987 38.766987 38.766987 1.000049 1.000049 1.000049
1460 38.766987 38.766987 38.766987 1.000049 1.000049 1.000049
1470 38.766987 38.766987 38.766987 1.000049 1.000049 1.000049
1480 38.766987 38.766987 38.766987 1.000049 1.000049 1.000049
1490 38.766987 38.766987 38.766987 1.000049 1.000049 1.000049
1500 38.766987 38.766987 38.766987 1.000049 1.000049 1.000049
1510 38.766987 38.766987 38.766987 1.000049 1.000049 1.000049
1520 38.766987 38.766987 38.766987 1.000049 1.000049 1.000049
1530 38.766987 38.766987 38.766987 1.000049 1.000049 1.000049
1540 38.766987 38.766987 38.766987 1.000049 1.000049 1.000049
1550 38.766987 38.766987 38.766987 1.000049 1.000049 1.000049
1560 38.766987 38.766987 38.766987 1.000049 1.000049 1.000049
1570 38.766987 38.766987 38.766987 1.000049 1.000049 1.000049
1580 38.766987 38.766987 38.766987 1.000049 1.000049 1.000049
1590 38.766987 38.766987 38.766987 1.000049 1.000049 1.000049
1600 38.766987 38.766987 38.766987 1.000049 1.000049 1.000049
1610 38.766987 38.766987 38.766987 1.000049 1.000049 1.000049
1620 38.766987 38.766987 38.766987 1.000049 1.000049 1.000049
1630 38.766987 38.766987 38.766987 1.000049 1.000049 1.000049
1640 38.766987 38.766987 38.766987 1.000049 1.000049 1.000049
1650 38.766987 38.766987 38.766987 1.000049 1.000049 1.000049
1660 38.766987 38.766987 38.766987 1.000049 1.000049 1.000049
1670 38.766987 38.766987 38.766987 1.000049 1.000049 1.000049
1680 38.766987 38.766987 38.766987 1.000049 1.000049 1.000049
1690 38.766987 38.766987 38.766987 1.000049 1.000049 1.000049
1700 38.766987 38.766987 38.766987 1.000049 1.000049 1.000049
1710 38.766987 38.766987 38.766987 1.000049 1.000049 1.000049
1720 38.766987 38.766987 38.766987 1.000049 1.000049 1.000049
1730 38.766987 38.766987 38.766987 1.000049 1.000049 1.000049
1740 38.766987 38.766987 38.766987 1.000049 1.000049 1.000049
1750 38.766987 38.766987 38.766987 1.000049 1.000049 1.000049
1760 38.766987 38.766987 38.766987 1.000049 1.000049 1.000049
1770 38.766987 38.766987 38.766987 1.000049 1.000049 1.000049
1780 38.766987 38.766987 38.766987 1.000049 1.000049 1.000049
1790 38.766987 38.766987 38.766987 1.000049 1.000049 1.000049
1800 38.766987 38.766987 38.766987 1.000049 1.000049 1.000049
1810 38.766987 38.766987 38.766987 1.000049 1.000049 1.000049
1820 38.766987 38.766987 38.766987 1.000049 1.000049 1.000049
1830 38.766987 38.766987 38.766987 1.000049 1.000049 1.000049
1840 38.766987 38.766987 38.766987 1.000049 1.000049 1.000049
1850 38.766987 38.766987 38.766987 1.000049 1.000049 1.000049
1860 38.766987 38.766987 38.766987 1.000049 1.000049 1.000049
1870 38.766987 38.766987 38.766987 1.000049 1.000049 1.000049
1880 38.766987 38.766987 38.766987 1.000049 1.000049 1.000049
1890 38.766987 38.766987 38.766987 1.000049 1.000049 1.000049
1900 38.766987 38.766987 38.766987 1.000049 1.000049 1.000049
1910 38.766987 38.766987 38.766987 1.000049 1.000049 1.000049
1920 38.766987 38.766987 38.766987 1.000049 1.000049 1.000049
1930 38.766987 38.766987 38.766987 1.000049 1.000049 1.000049
1940 38.766987 38.766987 38.766987 1.000049 1.000049 1.000049
1950 38.766987 38.766987 38.766987 1.000049 1.000049 1.000049
1960 38.766987 38.766987 38.766987 1.000049 1.000049 1.000049
1970 38.766987 38.766987 38.766987 1.000049 1.000049 1.000049
1980 38.766987 38.766987 38.766987 1.000049 1.000049 1.000049
1990 38.766987 38.766987 38.766987 1.000049 1.000049 1.000049
2000 38.766987 38.766987 38.766987 1.000049 1.000049 1.000049
2010 38.766987 38.766987 38.766987 1.000049 1.000049 1.000049
2020 38.766987 38.766987 38.766987 1.000049 1.000049 1.000049
2030 38.766987 38.766987 38.766987 1.000049 1.000049 1.000049
2040 38.766987 38.766987 38.766987 1.000049 1.000049 1.000049
2050 38.766987 38.766987 38.766987 1.000049 1.000049 1.000049
2060 38.766987 38.766987 38.766987 1.000049 1.000049 1.000049
2070 38.766987 38.766987 38.766987 1.000049 1.000049 1.000049
2080 38.766987 38.766987 38.766987 1.000049 1.000049 1.000049
2090 38.766987 38.766987 38.766987 1.000049 1.000049 1.000049
2100 38.766987 38.766987 38.766987 1.000049 1.000049 1.000049
2110 38.766987 38.766987 38.766987 1.000049 1.000049 1.000049
2120 38.766987 38.766987 38.766987 1.000049 1.000049 1.000049
2130 38.766987 38.766987 38.766987 1.000049 1.000049 1.000049
2140 38.766987 38.766987 38.766987 1.000049 1.000049 1.000049
2150 38.766987 38.766987 38.766987 1.000049 1.000049 1.000049
2160 38.766987 38.766987 38.766987 1.000049 1.000049 1.000049
2170 38.766987 38.766987 38.766987 1.000049 1.000049 1.000049
2180 38.766987 38.766987 38.766987 1.000049 1.000049 1.000049
2190 38.766987 38.766987 38.766987 1.000049 1.000049 1.000049
2200 38.766987 38.766987 38.766987 1.000049 1.000049 1.000049
2210 38.766987 38.766987 38.766987 1.000049 1.000049 1.000049
2220 38.766987 38.766987 38.766987 1.000049 1.000049 1.000049
2230 38.766987 38.766987 38.766987 1.000049 1.000049 1.000049
2240 38.766987 38.766987 38.766987 1.000049 1.000049 1.000049
2250 38.766987 38.766987 38.766987 1.000049 1.000049 1.000049
2260 38.766987 38.766987 38.766987 1.000049 1.000049 1.000049
2270 38.766987 38.766987 38.766987 1.000049 1.000049 1.000049
2280 38.766987 38.766987 38.766987 1.000049 1.000049 1.000049
2290 38.766987 38.766987 38.766987 1.000049 1.000049 1.000049
2300 38.766987 38.766987 38.766987 1.000049 1.000049 1.000049
2310 38.766987 38.766987 38.766987 1.000049 1.000049 1.000049
2320 38.766987 38.766987 38.766987 1.000049 1.000049 1.000049
2330 38.766987 38.766987 38.766987 1.000049 1.000049 1.000049
2340 38.766987 38.766987 38.766987 1.000049 1.000049 1.000049
2350 38.766987 38.766987 38.766987 1.000049 1.000049 1.000049
2360 38.766987 38.766987 38.766987 1.000049 1.000049 1.000049
2370 38.766987 38.766987 38.766987 1.000049 1.000049 1.000049
2380 38.766987 38.766987 38.766987 1.000049 1.000049 1.000049
2390 38.766987 38.766987 38.766987 1.000049 1.000049 1.000049
2400 38.766987 38.766987 38.766987 1.000049 1.000049 1.000049
2410 38.766987 38.766987 38.766987 1.000049 1.000049 1.000049
2420 38.766987 38.766987 38.766987 1.000049 1.000049 1.000049
2430 38.766987 38.766987 38.766987 1.000049 1.000049 1.000049
2440 38.766987 38.766987 38.766987 1.000049 1.000049 1.000049
2450 38.766987 38.766987 38.766987 1.000049 1.000049 1.000049
2460 38.766987 38.766987 38.766987 1.000049 1.000049 1.000049
2470 38.766987 38.766987 38.766987 1.000049 1.000049 1.000049
2480 38.766987 38.766987 38.766987 1.000049 1.000049 1.000049
2490 38.766987 38.766987 38.766987 1.000049 1.000049 1.000049
2500 38.766987 38.766987 38.766987 1.000049 1.000049 1.000049
2510 38.766987 38.766987 38.766987 1.000049 1.000049 1.000049
2520 38.766987 38.766987 38.766987 1.000049 1.000049 1.000049
2530 38.766987 38.766987 38.766987 1.000049 1.000049 1.000049
2540 38.766987 38.766987 38.766987 1.000049 1.000049 1.000049
2550 38.766987 38.766987 38.766987 1.000049 1.000049 1.000049
2560 38.766987 38.766987 38.766987 1.000049 1.000049 1.000049
2570 38.766987 38.766987 38.766987 1.000049 1.000049 1.000049
2580 38.766987 38.766987 38.766987 1.000049 1.000049 1.000049
2590 38.766987 38.766987 38.766987 1.000049 1.000049 1.000049
2600 38.766987 38.766987 38.766987 1.000049 1.000049 1.000049
2610 38.766987 38.766987 38.766987 1.000049 1.000049 1.000049
2620 38.766987 38.766987 38.766987 1.000049 1.000049 1.000049
2630 38.766987 38.766987 38.766987 1.000049 1.000049 1.000049
2640 38.766987 38.766987 38.766987 1.000049 1.000049 1.000049
2650 38.766987 38.766987 38.766987 1.000049 1.000049 1.000049
2660 38.766987 38.766987 38.766987 1.000049 1.000049 1.000049
2670 38.766987 38.766987 38.766987 1.000049 1.000049 1.000049
2680 38.766987 38.766987 38.766987 1.000049 1.000049 1.000049
2690 38.766987 38.766987 38.766987 1.000049 1.000049 1.000049
2700 38.766987 38.766987 38.766987 1.000049 1.000049 1.000049
2710 38.766987 38.766987 38.766987 1.000049 1.000049 1.000049
2720 38.766987 38.766987 38.766987 1.000049 1.000049 1.000049
2730 38.766987 38.766987 38.766987 1.000049 1.000049 1.000049
2740 38.766987 38.766987 38.766987 1.000049 1.000049 1.000049
2750 38.766987 38.766987 38.766987 1.000049 1.000049 1.000049
2760 38.766987 38.766987 38.766987 1.000049 1.000049 1.000049
2770 38.766987 38.766987 38.766987 1.000049 1.000049 1.000049
2780 38.766987 38.766987 38.766987 1.000049 1.000049 1.000049
2790 38.766987 38.766987 38.766987 1.000049 1.000049 1.000049
2800 38.766987 38.766987 38.766987 1.000049 1.000049 1.000049
2810 38.766987 38.766987 38.766987 1.000049 1.000049 1.000049
2820 38.766987 38.766987 38.766987 1.000049 1.000049 1.000049
2830 38.766987 38.766987 38.766987 1.000049 1.000049 1.000049
2840 38.766987 38.766987 38.766987 1.000049 1.000049 1.000049
2850 38.766987 38.766987 38.766987 1.000049 1.000049 1.000049
2860 38.766987 38.766987 38.766987 1.000049 1.000049 1.000049
2870 38.766987 38.766987 38.766987 1.000049 1.000049 1.000049
2880 38.766987 38.766987 38.766987 1.000049 1.000049 1.000049
2890 38.766987 38.766987 38.766987 1.000049 1.000049 1.000049
2900 38.766987 38.766987 38.766987 1.000049 1.000049 1.000049
2910 38.766987 38.766987 38.766987 1.000049 1.000049 1.000049
2920 38.766987 38.766987 38.766987 1.000049 1.000049 1.000049
2930 38.766987 38.766987 38.766987 1.000049 1.000049 1.000049
2940 38.766987 38.766987 38.766987 1.000049 1.000049 1.000049
2950 38.766987 38.766987 38.766987 1.000049 1.000049 1.000049
2960 38.766987 38.766987 38.766987 1.000049 1.000049 1.000049
2970 38.766987 38.766987 38.766987 1.000049 1.000049 1.000049
2980 38.766987 38.766987 38.766987 1.000049 1.000049 1.000049
2990 38.766987 38.766987 38.766987 1.000049 1.000049 1.000049
3000 38.766987 38.766987 38.766987 1.000049 1.000049 1.000049
3010 38.766987 38.766987 38.766987 1.000049 1.000049 1.000049
3020 38.766987 38.766987 38.766987 1.000049 1.000049 1.000049
3030 38.766987 38.766987 38.766987 1.000049 1.000049 1.000049
3040 38.766987 38.766987 38.766987 1.000049 1.000049 1.000049
3050 38.766987 38.766987 38.766987 1.000049 1.000049 1.000049
3060 38.766987 38.766987 38.766987 1.000049 1.000049 1.000049
3070 38.766987 38.766987 38.766987 1.000049 1.000049 1.000049
3080 38.766987 38.766987 38.766987 1.000049 1.000049 1.000049
3090 38.766987 38.766987 38.766987 1.000049 1.000049 1.000049
3100 38.766987 38.766987 38.766987 1.000049 1.000049 1.000049
3110 38.766987 38.766987 38.766987 1.000049 1.000049 1.000049
3120 38.766987 38.766987 38.766987 1.000049 1.000049 1.000049
3130 38.766987 38.766987 38.766987 1.000049 1.000049 1.000049
3140 38.766987 38.766987 38.766987 1.000049 1.000049 1.000049
3150 38.766987 38.766987 38.766987 1.000049 1.000049 1.000049
3160 38.766987 38.766987 38.766987 1.000049 1.000049 1.000049
3170 38.766987 38.766987 38.766987 1.000049 1.000049 1.000049
3180 38.766987 38.766987 38.766987 1.000049 1.000049 1.000049
3190 38.766987 38.766987 38.766987 1.000049 1.000049 1.000049
3200 38.766987 38.766987 38.766987 1.000049 1.000049 1.000049
3210 38.766987 38.766987 38.766987 1.000049 1.000049 1.000049
3220 38.766987 38.766987 38.766987 1.000049 1.000049 1.000049
3230 38.766987 38.766987 38.766987 1.000049 1.000049 1.000049
3240 38.766987 38.766987 38.766987 1.000049 1.000049 1.000049
3250 38.766987 38.766987 38.766987 1.000049 1.000049 1.000049
3260 38.766987 38.766987 38.766987 1.000049 1.000049 1.000049
3270 38.766987 38.766987 38.766987 1.000049 1.000049 1.000049
3280 38.766987 38.766987 38.766987 1.000049 1.000049 1.000049
3290 38.766987 38.766987 38.766987 1.000049 1.000049 1.000049
3300 38.766987 38.766987 38.766987 1.000049 1.000049 1.000049
3310 38.766987 38.766987 38.766987 1.000049 1.000049 1.000049
3320 38.766987 38.766987 38.766987 1.000049 1.000049 1.000049
3330 38.766987 38.766987 38.766987 1.000049 1.000049 1.000049
3340 38.766987 38.766987 38.766987 1.000049 1.000049 1.000049
3350 38.766987 38.766987 38.766987 1.000049 1.000049 1.000049
3360 38.766987 38.766987 38.766987 1.000049 1.000049 1.000049
3370 38.766987 38.766987 38.766987 1.000049 1.000049 1.000049
3380 38.766987 38.766987 38.766987 1.000049 1.000049 1.000049
3390 38.766987 38.766987 38.766987 1.000049 1.000049 1.000049
3400 38.766987 38.766987 38.766987 1.000049 1.000049 1.000049
3410 38.766987 38.766987 38.766987 1.000049 1.000049 1.000049
3420 38.766987 38.766987 38.766987 1.000049 1.000049 1.000049
3430 38.766987 38.766987 38.766987 1.000049 1.000049 1.000049
3440 38.766987 38.766987 38.766987 1.000049 1.000049 1.000049
3450 38.766987 38.766987 38.766987 1.000049 1.000049 1.000049
3460 38.766987 38.766987 38.766987 1.000049 1.000049 1.000049
3470 38.766987 38.766987 38.766987 1.000049 1.000049 1.000049
3480 38.766987 38.766987 38.766987 1.000049 1.000049 1.000049
3490 38.766987 38.766987 38.766987 1.000049 1.000049 1.000049
3500 38.766987 38.766987 38.766987 1.000049 1.000049 1.000049
3510 38.766987 38.766987 38.766987 1.000049 1.000049 1.000049
3520 38.766987 38.766987 38.766987 1.000049 1.000049 1.000049
3530 38.766987 38.766987 38.766987 1.000049 1.000049 1.000049
3540 38.766987 38.766987 38.766987 1.000049 1.000049 1.000049
3550 38.766987 38.766987 38.766987 1.000049 1.000049 1.000049
3560 38.766987 38.766987 38.766987 1.000049 1.000049 1.000049
3570 38.766987 38.766987 38.766987 1.000049 1.000049 1.000049
3580 38.766987 38.766987 38.766987 1.000049 1.000049 1.000049
3590 38.766987 38.766987 38.766987 1.000049 1.000049 1.000049
3600 38.766987 38.766987 38.766987 1.000049 1.000049 1.000049
3610 38.766987 38.766987 38.766987 1.000049 1.000049 1.000049
3620 38.766987 38.766987 38.766987 1.000049 1.000049 1.000049
3630 38.766987 38.766987 38.766987 1.000049 1.000049 1.000049
3640 38.766987 38.766987 38.766987 1.000049 1.000049 1.000049
3650 38.766987 38.766987 38.766987 1.000049 1.000049 1.000049
3660 38.766987 38.766987 38.766987 1.000049 1.000049 1.000049
3670 38.766987 38.766987 38.766987 1.000049 1.000049 1.000049
3680 38.766987 38.766987 38.766987 1.000049 1.000049 1.000049
3690 38.766987 38.766987 38.766987 1.000049 1.000049 1.000049
3700 38.766987 38.766987 38.766987 1.000049 1.000049 1.000049
3710 38.766987 38.766987 38.766987 1.000049 1.000049 1.000049
3720 38.766987 38.766987 38.766987 1.000049 1.000049 1.000049
3730 38.766987 38.766987 38.766987 1.000049 1.000049 1.000049
3740 38.766987 38.766987 38.766987 1.000049 1.000049 1.000049
3750 38.766987 38.766987 38.766987 1.000049 1.000049 1.000049
3760 38.766987 38.766987 38.766987 1.000049 1.000049 1.000049
3770 38.766987 38.766987 38.766987 1.000049 1.000049 1.000049
3780 38.766987 38.766987 38.766987 1.000049 1.000049 1.000049
3790 38.766987 38.766987 38.766987 1.000049 1.000049 1.000049
3800 38.766987 38.766987 38.766987 1.000049 1.000049 1.000049
3810 38.766987 38.766987 38.766987 1.000049 1.000049 1.000049
3820 38.766987 38.766987 38.766987 1.000049 1.000049 1.000049
3830 38.766987 38.766987 38.766987 1.000049 1.000049 1.000049
3840 38.766987 38.766987 38.766987 1.000049 1.000049 1.000049
3850 38.766987 38.766987 38.766987 1.000049 1.000049 1.000049
3860 38.766987 38.766987 38.766987 1.000049 1.000049 1.000049
3870 38.766987 38.766987 38.766987 1.000049 1.000049 1.000049
3880 38.766987 38.766987 38.766987 1.000049 1.000049 1.000049
3890 38.766987 38.766987 38.766987 1.000049 1.000049 1.000049
3900 38.766987 38.766987 38.766987 1.000049 1.000049 1.000049
3910 38.766987 38.766987 38.766987 1.000049 1.000049 1.000049
3920 38.766987 38.766987 38.766987 1.000049 1.000049 1.000049
3930 38.766987 38.766987 38.766987 1.000049 1.000049 1.000049
3940 38.766987 38.766987 38.766987 1.000049 1.000049 1.000049
3950 38.766987 38.766987 38.766987 1.000049 1.000049 1.000049
3960 38.766987 38.766987 38.766987 1.000049 1.000049 1.000049
3970 38.766987 38.766987 38.766987 1.000049 1.000049 1.000049
3980 38.766987 38.766987 38.766987 1.000049 1.000049 1.000049
3990 38.766987 38.766987 38.766987 1.000049 1.000049 1.000049
4000 38.766987 38.766987 38.766987 1.000049 1.000049 1.000049
4010 38.766987 38.766987 38.766987 1.000049 1.000049 1.000049
4020 38.766987 38.766987 38.766987 1.000049 1.000049 1.000049
4030 38.766987 38.766987 38.766987 1.000049 1.000049 1.000049
4040 38.766987 38.766987 38.766987 1.000049 1.000049 1.000049
4050 38.766987 38.766987 38.766987 1.000049 1.000049 1.000049
4060 38.766987 38.766987 38.766987 1.000049 1.000049 1.000049
4070 38.766987 38.766987 38.766987 1.000049 1.000049 1.000049
4080 38.766987 38.766987 38.766987 1.000049 1.000049 1.000049
4090 38.766987 38.766987 38.766987 1.000049 1.000049 1.000049
4100 38.766987 38.766987 38.766987 1.000049 1.000049 1.000049
4110 38.766987 38.766987 38.766987 1.000049 1.000049 1.000049
4120 38.766987 38.766987 38.766987 1.000049 1.000049 1.000049
4130 38.766987 38.766987 38.766987 1.000049 1.000049 1.000049
4140 38.766987 38.766987 38.766987 1.000049 1.000049 1.000049
4150 38.766987 38.766987 38.766987 1.000049 1.000049 1.000049
4160 38.766987 38.766987 38.766987 1.000049 1.000049 1.000049
4170 38.766987 38.766987 38.766987 1.000049 1.000049 1.000049
4180 38.766987 38.766987 38.766987 1.000049 1.000049 1.000049
4190 38.766987 38.766987 38.766987 1.000049 1.000049 1.000049
4200 38.766987 38.766987 38.766987 1.000049 1.000049 1.000049
4210 38.766987 38.766987 38.766987 1.000049 1.000049 1.000049
4220 38.766987 38.766987 38.766987 1.000049 1.000049 1.000049
4230 38.766987 38.766987 38.766987 1.000049 1.000049 1.000049
4240 38.766987 38.766987 38.766987 1.000049 1.000049 1.000049
4250 38.766987 38.766987 38.766987 1.000049 1.000049 1.000049
4260 38.766987 38.766987 38.766987 1.000049 1.000049 1.000049
4270 38.766987 38.766987 38.766987 1.000049 1.000049 1.000049
4280 38.766987 38.766987 38.766987 1.000049 1.000049 1.000049
4290 38.766987 38.766987 38.766987 1.000049 1.000049 1.000049
4300 38.766987 38.766987 38.766987 1.000049 1.000049 1.000049
4310 38.766987 38.766987 38.766987 1.000049 1.000049 1.000049
4320 38.766987 38.766987 38.766987 1.000049 1.000049 1.000049
4330 38.766987 38.766987 38.766987 1.000049 1.000049 1.000049
4340 38.766987 38.766987 38.766987 1.000049 1.000049 1.000049
4350 38.766987 38.766987 38.766987 1.000049 1.000049 1.000049
4360 38.766987 38.766987 38.766987 1.000049 1.000049 1.000049
4370 38.766987 38.766987 38.766987 1.000049 1.000049 1.000049
4380 38.766987 38.766987 38.766987 1.000049 1.000049 1.000049
4390 38.766987 38.766987 38.766987 1.000049 1.000049 1.000049
4400 38.766987 38.766987 38.766987 1.000049 1.000049 1.000049
4410 38.766987 38.766987 38.766987 1.000049 1.000049 1.000049
4420 38.766987 38.766987 38.766987 1.000049 1.000049 1.000049
4430 38.766987 38.766987 38.766987 1.000049 1.000049 1.000049
4440 38.766987 38.766987 38.766987 1.000049 1.000049 1.000049
4450 38.766987 38.766987 38.766987 1.000049 1.000049 1.000049
4460 38.766987 38.766987 38.766987 1.000049 1.000049 1.000049
4470 38.766987 38.766987 38.766987 1.000049 1.000049 1.000049
4480 38.766987 38.766987 38.766987 1.000049 1.000049 1.000049
4490 38.766987 38.766987 38.766987 1.000049 1.000049 1.000049
4500 38.766987 38.766987 38.766987 1.000049 1.000049 1.000049
4510 38.766987 38.766987 38.766987 1.000049 1.000049 1.000049
4520 38.766987 38.766987 38.766987 1.000049 1.000049 1.000049
4530 38.766987 38.766987 38.766987 1.000049 1.000049 1.000049
4540 38.766987 38.766987 38.766987 1.000049 1.000049 1.000049
4550 38.766987 38.766987 38.766987 1.000049 1.000049 1.000049
4560 38.766987 38.766987 38.766987 1.000049 1.000049 1.000049
4570 38.766987 38.766987 38.766987 1.000049 1.000049 1.000049
4580 38.766987 38.766987 38.766987 1.000049 1.000049 1.000049
4590 38.766987 38.766987 38.766987 1.000049 1.000049 1.000049
4600 38.766987 38.766987 38.766987 1.000049 1.000049 1.000049
4610 38.766987 38.766987 38.766987 1.000049 1.000049 1.000049
4620 38.766987 38.766987 38.766987 1.000049 1.000049 1.000049
4630 38.766987 38.766987 38.766987 1.000049 1.000049 1.000049
4640 38.766987 38.766987 38.766987 1.000049 1.000049 1.000049
4650 38.766987 38.766987 38.766987 1.000049 1.000049 1.000049
4660 38.766987 38.766987 38.766987 1.000049 1.000049 1.000049
4670 38.766987 38.766987 38.766987 1.000049 1.000049 1.000049
4680 38.766987 38.766987 38.766987 1.000049 1.000049 1.000049
4690 38.766987 38.766987 38.766987 1.000049 1.000049 1.000049
4700 38.766987 38.766987 38.766987 1.000049 1.000049 1.000049
4710 38.766987 38.766987 38.766987 1.000049 1.000049 1.000049
4720 38.766987 38.766987 38.766987 1.000049 1.000049 1.000049
4730 38.766987 38.766987 38.766987 1.000049 1.000049 1.000049
4740 38.766987 38.766987 38.766987 1.000049 1.000049 1.000049
4750 38.766987 38.766987 38.766987 1.000049 1.000049 1.000049
4760 38.766987 38.766987 38.766987 1.000049 1.000049 1.000049
4770 38.766987 38.766987 38.766987 1.000049 1.000049 1.000049
4780 38.766987 38.766987 38.766987 1.000049 1.000049 1.000049
4790 38.766987 38.766987 38.766987 1.000049 1.000049 1.000049
4800 38.766987 38.766987 38.766987 1.000049 1.000049 1.000049
4810 38.766987 38.766987 38.766987 1.000049 1.000049 1.000049
4820 38.766987 38.766987 38.766987 1.000049 1.000049 1.000049
4830 38.766987 38.766987 38.766987 1.000049 1.000049 1.000049
4840 38.766987 38.766987 38.766987 1.000049 1.000049 1.000049
4850 38.766987 38.766987 38.766987 1.000049 1.000049 1.000049
4860 38.766987 38.766987 38.766987 1.000049 1.000049 1.000049
4870 38.766987 38.766987 38.766987 1.000049 1.000049 1.000049
4880 38.766987 38.766987 38.766987 1.000049 1.000049 1.000049
4890 38.766987 38.766987 38.766987 1.000049 1.000049 1.000049
4900 38.766987 38.766987 38.766987 1.000049 1.000049 1.000049
4910 38.766987 38.766987 38.766987 1.000049 1.000049 1.000049
4920 38.766987 38.766987 38.766987 1.000049 1.000049 1.000049
4930 38.766987 38.766987 38.766987 1.000049 1.000049 1.000049
4940 38.766987 38.766987 38.766987 1.000049 1.000049 1.000049
4950 38.766987 38.766987 38.766987 1.000049 1.000049 1.000049
4960 38.766987 38.766987 38.766987 1.000049 1.000049 1.000049
4970 38.766987 38.766987 38.766987 1.000049 1.000049 1.000049
4980 38.766987 38.766987 38.766987 1.000049 1.000049 1.000049
4990 38.766987 38.766987 38.766987 1.000049 1.000049 1.000049
5000 38.766987 38.766987 38.766987 1.000049 1.000049 1.000049
5010 38.766987 38.766987 38.766987 1.000049 1.000049 1.000049
5020 38.766987 38.766987 38.766987 1.000049 1.000049 1.000049
5030 38.766987 38.766987 38.766987 1.000049 1.000049 1.000049
5040 38.766987 38.766987 38.766987 1.000049 1.000049 1.000049
5050 38.766987 38.766987 38.766987 1.000049 1.000049 1.000049
5060 38.766987 38.766987 38.766987 1.000049 1.000049 1.000049
5070 38.766987 38.766987 38.766987 1.000049 1.000049 1.000049
5080 38.766987 38.766987 38.766987 1.000049 1.000049 1.000049
5090 38.766987 38.766987 38.766987 1.000049 1.000049 1.000049
5100 38.766987 38.766987 38.766987 1.000049 1.000049 1.000049
5110 38.766987 38.766987 38.766987 1.000049 1.000049 1.000049
5120 38.766987 38.766987 38.766987 1.000049 1.000049 1.000049
5130 38.766987 38.766987 38.766987 1.000049 1.000049 1.000049
5140 38.766987 38.766987 38.766987 1.000049 1.000049 1.000049
5150 38.766987 38.766987 38.766987 1.000049 1.000049 1.000049
5160 38.766987 38.766987 38.766987 1.000049 1.000049 1.000049
5170 38.766987 38.766987 38.766987 1.000049 1.000049 1.000049
5180 38.766987 38.766987 38.766987 1.000049 1.000049 1.000049
5190 38.766987 38.766987 38.766987 1.000049 1.000049 1.000049
5200 38.766987 38.766987 38.766987 1.000049 1.000049 1.000049
5210 38.766987 38.766987 38.766987 1.000049 1.000049 1.000049
5220 38.766987 38.766987 38.766987 1.000049 1.000049 1.000049
5230 38.766987 38.766987 38.766987 1.000049 1.000049 1.000049
5240 38.766987 38.766987 38.766987 1.000049 1.000049 1.000049
5250 38.766987 38.766987 38.766987 1.000049 1.000049 1.000049
5260 38.766987 38.766987 38.766987 1.000049 1.000049 1.000049
5270 38.766987 38.766987 38.766987 1.000049 1.000049 1.000049
5280 38.766987 38.766987 38.766987 1.000049 1.000049 1.000049
5290 38.766987 38.766987 38.766987 1.000049 1.000049 1.000049
5300 38.766987 38.766987 38.766987 1.000049 1.000049 1.000049
5310 38.766987 38.766987 38.766987 1.000049 1.000049 1.000049
5320 38.766987 38.766987 38.766987 1.000049 1.000049 1.000049
5330 38.766987 38.766987 38.766987 1.000049 1.000049 1.000049
5340 38.766987 38.766987 38.766987 1.000049 1.000049 1.000049
5350 38.766987 38.766987 38.766987 1.000049 1.000049 1.000049
5360 38.766987 38.766987 38.766987 1.000049 1.000049 1.000049
5370 38.766987 38.766987 38.766987 1.000049 1.000049 1.000049
5380 38.766987 38.766987 38.766987 1.000049 1.000049 1.000049
5390 38.766987 38.766987 38.766987 1.000049 1.000049 1.000049
5400 38.766987 38.766987 38.766987 1.000049 1.000049 1.000049
5410 38.766987 38.766987 38.766987 1.000049 1.000049 1.000049
5420 38.766987 38.766987 38.766987 1.000049 1.000049 1.000049
5430 38.766987 38.766987 38.766987 1.000049 1.000049 1.000049
5440 38.766987 38.766987 38.766987 1.000049 1.000049 1.000049
5450 38.766987 38.766987 38.766987 1.000049 1.000049 1.000049
5460 38.766987 38.766987 38.766987 1.000049 1.000049 1.000049
5470 38.766987 38.766987 38.766987 1.000049 1.000049 1.000049
5480 38.766987 38.766987 38.766987 1.000049 1.000049 1.000049
5490 38.766987 38.766987 38.766987 1.000049 1.000049 1.000049
5500 38.766987 38.766987 38.766987 1.000049 1.000049 1.000049
5510 38.766987 38.766987 38.766987 1.000049 1.000049 1.000049
5520 38.766987 38.766987 38.766987 1.000049 1.000049 1.000049
5530 38.766987 38.766987 38.766987 1.000049 1.000049 1.000049
5540 38.766987 38.766987 38.766987 1.000049 1.000049 1.000049
5550 38.766987 38.766987 38.766987 1.000049 1.000049 1.000049
5560 38.766987 38.766987 38.766987 1.000049 1.000049 1.000049
5570 38.766987 38.766987 38.766987 1.000049 1.000049 1.000049
5580 38.766987 38.766987 38.766987 1.000049 1.000049 1.000049
5590 38.766987 38.766987 38.766987 1.000049 1.000049 1.000049
5600 38.766987 38.766987 38.766987 1.000049 1.000049 1.000049
5610 38.766987 38.766987 38.766987 1.000049 1.000049 1.000049
5620 38.766987 38.766987 38.766987 1.000049 1.000049 1.000049
5630 38.766987 38.766987 38.766987 1.000049 1.000049 1.000049
5640 38.766987 38.766987 38.766987 1.000049 1.000049 1.000049
5650 38.766987 38.766987 38.766987 1.000049 1.000049 1.000049
5660 38.766987 38.766987 38.766987 1.000049 1.000049 1.000049
5670 38.766987 38.766987 38.766987 1.000049 1.000049 1.000049
5680 38.766987 38.766987 38.766987 1.000049 1.000049 1.000049
5690 38.766987 38.766987 38.766987 1.000049 1.000049 1.000049
5700 38.766987 38.766987 38.766987 1.000049 1.000049 1.000049
5710 38.766987 38.766987 38.766987 1.000049 1.000049 1.000049
5720 38.766987 38.766987 38.766987 1.000049 1.000049 1.000049
5730 38.766987 38.766987 38.766987 1.000049 1.000049 1.000049
5740 38.766987 38.766987 38.766987 1.000049 1.000049 1.000049
5750 38.766987 38.766987 38.766987 1.000049 1.000049 1.000049
5760 38.766987 38.766987 38.766987 1.000049 1.000049 1.000049
5770 38.766987 38.766987 38.766987 1.000049 1.000049 1.000049
5780 38.766987 38.766987 38.766987 1.000049 1.000049 1.000049
5790 38.766987 38.766987 38.766987 1.000049 1.000049 1.000049
5800 38.766987 38.766987 38.766987 1.000049 1.000049 1.000049
5810 38.766987 38.766987 38.766987 1.000049 1.000049 1.000049
5820 38.766987 38.766987 38.766987 1.000049 1.000049 1.000049
5830 38.766987 38.766987 38.766987 1.000049 1.000049 1.000049
5840 38.766987 38.766987 38.766987 1.000049 1.000049 1.000049
5850 38.766987 38.766987 38.766987 1.000049 1.000049 1.000049
5860 38.766987 38.766987 38.766987 1.000049 1.000049 1.000049
5870 38.766987 38.766987 38.766987 1.000049 1.000049 1.000049
5880 38.766987 38.766987 38.766987 1.000049 1.000049 1.000049
5890 38.766987 38.766987 38.766987 1.000049 1.000049 1.000049
5900 38.766987 38.766987 38.766987 1.000049 1.000049 1.000049
5910 38.766987 38.766987 38.766987 1.000049 1.000049 1.000049
5920 38.766987 38.766987 38.766987 1.000049 1.000049 1.000049
5930 38.766987 38.766987 38.766987 1.000049 1.000049 1.000049
5940 38.766987 38.766987 38.766987 1.000049 1.000049 1.000049
5950 38.766987 38.766987 38.766987 1.000049 1.000049 1.000049
5960 38.766987 38.766987 38.766987 1.000049 1.000049 1.000049
5970 38.766987 38.766987 38.766987 1.000049 1.000049 1.000049
5980 38.766987 38.766987 38.766987 1.000049 1.000049 1.000049
5990 38.766987 38.766987 38.766987 1.000049 1.000049 1.000049
6000 38.766987 38.766987 38.766987 1.000049 1.000049 1.000049
6010 38.766987 38.766987 38.766987 1.000049 1.000049 1.000049
6020 38.766987 38.766987 38.766987 1.000049 1.000049 1.000049
6030 38.766987 38.766987 38.766987 1.000049 1.000049 1.000049
6040 38.766987 38.766987 38.766987 1.000049 1.000049 1.000049
6050 38.766987 38.766987 38.766987 1.000049 1.000049 1.000049
6060 38.766987 38.766987 38.766987 1.000049 1.000049 1.000049
6070 38.766987 38.766987 38.766987 1.000049 1.000049 1.000049
6080 38.766987 38.766987 38.766987 1.000049 1.000049 1.000049
6090 38.766987 38.766987 38.766987 1.000049 1.000049 1.000049
6100 38.766987 38.766987 38.766987 1.000049 1.000049 1.000049
6110 38.766987 38.766987 38.766987 1.000049 1.000049 1.000049
6120 38.766987 38.766987 38.766987 1.000049 1.000049 1.000049
6130 38.766987 38.766987 38.766987 1.000049 1.000049 1.000049
6140 38.766987 38.766987 38.766987 1.000049 1.000049 1.000049
6150 38.766987 38.766987 38.766987 1.000049 1.000049 1.000049
6160 38.766987 38.766987 38.766987 1.000049 1.000049 1.000049
6170 38.766987 38.766987 38.766987 1.000049 1.000049 1.000049
6180 38.766987 38.766987 38.766987 1.000049 1.000049 1.000049
6190 38.766987 38.766987 38.766987 1.000049 1.000049 1.000049
6200 38.766987 38.766987 38.766987 1.000049 1.000049 1.000049
6210 38.766987 38.766987 38.766987 1.000049 1.000049 1.000049
6220 38.766987 38.766987 38.766987 1.000049 1.000049 1.000049
6230 38.766987 38.766987 38.766987 1.000049 1.000049 1.000049
6240 38.766987 38.766987 38.766987 1.000049 1.000049 1.000049
6250 38.766987 38.766987 38.766987 1.000049 1.000049 1.000049
6260 38.766987 38.766987 38.766987 1.000049 1.000049 1.000049
6270 38.766987 38.766987 38.766987 1.000049 1.000049 1.000049
6280 38.766987 38.766987 38.766987 1.000049 1.000049 1.000049
6290 38.766987 38.766987 38.766987 1.000049 1.000049 1.000049
6300 38.766987 38.766987 38.766987 1.000049 1.000049 1.000049
6310 38.766987 38.766987 38.766987 1.000049 1.000049 1.000049
6320 38.766987 38.766987 38.766987 1.000049 1.000049 1.000049
6330 38.766987 38.766987 38.766987 1.000049 1.000049 1.000049
6340 38.766987 38.766987 38.766987 1.000049 1.000049 1.000049
6350 38.766987 38.766987 38.766987 1.000049 1.000049 1.000049
6360 38.766987 38.766987 38.766987 1.000049 1.000049 1.000049
6370 38.766987 38.766987 38.766987 1.000049 1.000049 1.000049
6380 38.766987 38.766987 38.766987 1.000049 1.000049 1.000049
6390 38.766987 38.766987 38.766987 1.000049 1.000049 1.000049
6400 38.766987 38.766987 38.766987 1.000049 1.000049 1.000049
6410 38.766987 38.766987 38.766987 1.000049 1.000049 1.000049
6420 38.766987 38.766987 38.766987 1.000049 1.000049 1.000049
6430 38.766987 38.766987 38.766987 1.000049 1.000049 1.000049
6440 38.766987 38.766987 38.766987 1.000049 1.000049 1.000049
6450 38.766987 38.766987 38.766987 1.000049 1.000049 1.000049
6460 38.766987 38.766987 38.766987 1.000049 1.000049 1.000049
6470 38.766987 38.766987 38.766987 1.000049 1.000049 1.000049
6480 38.766987 38.766987 38.766987 1.000049 1.000049 1.000049
6490 38.766987 38.766987 38.766987 1.000049 1.000049 1.000049
6500 38.766987 38.766987 38.766987 1.000049 1.000049 1.000049
6510 38.766987 38.766987 38.766987 1.000049 1.000049 1.000049
6520 38.766987 38.766987 38.766987 1.000049 1.000049 1.000049
6530 38.766987 38.766987 38.766987 1.000049 1.000049 1.000049
6540 38.766987 38.766987 38.766987 1.000049 1.000049 1.000049
6550 38.766987 38.766987 38.766987 1.000049 1.000049 1.000049
6560 38.766987 38.766987 38.766987 1.000049 1.000049 1.000049
6570 38.766987 38.766987 38.766987 1.000049 1.000049 1.000049
6580 38.766987 38.766987 38.766987 1.000049 1.000049 1.000049
6590 38.766987 38.766987 38.766987 1.000049 1.000049 1.000049
6600 38.766987 38.766987 38.766987 1.000049 1.000049 1.000049
6610 38.766987 38.766987 38.766987 1.000049 1.000049 1.000049
6620 38.766987 38.766987 38.766987 1.000049 1.000049 1.000049
6630 38.766987 38.766987 38.766987 1.000049 1.000049 1.000049
6640 38.766987 38.766987 38.766987 1.000049 1.000049 1.000049
6650 38.766987 38.766987 38.766987 1.000049 1.000049 1.000049
6660 38.766987 38.766987 38.766987 1.000049 1.000049 1.000049
6670 38.766987 38.766987 38.766987 1.000049 1.000049 1.000049
6680 38.766987 38.766987 38.766987 1.000049 1.000049 1.000049
6690 38.766987 38.766987 38.766987 1.000049 1.000049 1.000049
6700 38.766987 38.766987 38.766987 1.000049 1.000049 1.000049
6710 38.766987 38.766987 38.766987 1.000049 1.000049 1.000049
6720 38.766987 38.766987 38.766987 1.000049 1.000049 1.000049
6730 38.766987 38.766987 38.766987 1.000049 1.000049 1.000049
6740 38.766987 38.766987 38.766987 1.000049 1.000049 1.000049
6750 38.766987 38.766987 38.766987 1.000049 1.000049 1.000049
6760 38.766987 38.766987 38.766987 1.000049 1.000049 1.000049
6770 38.766987 38.766987 38.766987 1.000049 1.000049 1.000049
6780 38.766987 38.766987 38.766987 1.000049 1.000049 1.000049
6790 38.766987 38.766987 38.766987 1.000049 1.000049 1.000049
6800 38.766987 38.766987 38.766987 1.000049 1.000049 1.000049
6810 38.766987 38.766987 38.766987 1.000049 1.000049 1.000049
6820 38.766987 38.766987 38.766987 1.000049 1.000049 1.000049
6830 38.766987 38.766987 38.766987 1.000049 1.000049 1.000049
6840 38.766987 38.766987 38.766987 1.000049 1.000049 1.000049
6850 38.766987 38.766987 38.766987 1.000049 1.000049 1.000049
6860 38.766987 38.766987 38.766987 1.000049 1.000049 1.000049
6870 38.766987 38.766987 38.766987 1.000049 1.000049 1.000049
6880 38.766987 38.766987 38.766987 1.000049 1.000049 1.000049
6890 38.766987 38.766987 38.766987 1.000049 1.000049 1.000049
6900 38.766987 38.766987 38.766987 1.000049 1.000049 1.000049
6910 38.766987 38.766987 38.766987 1.000049 1.000049 1.000049
6920 38.766987 38.766987 38.766987 1.000049 1.000049 1.000049
6930 38.766987 38.766987 38.766987 1.000049 1.000049 1.000049
6940 38.766987 38.766987 38.766987 1.000049 1.000049 1.000049
6950 38.766987 38.766987 38.766987 1.000049 1.000049 1.000049
6960 38.766987 38.766987 38.766987 1.000049 1.000049 1.000049
6970 38.766987 38.766987 38.766987 1.000049 1.000049 1.000049
6980 38.766987 38.766987 38.766987 1.000049 1.000049 1.000049
6990 38.766987 38.766987 38.766987 1.000049 1.000049 1.000049
7000 38.766987 38.766987 38.766987 1.000049 1.000049 1.000049
7010 38.766987 38.766987 38.766987 1.000049 1.000049 1.000049
7020 38.766987 38.766987 38.766987 1.000049 1.000049 1.000049
7030 38.766987 38.766987 38.766987 1.000049 1.000049 1.000049
7040 38.766987 38.766987 38.766987 1.000049 1.000049 1.000049
7050 38.766987 38.766987 38.766987 1.000049 1.000049 1.000049
7060 38.766987 38.766987 38.766987 1.000049 1.000049 1.000049
7070 38.766987 38.766987 38.766987 1.000049 1.000049 1.000049
7080 38.766987 38.766987 38.766987 1.000049 1.000049 1.000049
7090 38.766987 38.766987 38.766987 1.000049 1.000049 1.000049
7100 38.766987 38.766987 38.766987 1.000049 1.000049 1.000049
7110 38.766987 38.766987 38.766987 1.000049 1.000049 1.000049
7120 38.766987 38.766987 38.766987 1.000049 1.000049 1.000049
7130 38.766987 38.766987 38.766987 1.000049 1.000049 1.000049
7140 38.766987 38.766987 38.766987 1.000049 1.000049 1.000049
7150 38.766987 38.766987 38.766987 1.000049 1.000049 1.000049
7160 38.766987 38.766987 38.766987 1.000049 1.000049 1.000049
7170 38.766987 38.766987 38.766987 1.000049 1.000049 1.000049
7180 38.766987 38.766987 38.766987 1.000049 1.000049 1.000049
7190 38.766987 38.766987 38.766987 1.000049 1.000049 1.000049
7200 38.766987 38.766987 38.766987 1.000049 1.000049 1.000049
7210 38.766987 38.766987 38.766987 1.000049 1.000049 1.000049
7220 38.766987 38.766987 38.766987 1.000049 1.000049 1.000049
7230 38.766987 38.766987 38.766987 1.000049 1.000049 1.000049
7240 38.766987 38.766987 38.766987 1.000049 1.000049 1.000049
7250 38.766987 38.766987 38.766987 1.000049 1.000049 1.000049
7260 38.766987 38.766987 38.766987 1.000049 1.000049 1.000049
7270 38.766987 38.766987 38.766987 1.000049 1.000049 1.000049
7280 38.766987 38.766987 38.766987 1.000049 1.000049 1.000049
7290 38.766987 38.766987 38.766987 1.000049 1.000049 1.000049
7300 38.766987 38.766987 38.766987 1.000049 1.000049 1.000049
7310 38.766987 38.766987 38.766987 1.000049 1.000049 1.000049
7320 38.766987 38.766987 38.766987 1.000049 1.000049 1.000049
7330 38.766987 38.766987 38.766987 1.000049 1.000049 1.000049
7340 38.766987 38.766987 38.766987 1.000049 1.000049 1.000049
7350 38.766987 38.766987 38.766987 1.000049 1.000049 1.000049
7360 38.766987 38.766987 38.766987 1.000049 1.000049 1.000049
7370 38.766987 38.766987 38.766987 1.000049 1.000049 1.000049
7380 38.766987 38.766987 38.766987 1.000049 1.000049 1.000049
7390 38.766987 38.766987 38.766987 1.000049 1.000049 1.000049
7400 38.766987 38.766987 38.766987 1.000049 1.000049 1.000049
7410 38.766987 38.766987 38.766987 1.000049 1.000049 1.000049
7420 38.766987 38.766987 38.766987 1.000049 1.000049 1.000049
7430 38.766987 38.766987 38.766987 1.000049 1.000049 1.000049
7440 38.766987 38.766987 38.766987 1.000049 1.000049 1.000049
7450 38.766987 38.766987 38.766987 1.000049 1.000049 1.000049
7460 38.766987 38.766987 38.766987 1.000049 1.000049 1.000049
7470 38.766987 38.766987 38.766987 1.000049 1.000049 1.000049
7480 38.766987 38.766987 38.766987 1.000049 1.000049 1.000049
7490 38.766987 38.766987 38.766987 1.000049 1.000049 1.000049
7500 38.766987 38.766987 38.766987 1.000049 1.000049 1.000049
7510 38.766987 38.766987 38.766987 1.000049 1.000049 1.000049
7520 38.766987 38.766987 38.766987 1.000049 1.000049 1.000049
7530 38.766987 38.766987 38.766987 1.000049 1.000049 1.000049
7540 38.766987 38.766987 38.766987 1.000049 1.000049 1.000049
7550 38.766987 38.766987 38.766987 1.000049 1.000049 1.000049
7560 38.766987 38.766987 38.766987 1.000049 1.000049 1.000049
7570 38.766987 38.766987 38.766987 1.000049 1.000049 1.000049
7580 38.766987 38.766987 38.766987 1.000049 1.000049 1.000049
7590 38.766987 38.766987 38.766987 1.000049 1.000049 1.000049
7600 38.766987 38.766987 38.766987 1.000049 1.000049 1.000049
7610 38.766987 38.766987 38.766987 1.000049 1.000049 1.000049
7620 38.766987 38.766987 38.766987 1.000049 1.000049 1.000049
7630 38.766987 38.766987 38.766987 1.000049 1.000049 1.000049
7640 38.766987 38.766987 38.766987 1.000049 1.000049 1.000049
7650 38.766987 38.766987 38.766987 1.000049 1.000049 1.000049
7660 38.766987 38.766987 38.766987 1.000049 1.000049 1.000049
7670 38.766987 38.766987 38.766987 1.000049 1.000049 1.000049
7680 38.766987 38.766987 38.766987 1.000049 1.000049 1.000049
7690 38.766987 38.766987 38.766987 1.000049 1.000049 1.000049
7700 38.766987 38.766987 38.766987 1.000049 1.000049 1.000049
7710 38.766987 38.766987 38.766987 1.000049 1.000049 1.000049
7720 38.766987 38.766987 38.766987 1.000049 1.000049 1.000049
7730 38.766987 38.766987 38.766987 1.000049 1.000049 1.000049
7740 38.766987 38.766987 38.766987 1.000049 1.000049 1.000049
7750 38.766987 38.766987 38.766987 1.000049 1.000049 1.000049
7760 38.766987 38.766987 38.766987 1.000049 1.000049 1.000049
7770 38.766987 38.766987 38.766987 1.000049 1.000049 1.000049
7780 38.766987 38.766987 38.766987 1.000049 1.000049 1.000049
7790 38.766987 38.766987 38.766987 1.000049 1.000049 1.000049
7800 38.766987 38.766987 38.766987 1.000049 1.000049 1.000049
7810 38.766987 38.766987 38.766987 1.000049 1.000049 1.000049
7820 38.766987 38.766987 38.766987 1.000049 1.000049 1.000049
7830 38.766987 38.766987 38.766987 1.000049 1.000049 1.000049
7840 38.766987 38.766987 38.766987 1.000049 1.000049 1.000049
7850 38.766987 38.766987 38.766987 1.000049 1.000049 1.000049
7860 38.766987 38.766987 38.766987 1.000049 1.000049 1.000049
7870 38.766987 38.766987 38.766987 1.000049 1.000049 1.000049
7880 38.766987 38.766987 38.766987 1.000049 1.000049 1.000049
7890 38.766987 38.766987 38.766987 1.000049 1.000049 1.000049
7900 38.766987 38.766987 38.766987 1.000049 1.000049 1.000049
7910 38.766987 38.766987 38.766987 1.000049 1.000049 1.000049
7920 38.766987 38.766987 38.766987 1.000049 1.000049 1.000049
7930 38.766987 38.766987 38.766987 1.000049 1.000049 1.000049
7940 38.766987 38.766987 38.766987 1.000049 1.000049 1.000049
7950 38.766987 38.766987 38.766987 1.000049 1.000049 1.000049
7960 38.766987 38.766987 38.766987 1.000049 1.000049 1.000049
7970 38.766987 38.766987 38.766987 1.000049 1.000049 1.000049
7980 38.766987 38.766987 38.766987 1.000049 1.000049 1.000049
7990 38.766987 38.766987 38.766987 1.000049 1.000049 1.000049
8000 38.766987 38.766987 38.766987 1.000049 1.000049 1.000049
8010 38.766987 38.766987 38.766987 1.000049 1.000049 1.000049
8020 38.766987 38.766987 38.766987 1.000049 1.000049 1.000049
8030 38.766987 38.766987 38.766987 1.000049 1.000049 1.000049
8040 38.766987 38.766987 38.766987 1.000049 1.000049 1.000049
8050 38.766987 38.766987 38.766987 1.000049 1.000049 1.000049
8060 38.766987 38.766987 38.766987 1.000049 1.000049 1.000049
8070 38.766987 38.766987 38.766987 1.000049 1.000049 1.000049
8080 38.766987 38.766987 38.766987 1.000049 1.000049 1.000049
8090 38.766987 38.766987 38.766987 1.000049 1.000049 1.000049
8100 38.766987 38.766987 38.766987 1.000049 1.000049 1.000049
8110 38.766987 38.766987 38.766987 1.000049 1.000049 1.000049
8120 38.766987 38.766987 38.766987 1.000049 1.000049 1.000049
8130 38.766987 38.766987 38.766987 1.000049 1.000049 1.000049
8140 38.766987 38.766987 38.766987 1.000049 1.000049 1.000049
8150 38.766987 38.766987 38.766987 1.000049 1.000049 1.000049
8160 38.766987 38.766987 38.766987 1.000049 1.000049 1.000049
8170 38.766987 38.766987 38.766987 1.000049 1.000049 1.000049
8180 38.766987 38.766987 38.766987 1.000049 1.000049 1.000049
8190 38.766987 38.766987 38.766987 1.000049 1.000049 1.000049
8200 38.766987 38.766987 38.766987 1.000049 1.000049 1.000049
8210 38.766987 38.766987 38.766987 1.000049 1.000049 1.000049
8220 38.766987 38.766987 38.766987 1.000049 1.000049 1.000049
8230 38.766987 38.766987 38.766987 1.000049 1.000049 1.000049
8240 38.766987 38.766987 38.766987 1.000049 1.000049 1.000049
8250 38.766987 38.766987 38.766987 1.000049 1.000049 1.000049
8260 38.766987 38.766987 38.766987 1.000049 1.000049 1.000049
8270 38.766987 38.766987 38.766987 1.000049 1.000049 1.000049
8280 38.766987 38.766987 38.766987 1.000049 1.000049 1.000049
8290 38.766987 38.766987 38.766987 1.000049 1.000049 1.000049
8300 38.766987 38.766987 38.766987 1.000049 1.000049 1.000049
8310 38.766987 38.766987 38.766987 1.000049 1.000049 1.000049
8320 38.766987 38.766987 38.766987 1.000049 1.000049 1.000049
8330 38.766987 38.766987 38.766987 1.000049 1.000049 1.000049
8340 38.766987 38.766987 38.766987 1.000049 1.000049 1.000049
8350 38.766987 38.766987 38.766987 1.000049 1.000049 1.000049
8360 38.766987 38.766987 38.766987 1.000049 1.000049 1.000049
8370 38.766987 38.766987 38.766987 1.000049 1.000049 1.000049
8380 38.766987 38.766987 38.766987 1.000049 1.000049 1.000049
8390 38.766987 38.766987 38.766987 1.000049 1.000049 1.000049
8400 38.766987 38.766987 38.766987 1.000049 1.000049 1.000049
8410 38.766987 38.766987 38.766987 1.000049 1.000049 1.000049
8420 38.766987 38.766987 38.766987 1.000049 1.000049 1.000049
8430 38.766987 38.766987 38.766987 1.000049 1.000049 1.000049
8440 38.766987 38.766987 38.766987 1.000049 1.000049 1.000049
8450 38.766987 38.766987 38.766987 1.000049 1.000049 1.000049
8460 38.766987 38.766987 38.766987 1.000049 1.000049 1.000049
8470 38.766987 38.766987 38.766987 1.000049 1.000049 1.000049
8480 38.766987 38.766987 38.766987 1.000049 1.000049 1.000049
8490 38.766987 38.766987 38.766987 1.000049 1.000049 1.000049
8500 38.766987 38.766987 38.766987 1.000049 1.000049 1.000049
8510 38.766987 38.766987 38.766987 1.000049 1.000049 1.000049
8520 38.766987 38.766987 38.766987 1.000049 1.000049 1.000049
8530 38.766987 38.766987 38.766987 1.000049 1.000049 1.000049
8540 38.766987 38.766987 38.766987 1.000049 1.000049 1.000049
8550 38.766987 38.766987 38.766987 1.000049 1.000049 1.000049
8560 38.766987 38.766987 38.766987 1.000049 1.000049 1.000049
8570 38.766987 38.766987 38.766987 1.000049 1.000049 1.000049
8580 38.766987 38.766987 38.766987 1.000049 1.000049 1.000049
8590 38.766987 38.766987 38.766987 1.000049 1.000049 1.000049
8600 38.766987 38.766987 38.766987 1.000049 1.000049 1.000049
8610 38.766987 38.766987 38.766987 1.000049 1.000049 1.000049
8620 38.766987 38.766987 38.766987 1.000049 1.000049 1.000049
8630 38.766987 38.766987 38.766987 1.000049 1.000049 1.000049
8640 38.766987 38.766987 38.766987 1.000049 1.000049 1.000049
8650 38.766987 38.766987 38.766987 1.000049 1.000049 1.000049
8660 38.766987 38.766987 38.766987 1.000049 1.000049 1.000049
8670 38.766987 38.766987 38.766987 1.000049 1.000049 1.000049
8680 38.766987 38.766987 38.766987 1.000049 1.000049 1.000049
8690 38.766987 38.766987 38.766987 1.000049 1.000049 1.000049
8700 38.766987 38.766987 38.766987 1.000049 1.000049 1.000049
8710 38.766987 38.766987 38.766987 1.000049 1.000049 1.000049
8720 38.766987 38.766987 38.766987 1.000049 1.000049 1.000049
8730 38.766987 38.766987 38.766987 1.000049 1.000049 1.000049
8740 38.766987 38.766987 38.766987 1.000049 1.000049 1.000049
8750 38.766987 38.766987 38.766987 1.000049 1.000049 1.000049
8760 38.766987 38.766987 38.766987 1.000049 1.000049 1.000049
8770 38.766987 38.766987 38.766987 1.000049 1.000049 1.000049
8780 38.766987 38.766987 38.766987 1.000049 1.000049 1.000049
8790 38.766987 38.766987 38.766987 1.000049 1.000049 1.000049
8800 38.766987 38.766987 38.766987 1.000049 1.000049 1.000049
8810 38.766987 38.766987 38.766987 1.000049 1.000049 1.000049
8820 38.766987 38.766987 38.766987 1.000049 1.000049 1.000049
8830 38.766987 38.766987 38.766987 1.000049 1.000049 1.000049
8840 38.766987 38.766987 38.766987 1.000049 1.000049 1.000049
8850 38.766987 38.766987 38.766987 1.000049 1.000049 1.000049
8860 38.766987 38.766987 38.766987 1.000049 1.000049 1.000049
8870 38.766987 38.766987 38.766987 1.000049 1.000049 1.000049
8880 38.766987 38.766987 38.766987 1.000049 1.000049 1.000049
8890 38.766987 38.766987 38.766987 1.000049 1.000049 1.000049
8900 38.766987 38.766987 38.766987 1.000049 1.000049 1.000049
8910 38.766987 38.766987 38.766987 1.000049 1.000049 1.000049
8920 38.766987 38.766987 38.766987 1.000049 1.000049 1.000049
8930 38.766987 38.766987 38.766987 1.000049 1.000049 1.000049
8940 38.766987 38.766987 38.766987 1.000049 1.000049 1.000049
8950 38.766987 38.766987 38.766987 1.000049 1.000049 1.000049
8960 38.766987 38.766987 38.766987 1.000049 1.000049 1.000049
8970 38.766987 38.766987 38.766987 1.000049 1.000049 1.000049
8980 38.766987 38.766987 38.766987 1.000049 1.000049 1.000049
8990 38.766987 38.766987 38.766987 1.000049 1.000049 1.000049
9000 38.766987 38.766987 38.766987 1.000049 1.000049 1.000049
9010 38.766987 38.766987 38.766987 1.000049 1.000049 1.000049
9020 38.766987 38.766987 38.766987 1.000049 1.000049 1.000049
9030 38.766987 38.766987 38.766987 1.000049 1.000049 1.000049
9040 38.766987 38.766987 38.766987 1.000049 1.000049 1.000049
9050 38.766987 38.766987 38.766987 1.000049 1.000049 1.000049
9060 38.766987 38.766987 38.766987 1.000049 1.000049 1.000049
9070 38.766987 38.766987 38.766987 1.000049 1.000049 1.000049
9080 38.766987 38.766987 38.766987 1.000049 1.000049 1.000049
9090 38.766987 38.766987 38.766987 1.000049 1.000049 1.000049
9100 38.766987 38.766987 38.766987 1.000049 1.000049 1.000049
9110 38.766987 38.766987 38.766987 1.000049 1.000049 1.000049
9120 38.766987 38.766987 38.766987 1.000049 1.000049 1.000049
9130 38.766987 38.766987 38.766987 1.000049 1.000049 1.000049
9140 38.766987 38.766987 38.766987 1.000049 1.000049 1.000049
9150 38.766987 38.766987 38.766987 1.000049 1.000049 1.000049
9160 38.766987 38.766987 38.766987 1.000049 1.000049 1.000049
9170 38.766987 38.766987 38.766987 1.000049 1.000049 1.000049
9180 38.766987 38.766987 38.766987 1.000049 1.000049 1.000049
9190 38.766987 38.766987 38.766987 1.000049 1.000049 1.000049
9200 38.766987 38.766987 38.766987 1.000049 1.000049 1.000049
9210 38.766987 38.766987 38.766987 1.000049 1.000049 1.000049
9220 38.766987 38.766987 38.766987 1.000049 1.000049 1.000049
9230 38.766987 38.766987 38.766987 1.000049 1.000049 1.000049
9240 38.766987 38.766987 38.766987 1.000049 1.000049 1.000049
9250 38.766987 38.766987 38.766987 1.000049 1.000049 1.000049
9260 38.766987 38.766987 38.766987 1.000049 1.000049 1.000049
9270 38.766987 38.766987 38.766987 1.000049 1.000049 1.000049
9280 38.766987 38.766987 38.766987 1.000049 1.000049 1.000049
9290 38.766987 38.766987 38.766987 1.000049 1.000049 1.000049
9300 38.766987 38.766987 38.766987 1.000049 1.000049 1.000049
9310 38.766987 38.766987 38.766987 1.000049 1.000049 1.000049
9320 38.766987 38.766987 38.766987 1.000049 1.000049 1.000049
9330 38.766987 38.766987 38.766987 1.000049 1.000049 1.000049
9340 38.766987 38.766987 38.766987 1.000049 1.000049 1.000049
9350 38.766987 38.766987 38.766987 1.000049 1.000049 1.000049
9360 38.766987 38.766987 38.766987 1.000049 1.000049 1.000049
9370 38.766987 38.766987 38.766987 1.000049 1.000049 1.000049
9380 38.766987 38.766987 38.766987 1.000049 1.000049 1.000049
9390 38.766987 38.766987 38.766987 1.000049 1.000049 1.000049
9400 38.766987 38.766987 38.766987 1.000049 1.000049 1.000049
9410 38.766987 38.766987 38.766987 1.000049 1.000049 1.000049
9420 38.766987 38.766987 38.766987 1.000049 1.000049 1.000049
9430 38.766987 38.766987 38.766987 1.000049 1.000049 1.000049
9440 38.766987 38.766987 38.766987 1.000049 1.000049 1.000049
9450 38.766987 38.766987 38.766987 1.000049 1.000049 1.000049
9460 38.766987 38.766987 38.766987 1.000049 1.000049 1.000049
9470 38.766987 38.766987 38.766987 1.000049 1.000049 1.000049
9480 38.766987 38.766987 38.766987 1.000049 1.000049 1.000049
9490 38.766987 38.766987 38.766987 1.000049 1.000049 1.000049
9500 38.766987 38.766987 38.766987 1.000049 1.000049 1.000049
9510 38.766987 38.766987 38.766987 1.000049 1.000049 1.000049
9520 38.766987 38.766987 38.766987 1.000049 1.000049 1.000049
9530 38.766987 38.766987 38.766987 1.000049 1.000049 1.000049
9540 38.766987 38.766987 38.766987 1.000049 1.000049 1.000049
9550 38.766987 38.766987 38.766987 1.000049 1.000049 1.000049
9560 38.766987 38.766987 38.766987 1.000049 1.000049 1.000049
9570 38.766987 38.766987 38.766987 1.000049 1.000049 1.000049
9580 38.766987 38.766987 38.766987 1.000049 1.000049 1.000049
9590 38.766987 38.766987 38.766987 1.000049 1.000049 1.000049
9600 38.766987 38.766987 38.766987 1.000049 1.000049 1.000049
9610 38.766987 38.766987 38.766987 1.000049 1.000049 1.000049
9620 38.766987 38.766987 38.766987 1.000049 1.000049 1.000049
9630 38.766987 38.766987 38.766987 1.000049 1.000049 1.000049
9640 38.766987 38.766987 38.766987 1.000049 1.000049 1.000049
9650 38.766987 38.766987 38.766987 1.000049 1.000049 1.000049
9660 38.766987 38.766987 38.766987 1.000049 1.000049 1.000049
9670 38.766987 38.766987 38.766987 1.000049 1.000049 1.000049
9680 38.766987 38.766987 38.766987 1.000049 1.000049 1.000049
9690 38.766987 38.766987 38.766987 1.000049 1.000049 1.000049
9700 38.766987 38.766987 38.766987 1.000049 1.000049 1.000049
9710 38.766987 38.766987 38.766987 1.000049 1.000049 1.000049
9720 38.766987 38.766987 38.766987 1.000049 1.000049 1.000049
9730 38.766987 38.766987 38.766987 1.000049 1.000049 1.000049
9740 38.766987 38.766987 38.766987 1.000049 1.000049 1.000049
9750 38.766987 38.766987 38.766987 1.000049 1.000049 1.000049
9760 38.766987 38.766987 38.766987 1.000049 1.000049 1.000049
9770 38.766987 38.766987 38.766987 1.000049 1.000049 1.000049
9780 38.766987 38.766987 38.766987 1.000049 1.000049 1.000049
9790 38.766987 38.766987 38.766987 1.000049 1.000049 1.000049
9800 38.766987 38.766987 38.766987 1.000049 1.000049 1.000049
9810 38.766987 38.766987 38.766987 1.000049 1.000049 1.000049
9820 38.766987 38.766987 38.766987 1.000049 1.000049 1.000049
9830 38.766987 38.766987 38.766987 1.000049 1.000049 1.000049
9840 38.766987 38.766987 38.766987 1.000049 1.000049 1.000049
9850 38.766987 38.766987 38.766987 1.000049 1.000049 1.000049
9860 38.766987 38.766987 38.766987 1.000049 1.000049 1.000049
9870 38.766987 38.766987 38.766987 1.000049 1.000049 1.000049
9880 38.766987 38.766987 38.766987 1.000049 1.000049 1.000049
9890 38.766987 38.766987 38.766987 1.000049 1.000049 1.000049
9900 38.766987 38.766987 38.766987 1.000049 1.000049 1.000049
9910 38.766987 38.766987 38.766987 1.000049 1.000049 1.000049
9920 38.766987 38.766987 38.766987 1.000049 1.000049 1.000049
9930 38.766987 38.766987 38.766987 1.000049 1.000049 1.000049
9940 38.766987 38.766987 38.766987 1.000049 1.000049 1.000049
9950 38.766987 38.766987 38.766987 1.000049 1.000049 1.000049
9960 38.766987 38.766987 38.766987 1.000049 1.000049 1.000049
9970 38.766987 38.766987 38.766987 1.000049 1.000049 1.000049
9980 38.766987 38.766987 38.766987 1.000049 1.000049 1.000049
9990 38.766987 38.766987 38.766987 1.000049 1.000049 1.000049
10000 38.766987 38.766987 38.766987 1.000049 1.000049 1.000049
