# generation power_min power_avg power_max util_min util_avg util_max
1 51.518632 52.381622 53.665020 0.927049 0.960029 0.989419
10 51.488484 52.256031 52.990180 0.946344 0.962920 0.989419
20 51.407960 52.126676 52.741804 0.947818 0.965811 0.989419
30 51.186668 52.004596 52.582161 0.948592 0.968691 0.994617
40 51.029934 51.905513 52.451677 0.948592 0.970994 0.999228
50 50.988522 51.805459 52.320521 0.951717 0.973288 0.999228
60 52.247442 51.714163 52.247442 0.953512 0.976019 1.002756
70 52.176569 51.616388 52.176569 0.958265 0.978634 1.002756
80 52.055289 51.514513 52.055289 0.958793 0.980808 1.002756
90 51.953592 51.416353 51.953592 0.967940 0.983413 1.003847
100 51.852679 51.328937 51.852679 0.969326 0.985789 1.003847
110 51.756938 51.245900 51.756938 0.969326 0.987854 1.003847
120 51.618285 51.162175 51.618285 0.969326 0.990258 1.004395
130 51.491827 51.093169 51.491827 0.976208 0.991857 1.004395
140 51.403532 51.040224 51.403532 0.977673 0.993625 1.004395
150 51.319501 50.970257 51.319501 0.977673 0.994863 1.004395
160 51.186668 50.900672 51.186668 0.984645 0.996229 1.004395
170 51.111970 50.855944 51.111970 0.985591 0.996769 1.004395
180 51.044670 50.805445 51.044670 0.985591 0.997409 1.004395
190 50.999512 50.757488 50.999512 0.986993 0.998221 1.009005
200 50.954928 50.717947 50.954928 0.986993 0.998359 1.009005
210 50.891340 50.688143 50.891340 0.989866 0.998435 1.004395
220 50.836372 50.653192 50.836372 0.992865 0.998505 1.004395
230 50.805714 50.638180 50.805714 0.992125 0.998357 1.004395
240 50.770077 50.615635 50.770077 0.992125 0.998376 1.004395
250 50.742660 50.583353 50.742660 0.992125 0.998592 1.004395
260 50.722137 50.563447 50.722137 0.992125 0.998578 1.002922
270 50.689409 50.546445 50.689409 0.992125 0.998601 1.002922
280 50.651476 50.511112 50.651476 0.995079 0.998630 1.002922
290 50.598358 50.492990 50.598358 0.995079 0.998762 1.002922
300 50.598358 50.464375 50.598358 0.995079 0.998983 1.002922
310 50.528449 50.432746 50.528449 0.995391 0.999177 1.002922
320 50.518296 50.415806 50.518296 0.995391 0.999235 1.002922
330 50.486051 50.397506 50.486051 0.995391 0.999274 1.002922
340 50.477879 50.382651 50.477879 0.995391 0.999255 1.001496
350 50.450059 50.366138 50.450059 0.995391 0.999292 1.001496
360 50.433012 50.360099 50.433012 0.995391 0.999073 1.001496
370 50.404224 50.352715 50.404224 0.995391 0.998924 1.001496
380 50.404224 50.348171 50.404224 0.995391 0.998723 1.001496
390 50.398528 50.340076 50.398528 0.995391 0.998656 1.001496
400 50.383361 50.330938 50.383361 0.995391 0.998644 1.001496
410 50.382561 50.322076 50.382561 0.995391 0.998726 1.001496
420 50.382561 50.312757 50.382561 0.995391 0.998953 1.001496
430 50.376417 50.304161 50.376417 0.995391 0.999208 1.001496
440 50.371893 50.295746 50.371893 0.995391 0.999435 1.001496
450 50.281624 50.293039 50.294529 0.998928 0.999481 0.999560
460 50.281624 50.292688 50.294529 0.998928 0.999483 0.999560
470 50.281624 50.292276 50.294529 0.998928 0.999483 0.999560
480 50.281624 50.291890 50.294529 0.998928 0.999479 0.999560
490 50.281624 50.291132 50.294529 0.998928 0.999467 0.999560
500 50.281624 50.290456 50.294529 0.998928 0.999468 0.999560
510 50.281624 50.289605 50.294529 0.998928 0.999470 0.999560
520 50.281624 50.288815 50.294529 0.998928 0.999474 0.999560
530 50.281624 50.287861 50.294529 0.998928 0.999454 0.999560
540 50.281624 50.286927 50.294529 0.998928 0.999443 0.999560
550 50.281624 50.286050 50.294529 0.998928 0.999448 0.999560
560 50.281624 50.285129 50.288386 0.998928 0.999420 0.999560
570 50.281624 50.284764 50.285756 0.998928 0.999409 0.999560
580 50.281624 50.284434 50.285756 0.998928 0.999358 0.999560
590 50.281624 50.284186 50.285756 0.998928 0.999320 0.999560
600 50.281624 50.283938 50.285756 0.998928 0.999282 0.999560
610 50.281624 50.283525 50.285756 0.998928 0.999219 0.999560
620 50.281624 50.283153 50.285756 0.998928 0.999162 0.999560
630 50.281624 50.282740 50.285756 0.998928 0.999099 0.999560
640 50.281624 50.282326 50.285756 0.998928 0.999036 0.999560
650 50.281624 50.281913 50.285756 0.998928 0.998973 0.999560
660 50.281624 50.281624 50.281624 0.998928 0.998928 0.998928
670 50.281624 50.281624 50.281624 0.998928 0.998928 0.998928
680 50.281624 50.281624 50.281624 0.998928 0.998928 0.998928
690 50.281624 50.281624 50.281624 0.998928 0.998928 0.998928
700 50.281624 50.281624 50.281624 0.998928 0.998928 0.998928
710 50.281624 50.281624 50.281624 0.998928 0.998928 0.998928
720 50.281624 50.281624 50.281624 0.998928 0.998928 0.998928
730 50.281624 50.281624 50.281624 0.998928 0.998928 0.998928
740 50.281624 50.281624 50.281624 0.998928 0.998928 0.998928
750 50.281624 50.281624 50.281624 0.998928 0.998928 0.998928
760 50.281624 50.281624 50.281624 0.998928 0.998928 0.998928
770 50.281624 50.281624 50.281624 0.998928 0.998928 0.998928
780 50.281624 50.281624 50.281624 0.998928 0.998928 0.998928
790 50.281624 50.281624 50.281624 0.998928 0.998928 0.998928
800 50.281624 50.281624 50.281624 0.998928 0.998928 0.998928
810 50.281624 50.281624 50.281624 0.998928 0.998928 0.998928
820 50.281624 50.281624 50.281624 0.998928 0.998928 0.998928
830 50.281624 50.281624 50.281624 0.998928 0.998928 0.998928
840 50.281624 50.281624 50.281624 0.998928 0.998928 0.998928
850 50.281624 50.281624 50.281624 0.998928 0.998928 0.998928
860 50.281624 50.281624 50.281624 0.998928 0.998928 0.998928
870 50.281624 50.281624 50.281624 0.998928 0.998928 0.998928
880 50.281624 50.281624 50.281624 0.998928 0.998928 0.998928
890 50.281624 50.281624 50.281624 0.998928 0.998928 0.998928
900 50.281624 50.281624 50.281624 0.998928 0.998928 0.998928
910 50.281624 50.281624 50.281624 0.998928 0.998928 0.998928
920 50.281624 50.281624 50.281624 0.998928 0.998928 0.998928
930 50.281624 50.281624 50.281624 0.998928 0.998928 0.998928
940 50.281624 50.281624 50.281624 0.998928 0.998928 0.998928
950 50.281624 50.281624 50.281624 0.998928 0.998928 0.998928
960 50.281624 50.281624 50.281624 0.998928 0.998928 0.998928
970 50.281624 50.281624 50.281624 0.998928 0.998928 0.998928
980 50.281624 50.281624 50.281624 0.998928 0.998928 0.998928
990 50.281624 50.281624 50.281624 0.998928 0.998928 0.998928
1000 50.281624 50.281624 50.281624 0.998928 0.998928 0.998928
1010 50.281624 50.281624 50.281624 0.998928 0.998928 0.998928
1020 50.281624 50.281624 50.281624 0.998928 0.998928 0.998928
1030 50.281624 50.281624 50.281624 0.998928 0.998928 0.998928
1040 50.281624 50.281624 50.281624 0.998928 0.998928 0.998928
1050 50.281624 50.281624 50.281624 0.998928 0.998928 0.998928
1060 50.281624 50.281624 50.281624 0.998928 0.998928 0.998928
1070 50.281624 50.281624 50.281624 0.998928 0.998928 0.998928
1080 50.281624 50.281624 50.281624 0.998928 0.998928 0.998928
1090 50.281624 50.281624 50.281624 0.998928 0.998928 0.998928
1100 50.281624 50.281624 50.281624 0.998928 0.998928 0.998928
1110 50.281624 50.281624 50.281624 0.998928 0.998928 0.998928
1120 50.281624 50.281624 50.281624 0.998928 0.998928 0.998928
1130 50.281624 50.281624 50.281624 0.998928 0.998928 0.998928
1140 50.281624 50.281624 50.281624 0.998928 0.998928 0.998928
1150 50.281624 50.281624 50.281624 0.998928 0.998928 0.998928
1160 50.281624 50.281624 50.281624 0.998928 0.998928 0.998928
1170 50.281624 50.281624 50.281624 0.998928 0.998928 0.998928
1180 50.281624 50.281624 50.281624 0.998928 0.998928 0.998928
1190 50.281624 50.281624 50.281624 0.998928 0.998928 0.998928
1200 50.281624 50.281624 50.281624 0.998928 0.998928 0.998928
1210 50.281624 50.281624 50.281624 0.998928 0.998928 0.998928
1220 50.281624 50.281624 50.281624 0.998928 0.998928 0.998928
1230 50.281624 50.281624 50.281624 0.998928 0.998928 0.998928
1240 50.281624 50.281624 50.281624 0.998928 0.998928 0.998928
1250 50.281624 50.281624 50.281624 0.998928 0.998928 0.998928
1260 50.281624 50.281624 50.281624 0.998928 0.998928 0.998928
1270 50.281624 50.281624 50.281624 0.998928 0.998928 0.998928
1280 50.281624 50.281624 50.281624 0.998928 0.998928 0.998928
1290 50.281624 50.281624 50.281624 0.998928 0.998928 0.998928
1300 50.281624 50.281624 50.281624 0.998928 0.998928 0.998928
1310 50.281624 50.281624 50.281624 0.998928 0.998928 0.998928
1320 50.281624 50.281624 50.281624 0.998928 0.998928 0.998928
1330 50.281624 50.281624 50.281624 0.998928 0.998928 0.998928
1340 50.281624 50.281624 50.281624 0.998928 0.998928 0.998928
1350 50.281624 50.281624 50.281624 0.998928 0.998928 0.998928
1360 50.281624 50.281624 50.281624 0.998928 0.998928 0.998928
1370 50.281624 50.281624 50.281624 0.998928 0.998928 0.998928
1380 50.281624 50.281624 50.281624 0.998928 0.998928 0.998928
1390 50.281624 50.281624 50.281624 0.998928 0.998928 0.998928
1400 50.281624 50.281624 50.281624 0.998928 0.998928 0.998928
1410 50.281624 50.281624 50.281624 0.998928 0.998928 0.998928
1420 50.281624 50.281624 50.281624 0.998928 0.998928 0.998928
1430 50.281624 50.281624 50.281624 0.998928 0.998928 0.998928
1440 50.281624 50.281624 50.281624 0.998928 0.998928 0.998928
1450 50.281624 50.281624 50.281624 0.998928 0.998928 0.998928
1460 50.281624 50.281624 50.281624 0.998928 0.998928 0.998928
1470 50.281624 50.281624 50.281624 0.998928 0.998928 0.998928
1480 50.281624 50.281624 50.281624 0.998928 0.998928 0.998928
1490 50.281624 50.281624 50.281624 0.998928 0.998928 0.998928
1500 50.281624 50.281624 50.281624 0.998928 0.998928 0.998928
1510 50.281624 50.281624 50.281624 0.998928 0.998928 0.998928
1520 50.281624 50.281624 50.281624 0.998928 0.998928 0.998928
1530 50.281624 50.281624 50.281624 0.998928 0.998928 0.998928
1540 50.281624 50.281624 50.281624 0.998928 0.998928 0.998928
1550 50.281624 50.281624 50.281624 0.998928 0.998928 0.998928
1560 50.281624 50.281624 50.281624 0.998928 0.998928 0.998928
1570 50.281624 50.281624 50.281624 0.998928 0.998928 0.998928
1580 50.281624 50.281624 50.281624 0.998928 0.998928 0.998928
1590 50.281624 50.281624 50.281624 0.998928 0.998928 0.998928
1600 50.281624 50.281624 50.281624 0.998928 0.998928 0.998928
1610 50.281624 50.281624 50.281624 0.998928 0.998928 0.998928
1620 50.281624 50.281624 50.281624 0.998928 0.998928 0.998928
1630 50.281624 50.281624 50.281624 0.998928 0.998928 0.998928
1640 50.281624 50.281624 50.281624 0.998928 0.998928 0.998928
1650 50.281624 50.281624 50.281624 0.998928 0.998928 0.998928
1660 50.281624 50.281624 50.281624 0.998928 0.998928 0.998928
1670 50.281624 50.281624 50.281624 0.998928 0.998928 0.998928
1680 50.281624 50.281624 50.281624 0.998928 0.998928 0.998928
1690 50.281624 50.281624 50.281624 0.998928 0.998928 0.998928
1700 50.281624 50.281624 50.281624 0.998928 0.998928 0.998928
1710 50.281624 50.281624 50.281624 0.998928 0.998928 0.998928
1720 50.281624 50.281624 50.281624 0.998928 0.998928 0.998928
1730 50.281624 50.281624 50.281624 0.998928 0.998928 0.998928
1740 50.281624 50.281624 50.281624 0.998928 0.998928 0.998928
1750 50.281624 50.281624 50.281624 0.998928 0.998928 0.998928
1760 50.281624 50.281624 50.281624 0.998928 0.998928 0.998928
1770 50.281624 50.281624 50.281624 0.998928 0.998928 0.998928
1780 50.281624 50.281624 50.281624 0.998928 0.998928 0.998928
1790 50.281624 50.281624 50.281624 0.998928 0.998928 0.998928
1800 50.281624 50.281624 50.281624 0.998928 0.998928 0.998928
1810 50.281624 50.281624 50.281624 0.998928 0.998928 0.998928
1820 50.281624 50.281624 50.281624 0.998928 0.998928 0.998928
1830 50.281624 50.281624 50.281624 0.998928 0.998928 0.998928
1840 50.281624 50.281624 50.281624 0.998928 0.998928 0.998928
1850 50.281624 50.281624 50.281624 0.998928 0.998928 0.998928
1860 50.281624 50.281624 50.281624 0.998928 0.998928 0.998928
1870 50.281624 50.281624 50.281624 0.998928 0.998928 0.998928
1880 50.281624 50.281624 50.281624 0.998928 0.998928 0.998928
1890 50.281624 50.281624 50.281624 0.998928 0.998928 0.998928
1900 50.281624 50.281624 50.281624 0.998928 0.998928 0.998928
1910 50.281624 50.281624 50.281624 0.998928 0.998928 0.998928
1920 50.281624 50.281624 50.281624 0.998928 0.998928 0.998928
1930 50.281624 50.281624 50.281624 0.998928 0.998928 0.998928
1940 50.281624 50.281624 50.281624 0.998928 0.998928 0.998928
1950 50.281624 50.281624 50.281624 0.998928 0.998928 0.998928
1960 50.281624 50.281624 50.281624 0.998928 0.998928 0.998928
1970 50.281624 50.281624 50.281624 0.998928 0.998928 0.998928
1980 50.281624 50.281624 50.281624 0.998928 0.998928 0.998928
1990 50.281624 50.281624 50.281624 0.998928 0.998928 0.998928
2000 50.281624 50.281624 50.281624 0.998928 0.998928 0.998928
2010 50.281624 50.281624 50.281624 0.998928 0.998928 0.998928
2020 50.281624 50.281624 50.281624 0.998928 0.998928 0.998928
2030 50.281624 50.281624 50.281624 0.998928 0.998928 0.998928
2040 50.281624 50.281624 50.281624 0.998928 0.998928 0.998928
2050 50.281624 50.281624 50.281624 0.998928 0.998928 0.998928
2060 50.281624 50.281624 50.281624 0.998928 0.998928 0.998928
2070 50.281624 50.281624 50.281624 0.998928 0.998928 0.998928
2080 50.281624 50.281624 50.281624 0.998928 0.998928 0.998928
2090 50.281624 50.281624 50.281624 0.998928 0.998928 0.998928
2100 50.281624 50.281624 50.281624 0.998928 0.998928 0.998928
2110 50.281624 50.281624 50.281624 0.998928 0.998928 0.998928
2120 50.281624 50.281624 50.281624 0.998928 0.998928 0.998928
2130 50.281624 50.281624 50.281624 0.998928 0.998928 0.998928
2140 50.281624 50.281624 50.281624 0.998928 0.998928 0.998928
2150 50.281624 50.281624 50.281624 0.998928 0.998928 0.998928
2160 50.281624 50.281624 50.281624 0.998928 0.998928 0.998928
2170 50.281624 50.281624 50.281624 0.998928 0.998928 0.998928
2180 50.281624 50.281624 50.281624 0.998928 0.998928 0.998928
2190 50.281624 50.281624 50.281624 0.998928 0.998928 0.998928
2200 50.281624 50.281624 50.281624 0.998928 0.998928 0.998928
2210 50.281624 50.281624 50.281624 0.998928 0.998928 0.998928
2220 50.281624 50.281624 50.281624 0.998928 0.998928 0.998928
2230 50.281624 50.281624 50.281624 0.998928 0.998928 0.998928
2240 50.281624 50.281624 50.281624 0.998928 0.998928 0.998928
2250 50.281624 50.281624 50.281624 0.998928 0.998928 0.998928
2260 50.281624 50.281624 50.281624 0.998928 0.998928 0.998928
2270 50.281624 50.281624 50.281624 0.998928 0.998928 0.998928
2280 50.281624 50.281624 50.281624 0.998928 0.998928 0.998928
2290 50.281624 50.281624 50.281624 0.998928 0.998928 0.998928
2300 50.281624 50.281624 50.281624 0.998928 0.998928 0.998928
2310 50.281624 50.281624 50.281624 0.998928 0.998928 0.998928
2320 50.281624 50.281624 50.281624 0.998928 0.998928 0.998928
2330 50.281624 50.281624 50.281624 0.998928 0.998928 0.998928
2340 50.281624 50.281624 50.281624 0.998928 0.998928 0.998928
2350 50.281624 50.281624 50.281624 0.998928 0.998928 0.998928
2360 50.281624 50.281624 50.281624 0.998928 0.998928 0.998928
2370 50.281624 50.281624 50.281624 0.998928 0.998928 0.998928
2380 50.281624 50.281624 50.281624 0.998928 0.998928 0.998928
2390 50.281624 50.281624 50.281624 0.998928 0.998928 0.998928
2400 50.281624 50.281624 50.281624 0.998928 0.998928 0.998928
2410 50.281624 50.281624 50.281624 0.998928 0.998928 0.998928
2420 50.281624 50.281624 50.281624 0.998928 0.998928 0.998928
2430 50.281624 50.281624 50.281624 0.998928 0.998928 0.998928
2440 50.281624 50.281624 50.281624 0.998928 0.998928 0.998928
2450 50.281624 50.281624 50.281624 0.998928 0.998928 0.998928
2460 50.281624 50.281624 50.281624 0.998928 0.998928 0.998928
2470 50.281624 50.281624 50.281624 0.998928 0.998928 0.998928
2480 50.281624 50.281624 50.281624 0.998928 0.998928 0.998928
2490 50.281624 50.281624 50.281624 0.998928 0.998928 0.998928
2500 50.281624 50.281624 50.281624 0.998928 0.998928 0.998928
2510 50.281624 50.281624 50.281624 0.998928 0.998928 0.998928
2520 50.281624 50.281624 50.281624 0.998928 0.998928 0.998928
2530 50.281624 50.281624 50.281624 0.998928 0.998928 0.998928
2540 50.281624 50.281624 50.281624 0.998928 0.998928 0.998928
2550 50.281624 50.281624 50.281624 0.998928 0.998928 0.998928
2560 50.281624 50.281624 50.281624 0.998928 0.998928 0.998928
2570 50.281624 50.281624 50.281624 0.998928 0.998928 0.998928
2580 50.281624 50.281624 50.281624 0.998928 0.998928 0.998928
2590 50.281624 50.281624 50.281624 0.998928 0.998928 0.998928
2600 50.281624 50.281624 50.281624 0.998928 0.998928 0.998928
2610 50.281624 50.281624 50.281624 0.998928 0.998928 0.998928
2620 50.281624 50.281624 50.281624 0.998928 0.998928 0.998928
2630 50.281624 50.281624 50.281624 0.998928 0.998928 0.998928
2640 50.281624 50.281624 50.281624 0.998928 0.998928 0.998928
2650 50.281624 50.281624 50.281624 0.998928 0.998928 0.998928
2660 50.281624 50.281624 50.281624 0.998928 0.998928 0.998928
2670 50.281624 50.281624 50.281624 0.998928 0.998928 0.998928
2680 50.281624 50.281624 50.281624 0.998928 0.998928 0.998928
2690 50.281624 50.281624 50.281624 0.998928 0.998928 0.998928
2700 50.281624 50.281624 50.281624 0.998928 0.998928 0.998928
2710 50.281624 50.281624 50.281624 0.998928 0.998928 0.998928
2720 50.281624 50.281624 50.281624 0.998928 0.998928 0.998928
2730 50.281624 50.281624 50.281624 0.998928 0.998928 0.998928
2740 50.281624 50.281624 50.281624 0.998928 0.998928 0.998928
2750 50.281624 50.281624 50.281624 0.998928 0.998928 0.998928
2760 50.281624 50.281624 50.281624 0.998928 0.998928 0.998928
2770 50.281624 50.281624 50.281624 0.998928 0.998928 0.998928
2780 50.281624 50.281624 50.281624 0.998928 0.998928 0.998928
2790 50.281624 50.281624 50.281624 0.998928 0.998928 0.998928
2800 50.281624 50.281624 50.281624 0.998928 0.998928 0.998928
2810 50.281624 50.281624 50.281624 0.998928 0.998928 0.998928
2820 50.281624 50.281624 50.281624 0.998928 0.998928 0.998928
2830 50.281624 50.281624 50.281624 0.998928 0.998928 0.998928
2840 50.281624 50.281624 50.281624 0.998928 0.998928 0.998928
2850 50.281624 50.281624 50.281624 0.998928 0.998928 0.998928
2860 50.281624 50.281624 50.281624 0.998928 0.998928 0.998928
2870 50.281624 50.281624 50.281624 0.998928 0.998928 0.998928
2880 50.281624 50.281624 50.281624 0.998928 0.998928 0.998928
2890 50.281624 50.281624 50.281624 0.998928 0.998928 0.998928
2900 50.281624 50.281624 50.281624 0.998928 0.998928 0.998928
2910 50.281624 50.281624 50.281624 0.998928 0.998928 0.998928
2920 50.281624 50.281624 50.281624 0.998928 0.998928 0.998928
2930 50.281624 50.281624 50.281624 0.998928 0.998928 0.998928
2940 50.281624 50.281624 50.281624 0.998928 0.998928 0.998928
2950 50.281624 50.281624 50.281624 0.998928 0.998928 0.998928
2960 50.281624 50.281624 50.281624 0.998928 0.998928 0.998928
2970 50.281624 50.281624 50.281624 0.998928 0.998928 0.998928
2980 50.281624 50.281624 50.281624 0.998928 0.998928 0.998928
2990 50.281624 50.281624 50.281624 0.998928 0.998928 0.998928
3000 50.281624 50.281624 50.281624 0.998928 0.998928 0.998928
3010 50.281624 50.281624 50.281624 0.998928 0.998928 0.998928
3020 50.281624 50.281624 50.281624 0.998928 0.998928 0.998928
3030 50.281624 50.281624 50.281624 0.998928 0.998928 0.998928
3040 50.281624 50.281624 50.281624 0.998928 0.998928 0.998928
3050 50.281624 50.281624 50.281624 0.998928 0.998928 0.998928
3060 50.281624 50.281624 50.281624 0.998928 0.998928 0.998928
3070 50.281624 50.281624 50.281624 0.998928 0.998928 0.998928
3080 50.281624 50.281624 50.281624 0.998928 0.998928 0.998928
3090 50.281624 50.281624 50.281624 0.998928 0.998928 0.998928
3100 50.281624 50.281624 50.281624 0.998928 0.998928 0.998928
3110 50.281624 50.281624 50.281624 0.998928 0.998928 0.998928
3120 50.281624 50.281624 50.281624 0.998928 0.998928 0.998928
3130 50.281624 50.281624 50.281624 0.998928 0.998928 0.998928
3140 50.281624 50.281624 50.281624 0.998928 0.998928 0.998928
3150 50.281624 50.281624 50.281624 0.998928 0.998928 0.998928
3160 50.281624 50.281624 50.281624 0.998928 0.998928 0.998928
3170 50.281624 50.281624 50.281624 0.998928 0.998928 0.998928
3180 50.281624 50.281624 50.281624 0.998928 0.998928 0.998928
3190 50.281624 50.281624 50.281624 0.998928 0.998928 0.998928
3200 50.281624 50.281624 50.281624 0.998928 0.998928 0.998928
3210 50.281624 50.281624 50.281624 0.998928 0.998928 0.998928
3220 50.281624 50.281624 50.281624 0.998928 0.998928 0.998928
3230 50.281624 50.281624 50.281624 0.998928 0.998928 0.998928
3240 50.281624 50.281624 50.281624 0.998928 0.998928 0.998928
3250 50.281624 50.281624 50.281624 0.998928 0.998928 0.998928
3260 50.281624 50.281624 50.281624 0.998928 0.998928 0.998928
3270 50.281624 50.281624 50.281624 0.998928 0.998928 0.998928
3280 50.281624 50.281624 50.281624 0.998928 0.998928 0.998928
3290 50.281624 50.281624 50.281624 0.998928 0.998928 0.998928
3300 50.281624 50.281624 50.281624 0.998928 0.998928 0.998928
3310 50.281624 50.281624 50.281624 0.998928 0.998928 0.998928
3320 50.281624 50.281624 50.281624 0.998928 0.998928 0.998928
3330 50.281624 50.281624 50.281624 0.998928 0.998928 0.998928
3340 50.281624 50.281624 50.281624 0.998928 0.998928 0.998928
3350 50.281624 50.281624 50.281624 0.998928 0.998928 0.998928
3360 50.281624 50.281624 50.281624 0.998928 0.998928 0.998928
3370 50.281624 50.281624 50.281624 0.998928 0.998928 0.998928
3380 50.281624 50.281624 50.281624 0.998928 0.998928 0.998928
3390 50.281624 50.281624 50.281624 0.998928 0.998928 0.998928
3400 50.281624 50.281624 50.281624 0.998928 0.998928 0.998928
3410 50.281624 50.281624 50.281624 0.998928 0.998928 0.998928
3420 50.281624 50.281624 50.281624 0.998928 0.998928 0.998928
3430 50.281624 50.281624 50.281624 0.998928 0.998928 0.998928
3440 50.281624 50.281624 50.281624 0.998928 0.998928 0.998928
3450 50.281624 50.281624 50.281624 0.998928 0.998928 0.998928
3460 50.281624 50.281624 50.281624 0.998928 0.998928 0.998928
3470 50.281624 50.281624 50.281624 0.998928 0.998928 0.998928
3480 50.281624 50.281624 50.281624 0.998928 0.998928 0.998928
3490 50.281624 50.281624 50.281624 0.998928 0.998928 0.998928
3500 50.281624 50.281624 50.281624 0.998928 0.998928 0.998928
3510 50.281624 50.281624 50.281624 0.998928 0.998928 0.998928
3520 50.281624 50.281624 50.281624 0.998928 0.998928 0.998928
3530 50.281624 50.281624 50.281624 0.998928 0.998928 0.998928
3540 50.281624 50.281624 50.281624 0.998928 0.998928 0.998928
3550 50.281624 50.281624 50.281624 0.998928 0.998928 0.998928
3560 50.281624 50.281624 50.281624 0.998928 0.998928 0.998928
3570 50.281624 50.281624 50.281624 0.998928 0.998928 0.998928
3580 50.281624 50.281624 50.281624 0.998928 0.998928 0.998928
3590 50.281624 50.281624 50.281624 0.998928 0.998928 0.998928
3600 50.281624 50.281624 50.281624 0.998928 0.998928 0.998928
3610 50.281624 50.281624 50.281624 0.998928 0.998928 0.998928
3620 50.281624 50.281624 50.281624 0.998928 0.998928 0.998928
3630 50.281624 50.281624 50.281624 0.998928 0.998928 0.998928
3640 50.281624 50.281624 50.281624 0.998928 0.998928 0.998928
3650 50.281624 50.281624 50.281624 0.998928 0.998928 0.998928
3660 50.281624 50.281624 50.281624 0.998928 0.998928 0.998928
3670 50.281624 50.281624 50.281624 0.998928 0.998928 0.998928
3680 50.281624 50.281624 50.281624 0.998928 0.998928 0.998928
3690 50.281624 50.281624 50.281624 0.998928 0.998928 0.998928
3700 50.281624 50.281624 50.281624 0.998928 0.998928 0.998928
3710 50.281624 50.281624 50.281624 0.998928 0.998928 0.998928
3720 50.281624 50.281624 50.281624 0.998928 0.998928 0.998928
3730 50.281624 50.281624 50.281624 0.998928 0.998928 0.998928
3740 50.281624 50.281624 50.281624 0.998928 0.998928 0.998928
3750 50.281624 50.281624 50.281624 0.998928 0.998928 0.998928
3760 50.281624 50.281624 50.281624 0.998928 0.998928 0.998928
3770 50.281624 50.281624 50.281624 0.998928 0.998928 0.998928
3780 50.281624 50.281624 50.281624 0.998928 0.998928 0.998928
3790 50.281624 50.281624 50.281624 0.998928 0.998928 0.998928
3800 50.281624 50.281624 50.281624 0.998928 0.998928 0.998928
3810 50.281624 50.281624 50.281624 0.998928 0.998928 0.998928
3820 50.281624 50.281624 50.281624 0.998928 0.998928 0.998928
3830 50.281624 50.281624 50.281624 0.998928 0.998928 0.998928
3840 50.281624 50.281624 50.281624 0.998928 0.998928 0.998928
3850 50.281624 50.281624 50.281624 0.998928 0.998928 0.998928
3860 50.281624 50.281624 50.281624 0.998928 0.998928 0.998928
3870 50.281624 50.281624 50.281624 0.998928 0.998928 0.998928
3880 50.281624 50.281624 50.281624 0.998928 0.998928 0.998928
3890 50.281624 50.281624 50.281624 0.998928 0.998928 0.998928
3900 50.281624 50.281624 50.281624 0.998928 0.998928 0.998928
3910 50.281624 50.281624 50.281624 0.998928 0.998928 0.998928
3920 50.281624 50.281624 50.281624 0.998928 0.998928 0.998928
3930 50.281624 50.281624 50.281624 0.998928 0.998928 0.998928
3940 50.281624 50.281624 50.281624 0.998928 0.998928 0.998928
3950 50.281624 50.281624 50.281624 0.998928 0.998928 0.998928
3960 50.281624 50.281624 50.281624 0.998928 0.998928 0.998928
3970 50.281624 50.281624 50.281624 0.998928 0.998928 0.998928
3980 50.281624 50.281624 50.281624 0.998928 0.998928 0.998928
3990 50.281624 50.281624 50.281624 0.998928 0.998928 0.998928
4000 50.281624 50.281624 50.281624 0.998928 0.998928 0.998928
4010 50.281624 50.281624 50.281624 0.998928 0.998928 0.998928
4020 50.281624 50.281624 50.281624 0.998928 0.998928 0.998928
4030 50.281624 50.281624 50.281624 0.998928 0.998928 0.998928
4040 50.281624 50.281624 50.281624 0.998928 0.998928 0.998928
4050 50.281624 50.281624 50.281624 0.998928 0.998928 0.998928
4060 50.281624 50.281624 50.281624 0.998928 0.998928 0.998928
4070 50.281624 50.281624 50.281624 0.998928 0.998928 0.998928
4080 50.281624 50.281624 50.281624 0.998928 0.998928 0.998928
4090 50.281624 50.281624 50.281624 0.998928 0.998928 0.998928
4100 50.281624 50.281624 50.281624 0.998928 0.998928 0.998928
4110 50.281624 50.281624 50.281624 0.998928 0.998928 0.998928
4120 50.281624 50.281624 50.281624 0.998928 0.998928 0.998928
4130 50.281624 50.281624 50.281624 0.998928 0.998928 0.998928
4140 50.281624 50.281624 50.281624 0.998928 0.998928 0.998928
4150 50.281624 50.281624 50.281624 0.998928 0.998928 0.998928
4160 50.281624 50.281624 50.281624 0.998928 0.998928 0.998928
4170 50.281624 50.281624 50.281624 0.998928 0.998928 0.998928
4180 50.281624 50.281624 50.281624 0.998928 0.998928 0.998928
4190 50.281624 50.281624 50.281624 0.998928 0.998928 0.998928
4200 50.281624 50.281624 50.281624 0.998928 0.998928 0.998928
4210 50.281624 50.281624 50.281624 0.998928 0.998928 0.998928
4220 50.281624 50.281624 50.281624 0.998928 0.998928 0.998928
4230 50.281624 50.281624 50.281624 0.998928 0.998928 0.998928
4240 50.281624 50.281624 50.281624 0.998928 0.998928 0.998928
4250 50.281624 50.281624 50.281624 0.998928 0.998928 0.998928
4260 50.281624 50.281624 50.281624 0.998928 0.998928 0.998928
4270 50.281624 50.281624 50.281624 0.998928 0.998928 0.998928
4280 50.281624 50.281624 50.281624 0.998928 0.998928 0.998928
4290 50.281624 50.281624 50.281624 0.998928 0.998928 0.998928
4300 50.281624 50.281624 50.281624 0.998928 0.998928 0.998928
4310 50.281624 50.281624 50.281624 0.998928 0.998928 0.998928
4320 50.281624 50.281624 50.281624 0.998928 0.998928 0.998928
4330 50.281624 50.281624 50.281624 0.998928 0.998928 0.998928
4340 50.281624 50.281624 50.281624 0.998928 0.998928 0.998928
4350 50.281624 50.281624 50.281624 0.998928 0.998928 0.998928
4360 50.281624 50.281624 50.281624 0.998928 0.998928 0.998928
4370 50.281624 50.281624 50.281624 0.998928 0.998928 0.998928
4380 50.281624 50.281624 50.281624 0.998928 0.998928 0.998928
4390 50.281624 50.281624 50.281624 0.998928 0.998928 0.998928
4400 50.281624 50.281624 50.281624 0.998928 0.998928 0.998928
4410 50.281624 50.281624 50.281624 0.998928 0.998928 0.998928
4420 50.281624 50.281624 50.281624 0.998928 0.998928 0.998928
4430 50.281624 50.281624 50.281624 0.998928 0.998928 0.998928
4440 50.281624 50.281624 50.281624 0.998928 0.998928 0.998928
4450 50.281624 50.281624 50.281624 0.998928 0.998928 0.998928
4460 50.281624 50.281624 50.281624 0.998928 0.998928 0.998928
4470 50.281624 50.281624 50.281624 0.998928 0.998928 0.998928
4480 50.281624 50.281624 50.281624 0.998928 0.998928 0.998928
4490 50.281624 50.281624 50.281624 0.998928 0.998928 0.998928
4500 50.281624 50.281624 50.281624 0.998928 0.998928 0.998928
4510 50.281624 50.281624 50.281624 0.998928 0.998928 0.998928
4520 50.281624 50.281624 50.281624 0.998928 0.998928 0.998928
4530 50.281624 50.281624 50.281624 0.998928 0.998928 0.998928
4540 50.281624 50.281624 50.281624 0.998928 0.998928 0.998928
4550 50.281624 50.281624 50.281624 0.998928 0.998928 0.998928
4560 50.281624 50.281624 50.281624 0.998928 0.998928 0.998928
4570 50.281624 50.281624 50.281624 0.998928 0.998928 0.998928
4580 50.281624 50.281624 50.281624 0.998928 0.998928 0.998928
4590 50.281624 50.281624 50.281624 0.998928 0.998928 0.998928
4600 50.281624 50.281624 50.281624 0.998928 0.998928 0.998928
4610 50.281624 50.281624 50.281624 0.998928 0.998928 0.998928
4620 50.281624 50.281624 50.281624 0.998928 0.998928 0.998928
4630 50.281624 50.281624 50.281624 0.998928 0.998928 0.998928
4640 50.281624 50.281624 50.281624 0.998928 0.998928 0.998928
4650 50.281624 50.281624 50.281624 0.998928 0.998928 0.998928
4660 50.281624 50.281624 50.281624 0.998928 0.998928 0.998928
4670 50.281624 50.281624 50.281624 0.998928 0.998928 0.998928
4680 50.281624 50.281624 50.281624 0.998928 0.998928 0.998928
4690 50.281624 50.281624 50.281624 0.998928 0.998928 0.998928
4700 50.281624 50.281624 50.281624 0.998928 0.998928 0.998928
4710 50.281624 50.281624 50.281624 0.998928 0.998928 0.998928
4720 50.281624 50.281624 50.281624 0.998928 0.998928 0.998928
4730 50.281624 50.281624 50.281624 0.998928 0.998928 0.998928
4740 50.281624 50.281624 50.281624 0.998928 0.998928 0.998928
4750 50.281624 50.281624 50.281624 0.998928 0.998928 0.998928
4760 50.281624 50.281624 50.281624 0.998928 0.998928 0.998928
4770 50.281624 50.281624 50.281624 0.998928 0.998928 0.998928
4780 50.281624 50.281624 50.281624 0.998928 0.998928 0.998928
4790 50.281624 50.281624 50.281624 0.998928 0.998928 0.998928
4800 50.281624 50.281624 50.281624 0.998928 0.998928 0.998928
4810 50.281624 50.281624 50.281624 0.998928 0.998928 0.998928
4820 50.281624 50.281624 50.281624 0.998928 0.998928 0.998928
4830 50.281624 50.281624 50.281624 0.998928 0.998928 0.998928
4840 50.281624 50.281624 50.281624 0.998928 0.998928 0.998928
4850 50.281624 50.281624 50.281624 0.998928 0.998928 0.998928
4860 50.281624 50.281624 50.281624 0.998928 0.998928 0.998928
4870 50.281624 50.281624 50.281624 0.998928 0.998928 0.998928
4880 50.281624 50.281624 50.281624 0.998928 0.998928 0.998928
4890 50.281624 50.281624 50.281624 0.998928 0.998928 0.998928
4900 50.281624 50.281624 50.281624 0.998928 0.998928 0.998928
4910 50.281624 50.281624 50.281624 0.998928 0.998928 0.998928
4920 50.281624 50.281624 50.281624 0.998928 0.998928 0.998928
4930 50.281624 50.281624 50.281624 0.998928 0.998928 0.998928
4940 50.281624 50.281624 50.281624 0.998928 0.998928 0.998928
4950 50.281624 50.281624 50.281624 0.998928 0.998928 0.998928
4960 50.281624 50.281624 50.281624 0.998928 0.998928 0.998928
4970 50.281624 50.281624 50.281624 0.998928 0.998928 0.998928
4980 50.281624 50.281624 50.281624 0.998928 0.998928 0.998928
4990 50.281624 50.281624 50.281624 0.998928 0.998928 0.998928
5000 50.281624 50.281624 50.281624 0.998928 0.998928 0.998928
5010 50.281624 50.281624 50.281624 0.998928 0.998928 0.998928
5020 50.281624 50.281624 50.281624 0.998928 0.998928 0.998928
5030 50.281624 50.281624 50.281624 0.998928 0.998928 0.998928
5040 50.281624 50.281624 50.281624 0.998928 0.998928 0.998928
5050 50.281624 50.281624 50.281624 0.998928 0.998928 0.998928
5060 50.281624 50.281624 50.281624 0.998928 0.998928 0.998928
5070 50.281624 50.281624 50.281624 0.998928 0.998928 0.998928
5080 50.281624 50.281624 50.281624 0.998928 0.998928 0.998928
5090 50.281624 50.281624 50.281624 0.998928 0.998928 0.998928
5100 50.281624 50.281624 50.281624 0.998928 0.998928 0.998928
5110 50.281624 50.281624 50.281624 0.998928 0.998928 0.998928
5120 50.281624 50.281624 50.281624 0.998928 0.998928 0.998928
5130 50.281624 50.281624 50.281624 0.998928 0.998928 0.998928
5140 50.281624 50.281624 50.281624 0.998928 0.998928 0.998928
5150 50.281624 50.281624 50.281624 0.998928 0.998928 0.998928
5160 50.281624 50.281624 50.281624 0.998928 0.998928 0.998928
5170 50.281624 50.281624 50.281624 0.998928 0.998928 0.998928
5180 50.281624 50.281624 50.281624 0.998928 0.998928 0.998928
5190 50.281624 50.281624 50.281624 0.998928 0.998928 0.998928
5200 50.281624 50.281624 50.281624 0.998928 0.998928 0.998928
5210 50.281624 50.281624 50.281624 0.998928 0.998928 0.998928
5220 50.281624 50.281624 50.281624 0.998928 0.998928 0.998928
5230 50.281624 50.281624 50.281624 0.998928 0.998928 0.998928
5240 50.281624 50.281624 50.281624 0.998928 0.998928 0.998928
5250 50.281624 50.281624 50.281624 0.998928 0.998928 0.998928
5260 50.281624 50.281624 50.281624 0.998928 0.998928 0.998928
5270 50.281624 50.281624 50.281624 0.998928 0.998928 0.998928
5280 50.281624 50.281624 50.281624 0.998928 0.998928 0.998928
5290 50.281624 50.281624 50.281624 0.998928 0.998928 0.998928
5300 50.281624 50.281624 50.281624 0.998928 0.998928 0.998928
5310 50.281624 50.281624 50.281624 0.998928 0.998928 0.998928
5320 50.281624 50.281624 50.281624 0.998928 0.998928 0.998928
5330 50.281624 50.281624 50.281624 0.998928 0.998928 0.998928
5340 50.281624 50.281624 50.281624 0.998928 0.998928 0.998928
5350 50.281624 50.281624 50.281624 0.998928 0.998928 0.998928
5360 50.281624 50.281624 50.281624 0.998928 0.998928 0.998928
5370 50.281624 50.281624 50.281624 0.998928 0.998928 0.998928
5380 50.281624 50.281624 50.281624 0.998928 0.998928 0.998928
5390 50.281624 50.281624 50.281624 0.998928 0.998928 0.998928
5400 50.281624 50.281624 50.281624 0.998928 0.998928 0.998928
5410 50.281624 50.281624 50.281624 0.998928 0.998928 0.998928
5420 50.281624 50.281624 50.281624 0.998928 0.998928 0.998928
5430 50.281624 50.281624 50.281624 0.998928 0.998928 0.998928
5440 50.281624 50.281624 50.281624 0.998928 0.998928 0.998928
5450 50.281624 50.281624 50.281624 0.998928 0.998928 0.998928
5460 50.281624 50.281624 50.281624 0.998928 0.998928 0.998928
5470 50.281624 50.281624 50.281624 0.998928 0.998928 0.998928
5480 50.281624 50.281624 50.281624 0.998928 0.998928 0.998928
5490 50.281624 50.281624 50.281624 0.998928 0.998928 0.998928
5500 50.281624 50.281624 50.281624 0.998928 0.998928 0.998928
5510 50.281624 50.281624 50.281624 0.998928 0.998928 0.998928
5520 50.281624 50.281624 50.281624 0.998928 0.998928 0.998928
5530 50.281624 50.281624 50.281624 0.998928 0.998928 0.998928
5540 50.281624 50.281624 50.281624 0.998928 0.998928 0.998928
5550 50.281624 50.281624 50.281624 0.998928 0.998928 0.998928
5560 50.281624 50.281624 50.281624 0.998928 0.998928 0.998928
5570 50.281624 50.281624 50.281624 0.998928 0.998928 0.998928
5580 50.281624 50.281624 50.281624 0.998928 0.998928 0.998928
5590 50.281624 50.281624 50.281624 0.998928 0.998928 0.998928
5600 50.281624 50.281624 50.281624 0.998928 0.998928 0.998928
5610 50.281624 50.281624 50.281624 0.998928 0.998928 0.998928
5620 50.281624 50.281624 50.281624 0.998928 0.998928 0.998928
5630 50.281624 50.281624 50.281624 0.998928 0.998928 0.998928
5640 50.281624 50.281624 50.281624 0.998928 0.998928 0.998928
5650 50.281624 50.281624 50.281624 0.998928 0.998928 0.998928
5660 50.281624 50.281624 50.281624 0.998928 0.998928 0.998928
5670 50.281624 50.281624 50.281624 0.998928 0.998928 0.998928
5680 50.281624 50.281624 50.281624 0.998928 0.998928 0.998928
5690 50.281624 50.281624 50.281624 0.998928 0.998928 0.998928
5700 50.281624 50.281624 50.281624 0.998928 0.998928 0.998928
5710 50.281624 50.281624 50.281624 0.998928 0.998928 0.998928
5720 50.281624 50.281624 50.281624 0.998928 0.998928 0.998928
5730 50.281624 50.281624 50.281624 0.998928 0.998928 0.998928
5740 50.281624 50.281624 50.281624 0.998928 0.998928 0.998928
5750 50.281624 50.281624 50.281624 0.998928 0.998928 0.998928
5760 50.281624 50.281624 50.281624 0.998928 0.998928 0.998928
5770 50.281624 50.281624 50.281624 0.998928 0.998928 0.998928
5780 50.281624 50.281624 50.281624 0.998928 0.998928 0.998928
5790 50.281624 50.281624 50.281624 0.998928 0.998928 0.998928
5800 50.281624 50.281624 50.281624 0.998928 0.998928 0.998928
5810 50.281624 50.281624 50.281624 0.998928 0.998928 0.998928
5820 50.281624 50.281624 50.281624 0.998928 0.998928 0.998928
5830 50.281624 50.281624 50.281624 0.998928 0.998928 0.998928
5840 50.281624 50.281624 50.281624 0.998928 0.998928 0.998928
5850 50.281624 50.281624 50.281624 0.998928 0.998928 0.998928
5860 50.281624 50.281624 50.281624 0.998928 0.998928 0.998928
5870 50.281624 50.281624 50.281624 0.998928 0.998928 0.998928
5880 50.281624 50.281624 50.281624 0.998928 0.998928 0.998928
5890 50.281624 50.281624 50.281624 0.998928 0.998928 0.998928
5900 50.281624 50.281624 50.281624 0.998928 0.998928 0.998928
5910 50.281624 50.281624 50.281624 0.998928 0.998928 0.998928
5920 50.281624 50.281624 50.281624 0.998928 0.998928 0.998928
5930 50.281624 50.281624 50.281624 0.998928 0.998928 0.998928
5940 50.281624 50.281624 50.281624 0.998928 0.998928 0.998928
5950 50.281624 50.281624 50.281624 0.998928 0.998928 0.998928
5960 50.281624 50.281624 50.281624 0.998928 0.998928 0.998928
5970 50.281624 50.281624 50.281624 0.998928 0.998928 0.998928
5980 50.281624 50.281624 50.281624 0.998928 0.998928 0.998928
5990 50.281624 50.281624 50.281624 0.998928 0.998928 0.998928
6000 50.281624 50.281624 50.281624 0.998928 0.998928 0.998928
6010 50.281624 50.281624 50.281624 0.998928 0.998928 0.998928
6020 50.281624 50.281624 50.281624 0.998928 0.998928 0.998928
6030 50.281624 50.281624 50.281624 0.998928 0.998928 0.998928
6040 50.281624 50.281624 50.281624 0.998928 0.998928 0.998928
6050 50.281624 50.281624 50.281624 0.998928 0.998928 0.998928
6060 50.281624 50.281624 50.281624 0.998928 0.998928 0.998928
6070 50.281624 50.281624 50.281624 0.998928 0.998928 0.998928
6080 50.281624 50.281624 50.281624 0.998928 0.998928 0.998928
6090 50.281624 50.281624 50.281624 0.998928 0.998928 0.998928
6100 50.281624 50.281624 50.281624 0.998928 0.998928 0.998928
6110 50.281624 50.281624 50.281624 0.998928 0.998928 0.998928
6120 50.281624 50.281624 50.281624 0.998928 0.998928 0.998928
6130 50.281624 50.281624 50.281624 0.998928 0.998928 0.998928
6140 50.281624 50.281624 50.281624 0.998928 0.998928 0.998928
6150 50.281624 50.281624 50.281624 0.998928 0.998928 0.998928
6160 50.281624 50.281624 50.281624 0.998928 0.998928 0.998928
6170 50.281624 50.281624 50.281624 0.998928 0.998928 0.998928
6180 50.281624 50.281624 50.281624 0.998928 0.998928 0.998928
6190 50.281624 50.281624 50.281624 0.998928 0.998928 0.998928
6200 50.281624 50.281624 50.281624 0.998928 0.998928 0.998928
6210 50.281624 50.281624 50.281624 0.998928 0.998928 0.998928
6220 50.281624 50.281624 50.281624 0.998928 0.998928 0.998928
6230 50.281624 50.281624 50.281624 0.998928 0.998928 0.998928
6240 50.281624 50.281624 50.281624 0.998928 0.998928 0.998928
6250 50.281624 50.281624 50.281624 0.998928 0.998928 0.998928
6260 50.281624 50.281624 50.281624 0.998928 0.998928 0.998928
6270 50.281624 50.281624 50.281624 0.998928 0.998928 0.998928
6280 50.281624 50.281624 50.281624 0.998928 0.998928 0.998928
6290 50.281624 50.281624 50.281624 0.998928 0.998928 0.998928
6300 50.281624 50.281624 50.281624 0.998928 0.998928 0.998928
6310 50.281624 50.281624 50.281624 0.998928 0.998928 0.998928
6320 50.281624 50.281624 50.281624 0.998928 0.998928 0.998928
6330 50.281624 50.281624 50.281624 0.998928 0.998928 0.998928
6340 50.281624 50.281624 50.281624 0.998928 0.998928 0.998928
6350 50.281624 50.281624 50.281624 0.998928 0.998928 0.998928
6360 50.281624 50.281624 50.281624 0.998928 0.998928 0.998928
6370 50.281624 50.281624 50.281624 0.998928 0.998928 0.998928
6380 50.281624 50.281624 50.281624 0.998928 0.998928 0.998928
6390 50.281624 50.281624 50.281624 0.998928 0.998928 0.998928
6400 50.281624 50.281624 50.281624 0.998928 0.998928 0.998928
6410 50.281624 50.281624 50.281624 0.998928 0.998928 0.998928
6420 50.281624 50.281624 50.281624 0.998928 0.998928 0.998928
6430 50.281624 50.281624 50.281624 0.998928 0.998928 0.998928
6440 50.281624 50.281624 50.281624 0.998928 0.998928 0.998928
6450 50.281624 50.281624 50.281624 0.998928 0.998928 0.998928
6460 50.281624 50.281624 50.281624 0.998928 0.998928 0.998928
6470 50.281624 50.281624 50.281624 0.998928 0.998928 0.998928
6480 50.281624 50.281624 50.281624 0.998928 0.998928 0.998928
6490 50.281624 50.281624 50.281624 0.998928 0.998928 0.998928
6500 50.281624 50.281624 50.281624 0.998928 0.998928 0.998928
6510 50.281624 50.281624 50.281624 0.998928 0.998928 0.998928
6520 50.281624 50.281624 50.281624 0.998928 0.998928 0.998928
6530 50.281624 50.281624 50.281624 0.998928 0.998928 0.998928
6540 50.281624 50.281624 50.281624 0.998928 0.998928 0.998928
6550 50.281624 50.281624 50.281624 0.998928 0.998928 0.998928
6560 50.281624 50.281624 50.281624 0.998928 0.998928 0.998928
6570 50.281624 50.281624 50.281624 0.998928 0.998928 0.998928
6580 50.281624 50.281624 50.281624 0.998928 0.998928 0.998928
6590 50.281624 50.281624 50.281624 0.998928 0.998928 0.998928
6600 50.281624 50.281624 50.281624 0.998928 0.998928 0.998928
6610 50.281624 50.281624 50.281624 0.998928 0.998928 0.998928
6620 50.281624 50.281624 50.281624 0.998928 0.998928 0.998928
6630 50.281624 50.281624 50.281624 0.998928 0.998928 0.998928
6640 50.281624 50.281624 50.281624 0.998928 0.998928 0.998928
6650 50.281624 50.281624 50.281624 0.998928 0.998928 0.998928
6660 50.281624 50.281624 50.281624 0.998928 0.998928 0.998928
6670 50.281624 50.281624 50.281624 0.998928 0.998928 0.998928
6680 50.281624 50.281624 50.281624 0.998928 0.998928 0.998928
6690 50.281624 50.281624 50.281624 0.998928 0.998928 0.998928
6700 50.281624 50.281624 50.281624 0.998928 0.998928 0.998928
6710 50.281624 50.281624 50.281624 0.998928 0.998928 0.998928
6720 50.281624 50.281624 50.281624 0.998928 0.998928 0.998928
6730 50.281624 50.281624 50.281624 0.998928 0.998928 0.998928
6740 50.281624 50.281624 50.281624 0.998928 0.998928 0.998928
6750 50.281624 50.281624 50.281624 0.998928 0.998928 0.998928
6760 50.281624 50.281624 50.281624 0.998928 0.998928 0.998928
6770 50.281624 50.281624 50.281624 0.998928 0.998928 0.998928
6780 50.281624 50.281624 50.281624 0.998928 0.998928 0.998928
6790 50.281624 50.281624 50.281624 0.998928 0.998928 0.998928
6800 50.281624 50.281624 50.281624 0.998928 0.998928 0.998928
6810 50.281624 50.281624 50.281624 0.998928 0.998928 0.998928
6820 50.281624 50.281624 50.281624 0.998928 0.998928 0.998928
6830 50.281624 50.281624 50.281624 0.998928 0.998928 0.998928
6840 50.281624 50.281624 50.281624 0.998928 0.998928 0.998928
6850 50.281624 50.281624 50.281624 0.998928 0.998928 0.998928
6860 50.281624 50.281624 50.281624 0.998928 0.998928 0.998928
6870 50.281624 50.281624 50.281624 0.998928 0.998928 0.998928
6880 50.281624 50.281624 50.281624 0.998928 0.998928 0.998928
6890 50.281624 50.281624 50.281624 0.998928 0.998928 0.998928
6900 50.281624 50.281624 50.281624 0.998928 0.998928 0.998928
6910 50.281624 50.281624 50.281624 0.998928 0.998928 0.998928
6920 50.281624 50.281624 50.281624 0.998928 0.998928 0.998928
6930 50.281624 50.281624 50.281624 0.998928 0.998928 0.998928
6940 50.281624 50.281624 50.281624 0.998928 0.998928 0.998928
6950 50.281624 50.281624 50.281624 0.998928 0.998928 0.998928
6960 50.281624 50.281624 50.281624 0.998928 0.998928 0.998928
6970 50.281624 50.281624 50.281624 0.998928 0.998928 0.998928
6980 50.281624 50.281624 50.281624 0.998928 0.998928 0.998928
6990 50.281624 50.281624 50.281624 0.998928 0.998928 0.998928
7000 50.281624 50.281624 50.281624 0.998928 0.998928 0.998928
7010 50.281624 50.281624 50.281624 0.998928 0.998928 0.998928
7020 50.281624 50.281624 50.281624 0.998928 0.998928 0.998928
7030 50.281624 50.281624 50.281624 0.998928 0.998928 0.998928
7040 50.281624 50.281624 50.281624 0.998928 0.998928 0.998928
7050 50.281624 50.281624 50.281624 0.998928 0.998928 0.998928
7060 50.281624 50.281624 50.281624 0.998928 0.998928 0.998928
7070 50.281624 50.281624 50.281624 0.998928 0.998928 0.998928
7080 50.281624 50.281624 50.281624 0.998928 0.998928 0.998928
7090 50.281624 50.281624 50.281624 0.998928 0.998928 0.998928
7100 50.281624 50.281624 50.281624 0.998928 0.998928 0.998928
7110 50.281624 50.281624 50.281624 0.998928 0.998928 0.998928
7120 50.281624 50.281624 50.281624 0.998928 0.998928 0.998928
7130 50.281624 50.281624 50.281624 0.998928 0.998928 0.998928
7140 50.281624 50.281624 50.281624 0.998928 0.998928 0.998928
7150 50.281624 50.281624 50.281624 0.998928 0.998928 0.998928
7160 50.281624 50.281624 50.281624 0.998928 0.998928 0.998928
7170 50.281624 50.281624 50.281624 0.998928 0.998928 0.998928
7180 50.281624 50.281624 50.281624 0.998928 0.998928 0.998928
7190 50.281624 50.281624 50.281624 0.998928 0.998928 0.998928
7200 50.281624 50.281624 50.281624 0.998928 0.998928 0.998928
7210 50.281624 50.281624 50.281624 0.998928 0.998928 0.998928
7220 50.281624 50.281624 50.281624 0.998928 0.998928 0.998928
7230 50.281624 50.281624 50.281624 0.998928 0.998928 0.998928
7240 50.281624 50.281624 50.281624 0.998928 0.998928 0.998928
7250 50.281624 50.281624 50.281624 0.998928 0.998928 0.998928
7260 50.281624 50.281624 50.281624 0.998928 0.998928 0.998928
7270 50.281624 50.281624 50.281624 0.998928 0.998928 0.998928
7280 50.281624 50.281624 50.281624 0.998928 0.998928 0.998928
7290 50.281624 50.281624 50.281624 0.998928 0.998928 0.998928
7300 50.281624 50.281624 50.281624 0.998928 0.998928 0.998928
7310 50.281624 50.281624 50.281624 0.998928 0.998928 0.998928
7320 50.281624 50.281624 50.281624 0.998928 0.998928 0.998928
7330 50.281624 50.281624 50.281624 0.998928 0.998928 0.998928
7340 50.281624 50.281624 50.281624 0.998928 0.998928 0.998928
7350 50.281624 50.281624 50.281624 0.998928 0.998928 0.998928
7360 50.281624 50.281624 50.281624 0.998928 0.998928 0.998928
7370 50.281624 50.281624 50.281624 0.998928 0.998928 0.998928
7380 50.281624 50.281624 50.281624 0.998928 0.998928 0.998928
7390 50.281624 50.281624 50.281624 0.998928 0.998928 0.998928
7400 50.281624 50.281624 50.281624 0.998928 0.998928 0.998928
7410 50.281624 50.281624 50.281624 0.998928 0.998928 0.998928
7420 50.281624 50.281624 50.281624 0.998928 0.998928 0.998928
7430 50.281624 50.281624 50.281624 0.998928 0.998928 0.998928
7440 50.281624 50.281624 50.281624 0.998928 0.998928 0.998928
7450 50.281624 50.281624 50.281624 0.998928 0.998928 0.998928
7460 50.281624 50.281624 50.281624 0.998928 0.998928 0.998928
7470 50.281624 50.281624 50.281624 0.998928 0.998928 0.998928
7480 50.281624 50.281624 50.281624 0.998928 0.998928 0.998928
7490 50.281624 50.281624 50.281624 0.998928 0.998928 0.998928
7500 50.281624 50.281624 50.281624 0.998928 0.998928 0.998928
7510 50.281624 50.281624 50.281624 0.998928 0.998928 0.998928
7520 50.281624 50.281624 50.281624 0.998928 0.998928 0.998928
7530 50.281624 50.281624 50.281624 0.998928 0.998928 0.998928
7540 50.281624 50.281624 50.281624 0.998928 0.998928 0.998928
7550 50.281624 50.281624 50.281624 0.998928 0.998928 0.998928
7560 50.281624 50.281624 50.281624 0.998928 0.998928 0.998928
7570 50.281624 50.281624 50.281624 0.998928 0.998928 0.998928
7580 50.281624 50.281624 50.281624 0.998928 0.998928 0.998928
7590 50.281624 50.281624 50.281624 0.998928 0.998928 0.998928
7600 50.281624 50.281624 50.281624 0.998928 0.998928 0.998928
7610 50.281624 50.281624 50.281624 0.998928 0.998928 0.998928
7620 50.281624 50.281624 50.281624 0.998928 0.998928 0.998928
7630 50.281624 50.281624 50.281624 0.998928 0.998928 0.998928
7640 50.281624 50.281624 50.281624 0.998928 0.998928 0.998928
7650 50.281624 50.281624 50.281624 0.998928 0.998928 0.998928
7660 50.281624 50.281624 50.281624 0.998928 0.998928 0.998928
7670 50.281624 50.281624 50.281624 0.998928 0.998928 0.998928
7680 50.281624 50.281624 50.281624 0.998928 0.998928 0.998928
7690 50.281624 50.281624 50.281624 0.998928 0.998928 0.998928
7700 50.281624 50.281624 50.281624 0.998928 0.998928 0.998928
7710 50.281624 50.281624 50.281624 0.998928 0.998928 0.998928
7720 50.281624 50.281624 50.281624 0.998928 0.998928 0.998928
7730 50.281624 50.281624 50.281624 0.998928 0.998928 0.998928
7740 50.281624 50.281624 50.281624 0.998928 0.998928 0.998928
7750 50.281624 50.281624 50.281624 0.998928 0.998928 0.998928
7760 50.281624 50.281624 50.281624 0.998928 0.998928 0.998928
7770 50.281624 50.281624 50.281624 0.998928 0.998928 0.998928
7780 50.281624 50.281624 50.281624 0.998928 0.998928 0.998928
7790 50.281624 50.281624 50.281624 0.998928 0.998928 0.998928
7800 50.281624 50.281624 50.281624 0.998928 0.998928 0.998928
7810 50.281624 50.281624 50.281624 0.998928 0.998928 0.998928
7820 50.281624 50.281624 50.281624 0.998928 0.998928 0.998928
7830 50.281624 50.281624 50.281624 0.998928 0.998928 0.998928
7840 50.281624 50.281624 50.281624 0.998928 0.998928 0.998928
7850 50.281624 50.281624 50.281624 0.998928 0.998928 0.998928
7860 50.281624 50.281624 50.281624 0.998928 0.998928 0.998928
7870 50.281624 50.281624 50.281624 0.998928 0.998928 0.998928
7880 50.281624 50.281624 50.281624 0.998928 0.998928 0.998928
7890 50.281624 50.281624 50.281624 0.998928 0.998928 0.998928
7900 50.281624 50.281624 50.281624 0.998928 0.998928 0.998928
7910 50.281624 50.281624 50.281624 0.998928 0.998928 0.998928
7920 50.281624 50.281624 50.281624 0.998928 0.998928 0.998928
7930 50.281624 50.281624 50.281624 0.998928 0.998928 0.998928
7940 50.281624 50.281624 50.281624 0.998928 0.998928 0.998928
7950 50.281624 50.281624 50.281624 0.998928 0.998928 0.998928
7960 50.281624 50.281624 50.281624 0.998928 0.998928 0.998928
7970 50.281624 50.281624 50.281624 0.998928 0.998928 0.998928
7980 50.281624 50.281624 50.281624 0.998928 0.998928 0.998928
7990 50.281624 50.281624 50.281624 0.998928 0.998928 0.998928
8000 50.281624 50.281624 50.281624 0.998928 0.998928 0.998928
8010 50.281624 50.281624 50.281624 0.998928 0.998928 0.998928
8020 50.281624 50.281624 50.281624 0.998928 0.998928 0.998928
8030 50.281624 50.281624 50.281624 0.998928 0.998928 0.998928
8040 50.281624 50.281624 50.281624 0.998928 0.998928 0.998928
8050 50.281624 50.281624 50.281624 0.998928 0.998928 0.998928
8060 50.281624 50.281624 50.281624 0.998928 0.998928 0.998928
8070 50.281624 50.281624 50.281624 0.998928 0.998928 0.998928
8080 50.281624 50.281624 50.281624 0.998928 0.998928 0.998928
8090 50.281624 50.281624 50.281624 0.998928 0.998928 0.998928
8100 50.281624 50.281624 50.281624 0.998928 0.998928 0.998928
8110 50.281624 50.281624 50.281624 0.998928 0.998928 0.998928
8120 50.281624 50.281624 50.281624 0.998928 0.998928 0.998928
8130 50.281624 50.281624 50.281624 0.998928 0.998928 0.998928
8140 50.281624 50.281624 50.281624 0.998928 0.998928 0.998928
8150 50.281624 50.281624 50.281624 0.998928 0.998928 0.998928
8160 50.281624 50.281624 50.281624 0.998928 0.998928 0.998928
8170 50.281624 50.281624 50.281624 0.998928 0.998928 0.998928
8180 50.281624 50.281624 50.281624 0.998928 0.998928 0.998928
8190 50.281624 50.281624 50.281624 0.998928 0.998928 0.998928
8200 50.281624 50.281624 50.281624 0.998928 0.998928 0.998928
8210 50.281624 50.281624 50.281624 0.998928 0.998928 0.998928
8220 50.281624 50.281624 50.281624 0.998928 0.998928 0.998928
8230 50.281624 50.281624 50.281624 0.998928 0.998928 0.998928
8240 50.281624 50.281624 50.281624 0.998928 0.998928 0.998928
8250 50.281624 50.281624 50.281624 0.998928 0.998928 0.998928
8260 50.281624 50.281624 50.281624 0.998928 0.998928 0.998928
8270 50.281624 50.281624 50.281624 0.998928 0.998928 0.998928
8280 50.281624 50.281624 50.281624 0.998928 0.998928 0.998928
8290 50.281624 50.281624 50.281624 0.998928 0.998928 0.998928
8300 50.281624 50.281624 50.281624 0.998928 0.998928 0.998928
8310 50.281624 50.281624 50.281624 0.998928 0.998928 0.998928
8320 50.281624 50.281624 50.281624 0.998928 0.998928 0.998928
8330 50.281624 50.281624 50.281624 0.998928 0.998928 0.998928
8340 50.281624 50.281624 50.281624 0.998928 0.998928 0.998928
8350 50.281624 50.281624 50.281624 0.998928 0.998928 0.998928
8360 50.281624 50.281624 50.281624 0.998928 0.998928 0.998928
8370 50.281624 50.281624 50.281624 0.998928 0.998928 0.998928
8380 50.281624 50.281624 50.281624 0.998928 0.998928 0.998928
8390 50.281624 50.281624 50.281624 0.998928 0.998928 0.998928
8400 50.281624 50.281624 50.281624 0.998928 0.998928 0.998928
8410 50.281624 50.281624 50.281624 0.998928 0.998928 0.998928
8420 50.281624 50.281624 50.281624 0.998928 0.998928 0.998928
8430 50.281624 50.281624 50.281624 0.998928 0.998928 0.998928
8440 50.281624 50.281624 50.281624 0.998928 0.998928 0.998928
8450 50.281624 50.281624 50.281624 0.998928 0.998928 0.998928
8460 50.281624 50.281624 50.281624 0.998928 0.998928 0.998928
8470 50.281624 50.281624 50.281624 0.998928 0.998928 0.998928
8480 50.281624 50.281624 50.281624 0.998928 0.998928 0.998928
8490 50.281624 50.281624 50.281624 0.998928 0.998928 0.998928
8500 50.281624 50.281624 50.281624 0.998928 0.998928 0.998928
8510 50.281624 50.281624 50.281624 0.998928 0.998928 0.998928
8520 50.281624 50.281624 50.281624 0.998928 0.998928 0.998928
8530 50.281624 50.281624 50.281624 0.998928 0.998928 0.998928
8540 50.281624 50.281624 50.281624 0.998928 0.998928 0.998928
8550 50.281624 50.281624 50.281624 0.998928 0.998928 0.998928
8560 50.281624 50.281624 50.281624 0.998928 0.998928 0.998928
8570 50.281624 50.281624 50.281624 0.998928 0.998928 0.998928
8580 50.281624 50.281624 50.281624 0.998928 0.998928 0.998928
8590 50.281624 50.281624 50.281624 0.998928 0.998928 0.998928
8600 50.281624 50.281624 50.281624 0.998928 0.998928 0.998928
8610 50.281624 50.281624 50.281624 0.998928 0.998928 0.998928
8620 50.281624 50.281624 50.281624 0.998928 0.998928 0.998928
8630 50.281624 50.281624 50.281624 0.998928 0.998928 0.998928
8640 50.281624 50.281624 50.281624 0.998928 0.998928 0.998928
8650 50.281624 50.281624 50.281624 0.998928 0.998928 0.998928
8660 50.281624 50.281624 50.281624 0.998928 0.998928 0.998928
8670 50.281624 50.281624 50.281624 0.998928 0.998928 0.998928
8680 50.281624 50.281624 50.281624 0.998928 0.998928 0.998928
8690 50.281624 50.281624 50.281624 0.998928 0.998928 0.998928
8700 50.281624 50.281624 50.281624 0.998928 0.998928 0.998928
8710 50.281624 50.281624 50.281624 0.998928 0.998928 0.998928
8720 50.281624 50.281624 50.281624 0.998928 0.998928 0.998928
8730 50.281624 50.281624 50.281624 0.998928 0.998928 0.998928
8740 50.281624 50.281624 50.281624 0.998928 0.998928 0.998928
8750 50.281624 50.281624 50.281624 0.998928 0.998928 0.998928
8760 50.281624 50.281624 50.281624 0.998928 0.998928 0.998928
8770 50.281624 50.281624 50.281624 0.998928 0.998928 0.998928
8780 50.281624 50.281624 50.281624 0.998928 0.998928 0.998928
8790 50.281624 50.281624 50.281624 0.998928 0.998928 0.998928
8800 50.281624 50.281624 50.281624 0.998928 0.998928 0.998928
8810 50.281624 50.281624 50.281624 0.998928 0.998928 0.998928
8820 50.281624 50.281624 50.281624 0.998928 0.998928 0.998928
8830 50.281624 50.281624 50.281624 0.998928 0.998928 0.998928
8840 50.281624 50.281624 50.281624 0.998928 0.998928 0.998928
8850 50.281624 50.281624 50.281624 0.998928 0.998928 0.998928
8860 50.281624 50.281624 50.281624 0.998928 0.998928 0.998928
8870 50.281624 50.281624 50.281624 0.998928 0.998928 0.998928
8880 50.281624 50.281624 50.281624 0.998928 0.998928 0.998928
8890 50.281624 50.281624 50.281624 0.998928 0.998928 0.998928
8900 50.281624 50.281624 50.281624 0.998928 0.998928 0.998928
8910 50.281624 50.281624 50.281624 0.998928 0.998928 0.998928
8920 50.281624 50.281624 50.281624 0.998928 0.998928 0.998928
8930 50.281624 50.281624 50.281624 0.998928 0.998928 0.998928
8940 50.281624 50.281624 50.281624 0.998928 0.998928 0.998928
8950 50.281624 50.281624 50.281624 0.998928 0.998928 0.998928
8960 50.281624 50.281624 50.281624 0.998928 0.998928 0.998928
8970 50.281624 50.281624 50.281624 0.998928 0.998928 0.998928
8980 50.281624 50.281624 50.281624 0.998928 0.998928 0.998928
8990 50.281624 50.281624 50.281624 0.998928 0.998928 0.998928
9000 50.281624 50.281624 50.281624 0.998928 0.998928 0.998928
9010 50.281624 50.281624 50.281624 0.998928 0.998928 0.998928
9020 50.281624 50.281624 50.281624 0.998928 0.998928 0.998928
9030 50.281624 50.281624 50.281624 0.998928 0.998928 0.998928
9040 50.281624 50.281624 50.281624 0.998928 0.998928 0.998928
9050 50.281624 50.281624 50.281624 0.998928 0.998928 0.998928
9060 50.281624 50.281624 50.281624 0.998928 0.998928 0.998928
9070 50.281624 50.281624 50.281624 0.998928 0.998928 0.998928
9080 50.281624 50.281624 50.281624 0.998928 0.998928 0.998928
9090 50.281624 50.281624 50.281624 0.998928 0.998928 0.998928
9100 50.281624 50.281624 50.281624 0.998928 0.998928 0.998928
9110 50.281624 50.281624 50.281624 0.998928 0.998928 0.998928
9120 50.281624 50.281624 50.281624 0.998928 0.998928 0.998928
9130 50.281624 50.281624 50.281624 0.998928 0.998928 0.998928
9140 50.281624 50.281624 50.281624 0.998928 0.998928 0.998928
9150 50.281624 50.281624 50.281624 0.998928 0.998928 0.998928
9160 50.281624 50.281624 50.281624 0.998928 0.998928 0.998928
9170 50.281624 50.281624 50.281624 0.998928 0.998928 0.998928
9180 50.281624 50.281624 50.281624 0.998928 0.998928 0.998928
9190 50.281624 50.281624 50.281624 0.998928 0.998928 0.998928
9200 50.281624 50.281624 50.281624 0.998928 0.998928 0.998928
9210 50.281624 50.281624 50.281624 0.998928 0.998928 0.998928
9220 50.281624 50.281624 50.281624 0.998928 0.998928 0.998928
9230 50.281624 50.281624 50.281624 0.998928 0.998928 0.998928
9240 50.281624 50.281624 50.281624 0.998928 0.998928 0.998928
9250 50.281624 50.281624 50.281624 0.998928 0.998928 0.998928
9260 50.281624 50.281624 50.281624 0.998928 0.998928 0.998928
9270 50.281624 50.281624 50.281624 0.998928 0.998928 0.998928
9280 50.281624 50.281624 50.281624 0.998928 0.998928 0.998928
9290 50.281624 50.281624 50.281624 0.998928 0.998928 0.998928
9300 50.281624 50.281624 50.281624 0.998928 0.998928 0.998928
9310 50.281624 50.281624 50.281624 0.998928 0.998928 0.998928
9320 50.281624 50.281624 50.281624 0.998928 0.998928 0.998928
9330 50.281624 50.281624 50.281624 0.998928 0.998928 0.998928
9340 50.281624 50.281624 50.281624 0.998928 0.998928 0.998928
9350 50.281624 50.281624 50.281624 0.998928 0.998928 0.998928
9360 50.281624 50.281624 50.281624 0.998928 0.998928 0.998928
9370 50.281624 50.281624 50.281624 0.998928 0.998928 0.998928
9380 50.281624 50.281624 50.281624 0.998928 0.998928 0.998928
9390 50.281624 50.281624 50.281624 0.998928 0.998928 0.998928
9400 50.281624 50.281624 50.281624 0.998928 0.998928 0.998928
9410 50.281624 50.281624 50.281624 0.998928 0.998928 0.998928
9420 50.281624 50.281624 50.281624 0.998928 0.998928 0.998928
9430 50.281624 50.281624 50.281624 0.998928 0.998928 0.998928
9440 50.281624 50.281624 50.281624 0.998928 0.998928 0.998928
9450 50.281624 50.281624 50.281624 0.998928 0.998928 0.998928
9460 50.281624 50.281624 50.281624 0.998928 0.998928 0.998928
9470 50.281624 50.281624 50.281624 0.998928 0.998928 0.998928
9480 50.281624 50.281624 50.281624 0.998928 0.998928 0.998928
9490 50.281624 50.281624 50.281624 0.998928 0.998928 0.998928
9500 50.281624 50.281624 50.281624 0.998928 0.998928 0.998928
9510 50.281624 50.281624 50.281624 0.998928 0.998928 0.998928
9520 50.281624 50.281624 50.281624 0.998928 0.998928 0.998928
9530 50.281624 50.281624 50.281624 0.998928 0.998928 0.998928
9540 50.281624 50.281624 50.281624 0.998928 0.998928 0.998928
9550 50.281624 50.281624 50.281624 0.998928 0.998928 0.998928
9560 50.281624 50.281624 50.281624 0.998928 0.998928 0.998928
9570 50.281624 50.281624 50.281624 0.998928 0.998928 0.998928
9580 50.281624 50.281624 50.281624 0.998928 0.998928 0.998928
9590 50.281624 50.281624 50.281624 0.998928 0.998928 0.998928
9600 50.281624 50.281624 50.281624 0.998928 0.998928 0.998928
9610 50.281624 50.281624 50.281624 0.998928 0.998928 0.998928
9620 50.281624 50.281624 50.281624 0.998928 0.998928 0.998928
9630 50.281624 50.281624 50.281624 0.998928 0.998928 0.998928
9640 50.281624 50.281624 50.281624 0.998928 0.998928 0.998928
9650 50.281624 50.281624 50.281624 0.998928 0.998928 0.998928
9660 50.281624 50.281624 50.281624 0.998928 0.998928 0.998928
9670 50.281624 50.281624 50.281624 0.998928 0.998928 0.998928
9680 50.281624 50.281624 50.281624 0.998928 0.998928 0.998928
9690 50.281624 50.281624 50.281624 0.998928 0.998928 0.998928
9700 50.281624 50.281624 50.281624 0.998928 0.998928 0.998928
9710 50.281624 50.281624 50.281624 0.998928 0.998928 0.998928
9720 50.281624 50.281624 50.281624 0.998928 0.998928 0.998928
9730 50.281624 50.281624 50.281624 0.998928 0.998928 0.998928
9740 50.281624 50.281624 50.281624 0.998928 0.998928 0.998928
9750 50.281624 50.281624 50.281624 0.998928 0.998928 0.998928
9760 50.281624 50.281624 50.281624 0.998928 0.998928 0.998928
9770 50.281624 50.281624 50.281624 0.998928 0.998928 0.998928
9780 50.281624 50.281624 50.281624 0.998928 0.998928 0.998928
9790 50.281624 50.281624 50.281624 0.998928 0.998928 0.998928
9800 50.281624 50.281624 50.281624 0.998928 0.998928 0.998928
9810 50.281624 50.281624 50.281624 0.998928 0.998928 0.998928
9820 50.281624 50.281624 50.281624 0.998928 0.998928 0.998928
9830 50.281624 50.281624 50.281624 0.998928 0.998928 0.998928
9840 50.281624 50.281624 50.281624 0.998928 0.998928 0.998928
9850 50.281624 50.281624 50.281624 0.998928 0.998928 0.998928
9860 50.281624 50.281624 50.281624 0.998928 0.998928 0.998928
9870 50.281624 50.281624 50.281624 0.998928 0.998928 0.998928
9880 50.281624 50.281624 50.281624 0.998928 0.998928 0.998928
9890 50.281624 50.281624 50.281624 0.998928 0.998928 0.998928
9900 50.281624 50.281624 50.281624 0.998928 0.998928 0.998928
9910 50.281624 50.281624 50.281624 0.998928 0.998928 0.998928
9920 50.281624 50.281624 50.281624 0.998928 0.998928 0.998928
9930 50.281624 50.281624 50.281624 0.998928 0.998928 0.998928
9940 50.281624 50.281624 50.281624 0.998928 0.998928 0.998928
9950 50.281624 50.281624 50.281624 0.998928 0.998928 0.998928
9960 50.281624 50.281624 50.281624 0.998928 0.998928 0.998928
9970 50.281624 50.281624 50.281624 0.998928 0.998928 0.998928
9980 50.281624 50.281624 50.281624 0.998928 0.998928 0.998928
9990 50.281624 50.281624 50.281624 0.998928 0.998928 0.998928
10000 50.281624 50.281624 50.281624 0.998928 0.998928 0.998928
