# generation power_min power_avg power_max util_min util_avg util_max
1 5.828556 7.185128 8.794742 0.104223 0.158965 0.218080
10 5.698437 7.017831 7.955583 0.104223 0.159098 0.218080
20 5.533873 6.866733 7.642449 0.101982 0.159649 0.222315
30 5.501971 6.729810 7.464988 0.101982 0.161465 0.225457
40 5.501971 6.617652 7.302431 0.101982 0.161693 0.225457
50 5.501971 6.491401 7.169570 0.099966 0.161401 0.225457
60 5.477778 6.368781 7.037318 0.099966 0.163408 0.225457
70 5.384750 6.233648 6.898256 0.099966 0.161351 0.225457
80 5.346957 6.105870 6.832974 0.099966 0.162211 0.225457
90 5.271789 5.984289 6.735308 0.099966 0.161783 0.225457
100 5.108257 5.863645 6.572040 0.099966 0.158795 0.225457
110 5.108257 5.739713 6.418862 0.099966 0.156588 0.225457
120 5.057260 5.643946 6.254845 0.099966 0.154479 0.222315
130 4.989481 5.536283 6.134332 0.099966 0.150444 0.222315
140 4.731552 5.450026 5.956950 0.099966 0.147969 0.222315
150 4.731552 5.362562 5.743639 0.099966 0.146340 0.222315
160 4.641196 5.289997 5.675657 0.099966 0.145390 0.222315
170 4.396235 5.206314 5.563855 0.102031 0.144782 0.222315
180 4.377973 5.133127 5.515609 0.102031 0.144921 0.193951
190 4.377973 5.061586 5.449872 0.102031 0.145135 0.189137
200 4.358695 4.984356 5.405564 0.102031 0.143126 0.189137
210 4.121219 4.892339 5.316420 0.105322 0.143626 0.189137
220 4.101319 4.815037 5.246078 0.105322 0.145058 0.193314
230 4.026851 4.730939 5.156900 0.105796 0.144503 0.193314
240 4.026851 4.649412 5.071661 0.105796 0.144977 0.193314
250 3.829873 4.571819 5.023226 0.105796 0.143561 0.193314
260 3.640308 4.477378 4.943897 0.105796 0.143089 0.193314
270 3.539863 4.378412 4.862886 0.105796 0.141966 0.193314
280 3.392345 4.276583 4.785491 0.105796 0.141179 0.193314
290 3.392345 4.175834 4.708475 0.105796 0.139818 0.193314
300 3.392345 4.076404 4.619480 0.105796 0.138467 0.193314
310 3.375407 3.984857 4.508800 0.105796 0.136779 0.189162
320 3.290336 3.894434 4.377973 0.105796 0.135669 0.185112
330 3.231374 3.804139 4.304493 0.106508 0.136214 0.172451
340 3.231374 3.716635 4.241918 0.106508 0.136290 0.172451
350 3.201452 3.628631 4.121219 0.108240 0.137894 0.172451
360 3.201452 3.554376 3.967261 0.110580 0.138976 0.172451
370 3.163535 3.489735 3.907737 0.112236 0.140217 0.172451
380 3.051735 3.423650 3.796725 0.112236 0.141429 0.172451
390 2.931991 3.367144 3.646053 0.112236 0.142548 0.172451
400 2.917424 3.316749 3.586818 0.112236 0.143222 0.172451
410 2.843717 3.273951 3.512514 0.112236 0.142704 0.171637
420 2.831527 3.232187 3.436199 0.112236 0.143180 0.171637
430 2.790720 3.192580 3.386432 0.112236 0.143112 0.171637
440 2.758958 3.155922 3.361060 0.112236 0.143163 0.171637
450 2.758958 3.116583 3.316646 0.116891 0.144494 0.171637
460 2.733898 3.071115 3.280170 0.116891 0.144363 0.171637
470 2.733898 3.035478 3.252673 0.121437 0.144292 0.171637
480 2.706173 2.994186 3.223521 0.124068 0.145003 0.171637
490 2.706173 2.956141 3.198218 0.124068 0.144572 0.171637
500 2.684675 2.913502 3.160073 0.124068 0.144832 0.171637
510 2.660413 2.873637 3.131988 0.124068 0.144158 0.171637
520 2.633740 2.838692 3.071134 0.124068 0.143898 0.171637
530 2.633740 2.808923 2.987363 0.124068 0.143154 0.171637
540 2.633740 2.785979 2.917424 0.124068 0.141655 0.171637
550 2.633740 2.765746 2.886465 0.124068 0.140638 0.163337
560 2.633740 2.750385 2.852252 0.124068 0.140031 0.159138
570 2.633740 2.732298 2.831000 0.124068 0.139881 0.159138
580 2.633740 2.716878 2.792989 0.124068 0.139778 0.155759
590 2.633740 2.703114 2.785460 0.127475 0.140200 0.155759
600 2.633740 2.691315 2.762953 0.127993 0.140362 0.155759
610 2.626232 2.679491 2.749401 0.127993 0.140033 0.155759
620 2.626232 2.669502 2.739527 0.127993 0.139560 0.155759
630 2.616511 2.660077 2.722290 0.129760 0.139010 0.155759
640 2.616511 2.652717 2.700227 0.129760 0.139035 0.155759
650 2.613853 2.647131 2.678608 0.129760 0.138515 0.147872
660 2.610927 2.642329 2.670540 0.129760 0.138394 0.147872
670 2.608182 2.637757 2.660413 0.129760 0.138476 0.147872
680 2.608182 2.634732 2.653853 0.129760 0.139183 0.145542
690 2.608182 2.631939 2.649309 0.129760 0.139250 0.145542
700 2.608182 2.628923 2.645204 0.129760 0.139470 0.145542
710 2.606671 2.626026 2.643714 0.129760 0.139300 0.145542
720 2.606671 2.623258 2.640348 0.129760 0.139274 0.145542
730 2.596929 2.620268 2.638585 0.125987 0.139424 0.145542
740 2.596929 2.617605 2.631614 0.125987 0.139522 0.145542
750 2.596929 2.615850 2.626232 0.125987 0.139065 0.145542
760 2.596243 2.613620 2.626232 0.125736 0.138284 0.145542
770 2.594293 2.611533 2.622806 0.125736 0.137507 0.145542
780 2.594293 2.609609 2.618022 0.125736 0.137015 0.145542
790 2.594293 2.608072 2.616486 0.125736 0.137042 0.145542
800 2.589946 2.606343 2.616392 0.125736 0.137219 0.145542
810 2.589039 2.604575 2.616392 0.125736 0.136103 0.145542
820 2.490517 2.601767 2.612633 0.125736 0.134964 0.145542
830 2.490517 2.599959 2.610927 0.125736 0.134080 0.145542
840 2.490517 2.596977 2.608182 0.125736 0.133366 0.145542
850 2.490517 2.595710 2.606671 0.125736 0.132679 0.145542
860 2.490517 2.594104 2.606646 0.125736 0.132515 0.145542
870 2.486729 2.591596 2.603896 0.122114 0.131749 0.145280
880 2.486729 2.590339 2.599507 0.122114 0.130883 0.145280
890 2.486729 2.587178 2.598427 0.122114 0.130657 0.143084
900 2.478368 2.582055 2.598156 0.122114 0.130754 0.143084
910 2.478368 2.577005 2.597055 0.122067 0.130481 0.143084
920 2.478368 2.572757 2.595827 0.122067 0.130171 0.141769
930 2.478368 2.564522 2.595618 0.122067 0.130473 0.141769
940 2.478368 2.556500 2.594268 0.122067 0.130055 0.137379
950 2.476114 2.546354 2.589845 0.118763 0.129836 0.137379
960 2.476114 2.535732 2.588664 0.118763 0.129445 0.137379
970 2.476114 2.527150 2.587592 0.118763 0.129274 0.137379
980 2.474053 2.517498 2.586060 0.118763 0.129296 0.137379
990 2.474053 2.506858 2.584905 0.118763 0.128879 0.137379
1000 2.474053 2.496381 2.580829 0.118763 0.128561 0.137379
1010 2.474053 2.486313 2.576889 0.118763 0.128205 0.137379
1020 2.474053 2.481632 2.490517 0.118763 0.126939 0.137379
1030 2.474053 2.480364 2.487002 0.116585 0.126184 0.134230
1040 2.472972 2.479303 2.486729 0.116585 0.125225 0.134230
1050 2.472972 2.478261 2.486203 0.116585 0.125332 0.134230
1060 2.472972 2.477252 2.484941 0.116585 0.125124 0.131815
1070 2.472972 2.476576 2.479527 0.116585 0.125066 0.131815
1080 2.472972 2.476048 2.479527 0.116585 0.125183 0.131815
1090 2.472972 2.475601 2.478338 0.116585 0.125108 0.131815
1100 2.472972 2.475178 2.478265 0.116585 0.125856 0.131815
1110 2.472972 2.474776 2.477811 0.116585 0.126203 0.130853
1120 2.472972 2.474417 2.476731 0.116585 0.126126 0.128666
1130 2.472972 2.474181 2.475588 0.116585 0.126341 0.128666
1140 2.472972 2.473973 2.475588 0.116585 0.126490 0.128666
1150 2.472972 2.473755 2.474507 0.116585 0.126568 0.128666
1160 2.472972 2.473664 2.474053 0.121604 0.126124 0.128666
1170 2.472972 2.473556 2.474053 0.121604 0.125418 0.128666
1180 2.472972 2.473448 2.474053 0.121604 0.124711 0.128666
1190 2.472972 2.473340 2.474053 0.121604 0.124005 0.128666
1200 2.472972 2.473232 2.474053 0.121604 0.123299 0.128666
1210 2.472972 2.473124 2.474053 0.121604 0.122593 0.128666
1220 2.472972 2.473016 2.474053 0.121604 0.121886 0.128666
1230 2.472972 2.472972 2.472972 0.121604 0.121604 0.121604
1240 2.472972 2.472972 2.472972 0.121604 0.121604 0.121604
1250 2.472972 2.472972 2.472972 0.121604 0.121604 0.121604
1260 2.472972 2.472972 2.472972 0.121604 0.121604 0.121604
1270 2.472972 2.472972 2.472972 0.121604 0.121604 0.121604
1280 2.472972 2.472972 2.472972 0.121604 0.121604 0.121604
1290 2.472972 2.472972 2.472972 0.121604 0.121604 0.121604
1300 2.472972 2.472972 2.472972 0.121604 0.121604 0.121604
1310 2.472972 2.472972 2.472972 0.121604 0.121604 0.121604
1320 2.472972 2.472972 2.472972 0.121604 0.121604 0.121604
1330 2.472972 2.472972 2.472972 0.121604 0.121604 0.121604
1340 2.472972 2.472972 2.472972 0.121604 0.121604 0.121604
1350 2.472972 2.472972 2.472972 0.121604 0.121604 0.121604
1360 2.472972 2.472972 2.472972 0.121604 0.121604 0.121604
1370 2.472972 2.472972 2.472972 0.121604 0.121604 0.121604
1380 2.472972 2.472972 2.472972 0.121604 0.121604 0.121604
1390 2.472972 2.472972 2.472972 0.121604 0.121604 0.121604
1400 2.472972 2.472972 2.472972 0.121604 0.121604 0.121604
1410 2.472972 2.472972 2.472972 0.121604 0.121604 0.121604
1420 2.472972 2.472972 2.472972 0.121604 0.121604 0.121604
1430 2.472972 2.472972 2.472972 0.121604 0.121604 0.121604
1440 2.472972 2.472972 2.472972 0.121604 0.121604 0.121604
1450 2.472972 2.472972 2.472972 0.121604 0.121604 0.121604
1460 2.472972 2.472972 2.472972 0.121604 0.121604 0.121604
1470 2.472972 2.472972 2.472972 0.121604 0.121604 0.121604
1480 2.472972 2.472972 2.472972 0.121604 0.121604 0.121604
1490 2.472972 2.472972 2.472972 0.121604 0.121604 0.121604
1500 2.472972 2.472972 2.472972 0.121604 0.121604 0.121604
1510 2.472972 2.472972 2.472972 0.121604 0.121604 0.121604
1520 2.472972 2.472972 2.472972 0.121604 0.121604 0.121604
1530 2.472972 2.472972 2.472972 0.121604 0.121604 0.121604
1540 2.472972 2.472972 2.472972 0.121604 0.121604 0.121604
1550 2.472972 2.472972 2.472972 0.121604 0.121604 0.121604
1560 2.472972 2.472972 2.472972 0.121604 0.121604 0.121604
1570 2.472972 2.472972 2.472972 0.121604 0.121604 0.121604
1580 2.472972 2.472972 2.472972 0.121604 0.121604 0.121604
1590 2.472972 2.472972 2.472972 0.121604 0.121604 0.121604
1600 2.472972 2.472972 2.472972 0.121604 0.121604 0.121604
1610 2.472972 2.472972 2.472972 0.121604 0.121604 0.121604
1620 2.472972 2.472972 2.472972 0.121604 0.121604 0.121604
1630 2.472972 2.472972 2.472972 0.121604 0.121604 0.121604
1640 2.472972 2.472972 2.472972 0.121604 0.121604 0.121604
1650 2.472972 2.472972 2.472972 0.121604 0.121604 0.121604
1660 2.472972 2.472972 2.472972 0.121604 0.121604 0.121604
1670 2.472972 2.472972 2.472972 0.121604 0.121604 0.121604
1680 2.472972 2.472972 2.472972 0.121604 0.121604 0.121604
1690 2.472972 2.472972 2.472972 0.121604 0.121604 0.121604
1700 2.472972 2.472972 2.472972 0.121604 0.121604 0.121604
1710 2.472972 2.472972 2.472972 0.121604 0.121604 0.121604
1720 2.472972 2.472972 2.472972 0.121604 0.121604 0.121604
1730 2.472972 2.472972 2.472972 0.121604 0.121604 0.121604
1740 2.472972 2.472972 2.472972 0.121604 0.121604 0.121604
1750 2.472972 2.472972 2.472972 0.121604 0.121604 0.121604
1760 2.472972 2.472972 2.472972 0.121604 0.121604 0.121604
1770 2.472972 2.472972 2.472972 0.121604 0.121604 0.121604
1780 2.472972 2.472972 2.472972 0.121604 0.121604 0.121604
1790 2.472972 2.472972 2.472972 0.121604 0.121604 0.121604
1800 2.472972 2.472972 2.472972 0.121604 0.121604 0.121604
1810 2.472972 2.472972 2.472972 0.121604 0.121604 0.121604
1820 2.472972 2.472972 2.472972 0.121604 0.121604 0.121604
1830 2.472972 2.472972 2.472972 0.121604 0.121604 0.121604
1840 2.472972 2.472972 2.472972 0.121604 0.121604 0.121604
1850 2.472972 2.472972 2.472972 0.121604 0.121604 0.121604
1860 2.472972 2.472972 2.472972 0.121604 0.121604 0.121604
1870 2.472972 2.472972 2.472972 0.121604 0.121604 0.121604
1880 2.472972 2.472972 2.472972 0.121604 0.121604 0.121604
1890 2.472972 2.472972 2.472972 0.121604 0.121604 0.121604
1900 2.472972 2.472972 2.472972 0.121604 0.121604 0.121604
1910 2.472972 2.472972 2.472972 0.121604 0.121604 0.121604
1920 2.472972 2.472972 2.472972 0.121604 0.121604 0.121604
1930 2.472972 2.472972 2.472972 0.121604 0.121604 0.121604
1940 2.472972 2.472972 2.472972 0.121604 0.121604 0.121604
1950 2.472972 2.472972 2.472972 0.121604 0.121604 0.121604
1960 2.472972 2.472972 2.472972 0.121604 0.121604 0.121604
1970 2.472972 2.472972 2.472972 0.121604 0.121604 0.121604
1980 2.472972 2.472972 2.472972 0.121604 0.121604 0.121604
1990 2.472972 2.472972 2.472972 0.121604 0.121604 0.121604
2000 2.472972 2.472972 2.472972 0.121604 0.121604 0.121604
2010 2.472972 2.472972 2.472972 0.121604 0.121604 0.121604
2020 2.472972 2.472972 2.472972 0.121604 0.121604 0.121604
2030 2.472972 2.472972 2.472972 0.121604 0.121604 0.121604
2040 2.472972 2.472972 2.472972 0.121604 0.121604 0.121604
2050 2.472972 2.472972 2.472972 0.121604 0.121604 0.121604
2060 2.472972 2.472972 2.472972 0.121604 0.121604 0.121604
2070 2.472972 2.472972 2.472972 0.121604 0.121604 0.121604
2080 2.472972 2.472972 2.472972 0.121604 0.121604 0.121604
2090 2.472972 2.472972 2.472972 0.121604 0.121604 0.121604
2100 2.472972 2.472972 2.472972 0.121604 0.121604 0.121604
2110 2.472972 2.472972 2.472972 0.121604 0.121604 0.121604
2120 2.472972 2.472972 2.472972 0.121604 0.121604 0.121604
2130 2.472972 2.472972 2.472972 0.121604 0.121604 0.121604
2140 2.472972 2.472972 2.472972 0.121604 0.121604 0.121604
2150 2.472972 2.472972 2.472972 0.121604 0.121604 0.121604
2160 2.472972 2.472972 2.472972 0.121604 0.121604 0.121604
2170 2.472972 2.472972 2.472972 0.121604 0.121604 0.121604
2180 2.472972 2.472972 2.472972 0.121604 0.121604 0.121604
2190 2.472972 2.472972 2.472972 0.121604 0.121604 0.121604
2200 2.472972 2.472972 2.472972 0.121604 0.121604 0.121604
2210 2.472972 2.472972 2.472972 0.121604 0.121604 0.121604
2220 2.472972 2.472972 2.472972 0.121604 0.121604 0.121604
2230 2.472972 2.472972 2.472972 0.121604 0.121604 0.121604
2240 2.472972 2.472972 2.472972 0.121604 0.121604 0.121604
2250 2.472972 2.472972 2.472972 0.121604 0.121604 0.121604
2260 2.472972 2.472972 2.472972 0.121604 0.121604 0.121604
2270 2.472972 2.472972 2.472972 0.121604 0.121604 0.121604
2280 2.472972 2.472972 2.472972 0.121604 0.121604 0.121604
2290 2.472972 2.472972 2.472972 0.121604 0.121604 0.121604
2300 2.472972 2.472972 2.472972 0.121604 0.121604 0.121604
2310 2.472972 2.472972 2.472972 0.121604 0.121604 0.121604
2320 2.472972 2.472972 2.472972 0.121604 0.121604 0.121604
2330 2.472972 2.472972 2.472972 0.121604 0.121604 0.121604
2340 2.472972 2.472972 2.472972 0.121604 0.121604 0.121604
2350 2.472972 2.472972 2.472972 0.121604 0.121604 0.121604
2360 2.472972 2.472972 2.472972 0.121604 0.121604 0.121604
2370 2.472972 2.472972 2.472972 0.121604 0.121604 0.121604
2380 2.472972 2.472972 2.472972 0.121604 0.121604 0.121604
2390 2.472972 2.472972 2.472972 0.121604 0.121604 0.121604
2400 2.472972 2.472972 2.472972 0.121604 0.121604 0.121604
2410 2.472972 2.472972 2.472972 0.121604 0.121604 0.121604
2420 2.472972 2.472972 2.472972 0.121604 0.121604 0.121604
2430 2.472972 2.472972 2.472972 0.121604 0.121604 0.121604
2440 2.472972 2.472972 2.472972 0.121604 0.121604 0.121604
2450 2.472972 2.472972 2.472972 0.121604 0.121604 0.121604
2460 2.472972 2.472972 2.472972 0.121604 0.121604 0.121604
2470 2.472972 2.472972 2.472972 0.121604 0.121604 0.121604
2480 2.472972 2.472972 2.472972 0.121604 0.121604 0.121604
2490 2.472972 2.472972 2.472972 0.121604 0.121604 0.121604
2500 2.472972 2.472972 2.472972 0.121604 0.121604 0.121604
2510 2.472972 2.472972 2.472972 0.121604 0.121604 0.121604
2520 2.472972 2.472972 2.472972 0.121604 0.121604 0.121604
2530 2.472972 2.472972 2.472972 0.121604 0.121604 0.121604
2540 2.472972 2.472972 2.472972 0.121604 0.121604 0.121604
2550 2.472972 2.472972 2.472972 0.121604 0.121604 0.121604
2560 2.472972 2.472972 2.472972 0.121604 0.121604 0.121604
2570 2.472972 2.472972 2.472972 0.121604 0.121604 0.121604
2580 2.472972 2.472972 2.472972 0.121604 0.121604 0.121604
2590 2.472972 2.472972 2.472972 0.121604 0.121604 0.121604
2600 2.472972 2.472972 2.472972 0.121604 0.121604 0.121604
2610 2.472972 2.472972 2.472972 0.121604 0.121604 0.121604
2620 2.472972 2.472972 2.472972 0.121604 0.121604 0.121604
2630 2.472972 2.472972 2.472972 0.121604 0.121604 0.121604
2640 2.472972 2.472972 2.472972 0.121604 0.121604 0.121604
2650 2.472972 2.472972 2.472972 0.121604 0.121604 0.121604
2660 2.472972 2.472972 2.472972 0.121604 0.121604 0.121604
2670 2.472972 2.472972 2.472972 0.121604 0.121604 0.121604
2680 2.472972 2.472972 2.472972 0.121604 0.121604 0.121604
2690 2.472972 2.472972 2.472972 0.121604 0.121604 0.121604
2700 2.472972 2.472972 2.472972 0.121604 0.121604 0.121604
2710 2.472972 2.472972 2.472972 0.121604 0.121604 0.121604
2720 2.472972 2.472972 2.472972 0.121604 0.121604 0.121604
2730 2.472972 2.472972 2.472972 0.121604 0.121604 0.121604
2740 2.472972 2.472972 2.472972 0.121604 0.121604 0.121604
2750 2.472972 2.472972 2.472972 0.121604 0.121604 0.121604
2760 2.472972 2.472972 2.472972 0.121604 0.121604 0.121604
2770 2.472972 2.472972 2.472972 0.121604 0.121604 0.121604
2780 2.472972 2.472972 2.472972 0.121604 0.121604 0.121604
2790 2.472972 2.472972 2.472972 0.121604 0.121604 0.121604
2800 2.472972 2.472972 2.472972 0.121604 0.121604 0.121604
2810 2.472972 2.472972 2.472972 0.121604 0.121604 0.121604
2820 2.472972 2.472972 2.472972 0.121604 0.121604 0.121604
2830 2.472972 2.472972 2.472972 0.121604 0.121604 0.121604
2840 2.472972 2.472972 2.472972 0.121604 0.121604 0.121604
2850 2.472972 2.472972 2.472972 0.121604 0.121604 0.121604
2860 2.472972 2.472972 2.472972 0.121604 0.121604 0.121604
2870 2.472972 2.472972 2.472972 0.121604 0.121604 0.121604
2880 2.472972 2.472972 2.472972 0.121604 0.121604 0.121604
2890 2.472972 2.472972 2.472972 0.121604 0.121604 0.121604
2900 2.472972 2.472972 2.472972 0.121604 0.121604 0.121604
2910 2.472972 2.472972 2.472972 0.121604 0.121604 0.121604
2920 2.472972 2.472972 2.472972 0.121604 0.121604 0.121604
2930 2.472972 2.472972 2.472972 0.121604 0.121604 0.121604
2940 2.472972 2.472972 2.472972 0.121604 0.121604 0.121604
2950 2.472972 2.472972 2.472972 0.121604 0.121604 0.121604
2960 2.472972 2.472972 2.472972 0.121604 0.121604 0.121604
2970 2.472972 2.472972 2.472972 0.121604 0.121604 0.121604
2980 2.472972 2.472972 2.472972 0.121604 0.121604 0.121604
2990 2.472972 2.472972 2.472972 0.121604 0.121604 0.121604
3000 2.472972 2.472972 2.472972 0.121604 0.121604 0.121604
3010 2.472972 2.472972 2.472972 0.121604 0.121604 0.121604
3020 2.472972 2.472972 2.472972 0.121604 0.121604 0.121604
3030 2.472972 2.472972 2.472972 0.121604 0.121604 0.121604
3040 2.472972 2.472972 2.472972 0.121604 0.121604 0.121604
3050 2.472972 2.472972 2.472972 0.121604 0.121604 0.121604
3060 2.472972 2.472972 2.472972 0.121604 0.121604 0.121604
3070 2.472972 2.472972 2.472972 0.121604 0.121604 0.121604
3080 2.472972 2.472972 2.472972 0.121604 0.121604 0.121604
3090 2.472972 2.472972 2.472972 0.121604 0.121604 0.121604
3100 2.472972 2.472972 2.472972 0.121604 0.121604 0.121604
3110 2.472972 2.472972 2.472972 0.121604 0.121604 0.121604
3120 2.472972 2.472972 2.472972 0.121604 0.121604 0.121604
3130 2.472972 2.472972 2.472972 0.121604 0.121604 0.121604
3140 2.472972 2.472972 2.472972 0.121604 0.121604 0.121604
3150 2.472972 2.472972 2.472972 0.121604 0.121604 0.121604
3160 2.472972 2.472972 2.472972 0.121604 0.121604 0.121604
3170 2.472972 2.472972 2.472972 0.121604 0.121604 0.121604
3180 2.472972 2.472972 2.472972 0.121604 0.121604 0.121604
3190 2.472972 2.472972 2.472972 0.121604 0.121604 0.121604
3200 2.472972 2.472972 2.472972 0.121604 0.121604 0.121604
3210 2.472972 2.472972 2.472972 0.121604 0.121604 0.121604
3220 2.472972 2.472972 2.472972 0.121604 0.121604 0.121604
3230 2.472972 2.472972 2.472972 0.121604 0.121604 0.121604
3240 2.472972 2.472972 2.472972 0.121604 0.121604 0.121604
3250 2.472972 2.472972 2.472972 0.121604 0.121604 0.121604
3260 2.472972 2.472972 2.472972 0.121604 0.121604 0.121604
3270 2.472972 2.472972 2.472972 0.121604 0.121604 0.121604
3280 2.472972 2.472972 2.472972 0.121604 0.121604 0.121604
3290 2.472972 2.472972 2.472972 0.121604 0.121604 0.121604
3300 2.472972 2.472972 2.472972 0.121604 0.121604 0.121604
3310 2.472972 2.472972 2.472972 0.121604 0.121604 0.121604
3320 2.472972 2.472972 2.472972 0.121604 0.121604 0.121604
3330 2.472972 2.472972 2.472972 0.121604 0.121604 0.121604
3340 2.472972 2.472972 2.472972 0.121604 0.121604 0.121604
3350 2.472972 2.472972 2.472972 0.121604 0.121604 0.121604
3360 2.472972 2.472972 2.472972 0.121604 0.121604 0.121604
3370 2.472972 2.472972 2.472972 0.121604 0.121604 0.121604
3380 2.472972 2.472972 2.472972 0.121604 0.121604 0.121604
3390 2.472972 2.472972 2.472972 0.121604 0.121604 0.121604
3400 2.472972 2.472972 2.472972 0.121604 0.121604 0.121604
3410 2.472972 2.472972 2.472972 0.121604 0.121604 0.121604
3420 2.472972 2.472972 2.472972 0.121604 0.121604 0.121604
3430 2.472972 2.472972 2.472972 0.121604 0.121604 0.121604
3440 2.472972 2.472972 2.472972 0.121604 0.121604 0.121604
3450 2.472972 2.472972 2.472972 0.121604 0.121604 0.121604
3460 2.472972 2.472972 2.472972 0.121604 0.121604 0.121604
3470 2.472972 2.472972 2.472972 0.121604 0.121604 0.121604
3480 2.472972 2.472972 2.472972 0.121604 0.121604 0.121604
3490 2.472972 2.472972 2.472972 0.121604 0.121604 0.121604
3500 2.472972 2.472972 2.472972 0.121604 0.121604 0.121604
3510 2.472972 2.472972 2.472972 0.121604 0.121604 0.121604
3520 2.472972 2.472972 2.472972 0.121604 0.121604 0.121604
3530 2.472972 2.472972 2.472972 0.121604 0.121604 0.121604
3540 2.472972 2.472972 2.472972 0.121604 0.121604 0.121604
3550 2.472972 2.472972 2.472972 0.121604 0.121604 0.121604
3560 2.472972 2.472972 2.472972 0.121604 0.121604 0.121604
3570 2.472972 2.472972 2.472972 0.121604 0.121604 0.121604
3580 2.472972 2.472972 2.472972 0.121604 0.121604 0.121604
3590 2.472972 2.472972 2.472972 0.121604 0.121604 0.121604
3600 2.472972 2.472972 2.472972 0.121604 0.121604 0.121604
3610 2.472972 2.472972 2.472972 0.121604 0.121604 0.121604
3620 2.472972 2.472972 2.472972 0.121604 0.121604 0.121604
3630 2.472972 2.472972 2.472972 0.121604 0.121604 0.121604
3640 2.472972 2.472972 2.472972 0.121604 0.121604 0.121604
3650 2.472972 2.472972 2.472972 0.121604 0.121604 0.121604
3660 2.472972 2.472972 2.472972 0.121604 0.121604 0.121604
3670 2.472972 2.472972 2.472972 0.121604 0.121604 0.121604
3680 2.472972 2.472972 2.472972 0.121604 0.121604 0.121604
3690 2.472972 2.472972 2.472972 0.121604 0.121604 0.121604
3700 2.472972 2.472972 2.472972 0.121604 0.121604 0.121604
3710 2.472972 2.472972 2.472972 0.121604 0.121604 0.121604
3720 2.472972 2.472972 2.472972 0.121604 0.121604 0.121604
3730 2.472972 2.472972 2.472972 0.121604 0.121604 0.121604
3740 2.472972 2.472972 2.472972 0.121604 0.121604 0.121604
3750 2.472972 2.472972 2.472972 0.121604 0.121604 0.121604
3760 2.472972 2.472972 2.472972 0.121604 0.121604 0.121604
3770 2.472972 2.472972 2.472972 0.121604 0.121604 0.121604
3780 2.472972 2.472972 2.472972 0.121604 0.121604 0.121604
3790 2.472972 2.472972 2.472972 0.121604 0.121604 0.121604
3800 2.472972 2.472972 2.472972 0.121604 0.121604 0.121604
3810 2.472972 2.472972 2.472972 0.121604 0.121604 0.121604
3820 2.472972 2.472972 2.472972 0.121604 0.121604 0.121604
3830 2.472972 2.472972 2.472972 0.121604 0.121604 0.121604
3840 2.472972 2.472972 2.472972 0.121604 0.121604 0.121604
3850 2.472972 2.472972 2.472972 0.121604 0.121604 0.121604
3860 2.472972 2.472972 2.472972 0.121604 0.121604 0.121604
3870 2.472972 2.472972 2.472972 0.121604 0.121604 0.121604
3880 2.472972 2.472972 2.472972 0.121604 0.121604 0.121604
3890 2.472972 2.472972 2.472972 0.121604 0.121604 0.121604
3900 2.472972 2.472972 2.472972 0.121604 0.121604 0.121604
3910 2.472972 2.472972 2.472972 0.121604 0.121604 0.121604
3920 2.472972 2.472972 2.472972 0.121604 0.121604 0.121604
3930 2.472972 2.472972 2.472972 0.121604 0.121604 0.121604
3940 2.472972 2.472972 2.472972 0.121604 0.121604 0.121604
3950 2.472972 2.472972 2.472972 0.121604 0.121604 0.121604
3960 2.472972 2.472972 2.472972 0.121604 0.121604 0.121604
3970 2.472972 2.472972 2.472972 0.121604 0.121604 0.121604
3980 2.472972 2.472972 2.472972 0.121604 0.121604 0.121604
3990 2.472972 2.472972 2.472972 0.121604 0.121604 0.121604
4000 2.472972 2.472972 2.472972 0.121604 0.121604 0.121604
4010 2.472972 2.472972 2.472972 0.121604 0.121604 0.121604
4020 2.472972 2.472972 2.472972 0.121604 0.121604 0.121604
4030 2.472972 2.472972 2.472972 0.121604 0.121604 0.121604
4040 2.472972 2.472972 2.472972 0.121604 0.121604 0.121604
4050 2.472972 2.472972 2.472972 0.121604 0.121604 0.121604
4060 2.472972 2.472972 2.472972 0.121604 0.121604 0.121604
4070 2.472972 2.472972 2.472972 0.121604 0.121604 0.121604
4080 2.472972 2.472972 2.472972 0.121604 0.121604 0.121604
4090 2.472972 2.472972 2.472972 0.121604 0.121604 0.121604
4100 2.472972 2.472972 2.472972 0.121604 0.121604 0.121604
4110 2.472972 2.472972 2.472972 0.121604 0.121604 0.121604
4120 2.472972 2.472972 2.472972 0.121604 0.121604 0.121604
4130 2.472972 2.472972 2.472972 0.121604 0.121604 0.121604
4140 2.472972 2.472972 2.472972 0.121604 0.121604 0.121604
4150 2.472972 2.472972 2.472972 0.121604 0.121604 0.121604
4160 2.472972 2.472972 2.472972 0.121604 0.121604 0.121604
4170 2.472972 2.472972 2.472972 0.121604 0.121604 0.121604
4180 2.472972 2.472972 2.472972 0.121604 0.121604 0.121604
4190 2.472972 2.472972 2.472972 0.121604 0.121604 0.121604
4200 2.472972 2.472972 2.472972 0.121604 0.121604 0.121604
4210 2.472972 2.472972 2.472972 0.121604 0.121604 0.121604
4220 2.472972 2.472972 2.472972 0.121604 0.121604 0.121604
4230 2.472972 2.472972 2.472972 0.121604 0.121604 0.121604
4240 2.472972 2.472972 2.472972 0.121604 0.121604 0.121604
4250 2.472972 2.472972 2.472972 0.121604 0.121604 0.121604
4260 2.472972 2.472972 2.472972 0.121604 0.121604 0.121604
4270 2.472972 2.472972 2.472972 0.121604 0.121604 0.121604
4280 2.472972 2.472972 2.472972 0.121604 0.121604 0.121604
4290 2.472972 2.472972 2.472972 0.121604 0.121604 0.121604
4300 2.472972 2.472972 2.472972 0.121604 0.121604 0.121604
4310 2.472972 2.472972 2.472972 0.121604 0.121604 0.121604
4320 2.472972 2.472972 2.472972 0.121604 0.121604 0.121604
4330 2.472972 2.472972 2.472972 0.121604 0.121604 0.121604
4340 2.472972 2.472972 2.472972 0.121604 0.121604 0.121604
4350 2.472972 2.472972 2.472972 0.121604 0.121604 0.121604
4360 2.472972 2.472972 2.472972 0.121604 0.121604 0.121604
4370 2.472972 2.472972 2.472972 0.121604 0.121604 0.121604
4380 2.472972 2.472972 2.472972 0.121604 0.121604 0.121604
4390 2.472972 2.472972 2.472972 0.121604 0.121604 0.121604
4400 2.472972 2.472972 2.472972 0.121604 0.121604 0.121604
4410 2.472972 2.472972 2.472972 0.121604 0.121604 0.121604
4420 2.472972 2.472972 2.472972 0.121604 0.121604 0.121604
4430 2.472972 2.472972 2.472972 0.121604 0.121604 0.121604
4440 2.472972 2.472972 2.472972 0.121604 0.121604 0.121604
4450 2.472972 2.472972 2.472972 0.121604 0.121604 0.121604
4460 2.472972 2.472972 2.472972 0.121604 0.121604 0.121604
4470 2.472972 2.472972 2.472972 0.121604 0.121604 0.121604
4480 2.472972 2.472972 2.472972 0.121604 0.121604 0.121604
4490 2.472972 2.472972 2.472972 0.121604 0.121604 0.121604
4500 2.472972 2.472972 2.472972 0.121604 0.121604 0.121604
4510 2.472972 2.472972 2.472972 0.121604 0.121604 0.121604
4520 2.472972 2.472972 2.472972 0.121604 0.121604 0.121604
4530 2.472972 2.472972 2.472972 0.121604 0.121604 0.121604
4540 2.472972 2.472972 2.472972 0.121604 0.121604 0.121604
4550 2.472972 2.472972 2.472972 0.121604 0.121604 0.121604
4560 2.472972 2.472972 2.472972 0.121604 0.121604 0.121604
4570 2.472972 2.472972 2.472972 0.121604 0.121604 0.121604
4580 2.472972 2.472972 2.472972 0.121604 0.121604 0.121604
4590 2.472972 2.472972 2.472972 0.121604 0.121604 0.121604
4600 2.472972 2.472972 2.472972 0.121604 0.121604 0.121604
4610 2.472972 2.472972 2.472972 0.121604 0.121604 0.121604
4620 2.472972 2.472972 2.472972 0.121604 0.121604 0.121604
4630 2.472972 2.472972 2.472972 0.121604 0.121604 0.121604
4640 2.472972 2.472972 2.472972 0.121604 0.121604 0.121604
4650 2.472972 2.472972 2.472972 0.121604 0.121604 0.121604
4660 2.472972 2.472972 2.472972 0.121604 0.121604 0.121604
4670 2.472972 2.472972 2.472972 0.121604 0.121604 0.121604
4680 2.472972 2.472972 2.472972 0.121604 0.121604 0.121604
4690 2.472972 2.472972 2.472972 0.121604 0.121604 0.121604
4700 2.472972 2.472972 2.472972 0.121604 0.121604 0.121604
4710 2.472972 2.472972 2.472972 0.121604 0.121604 0.121604
4720 2.472972 2.472972 2.472972 0.121604 0.121604 0.121604
4730 2.472972 2.472972 2.472972 0.121604 0.121604 0.121604
4740 2.472972 2.472972 2.472972 0.121604 0.121604 0.121604
4750 2.472972 2.472972 2.472972 0.121604 0.121604 0.121604
4760 2.472972 2.472972 2.472972 0.121604 0.121604 0.121604
4770 2.472972 2.472972 2.472972 0.121604 0.121604 0.121604
4780 2.472972 2.472972 2.472972 0.121604 0.121604 0.121604
4790 2.472972 2.472972 2.472972 0.121604 0.121604 0.121604
4800 2.472972 2.472972 2.472972 0.121604 0.121604 0.121604
4810 2.472972 2.472972 2.472972 0.121604 0.121604 0.121604
4820 2.472972 2.472972 2.472972 0.121604 0.121604 0.121604
4830 2.472972 2.472972 2.472972 0.121604 0.121604 0.121604
4840 2.472972 2.472972 2.472972 0.121604 0.121604 0.121604
4850 2.472972 2.472972 2.472972 0.121604 0.121604 0.121604
4860 2.472972 2.472972 2.472972 0.121604 0.121604 0.121604
4870 2.472972 2.472972 2.472972 0.121604 0.121604 0.121604
4880 2.472972 2.472972 2.472972 0.121604 0.121604 0.121604
4890 2.472972 2.472972 2.472972 0.121604 0.121604 0.121604
4900 2.472972 2.472972 2.472972 0.121604 0.121604 0.121604
4910 2.472972 2.472972 2.472972 0.121604 0.121604 0.121604
4920 2.472972 2.472972 2.472972 0.121604 0.121604 0.121604
4930 2.472972 2.472972 2.472972 0.121604 0.121604 0.121604
4940 2.472972 2.472972 2.472972 0.121604 0.121604 0.121604
4950 2.472972 2.472972 2.472972 0.121604 0.121604 0.121604
4960 2.472972 2.472972 2.472972 0.121604 0.121604 0.121604
4970 2.472972 2.472972 2.472972 0.121604 0.121604 0.121604
4980 2.472972 2.472972 2.472972 0.121604 0.121604 0.121604
4990 2.472972 2.472972 2.472972 0.121604 0.121604 0.121604
5000 2.472972 2.472972 2.472972 0.121604 0.121604 0.121604
5010 2.472972 2.472972 2.472972 0.121604 0.121604 0.121604
5020 2.472972 2.472972 2.472972 0.121604 0.121604 0.121604
5030 2.472972 2.472972 2.472972 0.121604 0.121604 0.121604
5040 2.472972 2.472972 2.472972 0.121604 0.121604 0.121604
5050 2.472972 2.472972 2.472972 0.121604 0.121604 0.121604
5060 2.472972 2.472972 2.472972 0.121604 0.121604 0.121604
5070 2.472972 2.472972 2.472972 0.121604 0.121604 0.121604
5080 2.472972 2.472972 2.472972 0.121604 0.121604 0.121604
5090 2.472972 2.472972 2.472972 0.121604 0.121604 0.121604
5100 2.472972 2.472972 2.472972 0.121604 0.121604 0.121604
5110 2.472972 2.472972 2.472972 0.121604 0.121604 0.121604
5120 2.472972 2.472972 2.472972 0.121604 0.121604 0.121604
5130 2.472972 2.472972 2.472972 0.121604 0.121604 0.121604
5140 2.472972 2.472972 2.472972 0.121604 0.121604 0.121604
5150 2.472972 2.472972 2.472972 0.121604 0.121604 0.121604
5160 2.472972 2.472972 2.472972 0.121604 0.121604 0.121604
5170 2.472972 2.472972 2.472972 0.121604 0.121604 0.121604
5180 2.472972 2.472972 2.472972 0.121604 0.121604 0.121604
5190 2.472972 2.472972 2.472972 0.121604 0.121604 0.121604
5200 2.472972 2.472972 2.472972 0.121604 0.121604 0.121604
5210 2.472972 2.472972 2.472972 0.121604 0.121604 0.121604
5220 2.472972 2.472972 2.472972 0.121604 0.121604 0.121604
5230 2.472972 2.472972 2.472972 0.121604 0.121604 0.121604
5240 2.472972 2.472972 2.472972 0.121604 0.121604 0.121604
5250 2.472972 2.472972 2.472972 0.121604 0.121604 0.121604
5260 2.472972 2.472972 2.472972 0.121604 0.121604 0.121604
5270 2.472972 2.472972 2.472972 0.121604 0.121604 0.121604
5280 2.472972 2.472972 2.472972 0.121604 0.121604 0.121604
5290 2.472972 2.472972 2.472972 0.121604 0.121604 0.121604
5300 2.472972 2.472972 2.472972 0.121604 0.121604 0.121604
5310 2.472972 2.472972 2.472972 0.121604 0.121604 0.121604
5320 2.472972 2.472972 2.472972 0.121604 0.121604 0.121604
5330 2.472972 2.472972 2.472972 0.121604 0.121604 0.121604
5340 2.472972 2.472972 2.472972 0.121604 0.121604 0.121604
5350 2.472972 2.472972 2.472972 0.121604 0.121604 0.121604
5360 2.472972 2.472972 2.472972 0.121604 0.121604 0.121604
5370 2.472972 2.472972 2.472972 0.121604 0.121604 0.121604
5380 2.472972 2.472972 2.472972 0.121604 0.121604 0.121604
5390 2.472972 2.472972 2.472972 0.121604 0.121604 0.121604
5400 2.472972 2.472972 2.472972 0.121604 0.121604 0.121604
5410 2.472972 2.472972 2.472972 0.121604 0.121604 0.121604
5420 2.472972 2.472972 2.472972 0.121604 0.121604 0.121604
5430 2.472972 2.472972 2.472972 0.121604 0.121604 0.121604
5440 2.472972 2.472972 2.472972 0.121604 0.121604 0.121604
5450 2.472972 2.472972 2.472972 0.121604 0.121604 0.121604
5460 2.472972 2.472972 2.472972 0.121604 0.121604 0.121604
5470 2.472972 2.472972 2.472972 0.121604 0.121604 0.121604
5480 2.472972 2.472972 2.472972 0.121604 0.121604 0.121604
5490 2.472972 2.472972 2.472972 0.121604 0.121604 0.121604
5500 2.472972 2.472972 2.472972 0.121604 0.121604 0.121604
5510 2.472972 2.472972 2.472972 0.121604 0.121604 0.121604
5520 2.472972 2.472972 2.472972 0.121604 0.121604 0.121604
5530 2.472972 2.472972 2.472972 0.121604 0.121604 0.121604
5540 2.472972 2.472972 2.472972 0.121604 0.121604 0.121604
5550 2.472972 2.472972 2.472972 0.121604 0.121604 0.121604
5560 2.472972 2.472972 2.472972 0.121604 0.121604 0.121604
5570 2.472972 2.472972 2.472972 0.121604 0.121604 0.121604
5580 2.472972 2.472972 2.472972 0.121604 0.121604 0.121604
5590 2.472972 2.472972 2.472972 0.121604 0.121604 0.121604
5600 2.472972 2.472972 2.472972 0.121604 0.121604 0.121604
5610 2.472972 2.472972 2.472972 0.121604 0.121604 0.121604
5620 2.472972 2.472972 2.472972 0.121604 0.121604 0.121604
5630 2.472972 2.472972 2.472972 0.121604 0.121604 0.121604
5640 2.472972 2.472972 2.472972 0.121604 0.121604 0.121604
5650 2.472972 2.472972 2.472972 0.121604 0.121604 0.121604
5660 2.472972 2.472972 2.472972 0.121604 0.121604 0.121604
5670 2.472972 2.472972 2.472972 0.121604 0.121604 0.121604
5680 2.472972 2.472972 2.472972 0.121604 0.121604 0.121604
5690 2.472972 2.472972 2.472972 0.121604 0.121604 0.121604
5700 2.472972 2.472972 2.472972 0.121604 0.121604 0.121604
5710 2.472972 2.472972 2.472972 0.121604 0.121604 0.121604
5720 2.472972 2.472972 2.472972 0.121604 0.121604 0.121604
5730 2.472972 2.472972 2.472972 0.121604 0.121604 0.121604
5740 2.472972 2.472972 2.472972 0.121604 0.121604 0.121604
5750 2.472972 2.472972 2.472972 0.121604 0.121604 0.121604
5760 2.472972 2.472972 2.472972 0.121604 0.121604 0.121604
5770 2.472972 2.472972 2.472972 0.121604 0.121604 0.121604
5780 2.472972 2.472972 2.472972 0.121604 0.121604 0.121604
5790 2.472972 2.472972 2.472972 0.121604 0.121604 0.121604
5800 2.472972 2.472972 2.472972 0.121604 0.121604 0.121604
5810 2.472972 2.472972 2.472972 0.121604 0.121604 0.121604
5820 2.472972 2.472972 2.472972 0.121604 0.121604 0.121604
5830 2.472972 2.472972 2.472972 0.121604 0.121604 0.121604
5840 2.472972 2.472972 2.472972 0.121604 0.121604 0.121604
5850 2.472972 2.472972 2.472972 0.121604 0.121604 0.121604
5860 2.472972 2.472972 2.472972 0.121604 0.121604 0.121604
5870 2.472972 2.472972 2.472972 0.121604 0.121604 0.121604
5880 2.472972 2.472972 2.472972 0.121604 0.121604 0.121604
5890 2.472972 2.472972 2.472972 0.121604 0.121604 0.121604
5900 2.472972 2.472972 2.472972 0.121604 0.121604 0.121604
5910 2.472972 2.472972 2.472972 0.121604 0.121604 0.121604
5920 2.472972 2.472972 2.472972 0.121604 0.121604 0.121604
5930 2.472972 2.472972 2.472972 0.121604 0.121604 0.121604
5940 2.472972 2.472972 2.472972 0.121604 0.121604 0.121604
5950 2.472972 2.472972 2.472972 0.121604 0.121604 0.121604
5960 2.472972 2.472972 2.472972 0.121604 0.121604 0.121604
5970 2.472972 2.472972 2.472972 0.121604 0.121604 0.121604
5980 2.472972 2.472972 2.472972 0.121604 0.121604 0.121604
5990 2.472972 2.472972 2.472972 0.121604 0.121604 0.121604
6000 2.472972 2.472972 2.472972 0.121604 0.121604 0.121604
6010 2.472972 2.472972 2.472972 0.121604 0.121604 0.121604
6020 2.472972 2.472972 2.472972 0.121604 0.121604 0.121604
6030 2.472972 2.472972 2.472972 0.121604 0.121604 0.121604
6040 2.472972 2.472972 2.472972 0.121604 0.121604 0.121604
6050 2.472972 2.472972 2.472972 0.121604 0.121604 0.121604
6060 2.472972 2.472972 2.472972 0.121604 0.121604 0.121604
6070 2.472972 2.472972 2.472972 0.121604 0.121604 0.121604
6080 2.472972 2.472972 2.472972 0.121604 0.121604 0.121604
6090 2.472972 2.472972 2.472972 0.121604 0.121604 0.121604
6100 2.472972 2.472972 2.472972 0.121604 0.121604 0.121604
6110 2.472972 2.472972 2.472972 0.121604 0.121604 0.121604
6120 2.472972 2.472972 2.472972 0.121604 0.121604 0.121604
6130 2.472972 2.472972 2.472972 0.121604 0.121604 0.121604
6140 2.472972 2.472972 2.472972 0.121604 0.121604 0.121604
6150 2.472972 2.472972 2.472972 0.121604 0.121604 0.121604
6160 2.472972 2.472972 2.472972 0.121604 0.121604 0.121604
6170 2.472972 2.472972 2.472972 0.121604 0.121604 0.121604
6180 2.472972 2.472972 2.472972 0.121604 0.121604 0.121604
6190 2.472972 2.472972 2.472972 0.121604 0.121604 0.121604
6200 2.472972 2.472972 2.472972 0.121604 0.121604 0.121604
6210 2.472972 2.472972 2.472972 0.121604 0.121604 0.121604
6220 2.472972 2.472972 2.472972 0.121604 0.121604 0.121604
6230 2.472972 2.472972 2.472972 0.121604 0.121604 0.121604
6240 2.472972 2.472972 2.472972 0.121604 0.121604 0.121604
6250 2.472972 2.472972 2.472972 0.121604 0.121604 0.121604
6260 2.472972 2.472972 2.472972 0.121604 0.121604 0.121604
6270 2.472972 2.472972 2.472972 0.121604 0.121604 0.121604
6280 2.472972 2.472972 2.472972 0.121604 0.121604 0.121604
6290 2.472972 2.472972 2.472972 0.121604 0.121604 0.121604
6300 2.472972 2.472972 2.472972 0.121604 0.121604 0.121604
6310 2.472972 2.472972 2.472972 0.121604 0.121604 0.121604
6320 2.472972 2.472972 2.472972 0.121604 0.121604 0.121604
6330 2.472972 2.472972 2.472972 0.121604 0.121604 0.121604
6340 2.472972 2.472972 2.472972 0.121604 0.121604 0.121604
6350 2.472972 2.472972 2.472972 0.121604 0.121604 0.121604
6360 2.472972 2.472972 2.472972 0.121604 0.121604 0.121604
6370 2.472972 2.472972 2.472972 0.121604 0.121604 0.121604
6380 2.472972 2.472972 2.472972 0.121604 0.121604 0.121604
6390 2.472972 2.472972 2.472972 0.121604 0.121604 0.121604
6400 2.472972 2.472972 2.472972 0.121604 0.121604 0.121604
6410 2.472972 2.472972 2.472972 0.121604 0.121604 0.121604
6420 2.472972 2.472972 2.472972 0.121604 0.121604 0.121604
6430 2.472972 2.472972 2.472972 0.121604 0.121604 0.121604
6440 2.472972 2.472972 2.472972 0.121604 0.121604 0.121604
6450 2.472972 2.472972 2.472972 0.121604 0.121604 0.121604
6460 2.472972 2.472972 2.472972 0.121604 0.121604 0.121604
6470 2.472972 2.472972 2.472972 0.121604 0.121604 0.121604
6480 2.472972 2.472972 2.472972 0.121604 0.121604 0.121604
6490 2.472972 2.472972 2.472972 0.121604 0.121604 0.121604
6500 2.472972 2.472972 2.472972 0.121604 0.121604 0.121604
6510 2.472972 2.472972 2.472972 0.121604 0.121604 0.121604
6520 2.472972 2.472972 2.472972 0.121604 0.121604 0.121604
6530 2.472972 2.472972 2.472972 0.121604 0.121604 0.121604
6540 2.472972 2.472972 2.472972 0.121604 0.121604 0.121604
6550 2.472972 2.472972 2.472972 0.121604 0.121604 0.121604
6560 2.472972 2.472972 2.472972 0.121604 0.121604 0.121604
6570 2.472972 2.472972 2.472972 0.121604 0.121604 0.121604
6580 2.472972 2.472972 2.472972 0.121604 0.121604 0.121604
6590 2.472972 2.472972 2.472972 0.121604 0.121604 0.121604
6600 2.472972 2.472972 2.472972 0.121604 0.121604 0.121604
6610 2.472972 2.472972 2.472972 0.121604 0.121604 0.121604
6620 2.472972 2.472972 2.472972 0.121604 0.121604 0.121604
6630 2.472972 2.472972 2.472972 0.121604 0.121604 0.121604
6640 2.472972 2.472972 2.472972 0.121604 0.121604 0.121604
6650 2.472972 2.472972 2.472972 0.121604 0.121604 0.121604
6660 2.472972 2.472972 2.472972 0.121604 0.121604 0.121604
6670 2.472972 2.472972 2.472972 0.121604 0.121604 0.121604
6680 2.472972 2.472972 2.472972 0.121604 0.121604 0.121604
6690 2.472972 2.472972 2.472972 0.121604 0.121604 0.121604
6700 2.472972 2.472972 2.472972 0.121604 0.121604 0.121604
6710 2.472972 2.472972 2.472972 0.121604 0.121604 0.121604
6720 2.472972 2.472972 2.472972 0.121604 0.121604 0.121604
6730 2.472972 2.472972 2.472972 0.121604 0.121604 0.121604
6740 2.472972 2.472972 2.472972 0.121604 0.121604 0.121604
6750 2.472972 2.472972 2.472972 0.121604 0.121604 0.121604
6760 2.472972 2.472972 2.472972 0.121604 0.121604 0.121604
6770 2.472972 2.472972 2.472972 0.121604 0.121604 0.121604
6780 2.472972 2.472972 2.472972 0.121604 0.121604 0.121604
6790 2.472972 2.472972 2.472972 0.121604 0.121604 0.121604
6800 2.472972 2.472972 2.472972 0.121604 0.121604 0.121604
6810 2.472972 2.472972 2.472972 0.121604 0.121604 0.121604
6820 2.472972 2.472972 2.472972 0.121604 0.121604 0.121604
6830 2.472972 2.472972 2.472972 0.121604 0.121604 0.121604
6840 2.472972 2.472972 2.472972 0.121604 0.121604 0.121604
6850 2.472972 2.472972 2.472972 0.121604 0.121604 0.121604
6860 2.472972 2.472972 2.472972 0.121604 0.121604 0.121604
6870 2.472972 2.472972 2.472972 0.121604 0.121604 0.121604
6880 2.472972 2.472972 2.472972 0.121604 0.121604 0.121604
6890 2.472972 2.472972 2.472972 0.121604 0.121604 0.121604
6900 2.472972 2.472972 2.472972 0.121604 0.121604 0.121604
6910 2.472972 2.472972 2.472972 0.121604 0.121604 0.121604
6920 2.472972 2.472972 2.472972 0.121604 0.121604 0.121604
6930 2.472972 2.472972 2.472972 0.121604 0.121604 0.121604
6940 2.472972 2.472972 2.472972 0.121604 0.121604 0.121604
6950 2.472972 2.472972 2.472972 0.121604 0.121604 0.121604
6960 2.472972 2.472972 2.472972 0.121604 0.121604 0.121604
6970 2.472972 2.472972 2.472972 0.121604 0.121604 0.121604
6980 2.472972 2.472972 2.472972 0.121604 0.121604 0.121604
6990 2.472972 2.472972 2.472972 0.121604 0.121604 0.121604
7000 2.472972 2.472972 2.472972 0.121604 0.121604 0.121604
7010 2.472972 2.472972 2.472972 0.121604 0.121604 0.121604
7020 2.472972 2.472972 2.472972 0.121604 0.121604 0.121604
7030 2.472972 2.472972 2.472972 0.121604 0.121604 0.121604
7040 2.472972 2.472972 2.472972 0.121604 0.121604 0.121604
7050 2.472972 2.472972 2.472972 0.121604 0.121604 0.121604
7060 2.472972 2.472972 2.472972 0.121604 0.121604 0.121604
7070 2.472972 2.472972 2.472972 0.121604 0.121604 0.121604
7080 2.472972 2.472972 2.472972 0.121604 0.121604 0.121604
7090 2.472972 2.472972 2.472972 0.121604 0.121604 0.121604
7100 2.472972 2.472972 2.472972 0.121604 0.121604 0.121604
7110 2.472972 2.472972 2.472972 0.121604 0.121604 0.121604
7120 2.472972 2.472972 2.472972 0.121604 0.121604 0.121604
7130 2.472972 2.472972 2.472972 0.121604 0.121604 0.121604
7140 2.472972 2.472972 2.472972 0.121604 0.121604 0.121604
7150 2.472972 2.472972 2.472972 0.121604 0.121604 0.121604
7160 2.472972 2.472972 2.472972 0.121604 0.121604 0.121604
7170 2.472972 2.472972 2.472972 0.121604 0.121604 0.121604
7180 2.472972 2.472972 2.472972 0.121604 0.121604 0.121604
7190 2.472972 2.472972 2.472972 0.121604 0.121604 0.121604
7200 2.472972 2.472972 2.472972 0.121604 0.121604 0.121604
7210 2.472972 2.472972 2.472972 0.121604 0.121604 0.121604
7220 2.472972 2.472972 2.472972 0.121604 0.121604 0.121604
7230 2.472972 2.472972 2.472972 0.121604 0.121604 0.121604
7240 2.472972 2.472972 2.472972 0.121604 0.121604 0.121604
7250 2.472972 2.472972 2.472972 0.121604 0.121604 0.121604
7260 2.472972 2.472972 2.472972 0.121604 0.121604 0.121604
7270 2.472972 2.472972 2.472972 0.121604 0.121604 0.121604
7280 2.472972 2.472972 2.472972 0.121604 0.121604 0.121604
7290 2.472972 2.472972 2.472972 0.121604 0.121604 0.121604
7300 2.472972 2.472972 2.472972 0.121604 0.121604 0.121604
7310 2.472972 2.472972 2.472972 0.121604 0.121604 0.121604
7320 2.472972 2.472972 2.472972 0.121604 0.121604 0.121604
7330 2.472972 2.472972 2.472972 0.121604 0.121604 0.121604
7340 2.472972 2.472972 2.472972 0.121604 0.121604 0.121604
7350 2.472972 2.472972 2.472972 0.121604 0.121604 0.121604
7360 2.472972 2.472972 2.472972 0.121604 0.121604 0.121604
7370 2.472972 2.472972 2.472972 0.121604 0.121604 0.121604
7380 2.472972 2.472972 2.472972 0.121604 0.121604 0.121604
7390 2.472972 2.472972 2.472972 0.121604 0.121604 0.121604
7400 2.472972 2.472972 2.472972 0.121604 0.121604 0.121604
7410 2.472972 2.472972 2.472972 0.121604 0.121604 0.121604
7420 2.472972 2.472972 2.472972 0.121604 0.121604 0.121604
7430 2.472972 2.472972 2.472972 0.121604 0.121604 0.121604
7440 2.472972 2.472972 2.472972 0.121604 0.121604 0.121604
7450 2.472972 2.472972 2.472972 0.121604 0.121604 0.121604
7460 2.472972 2.472972 2.472972 0.121604 0.121604 0.121604
7470 2.472972 2.472972 2.472972 0.121604 0.121604 0.121604
7480 2.472972 2.472972 2.472972 0.121604 0.121604 0.121604
7490 2.472972 2.472972 2.472972 0.121604 0.121604 0.121604
7500 2.472972 2.472972 2.472972 0.121604 0.121604 0.121604
7510 2.472972 2.472972 2.472972 0.121604 0.121604 0.121604
7520 2.472972 2.472972 2.472972 0.121604 0.121604 0.121604
7530 2.472972 2.472972 2.472972 0.121604 0.121604 0.121604
7540 2.472972 2.472972 2.472972 0.121604 0.121604 0.121604
7550 2.472972 2.472972 2.472972 0.121604 0.121604 0.121604
7560 2.472972 2.472972 2.472972 0.121604 0.121604 0.121604
7570 2.472972 2.472972 2.472972 0.121604 0.121604 0.121604
7580 2.472972 2.472972 2.472972 0.121604 0.121604 0.121604
7590 2.472972 2.472972 2.472972 0.121604 0.121604 0.121604
7600 2.472972 2.472972 2.472972 0.121604 0.121604 0.121604
7610 2.472972 2.472972 2.472972 0.121604 0.121604 0.121604
7620 2.472972 2.472972 2.472972 0.121604 0.121604 0.121604
7630 2.472972 2.472972 2.472972 0.121604 0.121604 0.121604
7640 2.472972 2.472972 2.472972 0.121604 0.121604 0.121604
7650 2.472972 2.472972 2.472972 0.121604 0.121604 0.121604
7660 2.472972 2.472972 2.472972 0.121604 0.121604 0.121604
7670 2.472972 2.472972 2.472972 0.121604 0.121604 0.121604
7680 2.472972 2.472972 2.472972 0.121604 0.121604 0.121604
7690 2.472972 2.472972 2.472972 0.121604 0.121604 0.121604
7700 2.472972 2.472972 2.472972 0.121604 0.121604 0.121604
7710 2.472972 2.472972 2.472972 0.121604 0.121604 0.121604
7720 2.472972 2.472972 2.472972 0.121604 0.121604 0.121604
7730 2.472972 2.472972 2.472972 0.121604 0.121604 0.121604
7740 2.472972 2.472972 2.472972 0.121604 0.121604 0.121604
7750 2.472972 2.472972 2.472972 0.121604 0.121604 0.121604
7760 2.472972 2.472972 2.472972 0.121604 0.121604 0.121604
7770 2.472972 2.472972 2.472972 0.121604 0.121604 0.121604
7780 2.472972 2.472972 2.472972 0.121604 0.121604 0.121604
7790 2.472972 2.472972 2.472972 0.121604 0.121604 0.121604
7800 2.472972 2.472972 2.472972 0.121604 0.121604 0.121604
7810 2.472972 2.472972 2.472972 0.121604 0.121604 0.121604
7820 2.472972 2.472972 2.472972 0.121604 0.121604 0.121604
7830 2.472972 2.472972 2.472972 0.121604 0.121604 0.121604
7840 2.472972 2.472972 2.472972 0.121604 0.121604 0.121604
7850 2.472972 2.472972 2.472972 0.121604 0.121604 0.121604
7860 2.472972 2.472972 2.472972 0.121604 0.121604 0.121604
7870 2.472972 2.472972 2.472972 0.121604 0.121604 0.121604
7880 2.472972 2.472972 2.472972 0.121604 0.121604 0.121604
7890 2.472972 2.472972 2.472972 0.121604 0.121604 0.121604
7900 2.472972 2.472972 2.472972 0.121604 0.121604 0.121604
7910 2.472972 2.472972 2.472972 0.121604 0.121604 0.121604
7920 2.472972 2.472972 2.472972 0.121604 0.121604 0.121604
7930 2.472972 2.472972 2.472972 0.121604 0.121604 0.121604
7940 2.472972 2.472972 2.472972 0.121604 0.121604 0.121604
7950 2.472972 2.472972 2.472972 0.121604 0.121604 0.121604
7960 2.472972 2.472972 2.472972 0.121604 0.121604 0.121604
7970 2.472972 2.472972 2.472972 0.121604 0.121604 0.121604
7980 2.472972 2.472972 2.472972 0.121604 0.121604 0.121604
7990 2.472972 2.472972 2.472972 0.121604 0.121604 0.121604
8000 2.472972 2.472972 2.472972 0.121604 0.121604 0.121604
8010 2.472972 2.472972 2.472972 0.121604 0.121604 0.121604
8020 2.472972 2.472972 2.472972 0.121604 0.121604 0.121604
8030 2.472972 2.472972 2.472972 0.121604 0.121604 0.121604
8040 2.472972 2.472972 2.472972 0.121604 0.121604 0.121604
8050 2.472972 2.472972 2.472972 0.121604 0.121604 0.121604
8060 2.472972 2.472972 2.472972 0.121604 0.121604 0.121604
8070 2.472972 2.472972 2.472972 0.121604 0.121604 0.121604
8080 2.472972 2.472972 2.472972 0.121604 0.121604 0.121604
8090 2.472972 2.472972 2.472972 0.121604 0.121604 0.121604
8100 2.472972 2.472972 2.472972 0.121604 0.121604 0.121604
8110 2.472972 2.472972 2.472972 0.121604 0.121604 0.121604
8120 2.472972 2.472972 2.472972 0.121604 0.121604 0.121604
8130 2.472972 2.472972 2.472972 0.121604 0.121604 0.121604
8140 2.472972 2.472972 2.472972 0.121604 0.121604 0.121604
8150 2.472972 2.472972 2.472972 0.121604 0.121604 0.121604
8160 2.472972 2.472972 2.472972 0.121604 0.121604 0.121604
8170 2.472972 2.472972 2.472972 0.121604 0.121604 0.121604
8180 2.472972 2.472972 2.472972 0.121604 0.121604 0.121604
8190 2.472972 2.472972 2.472972 0.121604 0.121604 0.121604
8200 2.472972 2.472972 2.472972 0.121604 0.121604 0.121604
8210 2.472972 2.472972 2.472972 0.121604 0.121604 0.121604
8220 2.472972 2.472972 2.472972 0.121604 0.121604 0.121604
8230 2.472972 2.472972 2.472972 0.121604 0.121604 0.121604
8240 2.472972 2.472972 2.472972 0.121604 0.121604 0.121604
8250 2.472972 2.472972 2.472972 0.121604 0.121604 0.121604
8260 2.472972 2.472972 2.472972 0.121604 0.121604 0.121604
8270 2.472972 2.472972 2.472972 0.121604 0.121604 0.121604
8280 2.472972 2.472972 2.472972 0.121604 0.121604 0.121604
8290 2.472972 2.472972 2.472972 0.121604 0.121604 0.121604
8300 2.472972 2.472972 2.472972 0.121604 0.121604 0.121604
8310 2.472972 2.472972 2.472972 0.121604 0.121604 0.121604
8320 2.472972 2.472972 2.472972 0.121604 0.121604 0.121604
8330 2.472972 2.472972 2.472972 0.121604 0.121604 0.121604
8340 2.472972 2.472972 2.472972 0.121604 0.121604 0.121604
8350 2.472972 2.472972 2.472972 0.121604 0.121604 0.121604
8360 2.472972 2.472972 2.472972 0.121604 0.121604 0.121604
8370 2.472972 2.472972 2.472972 0.121604 0.121604 0.121604
8380 2.472972 2.472972 2.472972 0.121604 0.121604 0.121604
8390 2.472972 2.472972 2.472972 0.121604 0.121604 0.121604
8400 2.472972 2.472972 2.472972 0.121604 0.121604 0.121604
8410 2.472972 2.472972 2.472972 0.121604 0.121604 0.121604
8420 2.472972 2.472972 2.472972 0.121604 0.121604 0.121604
8430 2.472972 2.472972 2.472972 0.121604 0.121604 0.121604
8440 2.472972 2.472972 2.472972 0.121604 0.121604 0.121604
8450 2.472972 2.472972 2.472972 0.121604 0.121604 0.121604
8460 2.472972 2.472972 2.472972 0.121604 0.121604 0.121604
8470 2.472972 2.472972 2.472972 0.121604 0.121604 0.121604
8480 2.472972 2.472972 2.472972 0.121604 0.121604 0.121604
8490 2.472972 2.472972 2.472972 0.121604 0.121604 0.121604
8500 2.472972 2.472972 2.472972 0.121604 0.121604 0.121604
8510 2.472972 2.472972 2.472972 0.121604 0.121604 0.121604
8520 2.472972 2.472972 2.472972 0.121604 0.121604 0.121604
8530 2.472972 2.472972 2.472972 0.121604 0.121604 0.121604
8540 2.472972 2.472972 2.472972 0.121604 0.121604 0.121604
8550 2.472972 2.472972 2.472972 0.121604 0.121604 0.121604
8560 2.472972 2.472972 2.472972 0.121604 0.121604 0.121604
8570 2.472972 2.472972 2.472972 0.121604 0.121604 0.121604
8580 2.472972 2.472972 2.472972 0.121604 0.121604 0.121604
8590 2.472972 2.472972 2.472972 0.121604 0.121604 0.121604
8600 2.472972 2.472972 2.472972 0.121604 0.121604 0.121604
8610 2.472972 2.472972 2.472972 0.121604 0.121604 0.121604
8620 2.472972 2.472972 2.472972 0.121604 0.121604 0.121604
8630 2.472972 2.472972 2.472972 0.121604 0.121604 0.121604
8640 2.472972 2.472972 2.472972 0.121604 0.121604 0.121604
8650 2.472972 2.472972 2.472972 0.121604 0.121604 0.121604
8660 2.472972 2.472972 2.472972 0.121604 0.121604 0.121604
8670 2.472972 2.472972 2.472972 0.121604 0.121604 0.121604
8680 2.472972 2.472972 2.472972 0.121604 0.121604 0.121604
8690 2.472972 2.472972 2.472972 0.121604 0.121604 0.121604
8700 2.472972 2.472972 2.472972 0.121604 0.121604 0.121604
8710 2.472972 2.472972 2.472972 0.121604 0.121604 0.121604
8720 2.472972 2.472972 2.472972 0.121604 0.121604 0.121604
8730 2.472972 2.472972 2.472972 0.121604 0.121604 0.121604
8740 2.472972 2.472972 2.472972 0.121604 0.121604 0.121604
8750 2.472972 2.472972 2.472972 0.121604 0.121604 0.121604
8760 2.472972 2.472972 2.472972 0.121604 0.121604 0.121604
8770 2.472972 2.472972 2.472972 0.121604 0.121604 0.121604
8780 2.472972 2.472972 2.472972 0.121604 0.121604 0.121604
8790 2.472972 2.472972 2.472972 0.121604 0.121604 0.121604
8800 2.472972 2.472972 2.472972 0.121604 0.121604 0.121604
8810 2.472972 2.472972 2.472972 0.121604 0.121604 0.121604
8820 2.472972 2.472972 2.472972 0.121604 0.121604 0.121604
8830 2.472972 2.472972 2.472972 0.121604 0.121604 0.121604
8840 2.472972 2.472972 2.472972 0.121604 0.121604 0.121604
8850 2.472972 2.472972 2.472972 0.121604 0.121604 0.121604
8860 2.472972 2.472972 2.472972 0.121604 0.121604 0.121604
8870 2.472972 2.472972 2.472972 0.121604 0.121604 0.121604
8880 2.472972 2.472972 2.472972 0.121604 0.121604 0.121604
8890 2.472972 2.472972 2.472972 0.121604 0.121604 0.121604
8900 2.472972 2.472972 2.472972 0.121604 0.121604 0.121604
8910 2.472972 2.472972 2.472972 0.121604 0.121604 0.121604
8920 2.472972 2.472972 2.472972 0.121604 0.121604 0.121604
8930 2.472972 2.472972 2.472972 0.121604 0.121604 0.121604
8940 2.472972 2.472972 2.472972 0.121604 0.121604 0.121604
8950 2.472972 2.472972 2.472972 0.121604 0.121604 0.121604
8960 2.472972 2.472972 2.472972 0.121604 0.121604 0.121604
8970 2.472972 2.472972 2.472972 0.121604 0.121604 0.121604
8980 2.472972 2.472972 2.472972 0.121604 0.121604 0.121604
8990 2.472972 2.472972 2.472972 0.121604 0.121604 0.121604
9000 2.472972 2.472972 2.472972 0.121604 0.121604 0.121604
9010 2.472972 2.472972 2.472972 0.121604 0.121604 0.121604
9020 2.472972 2.472972 2.472972 0.121604 0.121604 0.121604
9030 2.472972 2.472972 2.472972 0.121604 0.121604 0.121604
9040 2.472972 2.472972 2.472972 0.121604 0.121604 0.121604
9050 2.472972 2.472972 2.472972 0.121604 0.121604 0.121604
9060 2.472972 2.472972 2.472972 0.121604 0.121604 0.121604
9070 2.472972 2.472972 2.472972 0.121604 0.121604 0.121604
9080 2.472972 2.472972 2.472972 0.121604 0.121604 0.121604
9090 2.472972 2.472972 2.472972 0.121604 0.121604 0.121604
9100 2.472972 2.472972 2.472972 0.121604 0.121604 0.121604
9110 2.472972 2.472972 2.472972 0.121604 0.121604 0.121604
9120 2.472972 2.472972 2.472972 0.121604 0.121604 0.121604
9130 2.472972 2.472972 2.472972 0.121604 0.121604 0.121604
9140 2.472972 2.472972 2.472972 0.121604 0.121604 0.121604
9150 2.472972 2.472972 2.472972 0.121604 0.121604 0.121604
9160 2.472972 2.472972 2.472972 0.121604 0.121604 0.121604
9170 2.472972 2.472972 2.472972 0.121604 0.121604 0.121604
9180 2.472972 2.472972 2.472972 0.121604 0.121604 0.121604
9190 2.472972 2.472972 2.472972 0.121604 0.121604 0.121604
9200 2.472972 2.472972 2.472972 0.121604 0.121604 0.121604
9210 2.472972 2.472972 2.472972 0.121604 0.121604 0.121604
9220 2.472972 2.472972 2.472972 0.121604 0.121604 0.121604
9230 2.472972 2.472972 2.472972 0.121604 0.121604 0.121604
9240 2.472972 2.472972 2.472972 0.121604 0.121604 0.121604
9250 2.472972 2.472972 2.472972 0.121604 0.121604 0.121604
9260 2.472972 2.472972 2.472972 0.121604 0.121604 0.121604
9270 2.472972 2.472972 2.472972 0.121604 0.121604 0.121604
9280 2.472972 2.472972 2.472972 0.121604 0.121604 0.121604
9290 2.472972 2.472972 2.472972 0.121604 0.121604 0.121604
9300 2.472972 2.472972 2.472972 0.121604 0.121604 0.121604
9310 2.472972 2.472972 2.472972 0.121604 0.121604 0.121604
9320 2.472972 2.472972 2.472972 0.121604 0.121604 0.121604
9330 2.472972 2.472972 2.472972 0.121604 0.121604 0.121604
9340 2.472972 2.472972 2.472972 0.121604 0.121604 0.121604
9350 2.472972 2.472972 2.472972 0.121604 0.121604 0.121604
9360 2.472972 2.472972 2.472972 0.121604 0.121604 0.121604
9370 2.472972 2.472972 2.472972 0.121604 0.121604 0.121604
9380 2.472972 2.472972 2.472972 0.121604 0.121604 0.121604
9390 2.472972 2.472972 2.472972 0.121604 0.121604 0.121604
9400 2.472972 2.472972 2.472972 0.121604 0.121604 0.121604
9410 2.472972 2.472972 2.472972 0.121604 0.121604 0.121604
9420 2.472972 2.472972 2.472972 0.121604 0.121604 0.121604
9430 2.472972 2.472972 2.472972 0.121604 0.121604 0.121604
9440 2.472972 2.472972 2.472972 0.121604 0.121604 0.121604
9450 2.472972 2.472972 2.472972 0.121604 0.121604 0.121604
9460 2.472972 2.472972 2.472972 0.121604 0.121604 0.121604
9470 2.472972 2.472972 2.472972 0.121604 0.121604 0.121604
9480 2.472972 2.472972 2.472972 0.121604 0.121604 0.121604
9490 2.472972 2.472972 2.472972 0.121604 0.121604 0.121604
9500 2.472972 2.472972 2.472972 0.121604 0.121604 0.121604
9510 2.472972 2.472972 2.472972 0.121604 0.121604 0.121604
9520 2.472972 2.472972 2.472972 0.121604 0.121604 0.121604
9530 2.472972 2.472972 2.472972 0.121604 0.121604 0.121604
9540 2.472972 2.472972 2.472972 0.121604 0.121604 0.121604
9550 2.472972 2.472972 2.472972 0.121604 0.121604 0.121604
9560 2.472972 2.472972 2.472972 0.121604 0.121604 0.121604
9570 2.472972 2.472972 2.472972 0.121604 0.121604 0.121604
9580 2.472972 2.472972 2.472972 0.121604 0.121604 0.121604
9590 2.472972 2.472972 2.472972 0.121604 0.121604 0.121604
9600 2.472972 2.472972 2.472972 0.121604 0.121604 0.121604
9610 2.472972 2.472972 2.472972 0.121604 0.121604 0.121604
9620 2.472972 2.472972 2.472972 0.121604 0.121604 0.121604
9630 2.472972 2.472972 2.472972 0.121604 0.121604 0.121604
9640 2.472972 2.472972 2.472972 0.121604 0.121604 0.121604
9650 2.472972 2.472972 2.472972 0.121604 0.121604 0.121604
9660 2.472972 2.472972 2.472972 0.121604 0.121604 0.121604
9670 2.472972 2.472972 2.472972 0.121604 0.121604 0.121604
9680 2.472972 2.472972 2.472972 0.121604 0.121604 0.121604
9690 2.472972 2.472972 2.472972 0.121604 0.121604 0.121604
9700 2.472972 2.472972 2.472972 0.121604 0.121604 0.121604
9710 2.472972 2.472972 2.472972 0.121604 0.121604 0.121604
9720 2.472972 2.472972 2.472972 0.121604 0.121604 0.121604
9730 2.472972 2.472972 2.472972 0.121604 0.121604 0.121604
9740 2.472972 2.472972 2.472972 0.121604 0.121604 0.121604
9750 2.472972 2.472972 2.472972 0.121604 0.121604 0.121604
9760 2.472972 2.472972 2.472972 0.121604 0.121604 0.121604
9770 2.472972 2.472972 2.472972 0.121604 0.121604 0.121604
9780 2.472972 2.472972 2.472972 0.121604 0.121604 0.121604
9790 2.472972 2.472972 2.472972 0.121604 0.121604 0.121604
9800 2.472972 2.472972 2.472972 0.121604 0.121604 0.121604
9810 2.472972 2.472972 2.472972 0.121604 0.121604 0.121604
9820 2.472972 2.472972 2.472972 0.121604 0.121604 0.121604
9830 2.472972 2.472972 2.472972 0.121604 0.121604 0.121604
9840 2.472972 2.472972 2.472972 0.121604 0.121604 0.121604
9850 2.472972 2.472972 2.472972 0.121604 0.121604 0.121604
9860 2.472972 2.472972 2.472972 0.121604 0.121604 0.121604
9870 2.472972 2.472972 2.472972 0.121604 0.121604 0.121604
9880 2.472972 2.472972 2.472972 0.121604 0.121604 0.121604
9890 2.472972 2.472972 2.472972 0.121604 0.121604 0.121604
9900 2.472972 2.472972 2.472972 0.121604 0.121604 0.121604
9910 2.472972 2.472972 2.472972 0.121604 0.121604 0.121604
9920 2.472972 2.472972 2.472972 0.121604 0.121604 0.121604
9930 2.472972 2.472972 2.472972 0.121604 0.121604 0.121604
9940 2.472972 2.472972 2.472972 0.121604 0.121604 0.121604
9950 2.472972 2.472972 2.472972 0.121604 0.121604 0.121604
9960 2.472972 2.472972 2.472972 0.121604 0.121604 0.121604
9970 2.472972 2.472972 2.472972 0.121604 0.121604 0.121604
9980 2.472972 2.472972 2.472972 0.121604 0.121604 0.121604
9990 2.472972 2.472972 2.472972 0.121604 0.121604 0.121604
10000 2.472972 2.472972 2.472972 0.121604 0.121604 0.121604
