# generation power_min power_avg power_max util_min util_avg util_max
1 36.420059 36.420059 36.420059 1.003756 1.397740 1.499969
100 22.090626 23.923800 25.990960 0.644905 0.989173 1.230868
200 20.647423 22.047641 22.928152 0.728806 0.886469 1.015651
300 19.618440 20.736211 21.446127 0.759638 0.928005 1.015651
400 18.740469 19.576113 20.153871 0.826477 0.927732 1.002679
500 18.577634 18.850337 19.157831 0.844788 0.935934 1.003067
600 18.337619 18.549174 18.674250 0.888213 0.941566 0.991960
700 18.254148 18.384238 18.435693 0.911099 0.946567 0.999088
800 18.108903 18.226536 18.336269 0.911099 0.981434 0.999224
900 18.107494 18.110652 18.110814 0.985353 0.985925 0.986100
1000 18.106160 18.109088 18.110814 0.985353 0.985971 0.986328
1100 18.106160 18.107387 18.107494 0.986100 0.986118 0.986328
1200 18.106160 18.106413 18.107494 0.986100 0.986285 0.986328
1300 18.106160 18.106160 18.106160 0.986328 0.986328 0.986328
1400 18.106160 18.106160 18.106160 0.986328 0.986328 0.986328
1500 18.106160 18.106160 18.106160 0.986328 0.986328 0.986328
1600 18.106160 18.106160 18.106160 0.986328 0.986328 0.986328
1700 18.106160 18.106160 18.106160 0.986328 0.986328 0.986328
1800 18.106160 18.106160 18.106160 0.986328 0.986328 0.986328
1900 18.106160 18.106160 18.106160 0.986328 0.986328 0.986328
2000 18.106160 18.106160 18.106160 0.986328 0.986328 0.986328
2100 18.106160 18.106160 18.106160 0.986328 0.986328 0.986328
2200 18.106160 18.106160 18.106160 0.986328 0.986328 0.986328
2300 18.106160 18.106160 18.106160 0.986328 0.986328 0.986328
2400 18.106160 18.106160 18.106160 0.986328 0.986328 0.986328
2500 18.106160 18.106160 18.106160 0.986328 0.986328 0.986328
2600 18.106160 18.106160 18.106160 0.986328 0.986328 0.986328
2700 18.106160 18.106160 18.106160 0.986328 0.986328 0.986328
2800 18.106160 18.106160 18.106160 0.986328 0.986328 0.986328
2900 18.106160 18.106160 18.106160 0.986328 0.986328 0.986328
3000 18.106160 18.106160 18.106160 0.986328 0.986328 0.986328
3100 18.106160 18.106160 18.106160 0.986328 0.986328 0.986328
3200 18.106160 18.106160 18.106160 0.986328 0.986328 0.986328
3300 18.106160 18.106160 18.106160 0.986328 0.986328 0.986328
3400 18.106160 18.106160 18.106160 0.986328 0.986328 0.986328
3500 18.106160 18.106160 18.106160 0.986328 0.986328 0.986328
3600 18.106160 18.106160 18.106160 0.986328 0.986328 0.986328
3700 18.106160 18.106160 18.106160 0.986328 0.986328 0.986328
3800 18.106160 18.106160 18.106160 0.986328 0.986328 0.986328
3900 18.106160 18.106160 18.106160 0.986328 0.986328 0.986328
4000 18.106160 18.106160 18.106160 0.986328 0.986328 0.986328
4100 18.106160 18.106160 18.106160 0.986328 0.986328 0.986328
4200 18.106160 18.106160 18.106160 0.986328 0.986328 0.986328
4300 18.106160 18.106160 18.106160 0.986328 0.986328 0.986328
4400 18.106160 18.106160 18.106160 0.986328 0.986328 0.986328
4500 18.106160 18.106160 18.106160 0.986328 0.986328 0.986328
4600 18.106160 18.106160 18.106160 0.986328 0.986328 0.986328
4700 18.106160 18.106160 18.106160 0.986328 0.986328 0.986328
4800 18.106160 18.106160 18.106160 0.986328 0.986328 0.986328
4900 18.106160 18.106160 18.106160 0.986328 0.986328 0.986328
5000 18.106160 18.106160 18.106160 0.986328 0.986328 0.986328
5100 18.106160 18.106160 18.106160 0.986328 0.986328 0.986328
5200 18.106160 18.106160 18.106160 0.986328 0.986328 0.986328
5300 18.106160 18.106160 18.106160 0.986328 0.986328 0.986328
5400 18.106160 18.106160 18.106160 0.986328 0.986328 0.986328
5500 18.106160 18.106160 18.106160 0.986328 0.986328 0.986328
5600 18.106160 18.106160 18.106160 0.986328 0.986328 0.986328
5700 18.106160 18.106160 18.106160 0.986328 0.986328 0.986328
5800 18.106160 18.106160 18.106160 0.986328 0.986328 0.986328
5900 18.106160 18.106160 18.106160 0.986328 0.986328 0.986328
6000 18.106160 18.106160 18.106160 0.986328 0.986328 0.986328
6100 18.106160 18.106160 18.106160 0.986328 0.986328 0.986328
6200 18.106160 18.106160 18.106160 0.986328 0.986328 0.986328
6300 18.106160 18.106160 18.106160 0.986328 0.986328 0.986328
6400 18.106160 18.106160 18.106160 0.986328 0.986328 0.986328
6500 18.106160 18.106160 18.106160 0.986328 0.986328 0.986328
6600 18.106160 18.106160 18.106160 0.986328 0.986328 0.986328
6700 18.106160 18.106160 18.106160 0.986328 0.986328 0.986328
6800 18.106160 18.106160 18.106160 0.986328 0.986328 0.986328
6900 18.106160 18.106160 18.106160 0.986328 0.986328 0.986328
7000 18.106160 18.106160 18.106160 0.986328 0.986328 0.986328
7100 18.106160 18.106160 18.106160 0.986328 0.986328 0.986328
7200 18.106160 18.106160 18.106160 0.986328 0.986328 0.986328
7300 18.106160 18.106160 18.106160 0.986328 0.986328 0.986328
7400 18.106160 18.106160 18.106160 0.986328 0.986328 0.986328
7500 18.106160 18.106160 18.106160 0.986328 0.986328 0.986328
7600 18.106160 18.106160 18.106160 0.986328 0.986328 0.986328
7700 18.106160 18.106160 18.106160 0.986328 0.986328 0.986328
7800 18.106160 18.106160 18.106160 0.986328 0.986328 0.986328
7900 18.106160 18.106160 18.106160 0.986328 0.986328 0.986328
8000 18.106160 18.106160 18.106160 0.986328 0.986328 0.986328
8100 18.106160 18.106160 18.106160 0.986328 0.986328 0.986328
8200 18.106160 18.106160 18.106160 0.986328 0.986328 0.986328
8300 18.106160 18.106160 18.106160 0.986328 0.986328 0.986328
8400 18.106160 18.106160 18.106160 0.986328 0.986328 0.986328
8500 18.106160 18.106160 18.106160 0.986328 0.986328 0.986328
8600 18.106160 18.106160 18.106160 0.986328 0.986328 0.986328
8700 18.106160 18.106160 18.106160 0.986328 0.986328 0.986328
8800 18.106160 18.106160 18.106160 0.986328 0.986328 0.986328
8900 18.106160 18.106160 18.106160 0.986328 0.986328 0.986328
9000 18.106160 18.106160 18.106160 0.986328 0.986328 0.986328
9100 18.106160 18.106160 18.106160 0.986328 0.986328 0.986328
9200 18.106160 18.106160 18.106160 0.986328 0.986328 0.986328
9300 18.106160 18.106160 18.106160 0.986328 0.986328 0.986328
9400 18.106160 18.106160 18.106160 0.986328 0.986328 0.986328
9500 18.106160 18.106160 18.106160 0.986328 0.986328 0.986328
9600 18.106160 18.106160 18.106160 0.986328 0.986328 0.986328
9700 18.106160 18.106160 18.106160 0.986328 0.986328 0.986328
9800 18.106160 18.106160 18.106160 0.986328 0.986328 0.986328
9900 18.106160 18.106160 18.106160 0.986328 0.986328 0.986328
10000 18.106160 18.106160 18.106160 0.986328 0.986328 0.986328
10100 18.106160 18.106160 18.106160 0.986328 0.986328 0.986328
10200 18.106160 18.106160 18.106160 0.986328 0.986328 0.986328
10300 18.106160 18.106160 18.106160 0.986328 0.986328 0.986328
10400 18.106160 18.106160 18.106160 0.986328 0.986328 0.986328
10500 18.106160 18.106160 18.106160 0.986328 0.986328 0.986328
10600 18.106160 18.106160 18.106160 0.986328 0.986328 0.986328
10700 18.106160 18.106160 18.106160 0.986328 0.986328 0.986328
10800 18.106160 18.106160 18.106160 0.986328 0.986328 0.986328
10900 18.106160 18.106160 18.106160 0.986328 0.986328 0.986328
11000 18.106160 18.106160 18.106160 0.986328 0.986328 0.986328
11100 18.106160 18.106160 18.106160 0.986328 0.986328 0.986328
11200 18.106160 18.106160 18.106160 0.986328 0.986328 0.986328
11300 18.106160 18.106160 18.106160 0.986328 0.986328 0.986328
11400 18.106160 18.106160 18.106160 0.986328 0.986328 0.986328
11500 18.106160 18.106160 18.106160 0.986328 0.986328 0.986328
11600 18.106160 18.106160 18.106160 0.986328 0.986328 0.986328
11700 18.106160 18.106160 18.106160 0.986328 0.986328 0.986328
11800 18.106160 18.106160 18.106160 0.986328 0.986328 0.986328
11900 18.106160 18.106160 18.106160 0.986328 0.986328 0.986328
12000 18.106160 18.106160 18.106160 0.986328 0.986328 0.986328
12100 18.106160 18.106160 18.106160 0.986328 0.986328 0.986328
12200 18.106160 18.106160 18.106160 0.986328 0.986328 0.986328
12300 18.106160 18.106160 18.106160 0.986328 0.986328 0.986328
12400 18.106160 18.106160 18.106160 0.986328 0.986328 0.986328
12500 18.106160 18.106160 18.106160 0.986328 0.986328 0.986328
12600 18.106160 18.106160 18.106160 0.986328 0.986328 0.986328
12700 18.106160 18.106160 18.106160 0.986328 0.986328 0.986328
12800 18.106160 18.106160 18.106160 0.986328 0.986328 0.986328
12900 18.106160 18.106160 18.106160 0.986328 0.986328 0.986328
13000 18.106160 18.106160 18.106160 0.986328 0.986328 0.986328
13100 18.106160 18.106160 18.106160 0.986328 0.986328 0.986328
13200 18.106160 18.106160 18.106160 0.986328 0.986328 0.986328
13300 18.106160 18.106160 18.106160 0.986328 0.986328 0.986328
13400 18.106160 18.106160 18.106160 0.986328 0.986328 0.986328
13500 18.106160 18.106160 18.106160 0.986328 0.986328 0.986328
13600 18.106160 18.106160 18.106160 0.986328 0.986328 0.986328
13700 18.106160 18.106160 18.106160 0.986328 0.986328 0.986328
13800 18.106160 18.106160 18.106160 0.986328 0.986328 0.986328
13900 18.106160 18.106160 18.106160 0.986328 0.986328 0.986328
14000 18.106160 18.106160 18.106160 0.986328 0.986328 0.986328
14100 18.106160 18.106160 18.106160 0.986328 0.986328 0.986328
14200 18.106160 18.106160 18.106160 0.986328 0.986328 0.986328
14300 18.106160 18.106160 18.106160 0.986328 0.986328 0.986328
14400 18.106160 18.106160 18.106160 0.986328 0.986328 0.986328
14500 18.106160 18.106160 18.106160 0.986328 0.986328 0.986328
14600 18.106160 18.106160 18.106160 0.986328 0.986328 0.986328
14700 18.106160 18.106160 18.106160 0.986328 0.986328 0.986328
14800 18.106160 18.106160 18.106160 0.986328 0.986328 0.986328
14900 18.106160 18.106160 18.106160 0.986328 0.986328 0.986328
15000 18.106160 18.106160 18.106160 0.986328 0.986328 0.986328
15100 18.106160 18.106160 18.106160 0.986328 0.986328 0.986328
15200 18.106160 18.106160 18.106160 0.986328 0.986328 0.986328
15300 18.106160 18.106160 18.106160 0.986328 0.986328 0.986328
15400 18.106160 18.106160 18.106160 0.986328 0.986328 0.986328
15500 18.106160 18.106160 18.106160 0.986328 0.986328 0.986328
15600 18.106160 18.106160 18.106160 0.986328 0.986328 0.986328
15700 18.106160 18.106160 18.106160 0.986328 0.986328 0.986328
15800 18.106160 18.106160 18.106160 0.986328 0.986328 0.986328
15900 18.106160 18.106160 18.106160 0.986328 0.986328 0.986328
16000 18.106160 18.106160 18.106160 0.986328 0.986328 0.986328
16100 18.106160 18.106160 18.106160 0.986328 0.986328 0.986328
16200 18.106160 18.106160 18.106160 0.986328 0.986328 0.986328
16300 18.106160 18.106160 18.106160 0.986328 0.986328 0.986328
16400 18.106160 18.106160 18.106160 0.986328 0.986328 0.986328
16500 18.106160 18.106160 18.106160 0.986328 0.986328 0.986328
16600 18.106160 18.106160 18.106160 0.986328 0.986328 0.986328
16700 18.106160 18.106160 18.106160 0.986328 0.986328 0.986328
16800 18.106160 18.106160 18.106160 0.986328 0.986328 0.986328
16900 18.106160 18.106160 18.106160 0.986328 0.986328 0.986328
17000 18.106160 18.106160 18.106160 0.986328 0.986328 0.986328
17100 18.106160 18.106160 18.106160 0.986328 0.986328 0.986328
17200 18.106160 18.106160 18.106160 0.986328 0.986328 0.986328
17300 18.106160 18.106160 18.106160 0.986328 0.986328 0.986328
17400 18.106160 18.106160 18.106160 0.986328 0.986328 0.986328
17500 18.106160 18.106160 18.106160 0.986328 0.986328 0.986328
17600 18.106160 18.106160 18.106160 0.986328 0.986328 0.986328
17700 18.106160 18.106160 18.106160 0.986328 0.986328 0.986328
17800 18.106160 18.106160 18.106160 0.986328 0.986328 0.986328
17900 18.106160 18.106160 18.106160 0.986328 0.986328 0.986328
18000 18.106160 18.106160 18.106160 0.986328 0.986328 0.986328
18100 18.106160 18.106160 18.106160 0.986328 0.986328 0.986328
18200 18.106160 18.106160 18.106160 0.986328 0.986328 0.986328
18300 18.106160 18.106160 18.106160 0.986328 0.986328 0.986328
18400 18.106160 18.106160 18.106160 0.986328 0.986328 0.986328
18500 18.106160 18.106160 18.106160 0.986328 0.986328 0.986328
18600 18.106160 18.106160 18.106160 0.986328 0.986328 0.986328
18700 18.106160 18.106160 18.106160 0.986328 0.986328 0.986328
18800 18.106160 18.106160 18.106160 0.986328 0.986328 0.986328
18900 18.106160 18.106160 18.106160 0.986328 0.986328 0.986328
19000 18.106160 18.106160 18.106160 0.986328 0.986328 0.986328
19100 18.106160 18.106160 18.106160 0.986328 0.986328 0.986328
19200 18.106160 18.106160 18.106160 0.986328 0.986328 0.986328
19300 18.106160 18.106160 18.106160 0.986328 0.986328 0.986328
19400 18.106160 18.106160 18.106160 0.986328 0.986328 0.986328
19500 18.106160 18.106160 18.106160 0.986328 0.986328 0.986328
19600 18.106160 18.106160 18.106160 0.986328 0.986328 0.986328
19700 18.106160 18.106160 18.106160 0.986328 0.986328 0.986328
19800 18.106160 18.106160 18.106160 0.986328 0.986328 0.986328
19900 18.106160 18.106160 18.106160 0.986328 0.986328 0.986328
20000 18.106160 18.106160 18.106160 0.986328 0.986328 0.986328
20100 18.106160 18.106160 18.106160 0.986328 0.986328 0.986328
20200 18.106160 18.106160 18.106160 0.986328 0.986328 0.986328
20300 18.106160 18.106160 18.106160 0.986328 0.986328 0.986328
20400 18.106160 18.106160 18.106160 0.986328 0.986328 0.986328
20500 18.106160 18.106160 18.106160 0.986328 0.986328 0.986328
20600 18.106160 18.106160 18.106160 0.986328 0.986328 0.986328
20700 18.106160 18.106160 18.106160 0.986328 0.986328 0.986328
20800 18.106160 18.106160 18.106160 0.986328 0.986328 0.986328
20900 18.106160 18.106160 18.106160 0.986328 0.986328 0.986328
21000 18.106160 18.106160 18.106160 0.986328 0.986328 0.986328
21100 18.106160 18.106160 18.106160 0.986328 0.986328 0.986328
21200 18.106160 18.106160 18.106160 0.986328 0.986328 0.986328
21300 18.106160 18.106160 18.106160 0.986328 0.986328 0.986328
21400 18.106160 18.106160 18.106160 0.986328 0.986328 0.986328
21500 18.106160 18.106160 18.106160 0.986328 0.986328 0.986328
21600 18.106160 18.106160 18.106160 0.986328 0.986328 0.986328
21700 18.106160 18.106160 18.106160 0.986328 0.986328 0.986328
21800 18.106160 18.106160 18.106160 0.986328 0.986328 0.986328
21900 18.106160 18.106160 18.106160 0.986328 0.986328 0.986328
22000 18.106160 18.106160 18.106160 0.986328 0.986328 0.986328
22100 18.106160 18.106160 18.106160 0.986328 0.986328 0.986328
22200 18.106160 18.106160 18.106160 0.986328 0.986328 0.986328
22300 18.106160 18.106160 18.106160 0.986328 0.986328 0.986328
22400 18.106160 18.106160 18.106160 0.986328 0.986328 0.986328
22500 18.106160 18.106160 18.106160 0.986328 0.986328 0.986328
22600 18.106160 18.106160 18.106160 0.986328 0.986328 0.986328
22700 18.106160 18.106160 18.106160 0.986328 0.986328 0.986328
22800 18.106160 18.106160 18.106160 0.986328 0.986328 0.986328
22900 18.106160 18.106160 18.106160 0.986328 0.986328 0.986328
23000 18.106160 18.106160 18.106160 0.986328 0.986328 0.986328
23100 18.106160 18.106160 18.106160 0.986328 0.986328 0.986328
23200 18.106160 18.106160 18.106160 0.986328 0.986328 0.986328
23300 18.106160 18.106160 18.106160 0.986328 0.986328 0.986328
23400 18.106160 18.106160 18.106160 0.986328 0.986328 0.986328
23500 18.106160 18.106160 18.106160 0.986328 0.986328 0.986328
23600 18.106160 18.106160 18.106160 0.986328 0.986328 0.986328
23700 18.106160 18.106160 18.106160 0.986328 0.986328 0.986328
23800 18.106160 18.106160 18.106160 0.986328 0.986328 0.986328
23900 18.106160 18.106160 18.106160 0.986328 0.986328 0.986328
24000 18.106160 18.106160 18.106160 0.986328 0.986328 0.986328
24100 18.106160 18.106160 18.106160 0.986328 0.986328 0.986328
24200 18.106160 18.106160 18.106160 0.986328 0.986328 0.986328
24300 18.106160 18.106160 18.106160 0.986328 0.986328 0.986328
24400 18.106160 18.106160 18.106160 0.986328 0.986328 0.986328
24500 18.106160 18.106160 18.106160 0.986328 0.986328 0.986328
24600 18.106160 18.106160 18.106160 0.986328 0.986328 0.986328
24700 18.106160 18.106160 18.106160 0.986328 0.986328 0.986328
24800 18.106160 18.106160 18.106160 0.986328 0.986328 0.986328
24900 18.106160 18.106160 18.106160 0.986328 0.986328 0.986328
25000 18.106160 18.106160 18.106160 0.986328 0.986328 0.986328
25100 18.106160 18.106160 18.106160 0.986328 0.986328 0.986328
25200 18.106160 18.106160 18.106160 0.986328 0.986328 0.986328
25300 18.106160 18.106160 18.106160 0.986328 0.986328 0.986328
25400 18.106160 18.106160 18.106160 0.986328 0.986328 0.986328
25500 18.106160 18.106160 18.106160 0.986328 0.986328 0.986328
25600 18.106160 18.106160 18.106160 0.986328 0.986328 0.986328
25700 18.106160 18.106160 18.106160 0.986328 0.986328 0.986328
25800 18.106160 18.106160 18.106160 0.986328 0.986328 0.986328
25900 18.106160 18.106160 18.106160 0.986328 0.986328 0.986328
26000 18.106160 18.106160 18.106160 0.986328 0.986328 0.986328
26100 18.106160 18.106160 18.106160 0.986328 0.986328 0.986328
26200 18.106160 18.106160 18.106160 0.986328 0.986328 0.986328
26300 18.106160 18.106160 18.106160 0.986328 0.986328 0.986328
26400 18.106160 18.106160 18.106160 0.986328 0.986328 0.986328
26500 18.106160 18.106160 18.106160 0.986328 0.986328 0.986328
26600 18.106160 18.106160 18.106160 0.986328 0.986328 0.986328
26700 18.106160 18.106160 18.106160 0.986328 0.986328 0.986328
26800 18.106160 18.106160 18.106160 0.986328 0.986328 0.986328
26900 18.106160 18.106160 18.106160 0.986328 0.986328 0.986328
27000 18.106160 18.106160 18.106160 0.986328 0.986328 0.986328
27100 18.106160 18.106160 18.106160 0.986328 0.986328 0.986328
27200 18.106160 18.106160 18.106160 0.986328 0.986328 0.986328
27300 18.106160 18.106160 18.106160 0.986328 0.986328 0.986328
27400 18.106160 18.106160 18.106160 0.986328 0.986328 0.986328
27500 18.106160 18.106160 18.106160 0.986328 0.986328 0.986328
27600 18.106160 18.106160 18.106160 0.986328 0.986328 0.986328
27700 18.106160 18.106160 18.106160 0.986328 0.986328 0.986328
27800 18.106160 18.106160 18.106160 0.986328 0.986328 0.986328
27900 18.106160 18.106160 18.106160 0.986328 0.986328 0.986328
28000 18.106160 18.106160 18.106160 0.986328 0.986328 0.986328
28100 18.106160 18.106160 18.106160 0.986328 0.986328 0.986328
28200 18.106160 18.106160 18.106160 0.986328 0.986328 0.986328
28300 18.106160 18.106160 18.106160 0.986328 0.986328 0.986328
28400 18.106160 18.106160 18.106160 0.986328 0.986328 0.986328
28500 18.106160 18.106160 18.106160 0.986328 0.986328 0.986328
28600 18.106160 18.106160 18.106160 0.986328 0.986328 0.986328
28700 18.106160 18.106160 18.106160 0.986328 0.986328 0.986328
28800 18.106160 18.106160 18.106160 0.986328 0.986328 0.986328
28900 18.106160 18.106160 18.106160 0.986328 0.986328 0.986328
29000 18.106160 18.106160 18.106160 0.986328 0.986328 0.986328
29100 18.106160 18.106160 18.106160 0.986328 0.986328 0.986328
29200 18.106160 18.106160 18.106160 0.986328 0.986328 0.986328
29300 18.106160 18.106160 18.106160 0.986328 0.986328 0.986328
29400 18.106160 18.106160 18.106160 0.986328 0.986328 0.986328
29500 18.106160 18.106160 18.106160 0.986328 0.986328 0.986328
29600 18.106160 18.106160 18.106160 0.986328 0.986328 0.986328
29700 18.106160 18.106160 18.106160 0.986328 0.986328 0.986328
29800 18.106160 18.106160 18.106160 0.986328 0.986328 0.986328
29900 18.106160 18.106160 18.106160 0.986328 0.986328 0.986328
30000 18.106160 18.106160 18.106160 0.986328 0.986328 0.986328
30100 18.106160 18.106160 18.106160 0.986328 0.986328 0.986328
30200 18.106160 18.106160 18.106160 0.986328 0.986328 0.986328
30300 18.106160 18.106160 18.106160 0.986328 0.986328 0.986328
30400 18.106160 18.106160 18.106160 0.986328 0.986328 0.986328
30500 18.106160 18.106160 18.106160 0.986328 0.986328 0.986328
30600 18.106160 18.106160 18.106160 0.986328 0.986328 0.986328
30700 18.106160 18.106160 18.106160 0.986328 0.986328 0.986328
30800 18.106160 18.106160 18.106160 0.986328 0.986328 0.986328
30900 18.106160 18.106160 18.106160 0.986328 0.986328 0.986328
31000 18.106160 18.106160 18.106160 0.986328 0.986328 0.986328
31100 18.106160 18.106160 18.106160 0.986328 0.986328 0.986328
31200 18.106160 18.106160 18.106160 0.986328 0.986328 0.986328
31300 18.106160 18.106160 18.106160 0.986328 0.986328 0.986328
31400 18.106160 18.106160 18.106160 0.986328 0.986328 0.986328
31500 18.106160 18.106160 18.106160 0.986328 0.986328 0.986328
31600 18.106160 18.106160 18.106160 0.986328 0.986328 0.986328
31700 18.106160 18.106160 18.106160 0.986328 0.986328 0.986328
31800 18.106160 18.106160 18.106160 0.986328 0.986328 0.986328
31900 18.106160 18.106160 18.106160 0.986328 0.986328 0.986328
32000 18.106160 18.106160 18.106160 0.986328 0.986328 0.986328
32100 18.106160 18.106160 18.106160 0.986328 0.986328 0.986328
32200 18.106160 18.106160 18.106160 0.986328 0.986328 0.986328
32300 18.106160 18.106160 18.106160 0.986328 0.986328 0.986328
32400 18.106160 18.106160 18.106160 0.986328 0.986328 0.986328
32500 18.106160 18.106160 18.106160 0.986328 0.986328 0.986328
32600 18.106160 18.106160 18.106160 0.986328 0.986328 0.986328
32700 18.106160 18.106160 18.106160 0.986328 0.986328 0.986328
32800 18.106160 18.106160 18.106160 0.986328 0.986328 0.986328
32900 18.106160 18.106160 18.106160 0.986328 0.986328 0.986328
33000 18.106160 18.106160 18.106160 0.986328 0.986328 0.986328
33100 18.106160 18.106160 18.106160 0.986328 0.986328 0.986328
33200 18.106160 18.106160 18.106160 0.986328 0.986328 0.986328
33300 18.106160 18.106160 18.106160 0.986328 0.986328 0.986328
33400 18.106160 18.106160 18.106160 0.986328 0.986328 0.986328
33500 18.106160 18.106160 18.106160 0.986328 0.986328 0.986328
33600 18.106160 18.106160 18.106160 0.986328 0.986328 0.986328
33700 18.106160 18.106160 18.106160 0.986328 0.986328 0.986328
33800 18.106160 18.106160 18.106160 0.986328 0.986328 0.986328
33900 18.106160 18.106160 18.106160 0.986328 0.986328 0.986328
34000 18.106160 18.106160 18.106160 0.986328 0.986328 0.986328
34100 18.106160 18.106160 18.106160 0.986328 0.986328 0.986328
34200 18.106160 18.106160 18.106160 0.986328 0.986328 0.986328
34300 18.106160 18.106160 18.106160 0.986328 0.986328 0.986328
34400 18.106160 18.106160 18.106160 0.986328 0.986328 0.986328
34500 18.106160 18.106160 18.106160 0.986328 0.986328 0.986328
34600 18.106160 18.106160 18.106160 0.986328 0.986328 0.986328
34700 18.106160 18.106160 18.106160 0.986328 0.986328 0.986328
34800 18.106160 18.106160 18.106160 0.986328 0.986328 0.986328
34900 18.106160 18.106160 18.106160 0.986328 0.986328 0.986328
35000 18.106160 18.106160 18.106160 0.986328 0.986328 0.986328
35100 18.106160 18.106160 18.106160 0.986328 0.986328 0.986328
35200 18.106160 18.106160 18.106160 0.986328 0.986328 0.986328
35300 18.106160 18.106160 18.106160 0.986328 0.986328 0.986328
35400 18.106160 18.106160 18.106160 0.986328 0.986328 0.986328
35500 18.106160 18.106160 18.106160 0.986328 0.986328 0.986328
35600 18.106160 18.106160 18.106160 0.986328 0.986328 0.986328
35700 18.106160 18.106160 18.106160 0.986328 0.986328 0.986328
35800 18.106160 18.106160 18.106160 0.986328 0.986328 0.986328
35900 18.106160 18.106160 18.106160 0.986328 0.986328 0.986328
36000 18.106160 18.106160 18.106160 0.986328 0.986328 0.986328
36100 18.106160 18.106160 18.106160 0.986328 0.986328 0.986328
36200 18.106160 18.106160 18.106160 0.986328 0.986328 0.986328
36300 18.106160 18.106160 18.106160 0.986328 0.986328 0.986328
36400 18.106160 18.106160 18.106160 0.986328 0.986328 0.986328
36500 18.106160 18.106160 18.106160 0.986328 0.986328 0.986328
36600 18.106160 18.106160 18.106160 0.986328 0.986328 0.986328
36700 18.106160 18.106160 18.106160 0.986328 0.986328 0.986328
36800 18.106160 18.106160 18.106160 0.986328 0.986328 0.986328
36900 18.106160 18.106160 18.106160 0.986328 0.986328 0.986328
37000 18.106160 18.106160 18.106160 0.986328 0.986328 0.986328
37100 18.106160 18.106160 18.106160 0.986328 0.986328 0.986328
37200 18.106160 18.106160 18.106160 0.986328 0.986328 0.986328
37300 18.106160 18.106160 18.106160 0.986328 0.986328 0.986328
37400 18.106160 18.106160 18.106160 0.986328 0.986328 0.986328
37500 18.106160 18.106160 18.106160 0.986328 0.986328 0.986328
37600 18.106160 18.106160 18.106160 0.986328 0.986328 0.986328
37700 18.106160 18.106160 18.106160 0.986328 0.986328 0.986328
37800 18.106160 18.106160 18.106160 0.986328 0.986328 0.986328
37900 18.106160 18.106160 18.106160 0.986328 0.986328 0.986328
38000 18.106160 18.106160 18.106160 0.986328 0.986328 0.986328
38100 18.106160 18.106160 18.106160 0.986328 0.986328 0.986328
38200 18.106160 18.106160 18.106160 0.986328 0.986328 0.986328
38300 18.106160 18.106160 18.106160 0.986328 0.986328 0.986328
38400 18.106160 18.106160 18.106160 0.986328 0.986328 0.986328
38500 18.106160 18.106160 18.106160 0.986328 0.986328 0.986328
38600 18.106160 18.106160 18.106160 0.986328 0.986328 0.986328
38700 18.106160 18.106160 18.106160 0.986328 0.986328 0.986328
38800 18.106160 18.106160 18.106160 0.986328 0.986328 0.986328
38900 18.106160 18.106160 18.106160 0.986328 0.986328 0.986328
39000 18.106160 18.106160 18.106160 0.986328 0.986328 0.986328
39100 18.106160 18.106160 18.106160 0.986328 0.986328 0.986328
39200 18.106160 18.106160 18.106160 0.986328 0.986328 0.986328
39300 18.106160 18.106160 18.106160 0.986328 0.986328 0.986328
39400 18.106160 18.106160 18.106160 0.986328 0.986328 0.986328
39500 18.106160 18.106160 18.106160 0.986328 0.986328 0.986328
39600 18.106160 18.106160 18.106160 0.986328 0.986328 0.986328
39700 18.106160 18.106160 18.106160 0.986328 0.986328 0.986328
39800 18.106160 18.106160 18.106160 0.986328 0.986328 0.986328
39900 18.106160 18.106160 18.106160 0.986328 0.986328 0.986328
40000 18.106160 18.106160 18.106160 0.986328 0.986328 0.986328
40100 18.106160 18.106160 18.106160 0.986328 0.986328 0.986328
40200 18.106160 18.106160 18.106160 0.986328 0.986328 0.986328
40300 18.106160 18.106160 18.106160 0.986328 0.986328 0.986328
40400 18.106160 18.106160 18.106160 0.986328 0.986328 0.986328
40500 18.106160 18.106160 18.106160 0.986328 0.986328 0.986328
40600 18.106160 18.106160 18.106160 0.986328 0.986328 0.986328
40700 18.106160 18.106160 18.106160 0.986328 0.986328 0.986328
40800 18.106160 18.106160 18.106160 0.986328 0.986328 0.986328
40900 18.106160 18.106160 18.106160 0.986328 0.986328 0.986328
41000 18.106160 18.106160 18.106160 0.986328 0.986328 0.986328
41100 18.106160 18.106160 18.106160 0.986328 0.986328 0.986328
41200 18.106160 18.106160 18.106160 0.986328 0.986328 0.986328
41300 18.106160 18.106160 18.106160 0.986328 0.986328 0.986328
41400 18.106160 18.106160 18.106160 0.986328 0.986328 0.986328
41500 18.106160 18.106160 18.106160 0.986328 0.986328 0.986328
41600 18.106160 18.106160 18.106160 0.986328 0.986328 0.986328
41700 18.106160 18.106160 18.106160 0.986328 0.986328 0.986328
41800 18.106160 18.106160 18.106160 0.986328 0.986328 0.986328
41900 18.106160 18.106160 18.106160 0.986328 0.986328 0.986328
42000 18.106160 18.106160 18.106160 0.986328 0.986328 0.986328
42100 18.106160 18.106160 18.106160 0.986328 0.986328 0.986328
42200 18.106160 18.106160 18.106160 0.986328 0.986328 0.986328
42300 18.106160 18.106160 18.106160 0.986328 0.986328 0.986328
42400 18.106160 18.106160 18.106160 0.986328 0.986328 0.986328
42500 18.106160 18.106160 18.106160 0.986328 0.986328 0.986328
42600 18.106160 18.106160 18.106160 0.986328 0.986328 0.986328
42700 18.106160 18.106160 18.106160 0.986328 0.986328 0.986328
42800 18.106160 18.106160 18.106160 0.986328 0.986328 0.986328
42900 18.106160 18.106160 18.106160 0.986328 0.986328 0.986328
43000 18.106160 18.106160 18.106160 0.986328 0.986328 0.986328
43100 18.106160 18.106160 18.106160 0.986328 0.986328 0.986328
43200 18.106160 18.106160 18.106160 0.986328 0.986328 0.986328
43300 18.106160 18.106160 18.106160 0.986328 0.986328 0.986328
43400 18.106160 18.106160 18.106160 0.986328 0.986328 0.986328
43500 18.106160 18.106160 18.106160 0.986328 0.986328 0.986328
43600 18.106160 18.106160 18.106160 0.986328 0.986328 0.986328
43700 18.106160 18.106160 18.106160 0.986328 0.986328 0.986328
43800 18.106160 18.106160 18.106160 0.986328 0.986328 0.986328
43900 18.106160 18.106160 18.106160 0.986328 0.986328 0.986328
44000 18.106160 18.106160 18.106160 0.986328 0.986328 0.986328
44100 18.106160 18.106160 18.106160 0.986328 0.986328 0.986328
44200 18.106160 18.106160 18.106160 0.986328 0.986328 0.986328
44300 18.106160 18.106160 18.106160 0.986328 0.986328 0.986328
44400 18.106160 18.106160 18.106160 0.986328 0.986328 0.986328
44500 18.106160 18.106160 18.106160 0.986328 0.986328 0.986328
44600 18.106160 18.106160 18.106160 0.986328 0.986328 0.986328
44700 18.106160 18.106160 18.106160 0.986328 0.986328 0.986328
44800 18.106160 18.106160 18.106160 0.986328 0.986328 0.986328
44900 18.106160 18.106160 18.106160 0.986328 0.986328 0.986328
45000 18.106160 18.106160 18.106160 0.986328 0.986328 0.986328
45100 18.106160 18.106160 18.106160 0.986328 0.986328 0.986328
45200 18.106160 18.106160 18.106160 0.986328 0.986328 0.986328
45300 18.106160 18.106160 18.106160 0.986328 0.986328 0.986328
45400 18.106160 18.106160 18.106160 0.986328 0.986328 0.986328
45500 18.106160 18.106160 18.106160 0.986328 0.986328 0.986328
45600 18.106160 18.106160 18.106160 0.986328 0.986328 0.986328
45700 18.106160 18.106160 18.106160 0.986328 0.986328 0.986328
45800 18.106160 18.106160 18.106160 0.986328 0.986328 0.986328
45900 18.106160 18.106160 18.106160 0.986328 0.986328 0.986328
46000 18.106160 18.106160 18.106160 0.986328 0.986328 0.986328
46100 18.106160 18.106160 18.106160 0.986328 0.986328 0.986328
46200 18.106160 18.106160 18.106160 0.986328 0.986328 0.986328
46300 18.106160 18.106160 18.106160 0.986328 0.986328 0.986328
46400 18.106160 18.106160 18.106160 0.986328 0.986328 0.986328
46500 18.106160 18.106160 18.106160 0.986328 0.986328 0.986328
46600 18.106160 18.106160 18.106160 0.986328 0.986328 0.986328
46700 18.106160 18.106160 18.106160 0.986328 0.986328 0.986328
46800 18.106160 18.106160 18.106160 0.986328 0.986328 0.986328
46900 18.106160 18.106160 18.106160 0.986328 0.986328 0.986328
47000 18.106160 18.106160 18.106160 0.986328 0.986328 0.986328
47100 18.106160 18.106160 18.106160 0.986328 0.986328 0.986328
47200 18.106160 18.106160 18.106160 0.986328 0.986328 0.986328
47300 18.106160 18.106160 18.106160 0.986328 0.986328 0.986328
47400 18.106160 18.106160 18.106160 0.986328 0.986328 0.986328
47500 18.106160 18.106160 18.106160 0.986328 0.986328 0.986328
47600 18.106160 18.106160 18.106160 0.986328 0.986328 0.986328
47700 18.106160 18.106160 18.106160 0.986328 0.986328 0.986328
47800 18.106160 18.106160 18.106160 0.986328 0.986328 0.986328
47900 18.106160 18.106160 18.106160 0.986328 0.986328 0.986328
48000 18.106160 18.106160 18.106160 0.986328 0.986328 0.986328
48100 18.106160 18.106160 18.106160 0.986328 0.986328 0.986328
48200 18.106160 18.106160 18.106160 0.986328 0.986328 0.986328
48300 18.106160 18.106160 18.106160 0.986328 0.986328 0.986328
48400 18.106160 18.106160 18.106160 0.986328 0.986328 0.986328
48500 18.106160 18.106160 18.106160 0.986328 0.986328 0.986328
48600 18.106160 18.106160 18.106160 0.986328 0.986328 0.986328
48700 18.106160 18.106160 18.106160 0.986328 0.986328 0.986328
48800 18.106160 18.106160 18.106160 0.986328 0.986328 0.986328
48900 18.106160 18.106160 18.106160 0.986328 0.986328 0.986328
49000 18.106160 18.106160 18.106160 0.986328 0.986328 0.986328
49100 18.106160 18.106160 18.106160 0.986328 0.986328 0.986328
49200 18.106160 18.106160 18.106160 0.986328 0.986328 0.986328
49300 18.106160 18.106160 18.106160 0.986328 0.986328 0.986328
49400 18.106160 18.106160 18.106160 0.986328 0.986328 0.986328
49500 18.106160 18.106160 18.106160 0.986328 0.986328 0.986328
49600 18.106160 18.106160 18.106160 0.986328 0.986328 0.986328
49700 18.106160 18.106160 18.106160 0.986328 0.986328 0.986328
49800 18.106160 18.106160 18.106160 0.986328 0.986328 0.986328
49900 18.106160 18.106160 18.106160 0.986328 0.986328 0.986328
50000 18.106160 18.106160 18.106160 0.986328 0.986328 0.986328
50100 18.106160 18.106160 18.106160 0.986328 0.986328 0.986328
50200 18.106160 18.106160 18.106160 0.986328 0.986328 0.986328
50300 18.106160 18.106160 18.106160 0.986328 0.986328 0.986328
50400 18.106160 18.106160 18.106160 0.986328 0.986328 0.986328
50500 18.106160 18.106160 18.106160 0.986328 0.986328 0.986328
50600 18.106160 18.106160 18.106160 0.986328 0.986328 0.986328
50700 18.106160 18.106160 18.106160 0.986328 0.986328 0.986328
50800 18.106160 18.106160 18.106160 0.986328 0.986328 0.986328
50900 18.106160 18.106160 18.106160 0.986328 0.986328 0.986328
51000 18.106160 18.106160 18.106160 0.986328 0.986328 0.986328
51100 18.106160 18.106160 18.106160 0.986328 0.986328 0.986328
51200 18.106160 18.106160 18.106160 0.986328 0.986328 0.986328
51300 18.106160 18.106160 18.106160 0.986328 0.986328 0.986328
51400 18.106160 18.106160 18.106160 0.986328 0.986328 0.986328
51500 18.106160 18.106160 18.106160 0.986328 0.986328 0.986328
51600 18.106160 18.106160 18.106160 0.986328 0.986328 0.986328
51700 18.106160 18.106160 18.106160 0.986328 0.986328 0.986328
51800 18.106160 18.106160 18.106160 0.986328 0.986328 0.986328
51900 18.106160 18.106160 18.106160 0.986328 0.986328 0.986328
52000 18.106160 18.106160 18.106160 0.986328 0.986328 0.986328
52100 18.106160 18.106160 18.106160 0.986328 0.986328 0.986328
52200 18.106160 18.106160 18.106160 0.986328 0.986328 0.986328
52300 18.106160 18.106160 18.106160 0.986328 0.986328 0.986328
52400 18.106160 18.106160 18.106160 0.986328 0.986328 0.986328
52500 18.106160 18.106160 18.106160 0.986328 0.986328 0.986328
52600 18.106160 18.106160 18.106160 0.986328 0.986328 0.986328
52700 18.106160 18.106160 18.106160 0.986328 0.986328 0.986328
52800 18.106160 18.106160 18.106160 0.986328 0.986328 0.986328
52900 18.106160 18.106160 18.106160 0.986328 0.986328 0.986328
53000 18.106160 18.106160 18.106160 0.986328 0.986328 0.986328
53100 18.106160 18.106160 18.106160 0.986328 0.986328 0.986328
53200 18.106160 18.106160 18.106160 0.986328 0.986328 0.986328
53300 18.106160 18.106160 18.106160 0.986328 0.986328 0.986328
53400 18.106160 18.106160 18.106160 0.986328 0.986328 0.986328
53500 18.106160 18.106160 18.106160 0.986328 0.986328 0.986328
53600 18.106160 18.106160 18.106160 0.986328 0.986328 0.986328
53700 18.106160 18.106160 18.106160 0.986328 0.986328 0.986328
53800 18.106160 18.106160 18.106160 0.986328 0.986328 0.986328
53900 18.106160 18.106160 18.106160 0.986328 0.986328 0.986328
54000 18.106160 18.106160 18.106160 0.986328 0.986328 0.986328
54100 18.106160 18.106160 18.106160 0.986328 0.986328 0.986328
54200 18.106160 18.106160 18.106160 0.986328 0.986328 0.986328
54300 18.106160 18.106160 18.106160 0.986328 0.986328 0.986328
54400 18.106160 18.106160 18.106160 0.986328 0.986328 0.986328
54500 18.106160 18.106160 18.106160 0.986328 0.986328 0.986328
54600 18.106160 18.106160 18.106160 0.986328 0.986328 0.986328
54700 18.106160 18.106160 18.106160 0.986328 0.986328 0.986328
54800 18.106160 18.106160 18.106160 0.986328 0.986328 0.986328
54900 18.106160 18.106160 18.106160 0.986328 0.986328 0.986328
55000 18.106160 18.106160 18.106160 0.986328 0.986328 0.986328
55100 18.106160 18.106160 18.106160 0.986328 0.986328 0.986328
55200 18.106160 18.106160 18.106160 0.986328 0.986328 0.986328
55300 18.106160 18.106160 18.106160 0.986328 0.986328 0.986328
55400 18.106160 18.106160 18.106160 0.986328 0.986328 0.986328
55500 18.106160 18.106160 18.106160 0.986328 0.986328 0.986328
55600 18.106160 18.106160 18.106160 0.986328 0.986328 0.986328
55700 18.106160 18.106160 18.106160 0.986328 0.986328 0.986328
55800 18.106160 18.106160 18.106160 0.986328 0.986328 0.986328
55900 18.106160 18.106160 18.106160 0.986328 0.986328 0.986328
56000 18.106160 18.106160 18.106160 0.986328 0.986328 0.986328
56100 18.106160 18.106160 18.106160 0.986328 0.986328 0.986328
56200 18.106160 18.106160 18.106160 0.986328 0.986328 0.986328
56300 18.106160 18.106160 18.106160 0.986328 0.986328 0.986328
56400 18.106160 18.106160 18.106160 0.986328 0.986328 0.986328
56500 18.106160 18.106160 18.106160 0.986328 0.986328 0.986328
56600 18.106160 18.106160 18.106160 0.986328 0.986328 0.986328
56700 18.106160 18.106160 18.106160 0.986328 0.986328 0.986328
56800 18.106160 18.106160 18.106160 0.986328 0.986328 0.986328
56900 18.106160 18.106160 18.106160 0.986328 0.986328 0.986328
57000 18.106160 18.106160 18.106160 0.986328 0.986328 0.986328
57100 18.106160 18.106160 18.106160 0.986328 0.986328 0.986328
57200 18.106160 18.106160 18.106160 0.986328 0.986328 0.986328
57300 18.106160 18.106160 18.106160 0.986328 0.986328 0.986328
57400 18.106160 18.106160 18.106160 0.986328 0.986328 0.986328
57500 18.106160 18.106160 18.106160 0.986328 0.986328 0.986328
57600 18.106160 18.106160 18.106160 0.986328 0.986328 0.986328
57700 18.106160 18.106160 18.106160 0.986328 0.986328 0.986328
57800 18.106160 18.106160 18.106160 0.986328 0.986328 0.986328
57900 18.106160 18.106160 18.106160 0.986328 0.986328 0.986328
58000 18.106160 18.106160 18.106160 0.986328 0.986328 0.986328
58100 18.106160 18.106160 18.106160 0.986328 0.986328 0.986328
58200 18.106160 18.106160 18.106160 0.986328 0.986328 0.986328
58300 18.106160 18.106160 18.106160 0.986328 0.986328 0.986328
58400 18.106160 18.106160 18.106160 0.986328 0.986328 0.986328
58500 18.106160 18.106160 18.106160 0.986328 0.986328 0.986328
58600 18.106160 18.106160 18.106160 0.986328 0.986328 0.986328
58700 18.106160 18.106160 18.106160 0.986328 0.986328 0.986328
58800 18.106160 18.106160 18.106160 0.986328 0.986328 0.986328
58900 18.106160 18.106160 18.106160 0.986328 0.986328 0.986328
59000 18.106160 18.106160 18.106160 0.986328 0.986328 0.986328
59100 18.106160 18.106160 18.106160 0.986328 0.986328 0.986328
59200 18.106160 18.106160 18.106160 0.986328 0.986328 0.986328
59300 18.106160 18.106160 18.106160 0.986328 0.986328 0.986328
59400 18.106160 18.106160 18.106160 0.986328 0.986328 0.986328
59500 18.106160 18.106160 18.106160 0.986328 0.986328 0.986328
59600 18.106160 18.106160 18.106160 0.986328 0.986328 0.986328
59700 18.106160 18.106160 18.106160 0.986328 0.986328 0.986328
59800 18.106160 18.106160 18.106160 0.986328 0.986328 0.986328
59900 18.106160 18.106160 18.106160 0.986328 0.986328 0.986328
60000 18.106160 18.106160 18.106160 0.986328 0.986328 0.986328
60100 18.106160 18.106160 18.106160 0.986328 0.986328 0.986328
60200 18.106160 18.106160 18.106160 0.986328 0.986328 0.986328
60300 18.106160 18.106160 18.106160 0.986328 0.986328 0.986328
60400 18.106160 18.106160 18.106160 0.986328 0.986328 0.986328
60500 18.106160 18.106160 18.106160 0.986328 0.986328 0.986328
60600 18.106160 18.106160 18.106160 0.986328 0.986328 0.986328
60700 18.106160 18.106160 18.106160 0.986328 0.986328 0.986328
60800 18.106160 18.106160 18.106160 0.986328 0.986328 0.986328
60900 18.106160 18.106160 18.106160 0.986328 0.986328 0.986328
61000 18.106160 18.106160 18.106160 0.986328 0.986328 0.986328
61100 18.106160 18.106160 18.106160 0.986328 0.986328 0.986328
61200 18.106160 18.106160 18.106160 0.986328 0.986328 0.986328
61300 18.106160 18.106160 18.106160 0.986328 0.986328 0.986328
61400 18.106160 18.106160 18.106160 0.986328 0.986328 0.986328
61500 18.106160 18.106160 18.106160 0.986328 0.986328 0.986328
61600 18.106160 18.106160 18.106160 0.986328 0.986328 0.986328
61700 18.106160 18.106160 18.106160 0.986328 0.986328 0.986328
61800 18.106160 18.106160 18.106160 0.986328 0.986328 0.986328
61900 18.106160 18.106160 18.106160 0.986328 0.986328 0.986328
62000 18.106160 18.106160 18.106160 0.986328 0.986328 0.986328
62100 18.106160 18.106160 18.106160 0.986328 0.986328 0.986328
62200 18.106160 18.106160 18.106160 0.986328 0.986328 0.986328
62300 18.106160 18.106160 18.106160 0.986328 0.986328 0.986328
62400 18.106160 18.106160 18.106160 0.986328 0.986328 0.986328
62500 18.106160 18.106160 18.106160 0.986328 0.986328 0.986328
62600 18.106160 18.106160 18.106160 0.986328 0.986328 0.986328
62700 18.106160 18.106160 18.106160 0.986328 0.986328 0.986328
62800 18.106160 18.106160 18.106160 0.986328 0.986328 0.986328
62900 18.106160 18.106160 18.106160 0.986328 0.986328 0.986328
63000 18.106160 18.106160 18.106160 0.986328 0.986328 0.986328
63100 18.106160 18.106160 18.106160 0.986328 0.986328 0.986328
63200 18.106160 18.106160 18.106160 0.986328 0.986328 0.986328
63300 18.106160 18.106160 18.106160 0.986328 0.986328 0.986328
63400 18.106160 18.106160 18.106160 0.986328 0.986328 0.986328
63500 18.106160 18.106160 18.106160 0.986328 0.986328 0.986328
63600 18.106160 18.106160 18.106160 0.986328 0.986328 0.986328
63700 18.106160 18.106160 18.106160 0.986328 0.986328 0.986328
63800 18.106160 18.106160 18.106160 0.986328 0.986328 0.986328
63900 18.106160 18.106160 18.106160 0.986328 0.986328 0.986328
64000 18.106160 18.106160 18.106160 0.986328 0.986328 0.986328
64100 18.106160 18.106160 18.106160 0.986328 0.986328 0.986328
64200 18.106160 18.106160 18.106160 0.986328 0.986328 0.986328
64300 18.106160 18.106160 18.106160 0.986328 0.986328 0.986328
64400 18.106160 18.106160 18.106160 0.986328 0.986328 0.986328
64500 18.106160 18.106160 18.106160 0.986328 0.986328 0.986328
64600 18.106160 18.106160 18.106160 0.986328 0.986328 0.986328
64700 18.106160 18.106160 18.106160 0.986328 0.986328 0.986328
64800 18.106160 18.106160 18.106160 0.986328 0.986328 0.986328
64900 18.106160 18.106160 18.106160 0.986328 0.986328 0.986328
65000 18.106160 18.106160 18.106160 0.986328 0.986328 0.986328
65100 18.106160 18.106160 18.106160 0.986328 0.986328 0.986328
65200 18.106160 18.106160 18.106160 0.986328 0.986328 0.986328
65300 18.106160 18.106160 18.106160 0.986328 0.986328 0.986328
65400 18.106160 18.106160 18.106160 0.986328 0.986328 0.986328
65500 18.106160 18.106160 18.106160 0.986328 0.986328 0.986328
65600 18.106160 18.106160 18.106160 0.986328 0.986328 0.986328
65700 18.106160 18.106160 18.106160 0.986328 0.986328 0.986328
65800 18.106160 18.106160 18.106160 0.986328 0.986328 0.986328
65900 18.106160 18.106160 18.106160 0.986328 0.986328 0.986328
66000 18.106160 18.106160 18.106160 0.986328 0.986328 0.986328
66100 18.106160 18.106160 18.106160 0.986328 0.986328 0.986328
66200 18.106160 18.106160 18.106160 0.986328 0.986328 0.986328
66300 18.106160 18.106160 18.106160 0.986328 0.986328 0.986328
66400 18.106160 18.106160 18.106160 0.986328 0.986328 0.986328
66500 18.106160 18.106160 18.106160 0.986328 0.986328 0.986328
66600 18.106160 18.106160 18.106160 0.986328 0.986328 0.986328
66700 18.106160 18.106160 18.106160 0.986328 0.986328 0.986328
66800 18.106160 18.106160 18.106160 0.986328 0.986328 0.986328
66900 18.106160 18.106160 18.106160 0.986328 0.986328 0.986328
67000 18.106160 18.106160 18.106160 0.986328 0.986328 0.986328
67100 18.106160 18.106160 18.106160 0.986328 0.986328 0.986328
67200 18.106160 18.106160 18.106160 0.986328 0.986328 0.986328
67300 18.106160 18.106160 18.106160 0.986328 0.986328 0.986328
67400 18.106160 18.106160 18.106160 0.986328 0.986328 0.986328
67500 18.106160 18.106160 18.106160 0.986328 0.986328 0.986328
67600 18.106160 18.106160 18.106160 0.986328 0.986328 0.986328
67700 18.106160 18.106160 18.106160 0.986328 0.986328 0.986328
67800 18.106160 18.106160 18.106160 0.986328 0.986328 0.986328
67900 18.106160 18.106160 18.106160 0.986328 0.986328 0.986328
68000 18.106160 18.106160 18.106160 0.986328 0.986328 0.986328
68100 18.106160 18.106160 18.106160 0.986328 0.986328 0.986328
68200 18.106160 18.106160 18.106160 0.986328 0.986328 0.986328
68300 18.106160 18.106160 18.106160 0.986328 0.986328 0.986328
68400 18.106160 18.106160 18.106160 0.986328 0.986328 0.986328
68500 18.106160 18.106160 18.106160 0.986328 0.986328 0.986328
68600 18.106160 18.106160 18.106160 0.986328 0.986328 0.986328
68700 18.106160 18.106160 18.106160 0.986328 0.986328 0.986328
68800 18.106160 18.106160 18.106160 0.986328 0.986328 0.986328
68900 18.106160 18.106160 18.106160 0.986328 0.986328 0.986328
69000 18.106160 18.106160 18.106160 0.986328 0.986328 0.986328
69100 18.106160 18.106160 18.106160 0.986328 0.986328 0.986328
69200 18.106160 18.106160 18.106160 0.986328 0.986328 0.986328
69300 18.106160 18.106160 18.106160 0.986328 0.986328 0.986328
69400 18.106160 18.106160 18.106160 0.986328 0.986328 0.986328
69500 18.106160 18.106160 18.106160 0.986328 0.986328 0.986328
69600 18.106160 18.106160 18.106160 0.986328 0.986328 0.986328
69700 18.106160 18.106160 18.106160 0.986328 0.986328 0.986328
69800 18.106160 18.106160 18.106160 0.986328 0.986328 0.986328
69900 18.106160 18.106160 18.106160 0.986328 0.986328 0.986328
70000 18.106160 18.106160 18.106160 0.986328 0.986328 0.986328
70100 18.106160 18.106160 18.106160 0.986328 0.986328 0.986328
70200 18.106160 18.106160 18.106160 0.986328 0.986328 0.986328
70300 18.106160 18.106160 18.106160 0.986328 0.986328 0.986328
70400 18.106160 18.106160 18.106160 0.986328 0.986328 0.986328
70500 18.106160 18.106160 18.106160 0.986328 0.986328 0.986328
70600 18.106160 18.106160 18.106160 0.986328 0.986328 0.986328
70700 18.106160 18.106160 18.106160 0.986328 0.986328 0.986328
70800 18.106160 18.106160 18.106160 0.986328 0.986328 0.986328
70900 18.106160 18.106160 18.106160 0.986328 0.986328 0.986328
71000 18.106160 18.106160 18.106160 0.986328 0.986328 0.986328
71100 18.106160 18.106160 18.106160 0.986328 0.986328 0.986328
71200 18.106160 18.106160 18.106160 0.986328 0.986328 0.986328
71300 18.106160 18.106160 18.106160 0.986328 0.986328 0.986328
71400 18.106160 18.106160 18.106160 0.986328 0.986328 0.986328
71500 18.106160 18.106160 18.106160 0.986328 0.986328 0.986328
71600 18.106160 18.106160 18.106160 0.986328 0.986328 0.986328
71700 18.106160 18.106160 18.106160 0.986328 0.986328 0.986328
71800 18.106160 18.106160 18.106160 0.986328 0.986328 0.986328
71900 18.106160 18.106160 18.106160 0.986328 0.986328 0.986328
72000 18.106160 18.106160 18.106160 0.986328 0.986328 0.986328
72100 18.106160 18.106160 18.106160 0.986328 0.986328 0.986328
72200 18.106160 18.106160 18.106160 0.986328 0.986328 0.986328
72300 18.106160 18.106160 18.106160 0.986328 0.986328 0.986328
72400 18.106160 18.106160 18.106160 0.986328 0.986328 0.986328
72500 18.106160 18.106160 18.106160 0.986328 0.986328 0.986328
72600 18.106160 18.106160 18.106160 0.986328 0.986328 0.986328
72700 18.106160 18.106160 18.106160 0.986328 0.986328 0.986328
72800 18.106160 18.106160 18.106160 0.986328 0.986328 0.986328
72900 18.106160 18.106160 18.106160 0.986328 0.986328 0.986328
73000 18.106160 18.106160 18.106160 0.986328 0.986328 0.986328
73100 18.106160 18.106160 18.106160 0.986328 0.986328 0.986328
73200 18.106160 18.106160 18.106160 0.986328 0.986328 0.986328
73300 18.106160 18.106160 18.106160 0.986328 0.986328 0.986328
73400 18.106160 18.106160 18.106160 0.986328 0.986328 0.986328
73500 18.106160 18.106160 18.106160 0.986328 0.986328 0.986328
73600 18.106160 18.106160 18.106160 0.986328 0.986328 0.986328
73700 18.106160 18.106160 18.106160 0.986328 0.986328 0.986328
73800 18.106160 18.106160 18.106160 0.986328 0.986328 0.986328
73900 18.106160 18.106160 18.106160 0.986328 0.986328 0.986328
74000 18.106160 18.106160 18.106160 0.986328 0.986328 0.986328
74100 18.106160 18.106160 18.106160 0.986328 0.986328 0.986328
74200 18.106160 18.106160 18.106160 0.986328 0.986328 0.986328
74300 18.106160 18.106160 18.106160 0.986328 0.986328 0.986328
74400 18.106160 18.106160 18.106160 0.986328 0.986328 0.986328
74500 18.106160 18.106160 18.106160 0.986328 0.986328 0.986328
74600 18.106160 18.106160 18.106160 0.986328 0.986328 0.986328
74700 18.106160 18.106160 18.106160 0.986328 0.986328 0.986328
74800 18.106160 18.106160 18.106160 0.986328 0.986328 0.986328
74900 18.106160 18.106160 18.106160 0.986328 0.986328 0.986328
75000 18.106160 18.106160 18.106160 0.986328 0.986328 0.986328
75100 18.106160 18.106160 18.106160 0.986328 0.986328 0.986328
75200 18.106160 18.106160 18.106160 0.986328 0.986328 0.986328
75300 18.106160 18.106160 18.106160 0.986328 0.986328 0.986328
75400 18.106160 18.106160 18.106160 0.986328 0.986328 0.986328
75500 18.106160 18.106160 18.106160 0.986328 0.986328 0.986328
75600 18.106160 18.106160 18.106160 0.986328 0.986328 0.986328
75700 18.106160 18.106160 18.106160 0.986328 0.986328 0.986328
75800 18.106160 18.106160 18.106160 0.986328 0.986328 0.986328
75900 18.106160 18.106160 18.106160 0.986328 0.986328 0.986328
76000 18.106160 18.106160 18.106160 0.986328 0.986328 0.986328
76100 18.106160 18.106160 18.106160 0.986328 0.986328 0.986328
76200 18.106160 18.106160 18.106160 0.986328 0.986328 0.986328
76300 18.106160 18.106160 18.106160 0.986328 0.986328 0.986328
76400 18.106160 18.106160 18.106160 0.986328 0.986328 0.986328
76500 18.106160 18.106160 18.106160 0.986328 0.986328 0.986328
76600 18.106160 18.106160 18.106160 0.986328 0.986328 0.986328
76700 18.106160 18.106160 18.106160 0.986328 0.986328 0.986328
76800 18.106160 18.106160 18.106160 0.986328 0.986328 0.986328
76900 18.106160 18.106160 18.106160 0.986328 0.986328 0.986328
77000 18.106160 18.106160 18.106160 0.986328 0.986328 0.986328
77100 18.106160 18.106160 18.106160 0.986328 0.986328 0.986328
77200 18.106160 18.106160 18.106160 0.986328 0.986328 0.986328
77300 18.106160 18.106160 18.106160 0.986328 0.986328 0.986328
77400 18.106160 18.106160 18.106160 0.986328 0.986328 0.986328
77500 18.106160 18.106160 18.106160 0.986328 0.986328 0.986328
77600 18.106160 18.106160 18.106160 0.986328 0.986328 0.986328
77700 18.106160 18.106160 18.106160 0.986328 0.986328 0.986328
77800 18.106160 18.106160 18.106160 0.986328 0.986328 0.986328
77900 18.106160 18.106160 18.106160 0.986328 0.986328 0.986328
78000 18.106160 18.106160 18.106160 0.986328 0.986328 0.986328
78100 18.106160 18.106160 18.106160 0.986328 0.986328 0.986328
78200 18.106160 18.106160 18.106160 0.986328 0.986328 0.986328
78300 18.106160 18.106160 18.106160 0.986328 0.986328 0.986328
78400 18.106160 18.106160 18.106160 0.986328 0.986328 0.986328
78500 18.106160 18.106160 18.106160 0.986328 0.986328 0.986328
78600 18.106160 18.106160 18.106160 0.986328 0.986328 0.986328
78700 18.106160 18.106160 18.106160 0.986328 0.986328 0.986328
78800 18.106160 18.106160 18.106160 0.986328 0.986328 0.986328
78900 18.106160 18.106160 18.106160 0.986328 0.986328 0.986328
79000 18.106160 18.106160 18.106160 0.986328 0.986328 0.986328
79100 18.106160 18.106160 18.106160 0.986328 0.986328 0.986328
79200 18.106160 18.106160 18.106160 0.986328 0.986328 0.986328
79300 18.106160 18.106160 18.106160 0.986328 0.986328 0.986328
79400 18.106160 18.106160 18.106160 0.986328 0.986328 0.986328
79500 18.106160 18.106160 18.106160 0.986328 0.986328 0.986328
79600 18.106160 18.106160 18.106160 0.986328 0.986328 0.986328
79700 18.106160 18.106160 18.106160 0.986328 0.986328 0.986328
79800 18.106160 18.106160 18.106160 0.986328 0.986328 0.986328
79900 18.106160 18.106160 18.106160 0.986328 0.986328 0.986328
80000 18.106160 18.106160 18.106160 0.986328 0.986328 0.986328
80100 18.106160 18.106160 18.106160 0.986328 0.986328 0.986328
80200 18.106160 18.106160 18.106160 0.986328 0.986328 0.986328
80300 18.106160 18.106160 18.106160 0.986328 0.986328 0.986328
80400 18.106160 18.106160 18.106160 0.986328 0.986328 0.986328
80500 18.106160 18.106160 18.106160 0.986328 0.986328 0.986328
80600 18.106160 18.106160 18.106160 0.986328 0.986328 0.986328
80700 18.106160 18.106160 18.106160 0.986328 0.986328 0.986328
80800 18.106160 18.106160 18.106160 0.986328 0.986328 0.986328
80900 18.106160 18.106160 18.106160 0.986328 0.986328 0.986328
81000 18.106160 18.106160 18.106160 0.986328 0.986328 0.986328
81100 18.106160 18.106160 18.106160 0.986328 0.986328 0.986328
81200 18.106160 18.106160 18.106160 0.986328 0.986328 0.986328
81300 18.106160 18.106160 18.106160 0.986328 0.986328 0.986328
81400 18.106160 18.106160 18.106160 0.986328 0.986328 0.986328
81500 18.106160 18.106160 18.106160 0.986328 0.986328 0.986328
81600 18.106160 18.106160 18.106160 0.986328 0.986328 0.986328
81700 18.106160 18.106160 18.106160 0.986328 0.986328 0.986328
81800 18.106160 18.106160 18.106160 0.986328 0.986328 0.986328
81900 18.106160 18.106160 18.106160 0.986328 0.986328 0.986328
82000 18.106160 18.106160 18.106160 0.986328 0.986328 0.986328
82100 18.106160 18.106160 18.106160 0.986328 0.986328 0.986328
82200 18.106160 18.106160 18.106160 0.986328 0.986328 0.986328
82300 18.106160 18.106160 18.106160 0.986328 0.986328 0.986328
82400 18.106160 18.106160 18.106160 0.986328 0.986328 0.986328
82500 18.106160 18.106160 18.106160 0.986328 0.986328 0.986328
82600 18.106160 18.106160 18.106160 0.986328 0.986328 0.986328
82700 18.106160 18.106160 18.106160 0.986328 0.986328 0.986328
82800 18.106160 18.106160 18.106160 0.986328 0.986328 0.986328
82900 18.106160 18.106160 18.106160 0.986328 0.986328 0.986328
83000 18.106160 18.106160 18.106160 0.986328 0.986328 0.986328
83100 18.106160 18.106160 18.106160 0.986328 0.986328 0.986328
83200 18.106160 18.106160 18.106160 0.986328 0.986328 0.986328
83300 18.106160 18.106160 18.106160 0.986328 0.986328 0.986328
83400 18.106160 18.106160 18.106160 0.986328 0.986328 0.986328
83500 18.106160 18.106160 18.106160 0.986328 0.986328 0.986328
83600 18.106160 18.106160 18.106160 0.986328 0.986328 0.986328
83700 18.106160 18.106160 18.106160 0.986328 0.986328 0.986328
83800 18.106160 18.106160 18.106160 0.986328 0.986328 0.986328
83900 18.106160 18.106160 18.106160 0.986328 0.986328 0.986328
84000 18.106160 18.106160 18.106160 0.986328 0.986328 0.986328
84100 18.106160 18.106160 18.106160 0.986328 0.986328 0.986328
84200 18.106160 18.106160 18.106160 0.986328 0.986328 0.986328
84300 18.106160 18.106160 18.106160 0.986328 0.986328 0.986328
84400 18.106160 18.106160 18.106160 0.986328 0.986328 0.986328
84500 18.106160 18.106160 18.106160 0.986328 0.986328 0.986328
84600 18.106160 18.106160 18.106160 0.986328 0.986328 0.986328
84700 18.106160 18.106160 18.106160 0.986328 0.986328 0.986328
84800 18.106160 18.106160 18.106160 0.986328 0.986328 0.986328
84900 18.106160 18.106160 18.106160 0.986328 0.986328 0.986328
85000 18.106160 18.106160 18.106160 0.986328 0.986328 0.986328
85100 18.106160 18.106160 18.106160 0.986328 0.986328 0.986328
85200 18.106160 18.106160 18.106160 0.986328 0.986328 0.986328
85300 18.106160 18.106160 18.106160 0.986328 0.986328 0.986328
85400 18.106160 18.106160 18.106160 0.986328 0.986328 0.986328
85500 18.106160 18.106160 18.106160 0.986328 0.986328 0.986328
85600 18.106160 18.106160 18.106160 0.986328 0.986328 0.986328
85700 18.106160 18.106160 18.106160 0.986328 0.986328 0.986328
85800 18.106160 18.106160 18.106160 0.986328 0.986328 0.986328
85900 18.106160 18.106160 18.106160 0.986328 0.986328 0.986328
86000 18.106160 18.106160 18.106160 0.986328 0.986328 0.986328
86100 18.106160 18.106160 18.106160 0.986328 0.986328 0.986328
86200 18.106160 18.106160 18.106160 0.986328 0.986328 0.986328
86300 18.106160 18.106160 18.106160 0.986328 0.986328 0.986328
86400 18.106160 18.106160 18.106160 0.986328 0.986328 0.986328
86500 18.106160 18.106160 18.106160 0.986328 0.986328 0.986328
86600 18.106160 18.106160 18.106160 0.986328 0.986328 0.986328
86700 18.106160 18.106160 18.106160 0.986328 0.986328 0.986328
86800 18.106160 18.106160 18.106160 0.986328 0.986328 0.986328
86900 18.106160 18.106160 18.106160 0.986328 0.986328 0.986328
87000 18.106160 18.106160 18.106160 0.986328 0.986328 0.986328
87100 18.106160 18.106160 18.106160 0.986328 0.986328 0.986328
87200 18.106160 18.106160 18.106160 0.986328 0.986328 0.986328
87300 18.106160 18.106160 18.106160 0.986328 0.986328 0.986328
87400 18.106160 18.106160 18.106160 0.986328 0.986328 0.986328
87500 18.106160 18.106160 18.106160 0.986328 0.986328 0.986328
87600 18.106160 18.106160 18.106160 0.986328 0.986328 0.986328
87700 18.106160 18.106160 18.106160 0.986328 0.986328 0.986328
87800 18.106160 18.106160 18.106160 0.986328 0.986328 0.986328
87900 18.106160 18.106160 18.106160 0.986328 0.986328 0.986328
88000 18.106160 18.106160 18.106160 0.986328 0.986328 0.986328
88100 18.106160 18.106160 18.106160 0.986328 0.986328 0.986328
88200 18.106160 18.106160 18.106160 0.986328 0.986328 0.986328
88300 18.106160 18.106160 18.106160 0.986328 0.986328 0.986328
88400 18.106160 18.106160 18.106160 0.986328 0.986328 0.986328
88500 18.106160 18.106160 18.106160 0.986328 0.986328 0.986328
88600 18.106160 18.106160 18.106160 0.986328 0.986328 0.986328
88700 18.106160 18.106160 18.106160 0.986328 0.986328 0.986328
88800 18.106160 18.106160 18.106160 0.986328 0.986328 0.986328
88900 18.106160 18.106160 18.106160 0.986328 0.986328 0.986328
89000 18.106160 18.106160 18.106160 0.986328 0.986328 0.986328
89100 18.106160 18.106160 18.106160 0.986328 0.986328 0.986328
89200 18.106160 18.106160 18.106160 0.986328 0.986328 0.986328
89300 18.106160 18.106160 18.106160 0.986328 0.986328 0.986328
89400 18.106160 18.106160 18.106160 0.986328 0.986328 0.986328
89500 18.106160 18.106160 18.106160 0.986328 0.986328 0.986328
89600 18.106160 18.106160 18.106160 0.986328 0.986328 0.986328
89700 18.106160 18.106160 18.106160 0.986328 0.986328 0.986328
89800 18.106160 18.106160 18.106160 0.986328 0.986328 0.986328
89900 18.106160 18.106160 18.106160 0.986328 0.986328 0.986328
90000 18.106160 18.106160 18.106160 0.986328 0.986328 0.986328
90100 18.106160 18.106160 18.106160 0.986328 0.986328 0.986328
90200 18.106160 18.106160 18.106160 0.986328 0.986328 0.986328
90300 18.106160 18.106160 18.106160 0.986328 0.986328 0.986328
90400 18.106160 18.106160 18.106160 0.986328 0.986328 0.986328
90500 18.106160 18.106160 18.106160 0.986328 0.986328 0.986328
90600 18.106160 18.106160 18.106160 0.986328 0.986328 0.986328
90700 18.106160 18.106160 18.106160 0.986328 0.986328 0.986328
90800 18.106160 18.106160 18.106160 0.986328 0.986328 0.986328
90900 18.106160 18.106160 18.106160 0.986328 0.986328 0.986328
91000 18.106160 18.106160 18.106160 0.986328 0.986328 0.986328
91100 18.106160 18.106160 18.106160 0.986328 0.986328 0.986328
91200 18.106160 18.106160 18.106160 0.986328 0.986328 0.986328
91300 18.106160 18.106160 18.106160 0.986328 0.986328 0.986328
91400 18.106160 18.106160 18.106160 0.986328 0.986328 0.986328
91500 18.106160 18.106160 18.106160 0.986328 0.986328 0.986328
91600 18.106160 18.106160 18.106160 0.986328 0.986328 0.986328
91700 18.106160 18.106160 18.106160 0.986328 0.986328 0.986328
91800 18.106160 18.106160 18.106160 0.986328 0.986328 0.986328
91900 18.106160 18.106160 18.106160 0.986328 0.986328 0.986328
92000 18.106160 18.106160 18.106160 0.986328 0.986328 0.986328
92100 18.106160 18.106160 18.106160 0.986328 0.986328 0.986328
92200 18.106160 18.106160 18.106160 0.986328 0.986328 0.986328
92300 18.106160 18.106160 18.106160 0.986328 0.986328 0.986328
92400 18.106160 18.106160 18.106160 0.986328 0.986328 0.986328
92500 18.106160 18.106160 18.106160 0.986328 0.986328 0.986328
92600 18.106160 18.106160 18.106160 0.986328 0.986328 0.986328
92700 18.106160 18.106160 18.106160 0.986328 0.986328 0.986328
92800 18.106160 18.106160 18.106160 0.986328 0.986328 0.986328
92900 18.106160 18.106160 18.106160 0.986328 0.986328 0.986328
93000 18.106160 18.106160 18.106160 0.986328 0.986328 0.986328
93100 18.106160 18.106160 18.106160 0.986328 0.986328 0.986328
93200 18.106160 18.106160 18.106160 0.986328 0.986328 0.986328
93300 18.106160 18.106160 18.106160 0.986328 0.986328 0.986328
93400 18.106160 18.106160 18.106160 0.986328 0.986328 0.986328
93500 18.106160 18.106160 18.106160 0.986328 0.986328 0.986328
93600 18.106160 18.106160 18.106160 0.986328 0.986328 0.986328
93700 18.106160 18.106160 18.106160 0.986328 0.986328 0.986328
93800 18.106160 18.106160 18.106160 0.986328 0.986328 0.986328
93900 18.106160 18.106160 18.106160 0.986328 0.986328 0.986328
94000 18.106160 18.106160 18.106160 0.986328 0.986328 0.986328
94100 18.106160 18.106160 18.106160 0.986328 0.986328 0.986328
94200 18.106160 18.106160 18.106160 0.986328 0.986328 0.986328
94300 18.106160 18.106160 18.106160 0.986328 0.986328 0.986328
94400 18.106160 18.106160 18.106160 0.986328 0.986328 0.986328
94500 18.106160 18.106160 18.106160 0.986328 0.986328 0.986328
94600 18.106160 18.106160 18.106160 0.986328 0.986328 0.986328
94700 18.106160 18.106160 18.106160 0.986328 0.986328 0.986328
94800 18.106160 18.106160 18.106160 0.986328 0.986328 0.986328
94900 18.106160 18.106160 18.106160 0.986328 0.986328 0.986328
95000 18.106160 18.106160 18.106160 0.986328 0.986328 0.986328
95100 18.106160 18.106160 18.106160 0.986328 0.986328 0.986328
95200 18.106160 18.106160 18.106160 0.986328 0.986328 0.986328
95300 18.106160 18.106160 18.106160 0.986328 0.986328 0.986328
95400 18.106160 18.106160 18.106160 0.986328 0.986328 0.986328
95500 18.106160 18.106160 18.106160 0.986328 0.986328 0.986328
95600 18.106160 18.106160 18.106160 0.986328 0.986328 0.986328
95700 18.106160 18.106160 18.106160 0.986328 0.986328 0.986328
95800 18.106160 18.106160 18.106160 0.986328 0.986328 0.986328
95900 18.106160 18.106160 18.106160 0.986328 0.986328 0.986328
96000 18.106160 18.106160 18.106160 0.986328 0.986328 0.986328
96100 18.106160 18.106160 18.106160 0.986328 0.986328 0.986328
96200 18.106160 18.106160 18.106160 0.986328 0.986328 0.986328
96300 18.106160 18.106160 18.106160 0.986328 0.986328 0.986328
96400 18.106160 18.106160 18.106160 0.986328 0.986328 0.986328
96500 18.106160 18.106160 18.106160 0.986328 0.986328 0.986328
96600 18.106160 18.106160 18.106160 0.986328 0.986328 0.986328
96700 18.106160 18.106160 18.106160 0.986328 0.986328 0.986328
96800 18.106160 18.106160 18.106160 0.986328 0.986328 0.986328
96900 18.106160 18.106160 18.106160 0.986328 0.986328 0.986328
97000 18.106160 18.106160 18.106160 0.986328 0.986328 0.986328
97100 18.106160 18.106160 18.106160 0.986328 0.986328 0.986328
97200 18.106160 18.106160 18.106160 0.986328 0.986328 0.986328
97300 18.106160 18.106160 18.106160 0.986328 0.986328 0.986328
97400 18.106160 18.106160 18.106160 0.986328 0.986328 0.986328
97500 18.106160 18.106160 18.106160 0.986328 0.986328 0.986328
97600 18.106160 18.106160 18.106160 0.986328 0.986328 0.986328
97700 18.106160 18.106160 18.106160 0.986328 0.986328 0.986328
97800 18.106160 18.106160 18.106160 0.986328 0.986328 0.986328
97900 18.106160 18.106160 18.106160 0.986328 0.986328 0.986328
98000 18.106160 18.106160 18.106160 0.986328 0.986328 0.986328
98100 18.106160 18.106160 18.106160 0.986328 0.986328 0.986328
98200 18.106160 18.106160 18.106160 0.986328 0.986328 0.986328
98300 18.106160 18.106160 18.106160 0.986328 0.986328 0.986328
98400 18.106160 18.106160 18.106160 0.986328 0.986328 0.986328
98500 18.106160 18.106160 18.106160 0.986328 0.986328 0.986328
98600 18.106160 18.106160 18.106160 0.986328 0.986328 0.986328
98700 18.106160 18.106160 18.106160 0.986328 0.986328 0.986328
98800 18.106160 18.106160 18.106160 0.986328 0.986328 0.986328
98900 18.106160 18.106160 18.106160 0.986328 0.986328 0.986328
99000 18.106160 18.106160 18.106160 0.986328 0.986328 0.986328
99100 18.106160 18.106160 18.106160 0.986328 0.986328 0.986328
99200 18.106160 18.106160 18.106160 0.986328 0.986328 0.986328
99300 18.106160 18.106160 18.106160 0.986328 0.986328 0.986328
99400 18.106160 18.106160 18.106160 0.986328 0.986328 0.986328
99500 18.106160 18.106160 18.106160 0.986328 0.986328 0.986328
99600 18.106160 18.106160 18.106160 0.986328 0.986328 0.986328
99700 18.106160 18.106160 18.106160 0.986328 0.986328 0.986328
99800 18.106160 18.106160 18.106160 0.986328 0.986328 0.986328
99900 18.106160 18.106160 18.106160 0.986328 0.986328 0.986328
100000 18.230048 18.230048 18.230048 1.004189 1.004189 1.004189
