# generation power_min power_avg power_max util_min util_avg util_max
1 50.657830 50.657830 50.657830 1.200032 1.399135 1.499140
10 51.160212 51.160212 51.160212 1.096073 1.379252 1.497897
20 51.287448 51.287448 51.287448 1.025802 1.349476 1.489199
30 51.287448 51.287448 51.287448 1.025802 1.323671 1.487681
40 53.521146 53.521146 53.521146 0.919954 1.292619 1.487681
50 53.521146 53.521146 53.521146 0.919954 1.259619 1.487681
60 54.435204 53.865423 54.435204 0.899474 1.226645 1.461612
70 54.435204 53.364997 54.435204 0.899474 1.192319 1.404043
80 54.435204 53.183149 54.435204 0.899474 1.158784 1.356011
90 54.435204 52.972751 54.435204 0.899474 1.126650 1.336439
100 54.435204 52.898950 54.435204 0.899474 1.097234 1.301237
110 54.435204 52.898279 54.435204 0.899474 1.070612 1.268789
120 54.435204 52.871317 54.435204 0.899474 1.046508 1.218266
130 54.435204 52.727987 54.435204 0.899474 1.026649 1.178308
140 54.435204 52.628985 54.435204 0.899474 1.011692 1.122708
150 54.435204 52.522731 54.435204 0.899474 1.000087 1.086751
160 54.435204 52.470011 54.435204 0.899474 0.992665 1.076325
170 53.661868 52.358596 53.661868 0.915431 0.988069 1.027753
180 53.182255 52.147670 53.182255 0.934816 0.989604 1.027753
190 52.907803 51.964507 52.907803 0.935912 0.992426 1.027753
200 52.725863 51.831069 52.725863 0.961128 0.993252 1.024915
210 52.349909 51.707127 52.349909 0.977809 0.993011 1.007565
220 52.070721 51.648794 52.070721 0.977809 0.992981 1.007565
230 51.788783 51.565621 51.788783 0.977809 0.994054 1.007565
240 51.636761 51.557028 51.636761 0.980506 0.994139 1.004245
250 51.601112 51.548453 51.601112 0.980506 0.995293 1.004245
260 51.601112 51.527389 51.601112 0.980506 0.997357 1.004245
270 51.519080 51.478240 51.519080 0.981681 0.999414 1.004245
280 51.519080 51.396560 51.519080 0.981681 1.000886 1.004245
290 51.203738 51.087779 51.203738 0.997668 1.001394 1.004245
300 51.203738 51.087779 51.203738 0.997668 1.001087 1.004245
310 51.203738 51.087779 51.203738 0.997668 1.000817 1.002537
320 51.203738 51.087779 51.203738 0.997668 1.000869 1.002537
330 51.203738 51.087779 51.203738 0.997668 1.000913 1.002537
340 51.203738 51.087779 51.203738 0.997668 1.000964 1.002537
350 50.747474 50.974344 51.203738 0.997668 1.001034 1.002537
360 50.747474 50.974344 51.203738 0.997668 1.001122 1.002537
370 50.747474 50.974344 51.203738 0.997668 1.001215 1.002537
380 50.747474 50.917626 51.203738 0.997668 1.001297 1.002537
390 50.747474 50.917626 51.203738 0.997668 1.001415 1.002537
400 50.747474 50.823097 51.203738 0.997668 1.001447 1.002537
410 50.747474 50.747474 50.940427 0.999699 1.001493 1.002537
420 50.747474 50.747474 50.940427 0.999699 1.001355 1.002537
430 50.747474 50.747474 50.940427 0.999699 1.001226 1.002537
440 50.747474 50.747474 50.940427 0.999699 1.001069 1.002537
450 50.747474 50.747474 50.863465 0.999699 1.000885 1.002537
460 50.747474 50.747474 50.863465 0.999699 1.000628 1.002537
470 50.747474 50.747474 50.863465 0.999699 1.000358 1.002537
480 50.747474 50.747474 50.858186 0.999699 1.000177 1.001066
490 50.747474 50.747474 50.858186 0.999699 1.000041 1.001066
500 50.747474 50.747474 50.858186 0.999699 0.999904 1.001066
510 50.747474 50.747474 50.858186 0.999699 0.999767 1.001066
520 50.747474 50.747474 50.747474 0.999699 0.999699 0.999699
530 50.747474 50.747474 50.747474 0.999699 0.999699 0.999699
540 50.747474 50.747474 50.747474 0.999699 0.999699 0.999699
550 50.747474 50.747474 50.747474 0.999699 0.999699 0.999699
560 50.747474 50.747474 50.747474 0.999699 0.999699 0.999699
570 50.747474 50.747474 50.747474 0.999699 0.999699 0.999699
580 50.747474 50.747474 50.747474 0.999699 0.999699 0.999699
590 50.747474 50.747474 50.747474 0.999699 0.999699 0.999699
600 50.747474 50.747474 50.747474 0.999699 0.999699 0.999699
610 50.747474 50.747474 50.747474 0.999699 0.999699 0.999699
620 50.747474 50.747474 50.747474 0.999699 0.999699 0.999699
630 50.747474 50.747474 50.747474 0.999699 0.999699 0.999699
640 50.747474 50.747474 50.747474 0.999699 0.999699 0.999699
650 50.747474 50.747474 50.747474 0.999699 0.999699 0.999699
660 50.747474 50.747474 50.747474 0.999699 0.999699 0.999699
670 50.747474 50.747474 50.747474 0.999699 0.999699 0.999699
680 50.747474 50.747474 50.747474 0.999699 0.999699 0.999699
690 50.747474 50.747474 50.747474 0.999699 0.999699 0.999699
700 50.747474 50.747474 50.747474 0.999699 0.999699 0.999699
710 50.747474 50.747474 50.747474 0.999699 0.999699 0.999699
720 50.747474 50.747474 50.747474 0.999699 0.999699 0.999699
730 50.747474 50.747474 50.747474 0.999699 0.999699 0.999699
740 50.747474 50.747474 50.747474 0.999699 0.999699 0.999699
750 50.747474 50.747474 50.747474 0.999699 0.999699 0.999699
760 50.747474 50.747474 50.747474 0.999699 0.999699 0.999699
770 50.747474 50.747474 50.747474 0.999699 0.999699 0.999699
780 50.747474 50.747474 50.747474 0.999699 0.999699 0.999699
790 50.747474 50.747474 50.747474 0.999699 0.999699 0.999699
800 50.747474 50.747474 50.747474 0.999699 0.999699 0.999699
810 50.747474 50.747474 50.747474 0.999699 0.999699 0.999699
820 50.747474 50.747474 50.747474 0.999699 0.999699 0.999699
830 50.747474 50.747474 50.747474 0.999699 0.999699 0.999699
840 50.747474 50.747474 50.747474 0.999699 0.999699 0.999699
850 50.747474 50.747474 50.747474 0.999699 0.999699 0.999699
860 50.747474 50.747474 50.747474 0.999699 0.999699 0.999699
870 50.747474 50.747474 50.747474 0.999699 0.999699 0.999699
880 50.747474 50.747474 50.747474 0.999699 0.999699 0.999699
890 50.747474 50.747474 50.747474 0.999699 0.999699 0.999699
900 50.747474 50.747474 50.747474 0.999699 0.999699 0.999699
910 50.747474 50.747474 50.747474 0.999699 0.999699 0.999699
920 50.747474 50.747474 50.747474 0.999699 0.999699 0.999699
930 50.747474 50.747474 50.747474 0.999699 0.999699 0.999699
940 50.747474 50.747474 50.747474 0.999699 0.999699 0.999699
950 50.747474 50.747474 50.747474 0.999699 0.999699 0.999699
960 50.747474 50.747474 50.747474 0.999699 0.999699 0.999699
970 50.747474 50.747474 50.747474 0.999699 0.999699 0.999699
980 50.747474 50.747474 50.747474 0.999699 0.999699 0.999699
990 50.747474 50.747474 50.747474 0.999699 0.999699 0.999699
1000 50.747474 50.747474 50.747474 0.999699 0.999699 0.999699
1010 50.747474 50.747474 50.747474 0.999699 0.999699 0.999699
1020 50.747474 50.747474 50.747474 0.999699 0.999699 0.999699
1030 50.747474 50.747474 50.747474 0.999699 0.999699 0.999699
1040 50.747474 50.747474 50.747474 0.999699 0.999699 0.999699
1050 50.747474 50.747474 50.747474 0.999699 0.999699 0.999699
1060 50.747474 50.747474 50.747474 0.999699 0.999699 0.999699
1070 50.747474 50.747474 50.747474 0.999699 0.999699 0.999699
1080 50.747474 50.747474 50.747474 0.999699 0.999699 0.999699
1090 50.747474 50.747474 50.747474 0.999699 0.999699 0.999699
1100 50.747474 50.747474 50.747474 0.999699 0.999699 0.999699
1110 50.747474 50.747474 50.747474 0.999699 0.999699 0.999699
1120 50.747474 50.747474 50.747474 0.999699 0.999699 0.999699
1130 50.747474 50.747474 50.747474 0.999699 0.999699 0.999699
1140 50.747474 50.747474 50.747474 0.999699 0.999699 0.999699
1150 50.747474 50.747474 50.747474 0.999699 0.999699 0.999699
1160 50.747474 50.747474 50.747474 0.999699 0.999699 0.999699
1170 50.747474 50.747474 50.747474 0.999699 0.999699 0.999699
1180 50.747474 50.747474 50.747474 0.999699 0.999699 0.999699
1190 50.747474 50.747474 50.747474 0.999699 0.999699 0.999699
1200 50.747474 50.747474 50.747474 0.999699 0.999699 0.999699
1210 50.747474 50.747474 50.747474 0.999699 0.999699 0.999699
1220 50.747474 50.747474 50.747474 0.999699 0.999699 0.999699
1230 50.747474 50.747474 50.747474 0.999699 0.999699 0.999699
1240 50.747474 50.747474 50.747474 0.999699 0.999699 0.999699
1250 50.747474 50.747474 50.747474 0.999699 0.999699 0.999699
1260 50.747474 50.747474 50.747474 0.999699 0.999699 0.999699
1270 50.747474 50.747474 50.747474 0.999699 0.999699 0.999699
1280 50.747474 50.747474 50.747474 0.999699 0.999699 0.999699
1290 50.747474 50.747474 50.747474 0.999699 0.999699 0.999699
1300 50.747474 50.747474 50.747474 0.999699 0.999699 0.999699
1310 50.747474 50.747474 50.747474 0.999699 0.999699 0.999699
1320 50.747474 50.747474 50.747474 0.999699 0.999699 0.999699
1330 50.747474 50.747474 50.747474 0.999699 0.999699 0.999699
1340 50.747474 50.747474 50.747474 0.999699 0.999699 0.999699
1350 50.747474 50.747474 50.747474 0.999699 0.999699 0.999699
1360 50.747474 50.747474 50.747474 0.999699 0.999699 0.999699
1370 50.747474 50.747474 50.747474 0.999699 0.999699 0.999699
1380 50.747474 50.747474 50.747474 0.999699 0.999699 0.999699
1390 50.747474 50.747474 50.747474 0.999699 0.999699 0.999699
1400 50.747474 50.747474 50.747474 0.999699 0.999699 0.999699
1410 50.747474 50.747474 50.747474 0.999699 0.999699 0.999699
1420 50.747474 50.747474 50.747474 0.999699 0.999699 0.999699
1430 50.747474 50.747474 50.747474 0.999699 0.999699 0.999699
1440 50.747474 50.747474 50.747474 0.999699 0.999699 0.999699
1450 50.747474 50.747474 50.747474 0.999699 0.999699 0.999699
1460 50.747474 50.747474 50.747474 0.999699 0.999699 0.999699
1470 50.747474 50.747474 50.747474 0.999699 0.999699 0.999699
1480 50.747474 50.747474 50.747474 0.999699 0.999699 0.999699
1490 50.747474 50.747474 50.747474 0.999699 0.999699 0.999699
1500 50.747474 50.747474 50.747474 0.999699 0.999699 0.999699
1510 50.747474 50.747474 50.747474 0.999699 0.999699 0.999699
1520 50.747474 50.747474 50.747474 0.999699 0.999699 0.999699
1530 50.747474 50.747474 50.747474 0.999699 0.999699 0.999699
1540 50.747474 50.747474 50.747474 0.999699 0.999699 0.999699
1550 50.747474 50.747474 50.747474 0.999699 0.999699 0.999699
1560 50.747474 50.747474 50.747474 0.999699 0.999699 0.999699
1570 50.747474 50.747474 50.747474 0.999699 0.999699 0.999699
1580 50.747474 50.747474 50.747474 0.999699 0.999699 0.999699
1590 50.747474 50.747474 50.747474 0.999699 0.999699 0.999699
1600 50.747474 50.747474 50.747474 0.999699 0.999699 0.999699
1610 50.747474 50.747474 50.747474 0.999699 0.999699 0.999699
1620 50.747474 50.747474 50.747474 0.999699 0.999699 0.999699
1630 50.747474 50.747474 50.747474 0.999699 0.999699 0.999699
1640 50.747474 50.747474 50.747474 0.999699 0.999699 0.999699
1650 50.747474 50.747474 50.747474 0.999699 0.999699 0.999699
1660 50.747474 50.747474 50.747474 0.999699 0.999699 0.999699
1670 50.747474 50.747474 50.747474 0.999699 0.999699 0.999699
1680 50.747474 50.747474 50.747474 0.999699 0.999699 0.999699
1690 50.747474 50.747474 50.747474 0.999699 0.999699 0.999699
1700 50.747474 50.747474 50.747474 0.999699 0.999699 0.999699
1710 50.747474 50.747474 50.747474 0.999699 0.999699 0.999699
1720 50.747474 50.747474 50.747474 0.999699 0.999699 0.999699
1730 50.747474 50.747474 50.747474 0.999699 0.999699 0.999699
1740 50.747474 50.747474 50.747474 0.999699 0.999699 0.999699
1750 50.747474 50.747474 50.747474 0.999699 0.999699 0.999699
1760 50.747474 50.747474 50.747474 0.999699 0.999699 0.999699
1770 50.747474 50.747474 50.747474 0.999699 0.999699 0.999699
1780 50.747474 50.747474 50.747474 0.999699 0.999699 0.999699
1790 50.747474 50.747474 50.747474 0.999699 0.999699 0.999699
1800 50.747474 50.747474 50.747474 0.999699 0.999699 0.999699
1810 50.747474 50.747474 50.747474 0.999699 0.999699 0.999699
1820 50.747474 50.747474 50.747474 0.999699 0.999699 0.999699
1830 50.747474 50.747474 50.747474 0.999699 0.999699 0.999699
1840 50.747474 50.747474 50.747474 0.999699 0.999699 0.999699
1850 50.747474 50.747474 50.747474 0.999699 0.999699 0.999699
1860 50.747474 50.747474 50.747474 0.999699 0.999699 0.999699
1870 50.747474 50.747474 50.747474 0.999699 0.999699 0.999699
1880 50.747474 50.747474 50.747474 0.999699 0.999699 0.999699
1890 50.747474 50.747474 50.747474 0.999699 0.999699 0.999699
1900 50.747474 50.747474 50.747474 0.999699 0.999699 0.999699
1910 50.747474 50.747474 50.747474 0.999699 0.999699 0.999699
1920 50.747474 50.747474 50.747474 0.999699 0.999699 0.999699
1930 50.747474 50.747474 50.747474 0.999699 0.999699 0.999699
1940 50.747474 50.747474 50.747474 0.999699 0.999699 0.999699
1950 50.747474 50.747474 50.747474 0.999699 0.999699 0.999699
1960 50.747474 50.747474 50.747474 0.999699 0.999699 0.999699
1970 50.747474 50.747474 50.747474 0.999699 0.999699 0.999699
1980 50.747474 50.747474 50.747474 0.999699 0.999699 0.999699
1990 50.747474 50.747474 50.747474 0.999699 0.999699 0.999699
2000 50.747474 50.747474 50.747474 0.999699 0.999699 0.999699
2010 50.747474 50.747474 50.747474 0.999699 0.999699 0.999699
2020 50.747474 50.747474 50.747474 0.999699 0.999699 0.999699
2030 50.747474 50.747474 50.747474 0.999699 0.999699 0.999699
2040 50.747474 50.747474 50.747474 0.999699 0.999699 0.999699
2050 50.747474 50.747474 50.747474 0.999699 0.999699 0.999699
2060 50.747474 50.747474 50.747474 0.999699 0.999699 0.999699
2070 50.747474 50.747474 50.747474 0.999699 0.999699 0.999699
2080 50.747474 50.747474 50.747474 0.999699 0.999699 0.999699
2090 50.747474 50.747474 50.747474 0.999699 0.999699 0.999699
2100 50.747474 50.747474 50.747474 0.999699 0.999699 0.999699
2110 50.747474 50.747474 50.747474 0.999699 0.999699 0.999699
2120 50.747474 50.747474 50.747474 0.999699 0.999699 0.999699
2130 50.747474 50.747474 50.747474 0.999699 0.999699 0.999699
2140 50.747474 50.747474 50.747474 0.999699 0.999699 0.999699
2150 50.747474 50.747474 50.747474 0.999699 0.999699 0.999699
2160 50.747474 50.747474 50.747474 0.999699 0.999699 0.999699
2170 50.747474 50.747474 50.747474 0.999699 0.999699 0.999699
2180 50.747474 50.747474 50.747474 0.999699 0.999699 0.999699
2190 50.747474 50.747474 50.747474 0.999699 0.999699 0.999699
2200 50.747474 50.747474 50.747474 0.999699 0.999699 0.999699
2210 50.747474 50.747474 50.747474 0.999699 0.999699 0.999699
2220 50.747474 50.747474 50.747474 0.999699 0.999699 0.999699
2230 50.747474 50.747474 50.747474 0.999699 0.999699 0.999699
2240 50.747474 50.747474 50.747474 0.999699 0.999699 0.999699
2250 50.747474 50.747474 50.747474 0.999699 0.999699 0.999699
2260 50.747474 50.747474 50.747474 0.999699 0.999699 0.999699
2270 50.747474 50.747474 50.747474 0.999699 0.999699 0.999699
2280 50.747474 50.747474 50.747474 0.999699 0.999699 0.999699
2290 50.747474 50.747474 50.747474 0.999699 0.999699 0.999699
2300 50.747474 50.747474 50.747474 0.999699 0.999699 0.999699
2310 50.747474 50.747474 50.747474 0.999699 0.999699 0.999699
2320 50.747474 50.747474 50.747474 0.999699 0.999699 0.999699
2330 50.747474 50.747474 50.747474 0.999699 0.999699 0.999699
2340 50.747474 50.747474 50.747474 0.999699 0.999699 0.999699
2350 50.747474 50.747474 50.747474 0.999699 0.999699 0.999699
2360 50.747474 50.747474 50.747474 0.999699 0.999699 0.999699
2370 50.747474 50.747474 50.747474 0.999699 0.999699 0.999699
2380 50.747474 50.747474 50.747474 0.999699 0.999699 0.999699
2390 50.747474 50.747474 50.747474 0.999699 0.999699 0.999699
2400 50.747474 50.747474 50.747474 0.999699 0.999699 0.999699
2410 50.747474 50.747474 50.747474 0.999699 0.999699 0.999699
2420 50.747474 50.747474 50.747474 0.999699 0.999699 0.999699
2430 50.747474 50.747474 50.747474 0.999699 0.999699 0.999699
2440 50.747474 50.747474 50.747474 0.999699 0.999699 0.999699
2450 50.747474 50.747474 50.747474 0.999699 0.999699 0.999699
2460 50.747474 50.747474 50.747474 0.999699 0.999699 0.999699
2470 50.747474 50.747474 50.747474 0.999699 0.999699 0.999699
2480 50.747474 50.747474 50.747474 0.999699 0.999699 0.999699
2490 50.747474 50.747474 50.747474 0.999699 0.999699 0.999699
2500 50.747474 50.747474 50.747474 0.999699 0.999699 0.999699
2510 50.747474 50.747474 50.747474 0.999699 0.999699 0.999699
2520 50.747474 50.747474 50.747474 0.999699 0.999699 0.999699
2530 50.747474 50.747474 50.747474 0.999699 0.999699 0.999699
2540 50.747474 50.747474 50.747474 0.999699 0.999699 0.999699
2550 50.747474 50.747474 50.747474 0.999699 0.999699 0.999699
2560 50.747474 50.747474 50.747474 0.999699 0.999699 0.999699
2570 50.747474 50.747474 50.747474 0.999699 0.999699 0.999699
2580 50.747474 50.747474 50.747474 0.999699 0.999699 0.999699
2590 50.747474 50.747474 50.747474 0.999699 0.999699 0.999699
2600 50.747474 50.747474 50.747474 0.999699 0.999699 0.999699
2610 50.747474 50.747474 50.747474 0.999699 0.999699 0.999699
2620 50.747474 50.747474 50.747474 0.999699 0.999699 0.999699
2630 50.747474 50.747474 50.747474 0.999699 0.999699 0.999699
2640 50.747474 50.747474 50.747474 0.999699 0.999699 0.999699
2650 50.747474 50.747474 50.747474 0.999699 0.999699 0.999699
2660 50.747474 50.747474 50.747474 0.999699 0.999699 0.999699
2670 50.747474 50.747474 50.747474 0.999699 0.999699 0.999699
2680 50.747474 50.747474 50.747474 0.999699 0.999699 0.999699
2690 50.747474 50.747474 50.747474 0.999699 0.999699 0.999699
2700 50.747474 50.747474 50.747474 0.999699 0.999699 0.999699
2710 50.747474 50.747474 50.747474 0.999699 0.999699 0.999699
2720 50.747474 50.747474 50.747474 0.999699 0.999699 0.999699
2730 50.747474 50.747474 50.747474 0.999699 0.999699 0.999699
2740 50.747474 50.747474 50.747474 0.999699 0.999699 0.999699
2750 50.747474 50.747474 50.747474 0.999699 0.999699 0.999699
2760 50.747474 50.747474 50.747474 0.999699 0.999699 0.999699
2770 50.747474 50.747474 50.747474 0.999699 0.999699 0.999699
2780 50.747474 50.747474 50.747474 0.999699 0.999699 0.999699
2790 50.747474 50.747474 50.747474 0.999699 0.999699 0.999699
2800 50.747474 50.747474 50.747474 0.999699 0.999699 0.999699
2810 50.747474 50.747474 50.747474 0.999699 0.999699 0.999699
2820 50.747474 50.747474 50.747474 0.999699 0.999699 0.999699
2830 50.747474 50.747474 50.747474 0.999699 0.999699 0.999699
2840 50.747474 50.747474 50.747474 0.999699 0.999699 0.999699
2850 50.747474 50.747474 50.747474 0.999699 0.999699 0.999699
2860 50.747474 50.747474 50.747474 0.999699 0.999699 0.999699
2870 50.747474 50.747474 50.747474 0.999699 0.999699 0.999699
2880 50.747474 50.747474 50.747474 0.999699 0.999699 0.999699
2890 50.747474 50.747474 50.747474 0.999699 0.999699 0.999699
2900 50.747474 50.747474 50.747474 0.999699 0.999699 0.999699
2910 50.747474 50.747474 50.747474 0.999699 0.999699 0.999699
2920 50.747474 50.747474 50.747474 0.999699 0.999699 0.999699
2930 50.747474 50.747474 50.747474 0.999699 0.999699 0.999699
2940 50.747474 50.747474 50.747474 0.999699 0.999699 0.999699
2950 50.747474 50.747474 50.747474 0.999699 0.999699 0.999699
2960 50.747474 50.747474 50.747474 0.999699 0.999699 0.999699
2970 50.747474 50.747474 50.747474 0.999699 0.999699 0.999699
2980 50.747474 50.747474 50.747474 0.999699 0.999699 0.999699
2990 50.747474 50.747474 50.747474 0.999699 0.999699 0.999699
3000 50.747474 50.747474 50.747474 0.999699 0.999699 0.999699
3010 50.747474 50.747474 50.747474 0.999699 0.999699 0.999699
3020 50.747474 50.747474 50.747474 0.999699 0.999699 0.999699
3030 50.747474 50.747474 50.747474 0.999699 0.999699 0.999699
3040 50.747474 50.747474 50.747474 0.999699 0.999699 0.999699
3050 50.747474 50.747474 50.747474 0.999699 0.999699 0.999699
3060 50.747474 50.747474 50.747474 0.999699 0.999699 0.999699
3070 50.747474 50.747474 50.747474 0.999699 0.999699 0.999699
3080 50.747474 50.747474 50.747474 0.999699 0.999699 0.999699
3090 50.747474 50.747474 50.747474 0.999699 0.999699 0.999699
3100 50.747474 50.747474 50.747474 0.999699 0.999699 0.999699
3110 50.747474 50.747474 50.747474 0.999699 0.999699 0.999699
3120 50.747474 50.747474 50.747474 0.999699 0.999699 0.999699
3130 50.747474 50.747474 50.747474 0.999699 0.999699 0.999699
3140 50.747474 50.747474 50.747474 0.999699 0.999699 0.999699
3150 50.747474 50.747474 50.747474 0.999699 0.999699 0.999699
3160 50.747474 50.747474 50.747474 0.999699 0.999699 0.999699
3170 50.747474 50.747474 50.747474 0.999699 0.999699 0.999699
3180 50.747474 50.747474 50.747474 0.999699 0.999699 0.999699
3190 50.747474 50.747474 50.747474 0.999699 0.999699 0.999699
3200 50.747474 50.747474 50.747474 0.999699 0.999699 0.999699
3210 50.747474 50.747474 50.747474 0.999699 0.999699 0.999699
3220 50.747474 50.747474 50.747474 0.999699 0.999699 0.999699
3230 50.747474 50.747474 50.747474 0.999699 0.999699 0.999699
3240 50.747474 50.747474 50.747474 0.999699 0.999699 0.999699
3250 50.747474 50.747474 50.747474 0.999699 0.999699 0.999699
3260 50.747474 50.747474 50.747474 0.999699 0.999699 0.999699
3270 50.747474 50.747474 50.747474 0.999699 0.999699 0.999699
3280 50.747474 50.747474 50.747474 0.999699 0.999699 0.999699
3290 50.747474 50.747474 50.747474 0.999699 0.999699 0.999699
3300 50.747474 50.747474 50.747474 0.999699 0.999699 0.999699
3310 50.747474 50.747474 50.747474 0.999699 0.999699 0.999699
3320 50.747474 50.747474 50.747474 0.999699 0.999699 0.999699
3330 50.747474 50.747474 50.747474 0.999699 0.999699 0.999699
3340 50.747474 50.747474 50.747474 0.999699 0.999699 0.999699
3350 50.747474 50.747474 50.747474 0.999699 0.999699 0.999699
3360 50.747474 50.747474 50.747474 0.999699 0.999699 0.999699
3370 50.747474 50.747474 50.747474 0.999699 0.999699 0.999699
3380 50.747474 50.747474 50.747474 0.999699 0.999699 0.999699
3390 50.747474 50.747474 50.747474 0.999699 0.999699 0.999699
3400 50.747474 50.747474 50.747474 0.999699 0.999699 0.999699
3410 50.747474 50.747474 50.747474 0.999699 0.999699 0.999699
3420 50.747474 50.747474 50.747474 0.999699 0.999699 0.999699
3430 50.747474 50.747474 50.747474 0.999699 0.999699 0.999699
3440 50.747474 50.747474 50.747474 0.999699 0.999699 0.999699
3450 50.747474 50.747474 50.747474 0.999699 0.999699 0.999699
3460 50.747474 50.747474 50.747474 0.999699 0.999699 0.999699
3470 50.747474 50.747474 50.747474 0.999699 0.999699 0.999699
3480 50.747474 50.747474 50.747474 0.999699 0.999699 0.999699
3490 50.747474 50.747474 50.747474 0.999699 0.999699 0.999699
3500 50.747474 50.747474 50.747474 0.999699 0.999699 0.999699
3510 50.747474 50.747474 50.747474 0.999699 0.999699 0.999699
3520 50.747474 50.747474 50.747474 0.999699 0.999699 0.999699
3530 50.747474 50.747474 50.747474 0.999699 0.999699 0.999699
3540 50.747474 50.747474 50.747474 0.999699 0.999699 0.999699
3550 50.747474 50.747474 50.747474 0.999699 0.999699 0.999699
3560 50.747474 50.747474 50.747474 0.999699 0.999699 0.999699
3570 50.747474 50.747474 50.747474 0.999699 0.999699 0.999699
3580 50.747474 50.747474 50.747474 0.999699 0.999699 0.999699
3590 50.747474 50.747474 50.747474 0.999699 0.999699 0.999699
3600 50.747474 50.747474 50.747474 0.999699 0.999699 0.999699
3610 50.747474 50.747474 50.747474 0.999699 0.999699 0.999699
3620 50.747474 50.747474 50.747474 0.999699 0.999699 0.999699
3630 50.747474 50.747474 50.747474 0.999699 0.999699 0.999699
3640 50.747474 50.747474 50.747474 0.999699 0.999699 0.999699
3650 50.747474 50.747474 50.747474 0.999699 0.999699 0.999699
3660 50.747474 50.747474 50.747474 0.999699 0.999699 0.999699
3670 50.747474 50.747474 50.747474 0.999699 0.999699 0.999699
3680 50.747474 50.747474 50.747474 0.999699 0.999699 0.999699
3690 50.747474 50.747474 50.747474 0.999699 0.999699 0.999699
3700 50.747474 50.747474 50.747474 0.999699 0.999699 0.999699
3710 50.747474 50.747474 50.747474 0.999699 0.999699 0.999699
3720 50.747474 50.747474 50.747474 0.999699 0.999699 0.999699
3730 50.747474 50.747474 50.747474 0.999699 0.999699 0.999699
3740 50.747474 50.747474 50.747474 0.999699 0.999699 0.999699
3750 50.747474 50.747474 50.747474 0.999699 0.999699 0.999699
3760 50.747474 50.747474 50.747474 0.999699 0.999699 0.999699
3770 50.747474 50.747474 50.747474 0.999699 0.999699 0.999699
3780 50.747474 50.747474 50.747474 0.999699 0.999699 0.999699
3790 50.747474 50.747474 50.747474 0.999699 0.999699 0.999699
3800 50.747474 50.747474 50.747474 0.999699 0.999699 0.999699
3810 50.747474 50.747474 50.747474 0.999699 0.999699 0.999699
3820 50.747474 50.747474 50.747474 0.999699 0.999699 0.999699
3830 50.747474 50.747474 50.747474 0.999699 0.999699 0.999699
3840 50.747474 50.747474 50.747474 0.999699 0.999699 0.999699
3850 50.747474 50.747474 50.747474 0.999699 0.999699 0.999699
3860 50.747474 50.747474 50.747474 0.999699 0.999699 0.999699
3870 50.747474 50.747474 50.747474 0.999699 0.999699 0.999699
3880 50.747474 50.747474 50.747474 0.999699 0.999699 0.999699
3890 50.747474 50.747474 50.747474 0.999699 0.999699 0.999699
3900 50.747474 50.747474 50.747474 0.999699 0.999699 0.999699
3910 50.747474 50.747474 50.747474 0.999699 0.999699 0.999699
3920 50.747474 50.747474 50.747474 0.999699 0.999699 0.999699
3930 50.747474 50.747474 50.747474 0.999699 0.999699 0.999699
3940 50.747474 50.747474 50.747474 0.999699 0.999699 0.999699
3950 50.747474 50.747474 50.747474 0.999699 0.999699 0.999699
3960 50.747474 50.747474 50.747474 0.999699 0.999699 0.999699
3970 50.747474 50.747474 50.747474 0.999699 0.999699 0.999699
3980 50.747474 50.747474 50.747474 0.999699 0.999699 0.999699
3990 50.747474 50.747474 50.747474 0.999699 0.999699 0.999699
4000 50.747474 50.747474 50.747474 0.999699 0.999699 0.999699
4010 50.747474 50.747474 50.747474 0.999699 0.999699 0.999699
4020 50.747474 50.747474 50.747474 0.999699 0.999699 0.999699
4030 50.747474 50.747474 50.747474 0.999699 0.999699 0.999699
4040 50.747474 50.747474 50.747474 0.999699 0.999699 0.999699
4050 50.747474 50.747474 50.747474 0.999699 0.999699 0.999699
4060 50.747474 50.747474 50.747474 0.999699 0.999699 0.999699
4070 50.747474 50.747474 50.747474 0.999699 0.999699 0.999699
4080 50.747474 50.747474 50.747474 0.999699 0.999699 0.999699
4090 50.747474 50.747474 50.747474 0.999699 0.999699 0.999699
4100 50.747474 50.747474 50.747474 0.999699 0.999699 0.999699
4110 50.747474 50.747474 50.747474 0.999699 0.999699 0.999699
4120 50.747474 50.747474 50.747474 0.999699 0.999699 0.999699
4130 50.747474 50.747474 50.747474 0.999699 0.999699 0.999699
4140 50.747474 50.747474 50.747474 0.999699 0.999699 0.999699
4150 50.747474 50.747474 50.747474 0.999699 0.999699 0.999699
4160 50.747474 50.747474 50.747474 0.999699 0.999699 0.999699
4170 50.747474 50.747474 50.747474 0.999699 0.999699 0.999699
4180 50.747474 50.747474 50.747474 0.999699 0.999699 0.999699
4190 50.747474 50.747474 50.747474 0.999699 0.999699 0.999699
4200 50.747474 50.747474 50.747474 0.999699 0.999699 0.999699
4210 50.747474 50.747474 50.747474 0.999699 0.999699 0.999699
4220 50.747474 50.747474 50.747474 0.999699 0.999699 0.999699
4230 50.747474 50.747474 50.747474 0.999699 0.999699 0.999699
4240 50.747474 50.747474 50.747474 0.999699 0.999699 0.999699
4250 50.747474 50.747474 50.747474 0.999699 0.999699 0.999699
4260 50.747474 50.747474 50.747474 0.999699 0.999699 0.999699
4270 50.747474 50.747474 50.747474 0.999699 0.999699 0.999699
4280 50.747474 50.747474 50.747474 0.999699 0.999699 0.999699
4290 50.747474 50.747474 50.747474 0.999699 0.999699 0.999699
4300 50.747474 50.747474 50.747474 0.999699 0.999699 0.999699
4310 50.747474 50.747474 50.747474 0.999699 0.999699 0.999699
4320 50.747474 50.747474 50.747474 0.999699 0.999699 0.999699
4330 50.747474 50.747474 50.747474 0.999699 0.999699 0.999699
4340 50.747474 50.747474 50.747474 0.999699 0.999699 0.999699
4350 50.747474 50.747474 50.747474 0.999699 0.999699 0.999699
4360 50.747474 50.747474 50.747474 0.999699 0.999699 0.999699
4370 50.747474 50.747474 50.747474 0.999699 0.999699 0.999699
4380 50.747474 50.747474 50.747474 0.999699 0.999699 0.999699
4390 50.747474 50.747474 50.747474 0.999699 0.999699 0.999699
4400 50.747474 50.747474 50.747474 0.999699 0.999699 0.999699
4410 50.747474 50.747474 50.747474 0.999699 0.999699 0.999699
4420 50.747474 50.747474 50.747474 0.999699 0.999699 0.999699
4430 50.747474 50.747474 50.747474 0.999699 0.999699 0.999699
4440 50.747474 50.747474 50.747474 0.999699 0.999699 0.999699
4450 50.747474 50.747474 50.747474 0.999699 0.999699 0.999699
4460 50.747474 50.747474 50.747474 0.999699 0.999699 0.999699
4470 50.747474 50.747474 50.747474 0.999699 0.999699 0.999699
4480 50.747474 50.747474 50.747474 0.999699 0.999699 0.999699
4490 50.747474 50.747474 50.747474 0.999699 0.999699 0.999699
4500 50.747474 50.747474 50.747474 0.999699 0.999699 0.999699
4510 50.747474 50.747474 50.747474 0.999699 0.999699 0.999699
4520 50.747474 50.747474 50.747474 0.999699 0.999699 0.999699
4530 50.747474 50.747474 50.747474 0.999699 0.999699 0.999699
4540 50.747474 50.747474 50.747474 0.999699 0.999699 0.999699
4550 50.747474 50.747474 50.747474 0.999699 0.999699 0.999699
4560 50.747474 50.747474 50.747474 0.999699 0.999699 0.999699
4570 50.747474 50.747474 50.747474 0.999699 0.999699 0.999699
4580 50.747474 50.747474 50.747474 0.999699 0.999699 0.999699
4590 50.747474 50.747474 50.747474 0.999699 0.999699 0.999699
4600 50.747474 50.747474 50.747474 0.999699 0.999699 0.999699
4610 50.747474 50.747474 50.747474 0.999699 0.999699 0.999699
4620 50.747474 50.747474 50.747474 0.999699 0.999699 0.999699
4630 50.747474 50.747474 50.747474 0.999699 0.999699 0.999699
4640 50.747474 50.747474 50.747474 0.999699 0.999699 0.999699
4650 50.747474 50.747474 50.747474 0.999699 0.999699 0.999699
4660 50.747474 50.747474 50.747474 0.999699 0.999699 0.999699
4670 50.747474 50.747474 50.747474 0.999699 0.999699 0.999699
4680 50.747474 50.747474 50.747474 0.999699 0.999699 0.999699
4690 50.747474 50.747474 50.747474 0.999699 0.999699 0.999699
4700 50.747474 50.747474 50.747474 0.999699 0.999699 0.999699
4710 50.747474 50.747474 50.747474 0.999699 0.999699 0.999699
4720 50.747474 50.747474 50.747474 0.999699 0.999699 0.999699
4730 50.747474 50.747474 50.747474 0.999699 0.999699 0.999699
4740 50.747474 50.747474 50.747474 0.999699 0.999699 0.999699
4750 50.747474 50.747474 50.747474 0.999699 0.999699 0.999699
4760 50.747474 50.747474 50.747474 0.999699 0.999699 0.999699
4770 50.747474 50.747474 50.747474 0.999699 0.999699 0.999699
4780 50.747474 50.747474 50.747474 0.999699 0.999699 0.999699
4790 50.747474 50.747474 50.747474 0.999699 0.999699 0.999699
4800 50.747474 50.747474 50.747474 0.999699 0.999699 0.999699
4810 50.747474 50.747474 50.747474 0.999699 0.999699 0.999699
4820 50.747474 50.747474 50.747474 0.999699 0.999699 0.999699
4830 50.747474 50.747474 50.747474 0.999699 0.999699 0.999699
4840 50.747474 50.747474 50.747474 0.999699 0.999699 0.999699
4850 50.747474 50.747474 50.747474 0.999699 0.999699 0.999699
4860 50.747474 50.747474 50.747474 0.999699 0.999699 0.999699
4870 50.747474 50.747474 50.747474 0.999699 0.999699 0.999699
4880 50.747474 50.747474 50.747474 0.999699 0.999699 0.999699
4890 50.747474 50.747474 50.747474 0.999699 0.999699 0.999699
4900 50.747474 50.747474 50.747474 0.999699 0.999699 0.999699
4910 50.747474 50.747474 50.747474 0.999699 0.999699 0.999699
4920 50.747474 50.747474 50.747474 0.999699 0.999699 0.999699
4930 50.747474 50.747474 50.747474 0.999699 0.999699 0.999699
4940 50.747474 50.747474 50.747474 0.999699 0.999699 0.999699
4950 50.747474 50.747474 50.747474 0.999699 0.999699 0.999699
4960 50.747474 50.747474 50.747474 0.999699 0.999699 0.999699
4970 50.747474 50.747474 50.747474 0.999699 0.999699 0.999699
4980 50.747474 50.747474 50.747474 0.999699 0.999699 0.999699
4990 50.747474 50.747474 50.747474 0.999699 0.999699 0.999699
5000 50.747474 50.747474 50.747474 0.999699 0.999699 0.999699
5010 50.747474 50.747474 50.747474 0.999699 0.999699 0.999699
5020 50.747474 50.747474 50.747474 0.999699 0.999699 0.999699
5030 50.747474 50.747474 50.747474 0.999699 0.999699 0.999699
5040 50.747474 50.747474 50.747474 0.999699 0.999699 0.999699
5050 50.747474 50.747474 50.747474 0.999699 0.999699 0.999699
5060 50.747474 50.747474 50.747474 0.999699 0.999699 0.999699
5070 50.747474 50.747474 50.747474 0.999699 0.999699 0.999699
5080 50.747474 50.747474 50.747474 0.999699 0.999699 0.999699
5090 50.747474 50.747474 50.747474 0.999699 0.999699 0.999699
5100 50.747474 50.747474 50.747474 0.999699 0.999699 0.999699
5110 50.747474 50.747474 50.747474 0.999699 0.999699 0.999699
5120 50.747474 50.747474 50.747474 0.999699 0.999699 0.999699
5130 50.747474 50.747474 50.747474 0.999699 0.999699 0.999699
5140 50.747474 50.747474 50.747474 0.999699 0.999699 0.999699
5150 50.747474 50.747474 50.747474 0.999699 0.999699 0.999699
5160 50.747474 50.747474 50.747474 0.999699 0.999699 0.999699
5170 50.747474 50.747474 50.747474 0.999699 0.999699 0.999699
5180 50.747474 50.747474 50.747474 0.999699 0.999699 0.999699
5190 50.747474 50.747474 50.747474 0.999699 0.999699 0.999699
5200 50.747474 50.747474 50.747474 0.999699 0.999699 0.999699
5210 50.747474 50.747474 50.747474 0.999699 0.999699 0.999699
5220 50.747474 50.747474 50.747474 0.999699 0.999699 0.999699
5230 50.747474 50.747474 50.747474 0.999699 0.999699 0.999699
5240 50.747474 50.747474 50.747474 0.999699 0.999699 0.999699
5250 50.747474 50.747474 50.747474 0.999699 0.999699 0.999699
5260 50.747474 50.747474 50.747474 0.999699 0.999699 0.999699
5270 50.747474 50.747474 50.747474 0.999699 0.999699 0.999699
5280 50.747474 50.747474 50.747474 0.999699 0.999699 0.999699
5290 50.747474 50.747474 50.747474 0.999699 0.999699 0.999699
5300 50.747474 50.747474 50.747474 0.999699 0.999699 0.999699
5310 50.747474 50.747474 50.747474 0.999699 0.999699 0.999699
5320 50.747474 50.747474 50.747474 0.999699 0.999699 0.999699
5330 50.747474 50.747474 50.747474 0.999699 0.999699 0.999699
5340 50.747474 50.747474 50.747474 0.999699 0.999699 0.999699
5350 50.747474 50.747474 50.747474 0.999699 0.999699 0.999699
5360 50.747474 50.747474 50.747474 0.999699 0.999699 0.999699
5370 50.747474 50.747474 50.747474 0.999699 0.999699 0.999699
5380 50.747474 50.747474 50.747474 0.999699 0.999699 0.999699
5390 50.747474 50.747474 50.747474 0.999699 0.999699 0.999699
5400 50.747474 50.747474 50.747474 0.999699 0.999699 0.999699
5410 50.747474 50.747474 50.747474 0.999699 0.999699 0.999699
5420 50.747474 50.747474 50.747474 0.999699 0.999699 0.999699
5430 50.747474 50.747474 50.747474 0.999699 0.999699 0.999699
5440 50.747474 50.747474 50.747474 0.999699 0.999699 0.999699
5450 50.747474 50.747474 50.747474 0.999699 0.999699 0.999699
5460 50.747474 50.747474 50.747474 0.999699 0.999699 0.999699
5470 50.747474 50.747474 50.747474 0.999699 0.999699 0.999699
5480 50.747474 50.747474 50.747474 0.999699 0.999699 0.999699
5490 50.747474 50.747474 50.747474 0.999699 0.999699 0.999699
5500 50.747474 50.747474 50.747474 0.999699 0.999699 0.999699
5510 50.747474 50.747474 50.747474 0.999699 0.999699 0.999699
5520 50.747474 50.747474 50.747474 0.999699 0.999699 0.999699
5530 50.747474 50.747474 50.747474 0.999699 0.999699 0.999699
5540 50.747474 50.747474 50.747474 0.999699 0.999699 0.999699
5550 50.747474 50.747474 50.747474 0.999699 0.999699 0.999699
5560 50.747474 50.747474 50.747474 0.999699 0.999699 0.999699
5570 50.747474 50.747474 50.747474 0.999699 0.999699 0.999699
5580 50.747474 50.747474 50.747474 0.999699 0.999699 0.999699
5590 50.747474 50.747474 50.747474 0.999699 0.999699 0.999699
5600 50.747474 50.747474 50.747474 0.999699 0.999699 0.999699
5610 50.747474 50.747474 50.747474 0.999699 0.999699 0.999699
5620 50.747474 50.747474 50.747474 0.999699 0.999699 0.999699
5630 50.747474 50.747474 50.747474 0.999699 0.999699 0.999699
5640 50.747474 50.747474 50.747474 0.999699 0.999699 0.999699
5650 50.747474 50.747474 50.747474 0.999699 0.999699 0.999699
5660 50.747474 50.747474 50.747474 0.999699 0.999699 0.999699
5670 50.747474 50.747474 50.747474 0.999699 0.999699 0.999699
5680 50.747474 50.747474 50.747474 0.999699 0.999699 0.999699
5690 50.747474 50.747474 50.747474 0.999699 0.999699 0.999699
5700 50.747474 50.747474 50.747474 0.999699 0.999699 0.999699
5710 50.747474 50.747474 50.747474 0.999699 0.999699 0.999699
5720 50.747474 50.747474 50.747474 0.999699 0.999699 0.999699
5730 50.747474 50.747474 50.747474 0.999699 0.999699 0.999699
5740 50.747474 50.747474 50.747474 0.999699 0.999699 0.999699
5750 50.747474 50.747474 50.747474 0.999699 0.999699 0.999699
5760 50.747474 50.747474 50.747474 0.999699 0.999699 0.999699
5770 50.747474 50.747474 50.747474 0.999699 0.999699 0.999699
5780 50.747474 50.747474 50.747474 0.999699 0.999699 0.999699
5790 50.747474 50.747474 50.747474 0.999699 0.999699 0.999699
5800 50.747474 50.747474 50.747474 0.999699 0.999699 0.999699
5810 50.747474 50.747474 50.747474 0.999699 0.999699 0.999699
5820 50.747474 50.747474 50.747474 0.999699 0.999699 0.999699
5830 50.747474 50.747474 50.747474 0.999699 0.999699 0.999699
5840 50.747474 50.747474 50.747474 0.999699 0.999699 0.999699
5850 50.747474 50.747474 50.747474 0.999699 0.999699 0.999699
5860 50.747474 50.747474 50.747474 0.999699 0.999699 0.999699
5870 50.747474 50.747474 50.747474 0.999699 0.999699 0.999699
5880 50.747474 50.747474 50.747474 0.999699 0.999699 0.999699
5890 50.747474 50.747474 50.747474 0.999699 0.999699 0.999699
5900 50.747474 50.747474 50.747474 0.999699 0.999699 0.999699
5910 50.747474 50.747474 50.747474 0.999699 0.999699 0.999699
5920 50.747474 50.747474 50.747474 0.999699 0.999699 0.999699
5930 50.747474 50.747474 50.747474 0.999699 0.999699 0.999699
5940 50.747474 50.747474 50.747474 0.999699 0.999699 0.999699
5950 50.747474 50.747474 50.747474 0.999699 0.999699 0.999699
5960 50.747474 50.747474 50.747474 0.999699 0.999699 0.999699
5970 50.747474 50.747474 50.747474 0.999699 0.999699 0.999699
5980 50.747474 50.747474 50.747474 0.999699 0.999699 0.999699
5990 50.747474 50.747474 50.747474 0.999699 0.999699 0.999699
6000 50.747474 50.747474 50.747474 0.999699 0.999699 0.999699
6010 50.747474 50.747474 50.747474 0.999699 0.999699 0.999699
6020 50.747474 50.747474 50.747474 0.999699 0.999699 0.999699
6030 50.747474 50.747474 50.747474 0.999699 0.999699 0.999699
6040 50.747474 50.747474 50.747474 0.999699 0.999699 0.999699
6050 50.747474 50.747474 50.747474 0.999699 0.999699 0.999699
6060 50.747474 50.747474 50.747474 0.999699 0.999699 0.999699
6070 50.747474 50.747474 50.747474 0.999699 0.999699 0.999699
6080 50.747474 50.747474 50.747474 0.999699 0.999699 0.999699
6090 50.747474 50.747474 50.747474 0.999699 0.999699 0.999699
6100 50.747474 50.747474 50.747474 0.999699 0.999699 0.999699
6110 50.747474 50.747474 50.747474 0.999699 0.999699 0.999699
6120 50.747474 50.747474 50.747474 0.999699 0.999699 0.999699
6130 50.747474 50.747474 50.747474 0.999699 0.999699 0.999699
6140 50.747474 50.747474 50.747474 0.999699 0.999699 0.999699
6150 50.747474 50.747474 50.747474 0.999699 0.999699 0.999699
6160 50.747474 50.747474 50.747474 0.999699 0.999699 0.999699
6170 50.747474 50.747474 50.747474 0.999699 0.999699 0.999699
6180 50.747474 50.747474 50.747474 0.999699 0.999699 0.999699
6190 50.747474 50.747474 50.747474 0.999699 0.999699 0.999699
6200 50.747474 50.747474 50.747474 0.999699 0.999699 0.999699
6210 50.747474 50.747474 50.747474 0.999699 0.999699 0.999699
6220 50.747474 50.747474 50.747474 0.999699 0.999699 0.999699
6230 50.747474 50.747474 50.747474 0.999699 0.999699 0.999699
6240 50.747474 50.747474 50.747474 0.999699 0.999699 0.999699
6250 50.747474 50.747474 50.747474 0.999699 0.999699 0.999699
6260 50.747474 50.747474 50.747474 0.999699 0.999699 0.999699
6270 50.747474 50.747474 50.747474 0.999699 0.999699 0.999699
6280 50.747474 50.747474 50.747474 0.999699 0.999699 0.999699
6290 50.747474 50.747474 50.747474 0.999699 0.999699 0.999699
6300 50.747474 50.747474 50.747474 0.999699 0.999699 0.999699
6310 50.747474 50.747474 50.747474 0.999699 0.999699 0.999699
6320 50.747474 50.747474 50.747474 0.999699 0.999699 0.999699
6330 50.747474 50.747474 50.747474 0.999699 0.999699 0.999699
6340 50.747474 50.747474 50.747474 0.999699 0.999699 0.999699
6350 50.747474 50.747474 50.747474 0.999699 0.999699 0.999699
6360 50.747474 50.747474 50.747474 0.999699 0.999699 0.999699
6370 50.747474 50.747474 50.747474 0.999699 0.999699 0.999699
6380 50.747474 50.747474 50.747474 0.999699 0.999699 0.999699
6390 50.747474 50.747474 50.747474 0.999699 0.999699 0.999699
6400 50.747474 50.747474 50.747474 0.999699 0.999699 0.999699
6410 50.747474 50.747474 50.747474 0.999699 0.999699 0.999699
6420 50.747474 50.747474 50.747474 0.999699 0.999699 0.999699
6430 50.747474 50.747474 50.747474 0.999699 0.999699 0.999699
6440 50.747474 50.747474 50.747474 0.999699 0.999699 0.999699
6450 50.747474 50.747474 50.747474 0.999699 0.999699 0.999699
6460 50.747474 50.747474 50.747474 0.999699 0.999699 0.999699
6470 50.747474 50.747474 50.747474 0.999699 0.999699 0.999699
6480 50.747474 50.747474 50.747474 0.999699 0.999699 0.999699
6490 50.747474 50.747474 50.747474 0.999699 0.999699 0.999699
6500 50.747474 50.747474 50.747474 0.999699 0.999699 0.999699
6510 50.747474 50.747474 50.747474 0.999699 0.999699 0.999699
6520 50.747474 50.747474 50.747474 0.999699 0.999699 0.999699
6530 50.747474 50.747474 50.747474 0.999699 0.999699 0.999699
6540 50.747474 50.747474 50.747474 0.999699 0.999699 0.999699
6550 50.747474 50.747474 50.747474 0.999699 0.999699 0.999699
6560 50.747474 50.747474 50.747474 0.999699 0.999699 0.999699
6570 50.747474 50.747474 50.747474 0.999699 0.999699 0.999699
6580 50.747474 50.747474 50.747474 0.999699 0.999699 0.999699
6590 50.747474 50.747474 50.747474 0.999699 0.999699 0.999699
6600 50.747474 50.747474 50.747474 0.999699 0.999699 0.999699
6610 50.747474 50.747474 50.747474 0.999699 0.999699 0.999699
6620 50.747474 50.747474 50.747474 0.999699 0.999699 0.999699
6630 50.747474 50.747474 50.747474 0.999699 0.999699 0.999699
6640 50.747474 50.747474 50.747474 0.999699 0.999699 0.999699
6650 50.747474 50.747474 50.747474 0.999699 0.999699 0.999699
6660 50.747474 50.747474 50.747474 0.999699 0.999699 0.999699
6670 50.747474 50.747474 50.747474 0.999699 0.999699 0.999699
6680 50.747474 50.747474 50.747474 0.999699 0.999699 0.999699
6690 50.747474 50.747474 50.747474 0.999699 0.999699 0.999699
6700 50.747474 50.747474 50.747474 0.999699 0.999699 0.999699
6710 50.747474 50.747474 50.747474 0.999699 0.999699 0.999699
6720 50.747474 50.747474 50.747474 0.999699 0.999699 0.999699
6730 50.747474 50.747474 50.747474 0.999699 0.999699 0.999699
6740 50.747474 50.747474 50.747474 0.999699 0.999699 0.999699
6750 50.747474 50.747474 50.747474 0.999699 0.999699 0.999699
6760 50.747474 50.747474 50.747474 0.999699 0.999699 0.999699
6770 50.747474 50.747474 50.747474 0.999699 0.999699 0.999699
6780 50.747474 50.747474 50.747474 0.999699 0.999699 0.999699
6790 50.747474 50.747474 50.747474 0.999699 0.999699 0.999699
6800 50.747474 50.747474 50.747474 0.999699 0.999699 0.999699
6810 50.747474 50.747474 50.747474 0.999699 0.999699 0.999699
6820 50.747474 50.747474 50.747474 0.999699 0.999699 0.999699
6830 50.747474 50.747474 50.747474 0.999699 0.999699 0.999699
6840 50.747474 50.747474 50.747474 0.999699 0.999699 0.999699
6850 50.747474 50.747474 50.747474 0.999699 0.999699 0.999699
6860 50.747474 50.747474 50.747474 0.999699 0.999699 0.999699
6870 50.747474 50.747474 50.747474 0.999699 0.999699 0.999699
6880 50.747474 50.747474 50.747474 0.999699 0.999699 0.999699
6890 50.747474 50.747474 50.747474 0.999699 0.999699 0.999699
6900 50.747474 50.747474 50.747474 0.999699 0.999699 0.999699
6910 50.747474 50.747474 50.747474 0.999699 0.999699 0.999699
6920 50.747474 50.747474 50.747474 0.999699 0.999699 0.999699
6930 50.747474 50.747474 50.747474 0.999699 0.999699 0.999699
6940 50.747474 50.747474 50.747474 0.999699 0.999699 0.999699
6950 50.747474 50.747474 50.747474 0.999699 0.999699 0.999699
6960 50.747474 50.747474 50.747474 0.999699 0.999699 0.999699
6970 50.747474 50.747474 50.747474 0.999699 0.999699 0.999699
6980 50.747474 50.747474 50.747474 0.999699 0.999699 0.999699
6990 50.747474 50.747474 50.747474 0.999699 0.999699 0.999699
7000 50.747474 50.747474 50.747474 0.999699 0.999699 0.999699
7010 50.747474 50.747474 50.747474 0.999699 0.999699 0.999699
7020 50.747474 50.747474 50.747474 0.999699 0.999699 0.999699
7030 50.747474 50.747474 50.747474 0.999699 0.999699 0.999699
7040 50.747474 50.747474 50.747474 0.999699 0.999699 0.999699
7050 50.747474 50.747474 50.747474 0.999699 0.999699 0.999699
7060 50.747474 50.747474 50.747474 0.999699 0.999699 0.999699
7070 50.747474 50.747474 50.747474 0.999699 0.999699 0.999699
7080 50.747474 50.747474 50.747474 0.999699 0.999699 0.999699
7090 50.747474 50.747474 50.747474 0.999699 0.999699 0.999699
7100 50.747474 50.747474 50.747474 0.999699 0.999699 0.999699
7110 50.747474 50.747474 50.747474 0.999699 0.999699 0.999699
7120 50.747474 50.747474 50.747474 0.999699 0.999699 0.999699
7130 50.747474 50.747474 50.747474 0.999699 0.999699 0.999699
7140 50.747474 50.747474 50.747474 0.999699 0.999699 0.999699
7150 50.747474 50.747474 50.747474 0.999699 0.999699 0.999699
7160 50.747474 50.747474 50.747474 0.999699 0.999699 0.999699
7170 50.747474 50.747474 50.747474 0.999699 0.999699 0.999699
7180 50.747474 50.747474 50.747474 0.999699 0.999699 0.999699
7190 50.747474 50.747474 50.747474 0.999699 0.999699 0.999699
7200 50.747474 50.747474 50.747474 0.999699 0.999699 0.999699
7210 50.747474 50.747474 50.747474 0.999699 0.999699 0.999699
7220 50.747474 50.747474 50.747474 0.999699 0.999699 0.999699
7230 50.747474 50.747474 50.747474 0.999699 0.999699 0.999699
7240 50.747474 50.747474 50.747474 0.999699 0.999699 0.999699
7250 50.747474 50.747474 50.747474 0.999699 0.999699 0.999699
7260 50.747474 50.747474 50.747474 0.999699 0.999699 0.999699
7270 50.747474 50.747474 50.747474 0.999699 0.999699 0.999699
7280 50.747474 50.747474 50.747474 0.999699 0.999699 0.999699
7290 50.747474 50.747474 50.747474 0.999699 0.999699 0.999699
7300 50.747474 50.747474 50.747474 0.999699 0.999699 0.999699
7310 50.747474 50.747474 50.747474 0.999699 0.999699 0.999699
7320 50.747474 50.747474 50.747474 0.999699 0.999699 0.999699
7330 50.747474 50.747474 50.747474 0.999699 0.999699 0.999699
7340 50.747474 50.747474 50.747474 0.999699 0.999699 0.999699
7350 50.747474 50.747474 50.747474 0.999699 0.999699 0.999699
7360 50.747474 50.747474 50.747474 0.999699 0.999699 0.999699
7370 50.747474 50.747474 50.747474 0.999699 0.999699 0.999699
7380 50.747474 50.747474 50.747474 0.999699 0.999699 0.999699
7390 50.747474 50.747474 50.747474 0.999699 0.999699 0.999699
7400 50.747474 50.747474 50.747474 0.999699 0.999699 0.999699
7410 50.747474 50.747474 50.747474 0.999699 0.999699 0.999699
7420 50.747474 50.747474 50.747474 0.999699 0.999699 0.999699
7430 50.747474 50.747474 50.747474 0.999699 0.999699 0.999699
7440 50.747474 50.747474 50.747474 0.999699 0.999699 0.999699
7450 50.747474 50.747474 50.747474 0.999699 0.999699 0.999699
7460 50.747474 50.747474 50.747474 0.999699 0.999699 0.999699
7470 50.747474 50.747474 50.747474 0.999699 0.999699 0.999699
7480 50.747474 50.747474 50.747474 0.999699 0.999699 0.999699
7490 50.747474 50.747474 50.747474 0.999699 0.999699 0.999699
7500 50.747474 50.747474 50.747474 0.999699 0.999699 0.999699
7510 50.747474 50.747474 50.747474 0.999699 0.999699 0.999699
7520 50.747474 50.747474 50.747474 0.999699 0.999699 0.999699
7530 50.747474 50.747474 50.747474 0.999699 0.999699 0.999699
7540 50.747474 50.747474 50.747474 0.999699 0.999699 0.999699
7550 50.747474 50.747474 50.747474 0.999699 0.999699 0.999699
7560 50.747474 50.747474 50.747474 0.999699 0.999699 0.999699
7570 50.747474 50.747474 50.747474 0.999699 0.999699 0.999699
7580 50.747474 50.747474 50.747474 0.999699 0.999699 0.999699
7590 50.747474 50.747474 50.747474 0.999699 0.999699 0.999699
7600 50.747474 50.747474 50.747474 0.999699 0.999699 0.999699
7610 50.747474 50.747474 50.747474 0.999699 0.999699 0.999699
7620 50.747474 50.747474 50.747474 0.999699 0.999699 0.999699
7630 50.747474 50.747474 50.747474 0.999699 0.999699 0.999699
7640 50.747474 50.747474 50.747474 0.999699 0.999699 0.999699
7650 50.747474 50.747474 50.747474 0.999699 0.999699 0.999699
7660 50.747474 50.747474 50.747474 0.999699 0.999699 0.999699
7670 50.747474 50.747474 50.747474 0.999699 0.999699 0.999699
7680 50.747474 50.747474 50.747474 0.999699 0.999699 0.999699
7690 50.747474 50.747474 50.747474 0.999699 0.999699 0.999699
7700 50.747474 50.747474 50.747474 0.999699 0.999699 0.999699
7710 50.747474 50.747474 50.747474 0.999699 0.999699 0.999699
7720 50.747474 50.747474 50.747474 0.999699 0.999699 0.999699
7730 50.747474 50.747474 50.747474 0.999699 0.999699 0.999699
7740 50.747474 50.747474 50.747474 0.999699 0.999699 0.999699
7750 50.747474 50.747474 50.747474 0.999699 0.999699 0.999699
7760 50.747474 50.747474 50.747474 0.999699 0.999699 0.999699
7770 50.747474 50.747474 50.747474 0.999699 0.999699 0.999699
7780 50.747474 50.747474 50.747474 0.999699 0.999699 0.999699
7790 50.747474 50.747474 50.747474 0.999699 0.999699 0.999699
7800 50.747474 50.747474 50.747474 0.999699 0.999699 0.999699
7810 50.747474 50.747474 50.747474 0.999699 0.999699 0.999699
7820 50.747474 50.747474 50.747474 0.999699 0.999699 0.999699
7830 50.747474 50.747474 50.747474 0.999699 0.999699 0.999699
7840 50.747474 50.747474 50.747474 0.999699 0.999699 0.999699
7850 50.747474 50.747474 50.747474 0.999699 0.999699 0.999699
7860 50.747474 50.747474 50.747474 0.999699 0.999699 0.999699
7870 50.747474 50.747474 50.747474 0.999699 0.999699 0.999699
7880 50.747474 50.747474 50.747474 0.999699 0.999699 0.999699
7890 50.747474 50.747474 50.747474 0.999699 0.999699 0.999699
7900 50.747474 50.747474 50.747474 0.999699 0.999699 0.999699
7910 50.747474 50.747474 50.747474 0.999699 0.999699 0.999699
7920 50.747474 50.747474 50.747474 0.999699 0.999699 0.999699
7930 50.747474 50.747474 50.747474 0.999699 0.999699 0.999699
7940 50.747474 50.747474 50.747474 0.999699 0.999699 0.999699
7950 50.747474 50.747474 50.747474 0.999699 0.999699 0.999699
7960 50.747474 50.747474 50.747474 0.999699 0.999699 0.999699
7970 50.747474 50.747474 50.747474 0.999699 0.999699 0.999699
7980 50.747474 50.747474 50.747474 0.999699 0.999699 0.999699
7990 50.747474 50.747474 50.747474 0.999699 0.999699 0.999699
8000 50.747474 50.747474 50.747474 0.999699 0.999699 0.999699
8010 50.747474 50.747474 50.747474 0.999699 0.999699 0.999699
8020 50.747474 50.747474 50.747474 0.999699 0.999699 0.999699
8030 50.747474 50.747474 50.747474 0.999699 0.999699 0.999699
8040 50.747474 50.747474 50.747474 0.999699 0.999699 0.999699
8050 50.747474 50.747474 50.747474 0.999699 0.999699 0.999699
8060 50.747474 50.747474 50.747474 0.999699 0.999699 0.999699
8070 50.747474 50.747474 50.747474 0.999699 0.999699 0.999699
8080 50.747474 50.747474 50.747474 0.999699 0.999699 0.999699
8090 50.747474 50.747474 50.747474 0.999699 0.999699 0.999699
8100 50.747474 50.747474 50.747474 0.999699 0.999699 0.999699
8110 50.747474 50.747474 50.747474 0.999699 0.999699 0.999699
8120 50.747474 50.747474 50.747474 0.999699 0.999699 0.999699
8130 50.747474 50.747474 50.747474 0.999699 0.999699 0.999699
8140 50.747474 50.747474 50.747474 0.999699 0.999699 0.999699
8150 50.747474 50.747474 50.747474 0.999699 0.999699 0.999699
8160 50.747474 50.747474 50.747474 0.999699 0.999699 0.999699
8170 50.747474 50.747474 50.747474 0.999699 0.999699 0.999699
8180 50.747474 50.747474 50.747474 0.999699 0.999699 0.999699
8190 50.747474 50.747474 50.747474 0.999699 0.999699 0.999699
8200 50.747474 50.747474 50.747474 0.999699 0.999699 0.999699
8210 50.747474 50.747474 50.747474 0.999699 0.999699 0.999699
8220 50.747474 50.747474 50.747474 0.999699 0.999699 0.999699
8230 50.747474 50.747474 50.747474 0.999699 0.999699 0.999699
8240 50.747474 50.747474 50.747474 0.999699 0.999699 0.999699
8250 50.747474 50.747474 50.747474 0.999699 0.999699 0.999699
8260 50.747474 50.747474 50.747474 0.999699 0.999699 0.999699
8270 50.747474 50.747474 50.747474 0.999699 0.999699 0.999699
8280 50.747474 50.747474 50.747474 0.999699 0.999699 0.999699
8290 50.747474 50.747474 50.747474 0.999699 0.999699 0.999699
8300 50.747474 50.747474 50.747474 0.999699 0.999699 0.999699
8310 50.747474 50.747474 50.747474 0.999699 0.999699 0.999699
8320 50.747474 50.747474 50.747474 0.999699 0.999699 0.999699
8330 50.747474 50.747474 50.747474 0.999699 0.999699 0.999699
8340 50.747474 50.747474 50.747474 0.999699 0.999699 0.999699
8350 50.747474 50.747474 50.747474 0.999699 0.999699 0.999699
8360 50.747474 50.747474 50.747474 0.999699 0.999699 0.999699
8370 50.747474 50.747474 50.747474 0.999699 0.999699 0.999699
8380 50.747474 50.747474 50.747474 0.999699 0.999699 0.999699
8390 50.747474 50.747474 50.747474 0.999699 0.999699 0.999699
8400 50.747474 50.747474 50.747474 0.999699 0.999699 0.999699
8410 50.747474 50.747474 50.747474 0.999699 0.999699 0.999699
8420 50.747474 50.747474 50.747474 0.999699 0.999699 0.999699
8430 50.747474 50.747474 50.747474 0.999699 0.999699 0.999699
8440 50.747474 50.747474 50.747474 0.999699 0.999699 0.999699
8450 50.747474 50.747474 50.747474 0.999699 0.999699 0.999699
8460 50.747474 50.747474 50.747474 0.999699 0.999699 0.999699
8470 50.747474 50.747474 50.747474 0.999699 0.999699 0.999699
8480 50.747474 50.747474 50.747474 0.999699 0.999699 0.999699
8490 50.747474 50.747474 50.747474 0.999699 0.999699 0.999699
8500 50.747474 50.747474 50.747474 0.999699 0.999699 0.999699
8510 50.747474 50.747474 50.747474 0.999699 0.999699 0.999699
8520 50.747474 50.747474 50.747474 0.999699 0.999699 0.999699
8530 50.747474 50.747474 50.747474 0.999699 0.999699 0.999699
8540 50.747474 50.747474 50.747474 0.999699 0.999699 0.999699
8550 50.747474 50.747474 50.747474 0.999699 0.999699 0.999699
8560 50.747474 50.747474 50.747474 0.999699 0.999699 0.999699
8570 50.747474 50.747474 50.747474 0.999699 0.999699 0.999699
8580 50.747474 50.747474 50.747474 0.999699 0.999699 0.999699
8590 50.747474 50.747474 50.747474 0.999699 0.999699 0.999699
8600 50.747474 50.747474 50.747474 0.999699 0.999699 0.999699
8610 50.747474 50.747474 50.747474 0.999699 0.999699 0.999699
8620 50.747474 50.747474 50.747474 0.999699 0.999699 0.999699
8630 50.747474 50.747474 50.747474 0.999699 0.999699 0.999699
8640 50.747474 50.747474 50.747474 0.999699 0.999699 0.999699
8650 50.747474 50.747474 50.747474 0.999699 0.999699 0.999699
8660 50.747474 50.747474 50.747474 0.999699 0.999699 0.999699
8670 50.747474 50.747474 50.747474 0.999699 0.999699 0.999699
8680 50.747474 50.747474 50.747474 0.999699 0.999699 0.999699
8690 50.747474 50.747474 50.747474 0.999699 0.999699 0.999699
8700 50.747474 50.747474 50.747474 0.999699 0.999699 0.999699
8710 50.747474 50.747474 50.747474 0.999699 0.999699 0.999699
8720 50.747474 50.747474 50.747474 0.999699 0.999699 0.999699
8730 50.747474 50.747474 50.747474 0.999699 0.999699 0.999699
8740 50.747474 50.747474 50.747474 0.999699 0.999699 0.999699
8750 50.747474 50.747474 50.747474 0.999699 0.999699 0.999699
8760 50.747474 50.747474 50.747474 0.999699 0.999699 0.999699
8770 50.747474 50.747474 50.747474 0.999699 0.999699 0.999699
8780 50.747474 50.747474 50.747474 0.999699 0.999699 0.999699
8790 50.747474 50.747474 50.747474 0.999699 0.999699 0.999699
8800 50.747474 50.747474 50.747474 0.999699 0.999699 0.999699
8810 50.747474 50.747474 50.747474 0.999699 0.999699 0.999699
8820 50.747474 50.747474 50.747474 0.999699 0.999699 0.999699
8830 50.747474 50.747474 50.747474 0.999699 0.999699 0.999699
8840 50.747474 50.747474 50.747474 0.999699 0.999699 0.999699
8850 50.747474 50.747474 50.747474 0.999699 0.999699 0.999699
8860 50.747474 50.747474 50.747474 0.999699 0.999699 0.999699
8870 50.747474 50.747474 50.747474 0.999699 0.999699 0.999699
8880 50.747474 50.747474 50.747474 0.999699 0.999699 0.999699
8890 50.747474 50.747474 50.747474 0.999699 0.999699 0.999699
8900 50.747474 50.747474 50.747474 0.999699 0.999699 0.999699
8910 50.747474 50.747474 50.747474 0.999699 0.999699 0.999699
8920 50.747474 50.747474 50.747474 0.999699 0.999699 0.999699
8930 50.747474 50.747474 50.747474 0.999699 0.999699 0.999699
8940 50.747474 50.747474 50.747474 0.999699 0.999699 0.999699
8950 50.747474 50.747474 50.747474 0.999699 0.999699 0.999699
8960 50.747474 50.747474 50.747474 0.999699 0.999699 0.999699
8970 50.747474 50.747474 50.747474 0.999699 0.999699 0.999699
8980 50.747474 50.747474 50.747474 0.999699 0.999699 0.999699
8990 50.747474 50.747474 50.747474 0.999699 0.999699 0.999699
9000 50.747474 50.747474 50.747474 0.999699 0.999699 0.999699
9010 50.747474 50.747474 50.747474 0.999699 0.999699 0.999699
9020 50.747474 50.747474 50.747474 0.999699 0.999699 0.999699
9030 50.747474 50.747474 50.747474 0.999699 0.999699 0.999699
9040 50.747474 50.747474 50.747474 0.999699 0.999699 0.999699
9050 50.747474 50.747474 50.747474 0.999699 0.999699 0.999699
9060 50.747474 50.747474 50.747474 0.999699 0.999699 0.999699
9070 50.747474 50.747474 50.747474 0.999699 0.999699 0.999699
9080 50.747474 50.747474 50.747474 0.999699 0.999699 0.999699
9090 50.747474 50.747474 50.747474 0.999699 0.999699 0.999699
9100 50.747474 50.747474 50.747474 0.999699 0.999699 0.999699
9110 50.747474 50.747474 50.747474 0.999699 0.999699 0.999699
9120 50.747474 50.747474 50.747474 0.999699 0.999699 0.999699
9130 50.747474 50.747474 50.747474 0.999699 0.999699 0.999699
9140 50.747474 50.747474 50.747474 0.999699 0.999699 0.999699
9150 50.747474 50.747474 50.747474 0.999699 0.999699 0.999699
9160 50.747474 50.747474 50.747474 0.999699 0.999699 0.999699
9170 50.747474 50.747474 50.747474 0.999699 0.999699 0.999699
9180 50.747474 50.747474 50.747474 0.999699 0.999699 0.999699
9190 50.747474 50.747474 50.747474 0.999699 0.999699 0.999699
9200 50.747474 50.747474 50.747474 0.999699 0.999699 0.999699
9210 50.747474 50.747474 50.747474 0.999699 0.999699 0.999699
9220 50.747474 50.747474 50.747474 0.999699 0.999699 0.999699
9230 50.747474 50.747474 50.747474 0.999699 0.999699 0.999699
9240 50.747474 50.747474 50.747474 0.999699 0.999699 0.999699
9250 50.747474 50.747474 50.747474 0.999699 0.999699 0.999699
9260 50.747474 50.747474 50.747474 0.999699 0.999699 0.999699
9270 50.747474 50.747474 50.747474 0.999699 0.999699 0.999699
9280 50.747474 50.747474 50.747474 0.999699 0.999699 0.999699
9290 50.747474 50.747474 50.747474 0.999699 0.999699 0.999699
9300 50.747474 50.747474 50.747474 0.999699 0.999699 0.999699
9310 50.747474 50.747474 50.747474 0.999699 0.999699 0.999699
9320 50.747474 50.747474 50.747474 0.999699 0.999699 0.999699
9330 50.747474 50.747474 50.747474 0.999699 0.999699 0.999699
9340 50.747474 50.747474 50.747474 0.999699 0.999699 0.999699
9350 50.747474 50.747474 50.747474 0.999699 0.999699 0.999699
9360 50.747474 50.747474 50.747474 0.999699 0.999699 0.999699
9370 50.747474 50.747474 50.747474 0.999699 0.999699 0.999699
9380 50.747474 50.747474 50.747474 0.999699 0.999699 0.999699
9390 50.747474 50.747474 50.747474 0.999699 0.999699 0.999699
9400 50.747474 50.747474 50.747474 0.999699 0.999699 0.999699
9410 50.747474 50.747474 50.747474 0.999699 0.999699 0.999699
9420 50.747474 50.747474 50.747474 0.999699 0.999699 0.999699
9430 50.747474 50.747474 50.747474 0.999699 0.999699 0.999699
9440 50.747474 50.747474 50.747474 0.999699 0.999699 0.999699
9450 50.747474 50.747474 50.747474 0.999699 0.999699 0.999699
9460 50.747474 50.747474 50.747474 0.999699 0.999699 0.999699
9470 50.747474 50.747474 50.747474 0.999699 0.999699 0.999699
9480 50.747474 50.747474 50.747474 0.999699 0.999699 0.999699
9490 50.747474 50.747474 50.747474 0.999699 0.999699 0.999699
9500 50.747474 50.747474 50.747474 0.999699 0.999699 0.999699
9510 50.747474 50.747474 50.747474 0.999699 0.999699 0.999699
9520 50.747474 50.747474 50.747474 0.999699 0.999699 0.999699
9530 50.747474 50.747474 50.747474 0.999699 0.999699 0.999699
9540 50.747474 50.747474 50.747474 0.999699 0.999699 0.999699
9550 50.747474 50.747474 50.747474 0.999699 0.999699 0.999699
9560 50.747474 50.747474 50.747474 0.999699 0.999699 0.999699
9570 50.747474 50.747474 50.747474 0.999699 0.999699 0.999699
9580 50.747474 50.747474 50.747474 0.999699 0.999699 0.999699
9590 50.747474 50.747474 50.747474 0.999699 0.999699 0.999699
9600 50.747474 50.747474 50.747474 0.999699 0.999699 0.999699
9610 50.747474 50.747474 50.747474 0.999699 0.999699 0.999699
9620 50.747474 50.747474 50.747474 0.999699 0.999699 0.999699
9630 50.747474 50.747474 50.747474 0.999699 0.999699 0.999699
9640 50.747474 50.747474 50.747474 0.999699 0.999699 0.999699
9650 50.747474 50.747474 50.747474 0.999699 0.999699 0.999699
9660 50.747474 50.747474 50.747474 0.999699 0.999699 0.999699
9670 50.747474 50.747474 50.747474 0.999699 0.999699 0.999699
9680 50.747474 50.747474 50.747474 0.999699 0.999699 0.999699
9690 50.747474 50.747474 50.747474 0.999699 0.999699 0.999699
9700 50.747474 50.747474 50.747474 0.999699 0.999699 0.999699
9710 50.747474 50.747474 50.747474 0.999699 0.999699 0.999699
9720 50.747474 50.747474 50.747474 0.999699 0.999699 0.999699
9730 50.747474 50.747474 50.747474 0.999699 0.999699 0.999699
9740 50.747474 50.747474 50.747474 0.999699 0.999699 0.999699
9750 50.747474 50.747474 50.747474 0.999699 0.999699 0.999699
9760 50.747474 50.747474 50.747474 0.999699 0.999699 0.999699
9770 50.747474 50.747474 50.747474 0.999699 0.999699 0.999699
9780 50.747474 50.747474 50.747474 0.999699 0.999699 0.999699
9790 50.747474 50.747474 50.747474 0.999699 0.999699 0.999699
9800 50.747474 50.747474 50.747474 0.999699 0.999699 0.999699
9810 50.747474 50.747474 50.747474 0.999699 0.999699 0.999699
9820 50.747474 50.747474 50.747474 0.999699 0.999699 0.999699
9830 50.747474 50.747474 50.747474 0.999699 0.999699 0.999699
9840 50.747474 50.747474 50.747474 0.999699 0.999699 0.999699
9850 50.747474 50.747474 50.747474 0.999699 0.999699 0.999699
9860 50.747474 50.747474 50.747474 0.999699 0.999699 0.999699
9870 50.747474 50.747474 50.747474 0.999699 0.999699 0.999699
9880 50.747474 50.747474 50.747474 0.999699 0.999699 0.999699
9890 50.747474 50.747474 50.747474 0.999699 0.999699 0.999699
9900 50.747474 50.747474 50.747474 0.999699 0.999699 0.999699
9910 50.747474 50.747474 50.747474 0.999699 0.999699 0.999699
9920 50.747474 50.747474 50.747474 0.999699 0.999699 0.999699
9930 50.747474 50.747474 50.747474 0.999699 0.999699 0.999699
9940 50.747474 50.747474 50.747474 0.999699 0.999699 0.999699
9950 50.747474 50.747474 50.747474 0.999699 0.999699 0.999699
9960 50.747474 50.747474 50.747474 0.999699 0.999699 0.999699
9970 50.747474 50.747474 50.747474 0.999699 0.999699 0.999699
9980 50.747474 50.747474 50.747474 0.999699 0.999699 0.999699
9990 50.747474 50.747474 50.747474 0.999699 0.999699 0.999699
10000 50.747474 50.747474 50.747474 0.999699 0.999699 0.999699
