# generation power_min power_avg power_max util_min util_avg util_max
1 6.753657 8.016599 9.529838 0.313923 0.455187 0.681578
100 5.672473 6.694801 7.289033 0.314961 0.462440 0.636034
200 4.884759 5.503005 6.115418 0.281532 0.461067 0.561137
300 4.209851 4.716697 5.088259 0.269043 0.384824 0.554081
400 4.078717 4.248750 4.450804 0.288200 0.349951 0.436668
500 3.830949 4.028172 4.129405 0.279325 0.330019 0.404917
600 3.744231 3.840198 3.925709 0.275635 0.313042 0.359360
700 3.720853 3.739224 3.769351 0.287307 0.311631 0.333324
800 3.706625 3.717571 3.720853 0.299973 0.303808 0.337956
900 3.706625 3.706625 3.706626 0.308616 0.308685 0.308760
1000 3.706625 3.706625 3.706625 0.308760 0.308760 0.308760
1100 3.706625 3.706625 3.706625 0.308760 0.308760 0.308760
1200 3.706625 3.706625 3.706625 0.308760 0.308760 0.308760
1300 3.706625 3.706625 3.706625 0.308760 0.308760 0.308760
1400 3.706625 3.706625 3.706625 0.308760 0.308760 0.308760
1500 3.706625 3.706625 3.706625 0.308760 0.308760 0.308760
1600 3.706625 3.706625 3.706625 0.308760 0.308760 0.308760
1700 3.706625 3.706625 3.706625 0.308760 0.308760 0.308760
1800 3.706625 3.706625 3.706625 0.308760 0.308760 0.308760
1900 3.706625 3.706625 3.706625 0.308760 0.308760 0.308760
2000 3.706625 3.706625 3.706625 0.308760 0.308760 0.308760
2100 3.706625 3.706625 3.706625 0.308760 0.308760 0.308760
2200 3.706625 3.706625 3.706625 0.308760 0.308760 0.308760
2300 3.706625 3.706625 3.706625 0.308760 0.308760 0.308760
2400 3.706625 3.706625 3.706625 0.308760 0.308760 0.308760
2500 3.706625 3.706625 3.706625 0.308760 0.308760 0.308760
2600 3.706625 3.706625 3.706625 0.308760 0.308760 0.308760
2700 3.706625 3.706625 3.706625 0.308760 0.308760 0.308760
2800 3.706625 3.706625 3.706625 0.308760 0.308760 0.308760
2900 3.706625 3.706625 3.706625 0.308760 0.308760 0.308760
3000 3.706625 3.706625 3.706625 0.308760 0.308760 0.308760
3100 3.706625 3.706625 3.706625 0.308760 0.308760 0.308760
3200 3.706625 3.706625 3.706625 0.308760 0.308760 0.308760
3300 3.706625 3.706625 3.706625 0.308760 0.308760 0.308760
3400 3.706625 3.706625 3.706625 0.308760 0.308760 0.308760
3500 3.706625 3.706625 3.706625 0.308760 0.308760 0.308760
3600 3.706625 3.706625 3.706625 0.308760 0.308760 0.308760
3700 3.706625 3.706625 3.706625 0.308760 0.308760 0.308760
3800 3.706625 3.706625 3.706625 0.308760 0.308760 0.308760
3900 3.706625 3.706625 3.706625 0.308760 0.308760 0.308760
4000 3.706625 3.706625 3.706625 0.308760 0.308760 0.308760
4100 3.706625 3.706625 3.706625 0.308760 0.308760 0.308760
4200 3.706625 3.706625 3.706625 0.308760 0.308760 0.308760
4300 3.706625 3.706625 3.706625 0.308760 0.308760 0.308760
4400 3.706625 3.706625 3.706625 0.308760 0.308760 0.308760
4500 3.706625 3.706625 3.706625 0.308760 0.308760 0.308760
4600 3.706625 3.706625 3.706625 0.308760 0.308760 0.308760
4700 3.706625 3.706625 3.706625 0.308760 0.308760 0.308760
4800 3.706625 3.706625 3.706625 0.308760 0.308760 0.308760
4900 3.706625 3.706625 3.706625 0.308760 0.308760 0.308760
5000 3.706625 3.706625 3.706625 0.308760 0.308760 0.308760
5100 3.706625 3.706625 3.706625 0.308760 0.308760 0.308760
5200 3.706625 3.706625 3.706625 0.308760 0.308760 0.308760
5300 3.706625 3.706625 3.706625 0.308760 0.308760 0.308760
5400 3.706625 3.706625 3.706625 0.308760 0.308760 0.308760
5500 3.706625 3.706625 3.706625 0.308760 0.308760 0.308760
5600 3.706625 3.706625 3.706625 0.308760 0.308760 0.308760
5700 3.706625 3.706625 3.706625 0.308760 0.308760 0.308760
5800 3.706625 3.706625 3.706625 0.308760 0.308760 0.308760
5900 3.706625 3.706625 3.706625 0.308760 0.308760 0.308760
6000 3.706625 3.706625 3.706625 0.308760 0.308760 0.308760
6100 3.706625 3.706625 3.706625 0.308760 0.308760 0.308760
6200 3.706625 3.706625 3.706625 0.308760 0.308760 0.308760
6300 3.706625 3.706625 3.706625 0.308760 0.308760 0.308760
6400 3.706625 3.706625 3.706625 0.308760 0.308760 0.308760
6500 3.706625 3.706625 3.706625 0.308760 0.308760 0.308760
6600 3.706625 3.706625 3.706625 0.308760 0.308760 0.308760
6700 3.706625 3.706625 3.706625 0.308760 0.308760 0.308760
6800 3.706625 3.706625 3.706625 0.308760 0.308760 0.308760
6900 3.706625 3.706625 3.706625 0.308760 0.308760 0.308760
7000 3.706625 3.706625 3.706625 0.308760 0.308760 0.308760
7100 3.706625 3.706625 3.706625 0.308760 0.308760 0.308760
7200 3.706625 3.706625 3.706625 0.308760 0.308760 0.308760
7300 3.706625 3.706625 3.706625 0.308760 0.308760 0.308760
7400 3.706625 3.706625 3.706625 0.308760 0.308760 0.308760
7500 3.706625 3.706625 3.706625 0.308760 0.308760 0.308760
7600 3.706625 3.706625 3.706625 0.308760 0.308760 0.308760
7700 3.706625 3.706625 3.706625 0.308760 0.308760 0.308760
7800 3.706625 3.706625 3.706625 0.308760 0.308760 0.308760
7900 3.706625 3.706625 3.706625 0.308760 0.308760 0.308760
8000 3.706625 3.706625 3.706625 0.308760 0.308760 0.308760
8100 3.706625 3.706625 3.706625 0.308760 0.308760 0.308760
8200 3.706625 3.706625 3.706625 0.308760 0.308760 0.308760
8300 3.706625 3.706625 3.706625 0.308760 0.308760 0.308760
8400 3.706625 3.706625 3.706625 0.308760 0.308760 0.308760
8500 3.706625 3.706625 3.706625 0.308760 0.308760 0.308760
8600 3.706625 3.706625 3.706625 0.308760 0.308760 0.308760
8700 3.706625 3.706625 3.706625 0.308760 0.308760 0.308760
8800 3.706625 3.706625 3.706625 0.308760 0.308760 0.308760
8900 3.706625 3.706625 3.706625 0.308760 0.308760 0.308760
9000 3.706625 3.706625 3.706625 0.308760 0.308760 0.308760
9100 3.706625 3.706625 3.706625 0.308760 0.308760 0.308760
9200 3.706625 3.706625 3.706625 0.308760 0.308760 0.308760
9300 3.706625 3.706625 3.706625 0.308760 0.308760 0.308760
9400 3.706625 3.706625 3.706625 0.308760 0.308760 0.308760
9500 3.706625 3.706625 3.706625 0.308760 0.308760 0.308760
9600 3.706625 3.706625 3.706625 0.308760 0.308760 0.308760
9700 3.706625 3.706625 3.706625 0.308760 0.308760 0.308760
9800 3.706625 3.706625 3.706625 0.308760 0.308760 0.308760
9900 3.706625 3.706625 3.706625 0.308760 0.308760 0.308760
10000 3.706625 3.706625 3.706625 0.308760 0.308760 0.308760
10100 3.706625 3.706625 3.706625 0.308760 0.308760 0.308760
10200 3.706625 3.706625 3.706625 0.308760 0.308760 0.308760
10300 3.706625 3.706625 3.706625 0.308760 0.308760 0.308760
10400 3.706625 3.706625 3.706625 0.308760 0.308760 0.308760
10500 3.706625 3.706625 3.706625 0.308760 0.308760 0.308760
10600 3.706625 3.706625 3.706625 0.308760 0.308760 0.308760
10700 3.706625 3.706625 3.706625 0.308760 0.308760 0.308760
10800 3.706625 3.706625 3.706625 0.308760 0.308760 0.308760
10900 3.706625 3.706625 3.706625 0.308760 0.308760 0.308760
11000 3.706625 3.706625 3.706625 0.308760 0.308760 0.308760
11100 3.706625 3.706625 3.706625 0.308760 0.308760 0.308760
11200 3.706625 3.706625 3.706625 0.308760 0.308760 0.308760
11300 3.706625 3.706625 3.706625 0.308760 0.308760 0.308760
11400 3.706625 3.706625 3.706625 0.308760 0.308760 0.308760
11500 3.706625 3.706625 3.706625 0.308760 0.308760 0.308760
11600 3.706625 3.706625 3.706625 0.308760 0.308760 0.308760
11700 3.706625 3.706625 3.706625 0.308760 0.308760 0.308760
11800 3.706625 3.706625 3.706625 0.308760 0.308760 0.308760
11900 3.706625 3.706625 3.706625 0.308760 0.308760 0.308760
12000 3.706625 3.706625 3.706625 0.308760 0.308760 0.308760
12100 3.706625 3.706625 3.706625 0.308760 0.308760 0.308760
12200 3.706625 3.706625 3.706625 0.308760 0.308760 0.308760
12300 3.706625 3.706625 3.706625 0.308760 0.308760 0.308760
12400 3.706625 3.706625 3.706625 0.308760 0.308760 0.308760
12500 3.706625 3.706625 3.706625 0.308760 0.308760 0.308760
12600 3.706625 3.706625 3.706625 0.308760 0.308760 0.308760
12700 3.706625 3.706625 3.706625 0.308760 0.308760 0.308760
12800 3.706625 3.706625 3.706625 0.308760 0.308760 0.308760
12900 3.706625 3.706625 3.706625 0.308760 0.308760 0.308760
13000 3.706625 3.706625 3.706625 0.308760 0.308760 0.308760
13100 3.706625 3.706625 3.706625 0.308760 0.308760 0.308760
13200 3.706625 3.706625 3.706625 0.308760 0.308760 0.308760
13300 3.706625 3.706625 3.706625 0.308760 0.308760 0.308760
13400 3.706625 3.706625 3.706625 0.308760 0.308760 0.308760
13500 3.706625 3.706625 3.706625 0.308760 0.308760 0.308760
13600 3.706625 3.706625 3.706625 0.308760 0.308760 0.308760
13700 3.706625 3.706625 3.706625 0.308760 0.308760 0.308760
13800 3.706625 3.706625 3.706625 0.308760 0.308760 0.308760
13900 3.706625 3.706625 3.706625 0.308760 0.308760 0.308760
14000 3.706625 3.706625 3.706625 0.308760 0.308760 0.308760
14100 3.706625 3.706625 3.706625 0.308760 0.308760 0.308760
14200 3.706625 3.706625 3.706625 0.308760 0.308760 0.308760
14300 3.706625 3.706625 3.706625 0.308760 0.308760 0.308760
14400 3.706625 3.706625 3.706625 0.308760 0.308760 0.308760
14500 3.706625 3.706625 3.706625 0.308760 0.308760 0.308760
14600 3.706625 3.706625 3.706625 0.308760 0.308760 0.308760
14700 3.706625 3.706625 3.706625 0.308760 0.308760 0.308760
14800 3.706625 3.706625 3.706625 0.308760 0.308760 0.308760
14900 3.706625 3.706625 3.706625 0.308760 0.308760 0.308760
15000 3.706625 3.706625 3.706625 0.308760 0.308760 0.308760
15100 3.706625 3.706625 3.706625 0.308760 0.308760 0.308760
15200 3.706625 3.706625 3.706625 0.308760 0.308760 0.308760
15300 3.706625 3.706625 3.706625 0.308760 0.308760 0.308760
15400 3.706625 3.706625 3.706625 0.308760 0.308760 0.308760
15500 3.706625 3.706625 3.706625 0.308760 0.308760 0.308760
15600 3.706625 3.706625 3.706625 0.308760 0.308760 0.308760
15700 3.706625 3.706625 3.706625 0.308760 0.308760 0.308760
15800 3.706625 3.706625 3.706625 0.308760 0.308760 0.308760
15900 3.706625 3.706625 3.706625 0.308760 0.308760 0.308760
16000 3.706625 3.706625 3.706625 0.308760 0.308760 0.308760
16100 3.706625 3.706625 3.706625 0.308760 0.308760 0.308760
16200 3.706625 3.706625 3.706625 0.308760 0.308760 0.308760
16300 3.706625 3.706625 3.706625 0.308760 0.308760 0.308760
16400 3.706625 3.706625 3.706625 0.308760 0.308760 0.308760
16500 3.706625 3.706625 3.706625 0.308760 0.308760 0.308760
16600 3.706625 3.706625 3.706625 0.308760 0.308760 0.308760
16700 3.706625 3.706625 3.706625 0.308760 0.308760 0.308760
16800 3.706625 3.706625 3.706625 0.308760 0.308760 0.308760
16900 3.706625 3.706625 3.706625 0.308760 0.308760 0.308760
17000 3.706625 3.706625 3.706625 0.308760 0.308760 0.308760
17100 3.706625 3.706625 3.706625 0.308760 0.308760 0.308760
17200 3.706625 3.706625 3.706625 0.308760 0.308760 0.308760
17300 3.706625 3.706625 3.706625 0.308760 0.308760 0.308760
17400 3.706625 3.706625 3.706625 0.308760 0.308760 0.308760
17500 3.706625 3.706625 3.706625 0.308760 0.308760 0.308760
17600 3.706625 3.706625 3.706625 0.308760 0.308760 0.308760
17700 3.706625 3.706625 3.706625 0.308760 0.308760 0.308760
17800 3.706625 3.706625 3.706625 0.308760 0.308760 0.308760
17900 3.706625 3.706625 3.706625 0.308760 0.308760 0.308760
18000 3.706625 3.706625 3.706625 0.308760 0.308760 0.308760
18100 3.706625 3.706625 3.706625 0.308760 0.308760 0.308760
18200 3.706625 3.706625 3.706625 0.308760 0.308760 0.308760
18300 3.706625 3.706625 3.706625 0.308760 0.308760 0.308760
18400 3.706625 3.706625 3.706625 0.308760 0.308760 0.308760
18500 3.706625 3.706625 3.706625 0.308760 0.308760 0.308760
18600 3.706625 3.706625 3.706625 0.308760 0.308760 0.308760
18700 3.706625 3.706625 3.706625 0.308760 0.308760 0.308760
18800 3.706625 3.706625 3.706625 0.308760 0.308760 0.308760
18900 3.706625 3.706625 3.706625 0.308760 0.308760 0.308760
19000 3.706625 3.706625 3.706625 0.308760 0.308760 0.308760
19100 3.706625 3.706625 3.706625 0.308760 0.308760 0.308760
19200 3.706625 3.706625 3.706625 0.308760 0.308760 0.308760
19300 3.706625 3.706625 3.706625 0.308760 0.308760 0.308760
19400 3.706625 3.706625 3.706625 0.308760 0.308760 0.308760
19500 3.706625 3.706625 3.706625 0.308760 0.308760 0.308760
19600 3.706625 3.706625 3.706625 0.308760 0.308760 0.308760
19700 3.706625 3.706625 3.706625 0.308760 0.308760 0.308760
19800 3.706625 3.706625 3.706625 0.308760 0.308760 0.308760
19900 3.706625 3.706625 3.706625 0.308760 0.308760 0.308760
20000 3.706625 3.706625 3.706625 0.308760 0.308760 0.308760
20100 3.706625 3.706625 3.706625 0.308760 0.308760 0.308760
20200 3.706625 3.706625 3.706625 0.308760 0.308760 0.308760
20300 3.706625 3.706625 3.706625 0.308760 0.308760 0.308760
20400 3.706625 3.706625 3.706625 0.308760 0.308760 0.308760
20500 3.706625 3.706625 3.706625 0.308760 0.308760 0.308760
20600 3.706625 3.706625 3.706625 0.308760 0.308760 0.308760
20700 3.706625 3.706625 3.706625 0.308760 0.308760 0.308760
20800 3.706625 3.706625 3.706625 0.308760 0.308760 0.308760
20900 3.706625 3.706625 3.706625 0.308760 0.308760 0.308760
21000 3.706625 3.706625 3.706625 0.308760 0.308760 0.308760
21100 3.706625 3.706625 3.706625 0.308760 0.308760 0.308760
21200 3.706625 3.706625 3.706625 0.308760 0.308760 0.308760
21300 3.706625 3.706625 3.706625 0.308760 0.308760 0.308760
21400 3.706625 3.706625 3.706625 0.308760 0.308760 0.308760
21500 3.706625 3.706625 3.706625 0.308760 0.308760 0.308760
21600 3.706625 3.706625 3.706625 0.308760 0.308760 0.308760
21700 3.706625 3.706625 3.706625 0.308760 0.308760 0.308760
21800 3.706625 3.706625 3.706625 0.308760 0.308760 0.308760
21900 3.706625 3.706625 3.706625 0.308760 0.308760 0.308760
22000 3.706625 3.706625 3.706625 0.308760 0.308760 0.308760
22100 3.706625 3.706625 3.706625 0.308760 0.308760 0.308760
22200 3.706625 3.706625 3.706625 0.308760 0.308760 0.308760
22300 3.706625 3.706625 3.706625 0.308760 0.308760 0.308760
22400 3.706625 3.706625 3.706625 0.308760 0.308760 0.308760
22500 3.706625 3.706625 3.706625 0.308760 0.308760 0.308760
22600 3.706625 3.706625 3.706625 0.308760 0.308760 0.308760
22700 3.706625 3.706625 3.706625 0.308760 0.308760 0.308760
22800 3.706625 3.706625 3.706625 0.308760 0.308760 0.308760
22900 3.706625 3.706625 3.706625 0.308760 0.308760 0.308760
23000 3.706625 3.706625 3.706625 0.308760 0.308760 0.308760
23100 3.706625 3.706625 3.706625 0.308760 0.308760 0.308760
23200 3.706625 3.706625 3.706625 0.308760 0.308760 0.308760
23300 3.706625 3.706625 3.706625 0.308760 0.308760 0.308760
23400 3.706625 3.706625 3.706625 0.308760 0.308760 0.308760
23500 3.706625 3.706625 3.706625 0.308760 0.308760 0.308760
23600 3.706625 3.706625 3.706625 0.308760 0.308760 0.308760
23700 3.706625 3.706625 3.706625 0.308760 0.308760 0.308760
23800 3.706625 3.706625 3.706625 0.308760 0.308760 0.308760
23900 3.706625 3.706625 3.706625 0.308760 0.308760 0.308760
24000 3.706625 3.706625 3.706625 0.308760 0.308760 0.308760
24100 3.706625 3.706625 3.706625 0.308760 0.308760 0.308760
24200 3.706625 3.706625 3.706625 0.308760 0.308760 0.308760
24300 3.706625 3.706625 3.706625 0.308760 0.308760 0.308760
24400 3.706625 3.706625 3.706625 0.308760 0.308760 0.308760
24500 3.706625 3.706625 3.706625 0.308760 0.308760 0.308760
24600 3.706625 3.706625 3.706625 0.308760 0.308760 0.308760
24700 3.706625 3.706625 3.706625 0.308760 0.308760 0.308760
24800 3.706625 3.706625 3.706625 0.308760 0.308760 0.308760
24900 3.706625 3.706625 3.706625 0.308760 0.308760 0.308760
25000 3.706625 3.706625 3.706625 0.308760 0.308760 0.308760
25100 3.706625 3.706625 3.706625 0.308760 0.308760 0.308760
25200 3.706625 3.706625 3.706625 0.308760 0.308760 0.308760
25300 3.706625 3.706625 3.706625 0.308760 0.308760 0.308760
25400 3.706625 3.706625 3.706625 0.308760 0.308760 0.308760
25500 3.706625 3.706625 3.706625 0.308760 0.308760 0.308760
25600 3.706625 3.706625 3.706625 0.308760 0.308760 0.308760
25700 3.706625 3.706625 3.706625 0.308760 0.308760 0.308760
25800 3.706625 3.706625 3.706625 0.308760 0.308760 0.308760
25900 3.706625 3.706625 3.706625 0.308760 0.308760 0.308760
26000 3.706625 3.706625 3.706625 0.308760 0.308760 0.308760
26100 3.706625 3.706625 3.706625 0.308760 0.308760 0.308760
26200 3.706625 3.706625 3.706625 0.308760 0.308760 0.308760
26300 3.706625 3.706625 3.706625 0.308760 0.308760 0.308760
26400 3.706625 3.706625 3.706625 0.308760 0.308760 0.308760
26500 3.706625 3.706625 3.706625 0.308760 0.308760 0.308760
26600 3.706625 3.706625 3.706625 0.308760 0.308760 0.308760
26700 3.706625 3.706625 3.706625 0.308760 0.308760 0.308760
26800 3.706625 3.706625 3.706625 0.308760 0.308760 0.308760
26900 3.706625 3.706625 3.706625 0.308760 0.308760 0.308760
27000 3.706625 3.706625 3.706625 0.308760 0.308760 0.308760
27100 3.706625 3.706625 3.706625 0.308760 0.308760 0.308760
27200 3.706625 3.706625 3.706625 0.308760 0.308760 0.308760
27300 3.706625 3.706625 3.706625 0.308760 0.308760 0.308760
27400 3.706625 3.706625 3.706625 0.308760 0.308760 0.308760
27500 3.706625 3.706625 3.706625 0.308760 0.308760 0.308760
27600 3.706625 3.706625 3.706625 0.308760 0.308760 0.308760
27700 3.706625 3.706625 3.706625 0.308760 0.308760 0.308760
27800 3.706625 3.706625 3.706625 0.308760 0.308760 0.308760
27900 3.706625 3.706625 3.706625 0.308760 0.308760 0.308760
28000 3.706625 3.706625 3.706625 0.308760 0.308760 0.308760
28100 3.706625 3.706625 3.706625 0.308760 0.308760 0.308760
28200 3.706625 3.706625 3.706625 0.308760 0.308760 0.308760
28300 3.706625 3.706625 3.706625 0.308760 0.308760 0.308760
28400 3.706625 3.706625 3.706625 0.308760 0.308760 0.308760
28500 3.706625 3.706625 3.706625 0.308760 0.308760 0.308760
28600 3.706625 3.706625 3.706625 0.308760 0.308760 0.308760
28700 3.706625 3.706625 3.706625 0.308760 0.308760 0.308760
28800 3.706625 3.706625 3.706625 0.308760 0.308760 0.308760
28900 3.706625 3.706625 3.706625 0.308760 0.308760 0.308760
29000 3.706625 3.706625 3.706625 0.308760 0.308760 0.308760
29100 3.706625 3.706625 3.706625 0.308760 0.308760 0.308760
29200 3.706625 3.706625 3.706625 0.308760 0.308760 0.308760
29300 3.706625 3.706625 3.706625 0.308760 0.308760 0.308760
29400 3.706625 3.706625 3.706625 0.308760 0.308760 0.308760
29500 3.706625 3.706625 3.706625 0.308760 0.308760 0.308760
29600 3.706625 3.706625 3.706625 0.308760 0.308760 0.308760
29700 3.706625 3.706625 3.706625 0.308760 0.308760 0.308760
29800 3.706625 3.706625 3.706625 0.308760 0.308760 0.308760
29900 3.706625 3.706625 3.706625 0.308760 0.308760 0.308760
30000 3.706625 3.706625 3.706625 0.308760 0.308760 0.308760
30100 3.706625 3.706625 3.706625 0.308760 0.308760 0.308760
30200 3.706625 3.706625 3.706625 0.308760 0.308760 0.308760
30300 3.706625 3.706625 3.706625 0.308760 0.308760 0.308760
30400 3.706625 3.706625 3.706625 0.308760 0.308760 0.308760
30500 3.706625 3.706625 3.706625 0.308760 0.308760 0.308760
30600 3.706625 3.706625 3.706625 0.308760 0.308760 0.308760
30700 3.706625 3.706625 3.706625 0.308760 0.308760 0.308760
30800 3.706625 3.706625 3.706625 0.308760 0.308760 0.308760
30900 3.706625 3.706625 3.706625 0.308760 0.308760 0.308760
31000 3.706625 3.706625 3.706625 0.308760 0.308760 0.308760
31100 3.706625 3.706625 3.706625 0.308760 0.308760 0.308760
31200 3.706625 3.706625 3.706625 0.308760 0.308760 0.308760
31300 3.706625 3.706625 3.706625 0.308760 0.308760 0.308760
31400 3.706625 3.706625 3.706625 0.308760 0.308760 0.308760
31500 3.706625 3.706625 3.706625 0.308760 0.308760 0.308760
31600 3.706625 3.706625 3.706625 0.308760 0.308760 0.308760
31700 3.706625 3.706625 3.706625 0.308760 0.308760 0.308760
31800 3.706625 3.706625 3.706625 0.308760 0.308760 0.308760
31900 3.706625 3.706625 3.706625 0.308760 0.308760 0.308760
32000 3.706625 3.706625 3.706625 0.308760 0.308760 0.308760
32100 3.706625 3.706625 3.706625 0.308760 0.308760 0.308760
32200 3.706625 3.706625 3.706625 0.308760 0.308760 0.308760
32300 3.706625 3.706625 3.706625 0.308760 0.308760 0.308760
32400 3.706625 3.706625 3.706625 0.308760 0.308760 0.308760
32500 3.706625 3.706625 3.706625 0.308760 0.308760 0.308760
32600 3.706625 3.706625 3.706625 0.308760 0.308760 0.308760
32700 3.706625 3.706625 3.706625 0.308760 0.308760 0.308760
32800 3.706625 3.706625 3.706625 0.308760 0.308760 0.308760
32900 3.706625 3.706625 3.706625 0.308760 0.308760 0.308760
33000 3.706625 3.706625 3.706625 0.308760 0.308760 0.308760
33100 3.706625 3.706625 3.706625 0.308760 0.308760 0.308760
33200 3.706625 3.706625 3.706625 0.308760 0.308760 0.308760
33300 3.706625 3.706625 3.706625 0.308760 0.308760 0.308760
33400 3.706625 3.706625 3.706625 0.308760 0.308760 0.308760
33500 3.706625 3.706625 3.706625 0.308760 0.308760 0.308760
33600 3.706625 3.706625 3.706625 0.308760 0.308760 0.308760
33700 3.706625 3.706625 3.706625 0.308760 0.308760 0.308760
33800 3.706625 3.706625 3.706625 0.308760 0.308760 0.308760
33900 3.706625 3.706625 3.706625 0.308760 0.308760 0.308760
34000 3.706625 3.706625 3.706625 0.308760 0.308760 0.308760
34100 3.706625 3.706625 3.706625 0.308760 0.308760 0.308760
34200 3.706625 3.706625 3.706625 0.308760 0.308760 0.308760
34300 3.706625 3.706625 3.706625 0.308760 0.308760 0.308760
34400 3.706625 3.706625 3.706625 0.308760 0.308760 0.308760
34500 3.706625 3.706625 3.706625 0.308760 0.308760 0.308760
34600 3.706625 3.706625 3.706625 0.308760 0.308760 0.308760
34700 3.706625 3.706625 3.706625 0.308760 0.308760 0.308760
34800 3.706625 3.706625 3.706625 0.308760 0.308760 0.308760
34900 3.706625 3.706625 3.706625 0.308760 0.308760 0.308760
35000 3.706625 3.706625 3.706625 0.308760 0.308760 0.308760
35100 3.706625 3.706625 3.706625 0.308760 0.308760 0.308760
35200 3.706625 3.706625 3.706625 0.308760 0.308760 0.308760
35300 3.706625 3.706625 3.706625 0.308760 0.308760 0.308760
35400 3.706625 3.706625 3.706625 0.308760 0.308760 0.308760
35500 3.706625 3.706625 3.706625 0.308760 0.308760 0.308760
35600 3.706625 3.706625 3.706625 0.308760 0.308760 0.308760
35700 3.706625 3.706625 3.706625 0.308760 0.308760 0.308760
35800 3.706625 3.706625 3.706625 0.308760 0.308760 0.308760
35900 3.706625 3.706625 3.706625 0.308760 0.308760 0.308760
36000 3.706625 3.706625 3.706625 0.308760 0.308760 0.308760
36100 3.706625 3.706625 3.706625 0.308760 0.308760 0.308760
36200 3.706625 3.706625 3.706625 0.308760 0.308760 0.308760
36300 3.706625 3.706625 3.706625 0.308760 0.308760 0.308760
36400 3.706625 3.706625 3.706625 0.308760 0.308760 0.308760
36500 3.706625 3.706625 3.706625 0.308760 0.308760 0.308760
36600 3.706625 3.706625 3.706625 0.308760 0.308760 0.308760
36700 3.706625 3.706625 3.706625 0.308760 0.308760 0.308760
36800 3.706625 3.706625 3.706625 0.308760 0.308760 0.308760
36900 3.706625 3.706625 3.706625 0.308760 0.308760 0.308760
37000 3.706625 3.706625 3.706625 0.308760 0.308760 0.308760
37100 3.706625 3.706625 3.706625 0.308760 0.308760 0.308760
37200 3.706625 3.706625 3.706625 0.308760 0.308760 0.308760
37300 3.706625 3.706625 3.706625 0.308760 0.308760 0.308760
37400 3.706625 3.706625 3.706625 0.308760 0.308760 0.308760
37500 3.706625 3.706625 3.706625 0.308760 0.308760 0.308760
37600 3.706625 3.706625 3.706625 0.308760 0.308760 0.308760
37700 3.706625 3.706625 3.706625 0.308760 0.308760 0.308760
37800 3.706625 3.706625 3.706625 0.308760 0.308760 0.308760
37900 3.706625 3.706625 3.706625 0.308760 0.308760 0.308760
38000 3.706625 3.706625 3.706625 0.308760 0.308760 0.308760
38100 3.706625 3.706625 3.706625 0.308760 0.308760 0.308760
38200 3.706625 3.706625 3.706625 0.308760 0.308760 0.308760
38300 3.706625 3.706625 3.706625 0.308760 0.308760 0.308760
38400 3.706625 3.706625 3.706625 0.308760 0.308760 0.308760
38500 3.706625 3.706625 3.706625 0.308760 0.308760 0.308760
38600 3.706625 3.706625 3.706625 0.308760 0.308760 0.308760
38700 3.706625 3.706625 3.706625 0.308760 0.308760 0.308760
38800 3.706625 3.706625 3.706625 0.308760 0.308760 0.308760
38900 3.706625 3.706625 3.706625 0.308760 0.308760 0.308760
39000 3.706625 3.706625 3.706625 0.308760 0.308760 0.308760
39100 3.706625 3.706625 3.706625 0.308760 0.308760 0.308760
39200 3.706625 3.706625 3.706625 0.308760 0.308760 0.308760
39300 3.706625 3.706625 3.706625 0.308760 0.308760 0.308760
39400 3.706625 3.706625 3.706625 0.308760 0.308760 0.308760
39500 3.706625 3.706625 3.706625 0.308760 0.308760 0.308760
39600 3.706625 3.706625 3.706625 0.308760 0.308760 0.308760
39700 3.706625 3.706625 3.706625 0.308760 0.308760 0.308760
39800 3.706625 3.706625 3.706625 0.308760 0.308760 0.308760
39900 3.706625 3.706625 3.706625 0.308760 0.308760 0.308760
40000 3.706625 3.706625 3.706625 0.308760 0.308760 0.308760
40100 3.706625 3.706625 3.706625 0.308760 0.308760 0.308760
40200 3.706625 3.706625 3.706625 0.308760 0.308760 0.308760
40300 3.706625 3.706625 3.706625 0.308760 0.308760 0.308760
40400 3.706625 3.706625 3.706625 0.308760 0.308760 0.308760
40500 3.706625 3.706625 3.706625 0.308760 0.308760 0.308760
40600 3.706625 3.706625 3.706625 0.308760 0.308760 0.308760
40700 3.706625 3.706625 3.706625 0.308760 0.308760 0.308760
40800 3.706625 3.706625 3.706625 0.308760 0.308760 0.308760
40900 3.706625 3.706625 3.706625 0.308760 0.308760 0.308760
41000 3.706625 3.706625 3.706625 0.308760 0.308760 0.308760
41100 3.706625 3.706625 3.706625 0.308760 0.308760 0.308760
41200 3.706625 3.706625 3.706625 0.308760 0.308760 0.308760
41300 3.706625 3.706625 3.706625 0.308760 0.308760 0.308760
41400 3.706625 3.706625 3.706625 0.308760 0.308760 0.308760
41500 3.706625 3.706625 3.706625 0.308760 0.308760 0.308760
41600 3.706625 3.706625 3.706625 0.308760 0.308760 0.308760
41700 3.706625 3.706625 3.706625 0.308760 0.308760 0.308760
41800 3.706625 3.706625 3.706625 0.308760 0.308760 0.308760
41900 3.706625 3.706625 3.706625 0.308760 0.308760 0.308760
42000 3.706625 3.706625 3.706625 0.308760 0.308760 0.308760
42100 3.706625 3.706625 3.706625 0.308760 0.308760 0.308760
42200 3.706625 3.706625 3.706625 0.308760 0.308760 0.308760
42300 3.706625 3.706625 3.706625 0.308760 0.308760 0.308760
42400 3.706625 3.706625 3.706625 0.308760 0.308760 0.308760
42500 3.706625 3.706625 3.706625 0.308760 0.308760 0.308760
42600 3.706625 3.706625 3.706625 0.308760 0.308760 0.308760
42700 3.706625 3.706625 3.706625 0.308760 0.308760 0.308760
42800 3.706625 3.706625 3.706625 0.308760 0.308760 0.308760
42900 3.706625 3.706625 3.706625 0.308760 0.308760 0.308760
43000 3.706625 3.706625 3.706625 0.308760 0.308760 0.308760
43100 3.706625 3.706625 3.706625 0.308760 0.308760 0.308760
43200 3.706625 3.706625 3.706625 0.308760 0.308760 0.308760
43300 3.706625 3.706625 3.706625 0.308760 0.308760 0.308760
43400 3.706625 3.706625 3.706625 0.308760 0.308760 0.308760
43500 3.706625 3.706625 3.706625 0.308760 0.308760 0.308760
43600 3.706625 3.706625 3.706625 0.308760 0.308760 0.308760
43700 3.706625 3.706625 3.706625 0.308760 0.308760 0.308760
43800 3.706625 3.706625 3.706625 0.308760 0.308760 0.308760
43900 3.706625 3.706625 3.706625 0.308760 0.308760 0.308760
44000 3.706625 3.706625 3.706625 0.308760 0.308760 0.308760
44100 3.706625 3.706625 3.706625 0.308760 0.308760 0.308760
44200 3.706625 3.706625 3.706625 0.308760 0.308760 0.308760
44300 3.706625 3.706625 3.706625 0.308760 0.308760 0.308760
44400 3.706625 3.706625 3.706625 0.308760 0.308760 0.308760
44500 3.706625 3.706625 3.706625 0.308760 0.308760 0.308760
44600 3.706625 3.706625 3.706625 0.308760 0.308760 0.308760
44700 3.706625 3.706625 3.706625 0.308760 0.308760 0.308760
44800 3.706625 3.706625 3.706625 0.308760 0.308760 0.308760
44900 3.706625 3.706625 3.706625 0.308760 0.308760 0.308760
45000 3.706625 3.706625 3.706625 0.308760 0.308760 0.308760
45100 3.706625 3.706625 3.706625 0.308760 0.308760 0.308760
45200 3.706625 3.706625 3.706625 0.308760 0.308760 0.308760
45300 3.706625 3.706625 3.706625 0.308760 0.308760 0.308760
45400 3.706625 3.706625 3.706625 0.308760 0.308760 0.308760
45500 3.706625 3.706625 3.706625 0.308760 0.308760 0.308760
45600 3.706625 3.706625 3.706625 0.308760 0.308760 0.308760
45700 3.706625 3.706625 3.706625 0.308760 0.308760 0.308760
45800 3.706625 3.706625 3.706625 0.308760 0.308760 0.308760
45900 3.706625 3.706625 3.706625 0.308760 0.308760 0.308760
46000 3.706625 3.706625 3.706625 0.308760 0.308760 0.308760
46100 3.706625 3.706625 3.706625 0.308760 0.308760 0.308760
46200 3.706625 3.706625 3.706625 0.308760 0.308760 0.308760
46300 3.706625 3.706625 3.706625 0.308760 0.308760 0.308760
46400 3.706625 3.706625 3.706625 0.308760 0.308760 0.308760
46500 3.706625 3.706625 3.706625 0.308760 0.308760 0.308760
46600 3.706625 3.706625 3.706625 0.308760 0.308760 0.308760
46700 3.706625 3.706625 3.706625 0.308760 0.308760 0.308760
46800 3.706625 3.706625 3.706625 0.308760 0.308760 0.308760
46900 3.706625 3.706625 3.706625 0.308760 0.308760 0.308760
47000 3.706625 3.706625 3.706625 0.308760 0.308760 0.308760
47100 3.706625 3.706625 3.706625 0.308760 0.308760 0.308760
47200 3.706625 3.706625 3.706625 0.308760 0.308760 0.308760
47300 3.706625 3.706625 3.706625 0.308760 0.308760 0.308760
47400 3.706625 3.706625 3.706625 0.308760 0.308760 0.308760
47500 3.706625 3.706625 3.706625 0.308760 0.308760 0.308760
47600 3.706625 3.706625 3.706625 0.308760 0.308760 0.308760
47700 3.706625 3.706625 3.706625 0.308760 0.308760 0.308760
47800 3.706625 3.706625 3.706625 0.308760 0.308760 0.308760
47900 3.706625 3.706625 3.706625 0.308760 0.308760 0.308760
48000 3.706625 3.706625 3.706625 0.308760 0.308760 0.308760
48100 3.706625 3.706625 3.706625 0.308760 0.308760 0.308760
48200 3.706625 3.706625 3.706625 0.308760 0.308760 0.308760
48300 3.706625 3.706625 3.706625 0.308760 0.308760 0.308760
48400 3.706625 3.706625 3.706625 0.308760 0.308760 0.308760
48500 3.706625 3.706625 3.706625 0.308760 0.308760 0.308760
48600 3.706625 3.706625 3.706625 0.308760 0.308760 0.308760
48700 3.706625 3.706625 3.706625 0.308760 0.308760 0.308760
48800 3.706625 3.706625 3.706625 0.308760 0.308760 0.308760
48900 3.706625 3.706625 3.706625 0.308760 0.308760 0.308760
49000 3.706625 3.706625 3.706625 0.308760 0.308760 0.308760
49100 3.706625 3.706625 3.706625 0.308760 0.308760 0.308760
49200 3.706625 3.706625 3.706625 0.308760 0.308760 0.308760
49300 3.706625 3.706625 3.706625 0.308760 0.308760 0.308760
49400 3.706625 3.706625 3.706625 0.308760 0.308760 0.308760
49500 3.706625 3.706625 3.706625 0.308760 0.308760 0.308760
49600 3.706625 3.706625 3.706625 0.308760 0.308760 0.308760
49700 3.706625 3.706625 3.706625 0.308760 0.308760 0.308760
49800 3.706625 3.706625 3.706625 0.308760 0.308760 0.308760
49900 3.706625 3.706625 3.706625 0.308760 0.308760 0.308760
50000 3.706625 3.706625 3.706625 0.308760 0.308760 0.308760
50100 3.706625 3.706625 3.706625 0.308760 0.308760 0.308760
50200 3.706625 3.706625 3.706625 0.308760 0.308760 0.308760
50300 3.706625 3.706625 3.706625 0.308760 0.308760 0.308760
50400 3.706625 3.706625 3.706625 0.308760 0.308760 0.308760
50500 3.706625 3.706625 3.706625 0.308760 0.308760 0.308760
50600 3.706625 3.706625 3.706625 0.308760 0.308760 0.308760
50700 3.706625 3.706625 3.706625 0.308760 0.308760 0.308760
50800 3.706625 3.706625 3.706625 0.308760 0.308760 0.308760
50900 3.706625 3.706625 3.706625 0.308760 0.308760 0.308760
51000 3.706625 3.706625 3.706625 0.308760 0.308760 0.308760
51100 3.706625 3.706625 3.706625 0.308760 0.308760 0.308760
51200 3.706625 3.706625 3.706625 0.308760 0.308760 0.308760
51300 3.706625 3.706625 3.706625 0.308760 0.308760 0.308760
51400 3.706625 3.706625 3.706625 0.308760 0.308760 0.308760
51500 3.706625 3.706625 3.706625 0.308760 0.308760 0.308760
51600 3.706625 3.706625 3.706625 0.308760 0.308760 0.308760
51700 3.706625 3.706625 3.706625 0.308760 0.308760 0.308760
51800 3.706625 3.706625 3.706625 0.308760 0.308760 0.308760
51900 3.706625 3.706625 3.706625 0.308760 0.308760 0.308760
52000 3.706625 3.706625 3.706625 0.308760 0.308760 0.308760
52100 3.706625 3.706625 3.706625 0.308760 0.308760 0.308760
52200 3.706625 3.706625 3.706625 0.308760 0.308760 0.308760
52300 3.706625 3.706625 3.706625 0.308760 0.308760 0.308760
52400 3.706625 3.706625 3.706625 0.308760 0.308760 0.308760
52500 3.706625 3.706625 3.706625 0.308760 0.308760 0.308760
52600 3.706625 3.706625 3.706625 0.308760 0.308760 0.308760
52700 3.706625 3.706625 3.706625 0.308760 0.308760 0.308760
52800 3.706625 3.706625 3.706625 0.308760 0.308760 0.308760
52900 3.706625 3.706625 3.706625 0.308760 0.308760 0.308760
53000 3.706625 3.706625 3.706625 0.308760 0.308760 0.308760
53100 3.706625 3.706625 3.706625 0.308760 0.308760 0.308760
53200 3.706625 3.706625 3.706625 0.308760 0.308760 0.308760
53300 3.706625 3.706625 3.706625 0.308760 0.308760 0.308760
53400 3.706625 3.706625 3.706625 0.308760 0.308760 0.308760
53500 3.706625 3.706625 3.706625 0.308760 0.308760 0.308760
53600 3.706625 3.706625 3.706625 0.308760 0.308760 0.308760
53700 3.706625 3.706625 3.706625 0.308760 0.308760 0.308760
53800 3.706625 3.706625 3.706625 0.308760 0.308760 0.308760
53900 3.706625 3.706625 3.706625 0.308760 0.308760 0.308760
54000 3.706625 3.706625 3.706625 0.308760 0.308760 0.308760
54100 3.706625 3.706625 3.706625 0.308760 0.308760 0.308760
54200 3.706625 3.706625 3.706625 0.308760 0.308760 0.308760
54300 3.706625 3.706625 3.706625 0.308760 0.308760 0.308760
54400 3.706625 3.706625 3.706625 0.308760 0.308760 0.308760
54500 3.706625 3.706625 3.706625 0.308760 0.308760 0.308760
54600 3.706625 3.706625 3.706625 0.308760 0.308760 0.308760
54700 3.706625 3.706625 3.706625 0.308760 0.308760 0.308760
54800 3.706625 3.706625 3.706625 0.308760 0.308760 0.308760
54900 3.706625 3.706625 3.706625 0.308760 0.308760 0.308760
55000 3.706625 3.706625 3.706625 0.308760 0.308760 0.308760
55100 3.706625 3.706625 3.706625 0.308760 0.308760 0.308760
55200 3.706625 3.706625 3.706625 0.308760 0.308760 0.308760
55300 3.706625 3.706625 3.706625 0.308760 0.308760 0.308760
55400 3.706625 3.706625 3.706625 0.308760 0.308760 0.308760
55500 3.706625 3.706625 3.706625 0.308760 0.308760 0.308760
55600 3.706625 3.706625 3.706625 0.308760 0.308760 0.308760
55700 3.706625 3.706625 3.706625 0.308760 0.308760 0.308760
55800 3.706625 3.706625 3.706625 0.308760 0.308760 0.308760
55900 3.706625 3.706625 3.706625 0.308760 0.308760 0.308760
56000 3.706625 3.706625 3.706625 0.308760 0.308760 0.308760
56100 3.706625 3.706625 3.706625 0.308760 0.308760 0.308760
56200 3.706625 3.706625 3.706625 0.308760 0.308760 0.308760
56300 3.706625 3.706625 3.706625 0.308760 0.308760 0.308760
56400 3.706625 3.706625 3.706625 0.308760 0.308760 0.308760
56500 3.706625 3.706625 3.706625 0.308760 0.308760 0.308760
56600 3.706625 3.706625 3.706625 0.308760 0.308760 0.308760
56700 3.706625 3.706625 3.706625 0.308760 0.308760 0.308760
56800 3.706625 3.706625 3.706625 0.308760 0.308760 0.308760
56900 3.706625 3.706625 3.706625 0.308760 0.308760 0.308760
57000 3.706625 3.706625 3.706625 0.308760 0.308760 0.308760
57100 3.706625 3.706625 3.706625 0.308760 0.308760 0.308760
57200 3.706625 3.706625 3.706625 0.308760 0.308760 0.308760
57300 3.706625 3.706625 3.706625 0.308760 0.308760 0.308760
57400 3.706625 3.706625 3.706625 0.308760 0.308760 0.308760
57500 3.706625 3.706625 3.706625 0.308760 0.308760 0.308760
57600 3.706625 3.706625 3.706625 0.308760 0.308760 0.308760
57700 3.706625 3.706625 3.706625 0.308760 0.308760 0.308760
57800 3.706625 3.706625 3.706625 0.308760 0.308760 0.308760
57900 3.706625 3.706625 3.706625 0.308760 0.308760 0.308760
58000 3.706625 3.706625 3.706625 0.308760 0.308760 0.308760
58100 3.706625 3.706625 3.706625 0.308760 0.308760 0.308760
58200 3.706625 3.706625 3.706625 0.308760 0.308760 0.308760
58300 3.706625 3.706625 3.706625 0.308760 0.308760 0.308760
58400 3.706625 3.706625 3.706625 0.308760 0.308760 0.308760
58500 3.706625 3.706625 3.706625 0.308760 0.308760 0.308760
58600 3.706625 3.706625 3.706625 0.308760 0.308760 0.308760
58700 3.706625 3.706625 3.706625 0.308760 0.308760 0.308760
58800 3.706625 3.706625 3.706625 0.308760 0.308760 0.308760
58900 3.706625 3.706625 3.706625 0.308760 0.308760 0.308760
59000 3.706625 3.706625 3.706625 0.308760 0.308760 0.308760
59100 3.706625 3.706625 3.706625 0.308760 0.308760 0.308760
59200 3.706625 3.706625 3.706625 0.308760 0.308760 0.308760
59300 3.706625 3.706625 3.706625 0.308760 0.308760 0.308760
59400 3.706625 3.706625 3.706625 0.308760 0.308760 0.308760
59500 3.706625 3.706625 3.706625 0.308760 0.308760 0.308760
59600 3.706625 3.706625 3.706625 0.308760 0.308760 0.308760
59700 3.706625 3.706625 3.706625 0.308760 0.308760 0.308760
59800 3.706625 3.706625 3.706625 0.308760 0.308760 0.308760
59900 3.706625 3.706625 3.706625 0.308760 0.308760 0.308760
60000 3.706625 3.706625 3.706625 0.308760 0.308760 0.308760
60100 3.706625 3.706625 3.706625 0.308760 0.308760 0.308760
60200 3.706625 3.706625 3.706625 0.308760 0.308760 0.308760
60300 3.706625 3.706625 3.706625 0.308760 0.308760 0.308760
60400 3.706625 3.706625 3.706625 0.308760 0.308760 0.308760
60500 3.706625 3.706625 3.706625 0.308760 0.308760 0.308760
60600 3.706625 3.706625 3.706625 0.308760 0.308760 0.308760
60700 3.706625 3.706625 3.706625 0.308760 0.308760 0.308760
60800 3.706625 3.706625 3.706625 0.308760 0.308760 0.308760
60900 3.706625 3.706625 3.706625 0.308760 0.308760 0.308760
61000 3.706625 3.706625 3.706625 0.308760 0.308760 0.308760
61100 3.706625 3.706625 3.706625 0.308760 0.308760 0.308760
61200 3.706625 3.706625 3.706625 0.308760 0.308760 0.308760
61300 3.706625 3.706625 3.706625 0.308760 0.308760 0.308760
61400 3.706625 3.706625 3.706625 0.308760 0.308760 0.308760
61500 3.706625 3.706625 3.706625 0.308760 0.308760 0.308760
61600 3.706625 3.706625 3.706625 0.308760 0.308760 0.308760
61700 3.706625 3.706625 3.706625 0.308760 0.308760 0.308760
61800 3.706625 3.706625 3.706625 0.308760 0.308760 0.308760
61900 3.706625 3.706625 3.706625 0.308760 0.308760 0.308760
62000 3.706625 3.706625 3.706625 0.308760 0.308760 0.308760
62100 3.706625 3.706625 3.706625 0.308760 0.308760 0.308760
62200 3.706625 3.706625 3.706625 0.308760 0.308760 0.308760
62300 3.706625 3.706625 3.706625 0.308760 0.308760 0.308760
62400 3.706625 3.706625 3.706625 0.308760 0.308760 0.308760
62500 3.706625 3.706625 3.706625 0.308760 0.308760 0.308760
62600 3.706625 3.706625 3.706625 0.308760 0.308760 0.308760
62700 3.706625 3.706625 3.706625 0.308760 0.308760 0.308760
62800 3.706625 3.706625 3.706625 0.308760 0.308760 0.308760
62900 3.706625 3.706625 3.706625 0.308760 0.308760 0.308760
63000 3.706625 3.706625 3.706625 0.308760 0.308760 0.308760
63100 3.706625 3.706625 3.706625 0.308760 0.308760 0.308760
63200 3.706625 3.706625 3.706625 0.308760 0.308760 0.308760
63300 3.706625 3.706625 3.706625 0.308760 0.308760 0.308760
63400 3.706625 3.706625 3.706625 0.308760 0.308760 0.308760
63500 3.706625 3.706625 3.706625 0.308760 0.308760 0.308760
63600 3.706625 3.706625 3.706625 0.308760 0.308760 0.308760
63700 3.706625 3.706625 3.706625 0.308760 0.308760 0.308760
63800 3.706625 3.706625 3.706625 0.308760 0.308760 0.308760
63900 3.706625 3.706625 3.706625 0.308760 0.308760 0.308760
64000 3.706625 3.706625 3.706625 0.308760 0.308760 0.308760
64100 3.706625 3.706625 3.706625 0.308760 0.308760 0.308760
64200 3.706625 3.706625 3.706625 0.308760 0.308760 0.308760
64300 3.706625 3.706625 3.706625 0.308760 0.308760 0.308760
64400 3.706625 3.706625 3.706625 0.308760 0.308760 0.308760
64500 3.706625 3.706625 3.706625 0.308760 0.308760 0.308760
64600 3.706625 3.706625 3.706625 0.308760 0.308760 0.308760
64700 3.706625 3.706625 3.706625 0.308760 0.308760 0.308760
64800 3.706625 3.706625 3.706625 0.308760 0.308760 0.308760
64900 3.706625 3.706625 3.706625 0.308760 0.308760 0.308760
65000 3.706625 3.706625 3.706625 0.308760 0.308760 0.308760
65100 3.706625 3.706625 3.706625 0.308760 0.308760 0.308760
65200 3.706625 3.706625 3.706625 0.308760 0.308760 0.308760
65300 3.706625 3.706625 3.706625 0.308760 0.308760 0.308760
65400 3.706625 3.706625 3.706625 0.308760 0.308760 0.308760
65500 3.706625 3.706625 3.706625 0.308760 0.308760 0.308760
65600 3.706625 3.706625 3.706625 0.308760 0.308760 0.308760
65700 3.706625 3.706625 3.706625 0.308760 0.308760 0.308760
65800 3.706625 3.706625 3.706625 0.308760 0.308760 0.308760
65900 3.706625 3.706625 3.706625 0.308760 0.308760 0.308760
66000 3.706625 3.706625 3.706625 0.308760 0.308760 0.308760
66100 3.706625 3.706625 3.706625 0.308760 0.308760 0.308760
66200 3.706625 3.706625 3.706625 0.308760 0.308760 0.308760
66300 3.706625 3.706625 3.706625 0.308760 0.308760 0.308760
66400 3.706625 3.706625 3.706625 0.308760 0.308760 0.308760
66500 3.706625 3.706625 3.706625 0.308760 0.308760 0.308760
66600 3.706625 3.706625 3.706625 0.308760 0.308760 0.308760
66700 3.706625 3.706625 3.706625 0.308760 0.308760 0.308760
66800 3.706625 3.706625 3.706625 0.308760 0.308760 0.308760
66900 3.706625 3.706625 3.706625 0.308760 0.308760 0.308760
67000 3.706625 3.706625 3.706625 0.308760 0.308760 0.308760
67100 3.706625 3.706625 3.706625 0.308760 0.308760 0.308760
67200 3.706625 3.706625 3.706625 0.308760 0.308760 0.308760
67300 3.706625 3.706625 3.706625 0.308760 0.308760 0.308760
67400 3.706625 3.706625 3.706625 0.308760 0.308760 0.308760
67500 3.706625 3.706625 3.706625 0.308760 0.308760 0.308760
67600 3.706625 3.706625 3.706625 0.308760 0.308760 0.308760
67700 3.706625 3.706625 3.706625 0.308760 0.308760 0.308760
67800 3.706625 3.706625 3.706625 0.308760 0.308760 0.308760
67900 3.706625 3.706625 3.706625 0.308760 0.308760 0.308760
68000 3.706625 3.706625 3.706625 0.308760 0.308760 0.308760
68100 3.706625 3.706625 3.706625 0.308760 0.308760 0.308760
68200 3.706625 3.706625 3.706625 0.308760 0.308760 0.308760
68300 3.706625 3.706625 3.706625 0.308760 0.308760 0.308760
68400 3.706625 3.706625 3.706625 0.308760 0.308760 0.308760
68500 3.706625 3.706625 3.706625 0.308760 0.308760 0.308760
68600 3.706625 3.706625 3.706625 0.308760 0.308760 0.308760
68700 3.706625 3.706625 3.706625 0.308760 0.308760 0.308760
68800 3.706625 3.706625 3.706625 0.308760 0.308760 0.308760
68900 3.706625 3.706625 3.706625 0.308760 0.308760 0.308760
69000 3.706625 3.706625 3.706625 0.308760 0.308760 0.308760
69100 3.706625 3.706625 3.706625 0.308760 0.308760 0.308760
69200 3.706625 3.706625 3.706625 0.308760 0.308760 0.308760
69300 3.706625 3.706625 3.706625 0.308760 0.308760 0.308760
69400 3.706625 3.706625 3.706625 0.308760 0.308760 0.308760
69500 3.706625 3.706625 3.706625 0.308760 0.308760 0.308760
69600 3.706625 3.706625 3.706625 0.308760 0.308760 0.308760
69700 3.706625 3.706625 3.706625 0.308760 0.308760 0.308760
69800 3.706625 3.706625 3.706625 0.308760 0.308760 0.308760
69900 3.706625 3.706625 3.706625 0.308760 0.308760 0.308760
70000 3.706625 3.706625 3.706625 0.308760 0.308760 0.308760
70100 3.706625 3.706625 3.706625 0.308760 0.308760 0.308760
70200 3.706625 3.706625 3.706625 0.308760 0.308760 0.308760
70300 3.706625 3.706625 3.706625 0.308760 0.308760 0.308760
70400 3.706625 3.706625 3.706625 0.308760 0.308760 0.308760
70500 3.706625 3.706625 3.706625 0.308760 0.308760 0.308760
70600 3.706625 3.706625 3.706625 0.308760 0.308760 0.308760
70700 3.706625 3.706625 3.706625 0.308760 0.308760 0.308760
70800 3.706625 3.706625 3.706625 0.308760 0.308760 0.308760
70900 3.706625 3.706625 3.706625 0.308760 0.308760 0.308760
71000 3.706625 3.706625 3.706625 0.308760 0.308760 0.308760
71100 3.706625 3.706625 3.706625 0.308760 0.308760 0.308760
71200 3.706625 3.706625 3.706625 0.308760 0.308760 0.308760
71300 3.706625 3.706625 3.706625 0.308760 0.308760 0.308760
71400 3.706625 3.706625 3.706625 0.308760 0.308760 0.308760
71500 3.706625 3.706625 3.706625 0.308760 0.308760 0.308760
71600 3.706625 3.706625 3.706625 0.308760 0.308760 0.308760
71700 3.706625 3.706625 3.706625 0.308760 0.308760 0.308760
71800 3.706625 3.706625 3.706625 0.308760 0.308760 0.308760
71900 3.706625 3.706625 3.706625 0.308760 0.308760 0.308760
72000 3.706625 3.706625 3.706625 0.308760 0.308760 0.308760
72100 3.706625 3.706625 3.706625 0.308760 0.308760 0.308760
72200 3.706625 3.706625 3.706625 0.308760 0.308760 0.308760
72300 3.706625 3.706625 3.706625 0.308760 0.308760 0.308760
72400 3.706625 3.706625 3.706625 0.308760 0.308760 0.308760
72500 3.706625 3.706625 3.706625 0.308760 0.308760 0.308760
72600 3.706625 3.706625 3.706625 0.308760 0.308760 0.308760
72700 3.706625 3.706625 3.706625 0.308760 0.308760 0.308760
72800 3.706625 3.706625 3.706625 0.308760 0.308760 0.308760
72900 3.706625 3.706625 3.706625 0.308760 0.308760 0.308760
73000 3.706625 3.706625 3.706625 0.308760 0.308760 0.308760
73100 3.706625 3.706625 3.706625 0.308760 0.308760 0.308760
73200 3.706625 3.706625 3.706625 0.308760 0.308760 0.308760
73300 3.706625 3.706625 3.706625 0.308760 0.308760 0.308760
73400 3.706625 3.706625 3.706625 0.308760 0.308760 0.308760
73500 3.706625 3.706625 3.706625 0.308760 0.308760 0.308760
73600 3.706625 3.706625 3.706625 0.308760 0.308760 0.308760
73700 3.706625 3.706625 3.706625 0.308760 0.308760 0.308760
73800 3.706625 3.706625 3.706625 0.308760 0.308760 0.308760
73900 3.706625 3.706625 3.706625 0.308760 0.308760 0.308760
74000 3.706625 3.706625 3.706625 0.308760 0.308760 0.308760
74100 3.706625 3.706625 3.706625 0.308760 0.308760 0.308760
74200 3.706625 3.706625 3.706625 0.308760 0.308760 0.308760
74300 3.706625 3.706625 3.706625 0.308760 0.308760 0.308760
74400 3.706625 3.706625 3.706625 0.308760 0.308760 0.308760
74500 3.706625 3.706625 3.706625 0.308760 0.308760 0.308760
74600 3.706625 3.706625 3.706625 0.308760 0.308760 0.308760
74700 3.706625 3.706625 3.706625 0.308760 0.308760 0.308760
74800 3.706625 3.706625 3.706625 0.308760 0.308760 0.308760
74900 3.706625 3.706625 3.706625 0.308760 0.308760 0.308760
75000 3.706625 3.706625 3.706625 0.308760 0.308760 0.308760
75100 3.706625 3.706625 3.706625 0.308760 0.308760 0.308760
75200 3.706625 3.706625 3.706625 0.308760 0.308760 0.308760
75300 3.706625 3.706625 3.706625 0.308760 0.308760 0.308760
75400 3.706625 3.706625 3.706625 0.308760 0.308760 0.308760
75500 3.706625 3.706625 3.706625 0.308760 0.308760 0.308760
75600 3.706625 3.706625 3.706625 0.308760 0.308760 0.308760
75700 3.706625 3.706625 3.706625 0.308760 0.308760 0.308760
75800 3.706625 3.706625 3.706625 0.308760 0.308760 0.308760
75900 3.706625 3.706625 3.706625 0.308760 0.308760 0.308760
76000 3.706625 3.706625 3.706625 0.308760 0.308760 0.308760
76100 3.706625 3.706625 3.706625 0.308760 0.308760 0.308760
76200 3.706625 3.706625 3.706625 0.308760 0.308760 0.308760
76300 3.706625 3.706625 3.706625 0.308760 0.308760 0.308760
76400 3.706625 3.706625 3.706625 0.308760 0.308760 0.308760
76500 3.706625 3.706625 3.706625 0.308760 0.308760 0.308760
76600 3.706625 3.706625 3.706625 0.308760 0.308760 0.308760
76700 3.706625 3.706625 3.706625 0.308760 0.308760 0.308760
76800 3.706625 3.706625 3.706625 0.308760 0.308760 0.308760
76900 3.706625 3.706625 3.706625 0.308760 0.308760 0.308760
77000 3.706625 3.706625 3.706625 0.308760 0.308760 0.308760
77100 3.706625 3.706625 3.706625 0.308760 0.308760 0.308760
77200 3.706625 3.706625 3.706625 0.308760 0.308760 0.308760
77300 3.706625 3.706625 3.706625 0.308760 0.308760 0.308760
77400 3.706625 3.706625 3.706625 0.308760 0.308760 0.308760
77500 3.706625 3.706625 3.706625 0.308760 0.308760 0.308760
77600 3.706625 3.706625 3.706625 0.308760 0.308760 0.308760
77700 3.706625 3.706625 3.706625 0.308760 0.308760 0.308760
77800 3.706625 3.706625 3.706625 0.308760 0.308760 0.308760
77900 3.706625 3.706625 3.706625 0.308760 0.308760 0.308760
78000 3.706625 3.706625 3.706625 0.308760 0.308760 0.308760
78100 3.706625 3.706625 3.706625 0.308760 0.308760 0.308760
78200 3.706625 3.706625 3.706625 0.308760 0.308760 0.308760
78300 3.706625 3.706625 3.706625 0.308760 0.308760 0.308760
78400 3.706625 3.706625 3.706625 0.308760 0.308760 0.308760
78500 3.706625 3.706625 3.706625 0.308760 0.308760 0.308760
78600 3.706625 3.706625 3.706625 0.308760 0.308760 0.308760
78700 3.706625 3.706625 3.706625 0.308760 0.308760 0.308760
78800 3.706625 3.706625 3.706625 0.308760 0.308760 0.308760
78900 3.706625 3.706625 3.706625 0.308760 0.308760 0.308760
79000 3.706625 3.706625 3.706625 0.308760 0.308760 0.308760
79100 3.706625 3.706625 3.706625 0.308760 0.308760 0.308760
79200 3.706625 3.706625 3.706625 0.308760 0.308760 0.308760
79300 3.706625 3.706625 3.706625 0.308760 0.308760 0.308760
79400 3.706625 3.706625 3.706625 0.308760 0.308760 0.308760
79500 3.706625 3.706625 3.706625 0.308760 0.308760 0.308760
79600 3.706625 3.706625 3.706625 0.308760 0.308760 0.308760
79700 3.706625 3.706625 3.706625 0.308760 0.308760 0.308760
79800 3.706625 3.706625 3.706625 0.308760 0.308760 0.308760
79900 3.706625 3.706625 3.706625 0.308760 0.308760 0.308760
80000 3.706625 3.706625 3.706625 0.308760 0.308760 0.308760
80100 3.706625 3.706625 3.706625 0.308760 0.308760 0.308760
80200 3.706625 3.706625 3.706625 0.308760 0.308760 0.308760
80300 3.706625 3.706625 3.706625 0.308760 0.308760 0.308760
80400 3.706625 3.706625 3.706625 0.308760 0.308760 0.308760
80500 3.706625 3.706625 3.706625 0.308760 0.308760 0.308760
80600 3.706625 3.706625 3.706625 0.308760 0.308760 0.308760
80700 3.706625 3.706625 3.706625 0.308760 0.308760 0.308760
80800 3.706625 3.706625 3.706625 0.308760 0.308760 0.308760
80900 3.706625 3.706625 3.706625 0.308760 0.308760 0.308760
81000 3.706625 3.706625 3.706625 0.308760 0.308760 0.308760
81100 3.706625 3.706625 3.706625 0.308760 0.308760 0.308760
81200 3.706625 3.706625 3.706625 0.308760 0.308760 0.308760
81300 3.706625 3.706625 3.706625 0.308760 0.308760 0.308760
81400 3.706625 3.706625 3.706625 0.308760 0.308760 0.308760
81500 3.706625 3.706625 3.706625 0.308760 0.308760 0.308760
81600 3.706625 3.706625 3.706625 0.308760 0.308760 0.308760
81700 3.706625 3.706625 3.706625 0.308760 0.308760 0.308760
81800 3.706625 3.706625 3.706625 0.308760 0.308760 0.308760
81900 3.706625 3.706625 3.706625 0.308760 0.308760 0.308760
82000 3.706625 3.706625 3.706625 0.308760 0.308760 0.308760
82100 3.706625 3.706625 3.706625 0.308760 0.308760 0.308760
82200 3.706625 3.706625 3.706625 0.308760 0.308760 0.308760
82300 3.706625 3.706625 3.706625 0.308760 0.308760 0.308760
82400 3.706625 3.706625 3.706625 0.308760 0.308760 0.308760
82500 3.706625 3.706625 3.706625 0.308760 0.308760 0.308760
82600 3.706625 3.706625 3.706625 0.308760 0.308760 0.308760
82700 3.706625 3.706625 3.706625 0.308760 0.308760 0.308760
82800 3.706625 3.706625 3.706625 0.308760 0.308760 0.308760
82900 3.706625 3.706625 3.706625 0.308760 0.308760 0.308760
83000 3.706625 3.706625 3.706625 0.308760 0.308760 0.308760
83100 3.706625 3.706625 3.706625 0.308760 0.308760 0.308760
83200 3.706625 3.706625 3.706625 0.308760 0.308760 0.308760
83300 3.706625 3.706625 3.706625 0.308760 0.308760 0.308760
83400 3.706625 3.706625 3.706625 0.308760 0.308760 0.308760
83500 3.706625 3.706625 3.706625 0.308760 0.308760 0.308760
83600 3.706625 3.706625 3.706625 0.308760 0.308760 0.308760
83700 3.706625 3.706625 3.706625 0.308760 0.308760 0.308760
83800 3.706625 3.706625 3.706625 0.308760 0.308760 0.308760
83900 3.706625 3.706625 3.706625 0.308760 0.308760 0.308760
84000 3.706625 3.706625 3.706625 0.308760 0.308760 0.308760
84100 3.706625 3.706625 3.706625 0.308760 0.308760 0.308760
84200 3.706625 3.706625 3.706625 0.308760 0.308760 0.308760
84300 3.706625 3.706625 3.706625 0.308760 0.308760 0.308760
84400 3.706625 3.706625 3.706625 0.308760 0.308760 0.308760
84500 3.706625 3.706625 3.706625 0.308760 0.308760 0.308760
84600 3.706625 3.706625 3.706625 0.308760 0.308760 0.308760
84700 3.706625 3.706625 3.706625 0.308760 0.308760 0.308760
84800 3.706625 3.706625 3.706625 0.308760 0.308760 0.308760
84900 3.706625 3.706625 3.706625 0.308760 0.308760 0.308760
85000 3.706625 3.706625 3.706625 0.308760 0.308760 0.308760
85100 3.706625 3.706625 3.706625 0.308760 0.308760 0.308760
85200 3.706625 3.706625 3.706625 0.308760 0.308760 0.308760
85300 3.706625 3.706625 3.706625 0.308760 0.308760 0.308760
85400 3.706625 3.706625 3.706625 0.308760 0.308760 0.308760
85500 3.706625 3.706625 3.706625 0.308760 0.308760 0.308760
85600 3.706625 3.706625 3.706625 0.308760 0.308760 0.308760
85700 3.706625 3.706625 3.706625 0.308760 0.308760 0.308760
85800 3.706625 3.706625 3.706625 0.308760 0.308760 0.308760
85900 3.706625 3.706625 3.706625 0.308760 0.308760 0.308760
86000 3.706625 3.706625 3.706625 0.308760 0.308760 0.308760
86100 3.706625 3.706625 3.706625 0.308760 0.308760 0.308760
86200 3.706625 3.706625 3.706625 0.308760 0.308760 0.308760
86300 3.706625 3.706625 3.706625 0.308760 0.308760 0.308760
86400 3.706625 3.706625 3.706625 0.308760 0.308760 0.308760
86500 3.706625 3.706625 3.706625 0.308760 0.308760 0.308760
86600 3.706625 3.706625 3.706625 0.308760 0.308760 0.308760
86700 3.706625 3.706625 3.706625 0.308760 0.308760 0.308760
86800 3.706625 3.706625 3.706625 0.308760 0.308760 0.308760
86900 3.706625 3.706625 3.706625 0.308760 0.308760 0.308760
87000 3.706625 3.706625 3.706625 0.308760 0.308760 0.308760
87100 3.706625 3.706625 3.706625 0.308760 0.308760 0.308760
87200 3.706625 3.706625 3.706625 0.308760 0.308760 0.308760
87300 3.706625 3.706625 3.706625 0.308760 0.308760 0.308760
87400 3.706625 3.706625 3.706625 0.308760 0.308760 0.308760
87500 3.706625 3.706625 3.706625 0.308760 0.308760 0.308760
87600 3.706625 3.706625 3.706625 0.308760 0.308760 0.308760
87700 3.706625 3.706625 3.706625 0.308760 0.308760 0.308760
87800 3.706625 3.706625 3.706625 0.308760 0.308760 0.308760
87900 3.706625 3.706625 3.706625 0.308760 0.308760 0.308760
88000 3.706625 3.706625 3.706625 0.308760 0.308760 0.308760
88100 3.706625 3.706625 3.706625 0.308760 0.308760 0.308760
88200 3.706625 3.706625 3.706625 0.308760 0.308760 0.308760
88300 3.706625 3.706625 3.706625 0.308760 0.308760 0.308760
88400 3.706625 3.706625 3.706625 0.308760 0.308760 0.308760
88500 3.706625 3.706625 3.706625 0.308760 0.308760 0.308760
88600 3.706625 3.706625 3.706625 0.308760 0.308760 0.308760
88700 3.706625 3.706625 3.706625 0.308760 0.308760 0.308760
88800 3.706625 3.706625 3.706625 0.308760 0.308760 0.308760
88900 3.706625 3.706625 3.706625 0.308760 0.308760 0.308760
89000 3.706625 3.706625 3.706625 0.308760 0.308760 0.308760
89100 3.706625 3.706625 3.706625 0.308760 0.308760 0.308760
89200 3.706625 3.706625 3.706625 0.308760 0.308760 0.308760
89300 3.706625 3.706625 3.706625 0.308760 0.308760 0.308760
89400 3.706625 3.706625 3.706625 0.308760 0.308760 0.308760
89500 3.706625 3.706625 3.706625 0.308760 0.308760 0.308760
89600 3.706625 3.706625 3.706625 0.308760 0.308760 0.308760
89700 3.706625 3.706625 3.706625 0.308760 0.308760 0.308760
89800 3.706625 3.706625 3.706625 0.308760 0.308760 0.308760
89900 3.706625 3.706625 3.706625 0.308760 0.308760 0.308760
90000 3.706625 3.706625 3.706625 0.308760 0.308760 0.308760
90100 3.706625 3.706625 3.706625 0.308760 0.308760 0.308760
90200 3.706625 3.706625 3.706625 0.308760 0.308760 0.308760
90300 3.706625 3.706625 3.706625 0.308760 0.308760 0.308760
90400 3.706625 3.706625 3.706625 0.308760 0.308760 0.308760
90500 3.706625 3.706625 3.706625 0.308760 0.308760 0.308760
90600 3.706625 3.706625 3.706625 0.308760 0.308760 0.308760
90700 3.706625 3.706625 3.706625 0.308760 0.308760 0.308760
90800 3.706625 3.706625 3.706625 0.308760 0.308760 0.308760
90900 3.706625 3.706625 3.706625 0.308760 0.308760 0.308760
91000 3.706625 3.706625 3.706625 0.308760 0.308760 0.308760
91100 3.706625 3.706625 3.706625 0.308760 0.308760 0.308760
91200 3.706625 3.706625 3.706625 0.308760 0.308760 0.308760
91300 3.706625 3.706625 3.706625 0.308760 0.308760 0.308760
91400 3.706625 3.706625 3.706625 0.308760 0.308760 0.308760
91500 3.706625 3.706625 3.706625 0.308760 0.308760 0.308760
91600 3.706625 3.706625 3.706625 0.308760 0.308760 0.308760
91700 3.706625 3.706625 3.706625 0.308760 0.308760 0.308760
91800 3.706625 3.706625 3.706625 0.308760 0.308760 0.308760
91900 3.706625 3.706625 3.706625 0.308760 0.308760 0.308760
92000 3.706625 3.706625 3.706625 0.308760 0.308760 0.308760
92100 3.706625 3.706625 3.706625 0.308760 0.308760 0.308760
92200 3.706625 3.706625 3.706625 0.308760 0.308760 0.308760
92300 3.706625 3.706625 3.706625 0.308760 0.308760 0.308760
92400 3.706625 3.706625 3.706625 0.308760 0.308760 0.308760
92500 3.706625 3.706625 3.706625 0.308760 0.308760 0.308760
92600 3.706625 3.706625 3.706625 0.308760 0.308760 0.308760
92700 3.706625 3.706625 3.706625 0.308760 0.308760 0.308760
92800 3.706625 3.706625 3.706625 0.308760 0.308760 0.308760
92900 3.706625 3.706625 3.706625 0.308760 0.308760 0.308760
93000 3.706625 3.706625 3.706625 0.308760 0.308760 0.308760
93100 3.706625 3.706625 3.706625 0.308760 0.308760 0.308760
93200 3.706625 3.706625 3.706625 0.308760 0.308760 0.308760
93300 3.706625 3.706625 3.706625 0.308760 0.308760 0.308760
93400 3.706625 3.706625 3.706625 0.308760 0.308760 0.308760
93500 3.706625 3.706625 3.706625 0.308760 0.308760 0.308760
93600 3.706625 3.706625 3.706625 0.308760 0.308760 0.308760
93700 3.706625 3.706625 3.706625 0.308760 0.308760 0.308760
93800 3.706625 3.706625 3.706625 0.308760 0.308760 0.308760
93900 3.706625 3.706625 3.706625 0.308760 0.308760 0.308760
94000 3.706625 3.706625 3.706625 0.308760 0.308760 0.308760
94100 3.706625 3.706625 3.706625 0.308760 0.308760 0.308760
94200 3.706625 3.706625 3.706625 0.308760 0.308760 0.308760
94300 3.706625 3.706625 3.706625 0.308760 0.308760 0.308760
94400 3.706625 3.706625 3.706625 0.308760 0.308760 0.308760
94500 3.706625 3.706625 3.706625 0.308760 0.308760 0.308760
94600 3.706625 3.706625 3.706625 0.308760 0.308760 0.308760
94700 3.706625 3.706625 3.706625 0.308760 0.308760 0.308760
94800 3.706625 3.706625 3.706625 0.308760 0.308760 0.308760
94900 3.706625 3.706625 3.706625 0.308760 0.308760 0.308760
95000 3.706625 3.706625 3.706625 0.308760 0.308760 0.308760
95100 3.706625 3.706625 3.706625 0.308760 0.308760 0.308760
95200 3.706625 3.706625 3.706625 0.308760 0.308760 0.308760
95300 3.706625 3.706625 3.706625 0.308760 0.308760 0.308760
95400 3.706625 3.706625 3.706625 0.308760 0.308760 0.308760
95500 3.706625 3.706625 3.706625 0.308760 0.308760 0.308760
95600 3.706625 3.706625 3.706625 0.308760 0.308760 0.308760
95700 3.706625 3.706625 3.706625 0.308760 0.308760 0.308760
95800 3.706625 3.706625 3.706625 0.308760 0.308760 0.308760
95900 3.706625 3.706625 3.706625 0.308760 0.308760 0.308760
96000 3.706625 3.706625 3.706625 0.308760 0.308760 0.308760
96100 3.706625 3.706625 3.706625 0.308760 0.308760 0.308760
96200 3.706625 3.706625 3.706625 0.308760 0.308760 0.308760
96300 3.706625 3.706625 3.706625 0.308760 0.308760 0.308760
96400 3.706625 3.706625 3.706625 0.308760 0.308760 0.308760
96500 3.706625 3.706625 3.706625 0.308760 0.308760 0.308760
96600 3.706625 3.706625 3.706625 0.308760 0.308760 0.308760
96700 3.706625 3.706625 3.706625 0.308760 0.308760 0.308760
96800 3.706625 3.706625 3.706625 0.308760 0.308760 0.308760
96900 3.706625 3.706625 3.706625 0.308760 0.308760 0.308760
97000 3.706625 3.706625 3.706625 0.308760 0.308760 0.308760
97100 3.706625 3.706625 3.706625 0.308760 0.308760 0.308760
97200 3.706625 3.706625 3.706625 0.308760 0.308760 0.308760
97300 3.706625 3.706625 3.706625 0.308760 0.308760 0.308760
97400 3.706625 3.706625 3.706625 0.308760 0.308760 0.308760
97500 3.706625 3.706625 3.706625 0.308760 0.308760 0.308760
97600 3.706625 3.706625 3.706625 0.308760 0.308760 0.308760
97700 3.706625 3.706625 3.706625 0.308760 0.308760 0.308760
97800 3.706625 3.706625 3.706625 0.308760 0.308760 0.308760
97900 3.706625 3.706625 3.706625 0.308760 0.308760 0.308760
98000 3.706625 3.706625 3.706625 0.308760 0.308760 0.308760
98100 3.706625 3.706625 3.706625 0.308760 0.308760 0.308760
98200 3.706625 3.706625 3.706625 0.308760 0.308760 0.308760
98300 3.706625 3.706625 3.706625 0.308760 0.308760 0.308760
98400 3.706625 3.706625 3.706625 0.308760 0.308760 0.308760
98500 3.706625 3.706625 3.706625 0.308760 0.308760 0.308760
98600 3.706625 3.706625 3.706625 0.308760 0.308760 0.308760
98700 3.706625 3.706625 3.706625 0.308760 0.308760 0.308760
98800 3.706625 3.706625 3.706625 0.308760 0.308760 0.308760
98900 3.706625 3.706625 3.706625 0.308760 0.308760 0.308760
99000 3.706625 3.706625 3.706625 0.308760 0.308760 0.308760
99100 3.706625 3.706625 3.706625 0.308760 0.308760 0.308760
99200 3.706625 3.706625 3.706625 0.308760 0.308760 0.308760
99300 3.706625 3.706625 3.706625 0.308760 0.308760 0.308760
99400 3.706625 3.706625 3.706625 0.308760 0.308760 0.308760
99500 3.706625 3.706625 3.706625 0.308760 0.308760 0.308760
99600 3.706625 3.706625 3.706625 0.308760 0.308760 0.308760
99700 3.706625 3.706625 3.706625 0.308760 0.308760 0.308760
99800 3.706625 3.706625 3.706625 0.308760 0.308760 0.308760
99900 3.706625 3.706625 3.706625 0.308760 0.308760 0.308760
100000 3.706625 3.706625 3.706625 0.308760 0.308760 0.308760
