# generation power_min power_avg power_max util_min util_avg util_max
1 10.863547 15.474715 66.736966 0.467970 1.361299 1.497875
10 7.703557 15.494194 66.736966 0.377998 1.325261 1.497875
20 7.692166 15.952155 66.736966 0.377998 1.270202 1.495225
30 6.144677 16.266876 65.751354 0.149853 1.228754 1.495225
40 5.023288 15.686163 65.511509 0.083830 1.169759 1.487429
50 5.023288 15.596699 65.511509 0.083830 1.097826 1.487429
60 5.023288 15.095205 65.511509 0.083830 1.027818 1.487429
70 5.023288 13.900530 65.323144 0.083830 0.944632 1.487429
80 4.152435 12.962594 65.323144 0.083830 0.846984 1.487429
90 4.152435 12.209121 32.102590 0.083830 0.756115 1.476467
100 4.152435 11.805038 26.692107 0.073991 0.677305 1.476467
110 4.152435 11.004902 23.421178 0.073991 0.592622 1.214657
120 4.039689 9.271537 22.355165 0.073991 0.532204 1.214657
130 4.039689 7.913358 17.991731 0.073991 0.498186 1.214657
140 4.039689 7.200959 15.591142 0.073991 0.435405 1.214657
150 4.039689 6.336395 12.910673 0.069894 0.388772 1.024208
160 3.920097 5.663866 9.391922 0.069894 0.356741 0.907045
170 3.809592 5.195381 8.008452 0.069894 0.332077 0.907045
180 3.534042 4.825702 7.119909 0.069894 0.333357 0.555831
190 3.364623 4.563197 6.144677 0.055639 0.338731 0.555831
200 3.364623 4.379103 5.378958 0.055639 0.345211 0.575361
210 3.200563 4.210132 5.180255 0.055639 0.355834 0.575361
220 3.200563 4.069620 4.848310 0.055639 0.359358 0.575361
230 2.692050 3.924413 4.645573 0.031093 0.342482 0.575361
240 2.692050 3.797324 4.438242 0.031093 0.345489 0.575361
250 2.607436 3.665092 4.291539 0.025203 0.334709 0.575361
260 2.210791 3.507885 4.194907 0.024702 0.313284 0.575361
270 2.210791 3.388112 4.101085 0.024702 0.309237 0.575361
280 2.170405 3.257899 3.927316 0.024702 0.277045 0.551161
290 2.170405 3.140070 3.825103 0.024702 0.256637 0.544952
300 2.024606 2.996207 3.744538 0.024503 0.229309 0.544952
310 1.922374 2.867599 3.600179 0.024503 0.210144 0.544952
320 1.615252 2.749320 3.480701 0.024503 0.182357 0.543283
330 1.615252 2.606286 3.287391 0.024503 0.158975 0.543283
340 1.615252 2.503120 3.200563 0.024503 0.135388 0.524480
350 1.615252 2.388006 2.981698 0.024503 0.114209 0.524480
360 1.579868 2.283573 2.856893 0.024503 0.091347 0.398136
370 1.579868 2.200824 2.749720 0.024503 0.078326 0.398136
380 1.579868 2.102806 2.607436 0.023277 0.065737 0.342446
390 1.579868 2.025575 2.549183 0.023277 0.059392 0.342446
400 1.428826 1.942082 2.417989 0.023277 0.047004 0.239070
410 1.428826 1.867084 2.360744 0.023277 0.046850 0.239070
420 1.428826 1.798866 2.172747 0.023277 0.044377 0.238697
430 1.297814 1.735186 2.157322 0.023277 0.042595 0.181060
440 1.284467 1.666456 2.120951 0.023277 0.043559 0.181060
450 1.284467 1.613726 1.923558 0.023277 0.041854 0.115633
460 1.277950 1.566185 1.816231 0.023277 0.039262 0.114149
470 1.246283 1.534973 1.640074 0.023277 0.038958 0.114149
480 1.245396 1.515642 1.630448 0.024752 0.039766 0.114149
490 1.245396 1.490892 1.623229 0.024752 0.042221 0.116472
500 1.232824 1.456730 1.615252 0.025128 0.043968 0.116472
510 1.216699 1.421523 1.602024 0.025976 0.044974 0.116472
520 1.216699 1.389378 1.579291 0.025976 0.045246 0.116472
530 1.216699 1.358116 1.569353 0.025976 0.045200 0.116472
540 1.216699 1.328449 1.558665 0.025976 0.045064 0.116472
550 1.216699 1.297776 1.554417 0.025976 0.045200 0.116472
560 1.216699 1.273766 1.397960 0.025976 0.042061 0.116472
570 1.214821 1.261189 1.324898 0.025976 0.038109 0.046891
580 1.198714 1.253122 1.289318 0.026676 0.039211 0.046891
590 1.198714 1.247596 1.279963 0.032837 0.039977 0.046891
600 1.198714 1.241265 1.275744 0.032837 0.040676 0.047615
610 1.198696 1.235973 1.265710 0.033585 0.041446 0.047615
620 1.198696 1.232652 1.258974 0.035251 0.041976 0.047615
630 1.198115 1.227623 1.253609 0.035251 0.042541 0.047615
640 1.198115 1.223420 1.246106 0.036460 0.043058 0.047615
650 1.197015 1.219222 1.241821 0.036460 0.043546 0.047615
660 1.196594 1.215352 1.240393 0.036460 0.043758 0.048115
670 1.196594 1.211994 1.232824 0.039940 0.044209 0.048115
680 1.196594 1.208544 1.227411 0.039940 0.044606 0.048115
690 1.195986 1.205852 1.224688 0.041316 0.044806 0.048115
700 1.195986 1.203231 1.218397 0.041316 0.044685 0.048115
710 1.195565 1.201364 1.214821 0.041316 0.044822 0.048115
720 1.195546 1.200036 1.207928 0.043006 0.045046 0.048115
730 1.195546 1.198928 1.206703 0.043006 0.044964 0.048115
740 1.191354 1.197963 1.205807 0.043006 0.045081 0.045772
750 1.191354 1.197360 1.198714 0.043536 0.045144 0.045772
760 1.191336 1.197065 1.198696 0.043536 0.045102 0.045772
770 1.191336 1.196735 1.198696 0.043536 0.045094 0.045772
780 1.190747 1.196318 1.198696 0.043521 0.045074 0.046287
790 1.190326 1.195878 1.198115 0.043521 0.045069 0.046287
800 1.190307 1.195562 1.197015 0.043521 0.045193 0.046287
810 1.190307 1.195174 1.197015 0.043521 0.045274 0.046287
820 1.190307 1.194751 1.196594 0.043521 0.045374 0.046287
830 1.190307 1.194237 1.196575 0.043521 0.045492 0.046287
840 1.190307 1.193707 1.195986 0.044045 0.045686 0.046287
850 1.190307 1.193148 1.195986 0.044045 0.045769 0.046287
860 1.190307 1.192674 1.195565 0.044045 0.045834 0.046287
870 1.190307 1.192159 1.195546 0.044045 0.045920 0.046287
880 1.190147 1.191633 1.195546 0.044045 0.045991 0.046287
890 1.189708 1.191097 1.195546 0.044045 0.046048 0.046287
900 1.189708 1.190573 1.195546 0.044045 0.046133 0.046287
910 1.189708 1.190388 1.191336 0.044863 0.046204 0.046287
920 1.189708 1.190314 1.190747 0.044863 0.046208 0.046287
930 1.189708 1.190288 1.190307 0.044863 0.046207 0.046263
940 1.189708 1.190276 1.190307 0.044863 0.046179 0.046263
950 1.189708 1.190270 1.190307 0.044863 0.046165 0.046263
960 1.189708 1.190268 1.190307 0.044863 0.046151 0.046263
970 1.189708 1.190250 1.190307 0.044863 0.046109 0.046263
980 1.189708 1.190233 1.190307 0.044863 0.046040 0.046263
990 1.189708 1.190214 1.190307 0.044863 0.045984 0.046263
1000 1.189708 1.190184 1.190307 0.044863 0.045914 0.046263
1010 1.189708 1.190154 1.190307 0.044863 0.045844 0.046263
1020 1.189708 1.190112 1.190307 0.044863 0.045746 0.046263
1030 1.189708 1.190058 1.190307 0.044863 0.045620 0.046263
1040 1.189708 1.189998 1.190307 0.044863 0.045480 0.046263
1050 1.189708 1.189950 1.190307 0.044863 0.045368 0.046263
1060 1.189708 1.189890 1.190307 0.044863 0.045228 0.046263
1070 1.189708 1.189830 1.190307 0.044863 0.045088 0.046263
1080 1.189708 1.189770 1.190307 0.044863 0.044948 0.046263
1090 1.189708 1.189717 1.190147 0.044863 0.044863 0.044887
1100 1.189708 1.189708 1.189708 0.044863 0.044863 0.044863
1110 1.189708 1.189708 1.189708 0.044863 0.044863 0.044863
1120 1.189708 1.189708 1.189708 0.044863 0.044863 0.044863
1130 1.189708 1.189708 1.189708 0.044863 0.044863 0.044863
1140 1.189708 1.189708 1.189708 0.044863 0.044863 0.044863
1150 1.189708 1.189708 1.189708 0.044863 0.044863 0.044863
1160 1.189708 1.189708 1.189708 0.044863 0.044863 0.044863
1170 1.189708 1.189708 1.189708 0.044863 0.044863 0.044863
1180 1.189708 1.189708 1.189708 0.044863 0.044863 0.044863
1190 1.189708 1.189708 1.189708 0.044863 0.044863 0.044863
1200 1.189708 1.189708 1.189708 0.044863 0.044863 0.044863
1210 1.189708 1.189708 1.189708 0.044863 0.044863 0.044863
1220 1.189708 1.189708 1.189708 0.044863 0.044863 0.044863
1230 1.189708 1.189708 1.189708 0.044863 0.044863 0.044863
1240 1.189708 1.189708 1.189708 0.044863 0.044863 0.044863
1250 1.189708 1.189708 1.189708 0.044863 0.044863 0.044863
1260 1.189708 1.189708 1.189708 0.044863 0.044863 0.044863
1270 1.189708 1.189708 1.189708 0.044863 0.044863 0.044863
1280 1.189708 1.189708 1.189708 0.044863 0.044863 0.044863
1290 1.189708 1.189708 1.189708 0.044863 0.044863 0.044863
1300 1.189708 1.189708 1.189708 0.044863 0.044863 0.044863
1310 1.189708 1.189708 1.189708 0.044863 0.044863 0.044863
1320 1.189708 1.189708 1.189708 0.044863 0.044863 0.044863
1330 1.189708 1.189708 1.189708 0.044863 0.044863 0.044863
1340 1.189708 1.189708 1.189708 0.044863 0.044863 0.044863
1350 1.189708 1.189708 1.189708 0.044863 0.044863 0.044863
1360 1.189708 1.189708 1.189708 0.044863 0.044863 0.044863
1370 1.189708 1.189708 1.189708 0.044863 0.044863 0.044863
1380 1.189708 1.189708 1.189708 0.044863 0.044863 0.044863
1390 1.189708 1.189708 1.189708 0.044863 0.044863 0.044863
1400 1.189708 1.189708 1.189708 0.044863 0.044863 0.044863
1410 1.189708 1.189708 1.189708 0.044863 0.044863 0.044863
1420 1.189708 1.189708 1.189708 0.044863 0.044863 0.044863
1430 1.189708 1.189708 1.189708 0.044863 0.044863 0.044863
1440 1.189708 1.189708 1.189708 0.044863 0.044863 0.044863
1450 1.189708 1.189708 1.189708 0.044863 0.044863 0.044863
1460 1.189708 1.189708 1.189708 0.044863 0.044863 0.044863
1470 1.189708 1.189708 1.189708 0.044863 0.044863 0.044863
1480 1.189708 1.189708 1.189708 0.044863 0.044863 0.044863
1490 1.189708 1.189708 1.189708 0.044863 0.044863 0.044863
1500 1.189708 1.189708 1.189708 0.044863 0.044863 0.044863
1510 1.189708 1.189708 1.189708 0.044863 0.044863 0.044863
1520 1.189708 1.189708 1.189708 0.044863 0.044863 0.044863
1530 1.189708 1.189708 1.189708 0.044863 0.044863 0.044863
1540 1.189708 1.189708 1.189708 0.044863 0.044863 0.044863
1550 1.189708 1.189708 1.189708 0.044863 0.044863 0.044863
1560 1.189708 1.189708 1.189708 0.044863 0.044863 0.044863
1570 1.189708 1.189708 1.189708 0.044863 0.044863 0.044863
1580 1.189708 1.189708 1.189708 0.044863 0.044863 0.044863
1590 1.189708 1.189708 1.189708 0.044863 0.044863 0.044863
1600 1.189708 1.189708 1.189708 0.044863 0.044863 0.044863
1610 1.189708 1.189708 1.189708 0.044863 0.044863 0.044863
1620 1.189708 1.189708 1.189708 0.044863 0.044863 0.044863
1630 1.189708 1.189708 1.189708 0.044863 0.044863 0.044863
1640 1.189708 1.189708 1.189708 0.044863 0.044863 0.044863
1650 1.189708 1.189708 1.189708 0.044863 0.044863 0.044863
1660 1.189708 1.189708 1.189708 0.044863 0.044863 0.044863
1670 1.189708 1.189708 1.189708 0.044863 0.044863 0.044863
1680 1.189708 1.189708 1.189708 0.044863 0.044863 0.044863
1690 1.189708 1.189708 1.189708 0.044863 0.044863 0.044863
1700 1.189708 1.189708 1.189708 0.044863 0.044863 0.044863
1710 1.189708 1.189708 1.189708 0.044863 0.044863 0.044863
1720 1.189708 1.189708 1.189708 0.044863 0.044863 0.044863
1730 1.189708 1.189708 1.189708 0.044863 0.044863 0.044863
1740 1.189708 1.189708 1.189708 0.044863 0.044863 0.044863
1750 1.189708 1.189708 1.189708 0.044863 0.044863 0.044863
1760 1.189708 1.189708 1.189708 0.044863 0.044863 0.044863
1770 1.189708 1.189708 1.189708 0.044863 0.044863 0.044863
1780 1.189708 1.189708 1.189708 0.044863 0.044863 0.044863
1790 1.189708 1.189708 1.189708 0.044863 0.044863 0.044863
1800 1.189708 1.189708 1.189708 0.044863 0.044863 0.044863
1810 1.189708 1.189708 1.189708 0.044863 0.044863 0.044863
1820 1.189708 1.189708 1.189708 0.044863 0.044863 0.044863
1830 1.189708 1.189708 1.189708 0.044863 0.044863 0.044863
1840 1.189708 1.189708 1.189708 0.044863 0.044863 0.044863
1850 1.189708 1.189708 1.189708 0.044863 0.044863 0.044863
1860 1.189708 1.189708 1.189708 0.044863 0.044863 0.044863
1870 1.189708 1.189708 1.189708 0.044863 0.044863 0.044863
1880 1.189708 1.189708 1.189708 0.044863 0.044863 0.044863
1890 1.189708 1.189708 1.189708 0.044863 0.044863 0.044863
1900 1.189708 1.189708 1.189708 0.044863 0.044863 0.044863
1910 1.189708 1.189708 1.189708 0.044863 0.044863 0.044863
1920 1.189708 1.189708 1.189708 0.044863 0.044863 0.044863
1930 1.189708 1.189708 1.189708 0.044863 0.044863 0.044863
1940 1.189708 1.189708 1.189708 0.044863 0.044863 0.044863
1950 1.189708 1.189708 1.189708 0.044863 0.044863 0.044863
1960 1.189708 1.189708 1.189708 0.044863 0.044863 0.044863
1970 1.189708 1.189708 1.189708 0.044863 0.044863 0.044863
1980 1.189708 1.189708 1.189708 0.044863 0.044863 0.044863
1990 1.189708 1.189708 1.189708 0.044863 0.044863 0.044863
2000 1.189708 1.189708 1.189708 0.044863 0.044863 0.044863
2010 1.189708 1.189708 1.189708 0.044863 0.044863 0.044863
2020 1.189708 1.189708 1.189708 0.044863 0.044863 0.044863
2030 1.189708 1.189708 1.189708 0.044863 0.044863 0.044863
2040 1.189708 1.189708 1.189708 0.044863 0.044863 0.044863
2050 1.189708 1.189708 1.189708 0.044863 0.044863 0.044863
2060 1.189708 1.189708 1.189708 0.044863 0.044863 0.044863
2070 1.189708 1.189708 1.189708 0.044863 0.044863 0.044863
2080 1.189708 1.189708 1.189708 0.044863 0.044863 0.044863
2090 1.189708 1.189708 1.189708 0.044863 0.044863 0.044863
2100 1.189708 1.189708 1.189708 0.044863 0.044863 0.044863
2110 1.189708 1.189708 1.189708 0.044863 0.044863 0.044863
2120 1.189708 1.189708 1.189708 0.044863 0.044863 0.044863
2130 1.189708 1.189708 1.189708 0.044863 0.044863 0.044863
2140 1.189708 1.189708 1.189708 0.044863 0.044863 0.044863
2150 1.189708 1.189708 1.189708 0.044863 0.044863 0.044863
2160 1.189708 1.189708 1.189708 0.044863 0.044863 0.044863
2170 1.189708 1.189708 1.189708 0.044863 0.044863 0.044863
2180 1.189708 1.189708 1.189708 0.044863 0.044863 0.044863
2190 1.189708 1.189708 1.189708 0.044863 0.044863 0.044863
2200 1.189708 1.189708 1.189708 0.044863 0.044863 0.044863
2210 1.189708 1.189708 1.189708 0.044863 0.044863 0.044863
2220 1.189708 1.189708 1.189708 0.044863 0.044863 0.044863
2230 1.189708 1.189708 1.189708 0.044863 0.044863 0.044863
2240 1.189708 1.189708 1.189708 0.044863 0.044863 0.044863
2250 1.189708 1.189708 1.189708 0.044863 0.044863 0.044863
2260 1.189708 1.189708 1.189708 0.044863 0.044863 0.044863
2270 1.189708 1.189708 1.189708 0.044863 0.044863 0.044863
2280 1.189708 1.189708 1.189708 0.044863 0.044863 0.044863
2290 1.189708 1.189708 1.189708 0.044863 0.044863 0.044863
2300 1.189708 1.189708 1.189708 0.044863 0.044863 0.044863
2310 1.189708 1.189708 1.189708 0.044863 0.044863 0.044863
2320 1.189708 1.189708 1.189708 0.044863 0.044863 0.044863
2330 1.189708 1.189708 1.189708 0.044863 0.044863 0.044863
2340 1.189708 1.189708 1.189708 0.044863 0.044863 0.044863
2350 1.189708 1.189708 1.189708 0.044863 0.044863 0.044863
2360 1.189708 1.189708 1.189708 0.044863 0.044863 0.044863
2370 1.189708 1.189708 1.189708 0.044863 0.044863 0.044863
2380 1.189708 1.189708 1.189708 0.044863 0.044863 0.044863
2390 1.189708 1.189708 1.189708 0.044863 0.044863 0.044863
2400 1.189708 1.189708 1.189708 0.044863 0.044863 0.044863
2410 1.189708 1.189708 1.189708 0.044863 0.044863 0.044863
2420 1.189708 1.189708 1.189708 0.044863 0.044863 0.044863
2430 1.189708 1.189708 1.189708 0.044863 0.044863 0.044863
2440 1.189708 1.189708 1.189708 0.044863 0.044863 0.044863
2450 1.189708 1.189708 1.189708 0.044863 0.044863 0.044863
2460 1.189708 1.189708 1.189708 0.044863 0.044863 0.044863
2470 1.189708 1.189708 1.189708 0.044863 0.044863 0.044863
2480 1.189708 1.189708 1.189708 0.044863 0.044863 0.044863
2490 1.189708 1.189708 1.189708 0.044863 0.044863 0.044863
2500 1.189708 1.189708 1.189708 0.044863 0.044863 0.044863
2510 1.189708 1.189708 1.189708 0.044863 0.044863 0.044863
2520 1.189708 1.189708 1.189708 0.044863 0.044863 0.044863
2530 1.189708 1.189708 1.189708 0.044863 0.044863 0.044863
2540 1.189708 1.189708 1.189708 0.044863 0.044863 0.044863
2550 1.189708 1.189708 1.189708 0.044863 0.044863 0.044863
2560 1.189708 1.189708 1.189708 0.044863 0.044863 0.044863
2570 1.189708 1.189708 1.189708 0.044863 0.044863 0.044863
2580 1.189708 1.189708 1.189708 0.044863 0.044863 0.044863
2590 1.189708 1.189708 1.189708 0.044863 0.044863 0.044863
2600 1.189708 1.189708 1.189708 0.044863 0.044863 0.044863
2610 1.189708 1.189708 1.189708 0.044863 0.044863 0.044863
2620 1.189708 1.189708 1.189708 0.044863 0.044863 0.044863
2630 1.189708 1.189708 1.189708 0.044863 0.044863 0.044863
2640 1.189708 1.189708 1.189708 0.044863 0.044863 0.044863
2650 1.189708 1.189708 1.189708 0.044863 0.044863 0.044863
2660 1.189708 1.189708 1.189708 0.044863 0.044863 0.044863
2670 1.189708 1.189708 1.189708 0.044863 0.044863 0.044863
2680 1.189708 1.189708 1.189708 0.044863 0.044863 0.044863
2690 1.189708 1.189708 1.189708 0.044863 0.044863 0.044863
2700 1.189708 1.189708 1.189708 0.044863 0.044863 0.044863
2710 1.189708 1.189708 1.189708 0.044863 0.044863 0.044863
2720 1.189708 1.189708 1.189708 0.044863 0.044863 0.044863
2730 1.189708 1.189708 1.189708 0.044863 0.044863 0.044863
2740 1.189708 1.189708 1.189708 0.044863 0.044863 0.044863
2750 1.189708 1.189708 1.189708 0.044863 0.044863 0.044863
2760 1.189708 1.189708 1.189708 0.044863 0.044863 0.044863
2770 1.189708 1.189708 1.189708 0.044863 0.044863 0.044863
2780 1.189708 1.189708 1.189708 0.044863 0.044863 0.044863
2790 1.189708 1.189708 1.189708 0.044863 0.044863 0.044863
2800 1.189708 1.189708 1.189708 0.044863 0.044863 0.044863
2810 1.189708 1.189708 1.189708 0.044863 0.044863 0.044863
2820 1.189708 1.189708 1.189708 0.044863 0.044863 0.044863
2830 1.189708 1.189708 1.189708 0.044863 0.044863 0.044863
2840 1.189708 1.189708 1.189708 0.044863 0.044863 0.044863
2850 1.189708 1.189708 1.189708 0.044863 0.044863 0.044863
2860 1.189708 1.189708 1.189708 0.044863 0.044863 0.044863
2870 1.189708 1.189708 1.189708 0.044863 0.044863 0.044863
2880 1.189708 1.189708 1.189708 0.044863 0.044863 0.044863
2890 1.189708 1.189708 1.189708 0.044863 0.044863 0.044863
2900 1.189708 1.189708 1.189708 0.044863 0.044863 0.044863
2910 1.189708 1.189708 1.189708 0.044863 0.044863 0.044863
2920 1.189708 1.189708 1.189708 0.044863 0.044863 0.044863
2930 1.189708 1.189708 1.189708 0.044863 0.044863 0.044863
2940 1.189708 1.189708 1.189708 0.044863 0.044863 0.044863
2950 1.189708 1.189708 1.189708 0.044863 0.044863 0.044863
2960 1.189708 1.189708 1.189708 0.044863 0.044863 0.044863
2970 1.189708 1.189708 1.189708 0.044863 0.044863 0.044863
2980 1.189708 1.189708 1.189708 0.044863 0.044863 0.044863
2990 1.189708 1.189708 1.189708 0.044863 0.044863 0.044863
3000 1.189708 1.189708 1.189708 0.044863 0.044863 0.044863
3010 1.189708 1.189708 1.189708 0.044863 0.044863 0.044863
3020 1.189708 1.189708 1.189708 0.044863 0.044863 0.044863
3030 1.189708 1.189708 1.189708 0.044863 0.044863 0.044863
3040 1.189708 1.189708 1.189708 0.044863 0.044863 0.044863
3050 1.189708 1.189708 1.189708 0.044863 0.044863 0.044863
3060 1.189708 1.189708 1.189708 0.044863 0.044863 0.044863
3070 1.189708 1.189708 1.189708 0.044863 0.044863 0.044863
3080 1.189708 1.189708 1.189708 0.044863 0.044863 0.044863
3090 1.189708 1.189708 1.189708 0.044863 0.044863 0.044863
3100 1.189708 1.189708 1.189708 0.044863 0.044863 0.044863
3110 1.189708 1.189708 1.189708 0.044863 0.044863 0.044863
3120 1.189708 1.189708 1.189708 0.044863 0.044863 0.044863
3130 1.189708 1.189708 1.189708 0.044863 0.044863 0.044863
3140 1.189708 1.189708 1.189708 0.044863 0.044863 0.044863
3150 1.189708 1.189708 1.189708 0.044863 0.044863 0.044863
3160 1.189708 1.189708 1.189708 0.044863 0.044863 0.044863
3170 1.189708 1.189708 1.189708 0.044863 0.044863 0.044863
3180 1.189708 1.189708 1.189708 0.044863 0.044863 0.044863
3190 1.189708 1.189708 1.189708 0.044863 0.044863 0.044863
3200 1.189708 1.189708 1.189708 0.044863 0.044863 0.044863
3210 1.189708 1.189708 1.189708 0.044863 0.044863 0.044863
3220 1.189708 1.189708 1.189708 0.044863 0.044863 0.044863
3230 1.189708 1.189708 1.189708 0.044863 0.044863 0.044863
3240 1.189708 1.189708 1.189708 0.044863 0.044863 0.044863
3250 1.189708 1.189708 1.189708 0.044863 0.044863 0.044863
3260 1.189708 1.189708 1.189708 0.044863 0.044863 0.044863
3270 1.189708 1.189708 1.189708 0.044863 0.044863 0.044863
3280 1.189708 1.189708 1.189708 0.044863 0.044863 0.044863
3290 1.189708 1.189708 1.189708 0.044863 0.044863 0.044863
3300 1.189708 1.189708 1.189708 0.044863 0.044863 0.044863
3310 1.189708 1.189708 1.189708 0.044863 0.044863 0.044863
3320 1.189708 1.189708 1.189708 0.044863 0.044863 0.044863
3330 1.189708 1.189708 1.189708 0.044863 0.044863 0.044863
3340 1.189708 1.189708 1.189708 0.044863 0.044863 0.044863
3350 1.189708 1.189708 1.189708 0.044863 0.044863 0.044863
3360 1.189708 1.189708 1.189708 0.044863 0.044863 0.044863
3370 1.189708 1.189708 1.189708 0.044863 0.044863 0.044863
3380 1.189708 1.189708 1.189708 0.044863 0.044863 0.044863
3390 1.189708 1.189708 1.189708 0.044863 0.044863 0.044863
3400 1.189708 1.189708 1.189708 0.044863 0.044863 0.044863
3410 1.189708 1.189708 1.189708 0.044863 0.044863 0.044863
3420 1.189708 1.189708 1.189708 0.044863 0.044863 0.044863
3430 1.189708 1.189708 1.189708 0.044863 0.044863 0.044863
3440 1.189708 1.189708 1.189708 0.044863 0.044863 0.044863
3450 1.189708 1.189708 1.189708 0.044863 0.044863 0.044863
3460 1.189708 1.189708 1.189708 0.044863 0.044863 0.044863
3470 1.189708 1.189708 1.189708 0.044863 0.044863 0.044863
3480 1.189708 1.189708 1.189708 0.044863 0.044863 0.044863
3490 1.189708 1.189708 1.189708 0.044863 0.044863 0.044863
3500 1.189708 1.189708 1.189708 0.044863 0.044863 0.044863
3510 1.189708 1.189708 1.189708 0.044863 0.044863 0.044863
3520 1.189708 1.189708 1.189708 0.044863 0.044863 0.044863
3530 1.189708 1.189708 1.189708 0.044863 0.044863 0.044863
3540 1.189708 1.189708 1.189708 0.044863 0.044863 0.044863
3550 1.189708 1.189708 1.189708 0.044863 0.044863 0.044863
3560 1.189708 1.189708 1.189708 0.044863 0.044863 0.044863
3570 1.189708 1.189708 1.189708 0.044863 0.044863 0.044863
3580 1.189708 1.189708 1.189708 0.044863 0.044863 0.044863
3590 1.189708 1.189708 1.189708 0.044863 0.044863 0.044863
3600 1.189708 1.189708 1.189708 0.044863 0.044863 0.044863
3610 1.189708 1.189708 1.189708 0.044863 0.044863 0.044863
3620 1.189708 1.189708 1.189708 0.044863 0.044863 0.044863
3630 1.189708 1.189708 1.189708 0.044863 0.044863 0.044863
3640 1.189708 1.189708 1.189708 0.044863 0.044863 0.044863
3650 1.189708 1.189708 1.189708 0.044863 0.044863 0.044863
3660 1.189708 1.189708 1.189708 0.044863 0.044863 0.044863
3670 1.189708 1.189708 1.189708 0.044863 0.044863 0.044863
3680 1.189708 1.189708 1.189708 0.044863 0.044863 0.044863
3690 1.189708 1.189708 1.189708 0.044863 0.044863 0.044863
3700 1.189708 1.189708 1.189708 0.044863 0.044863 0.044863
3710 1.189708 1.189708 1.189708 0.044863 0.044863 0.044863
3720 1.189708 1.189708 1.189708 0.044863 0.044863 0.044863
3730 1.189708 1.189708 1.189708 0.044863 0.044863 0.044863
3740 1.189708 1.189708 1.189708 0.044863 0.044863 0.044863
3750 1.189708 1.189708 1.189708 0.044863 0.044863 0.044863
3760 1.189708 1.189708 1.189708 0.044863 0.044863 0.044863
3770 1.189708 1.189708 1.189708 0.044863 0.044863 0.044863
3780 1.189708 1.189708 1.189708 0.044863 0.044863 0.044863
3790 1.189708 1.189708 1.189708 0.044863 0.044863 0.044863
3800 1.189708 1.189708 1.189708 0.044863 0.044863 0.044863
3810 1.189708 1.189708 1.189708 0.044863 0.044863 0.044863
3820 1.189708 1.189708 1.189708 0.044863 0.044863 0.044863
3830 1.189708 1.189708 1.189708 0.044863 0.044863 0.044863
3840 1.189708 1.189708 1.189708 0.044863 0.044863 0.044863
3850 1.189708 1.189708 1.189708 0.044863 0.044863 0.044863
3860 1.189708 1.189708 1.189708 0.044863 0.044863 0.044863
3870 1.189708 1.189708 1.189708 0.044863 0.044863 0.044863
3880 1.189708 1.189708 1.189708 0.044863 0.044863 0.044863
3890 1.189708 1.189708 1.189708 0.044863 0.044863 0.044863
3900 1.189708 1.189708 1.189708 0.044863 0.044863 0.044863
3910 1.189708 1.189708 1.189708 0.044863 0.044863 0.044863
3920 1.189708 1.189708 1.189708 0.044863 0.044863 0.044863
3930 1.189708 1.189708 1.189708 0.044863 0.044863 0.044863
3940 1.189708 1.189708 1.189708 0.044863 0.044863 0.044863
3950 1.189708 1.189708 1.189708 0.044863 0.044863 0.044863
3960 1.189708 1.189708 1.189708 0.044863 0.044863 0.044863
3970 1.189708 1.189708 1.189708 0.044863 0.044863 0.044863
3980 1.189708 1.189708 1.189708 0.044863 0.044863 0.044863
3990 1.189708 1.189708 1.189708 0.044863 0.044863 0.044863
4000 1.189708 1.189708 1.189708 0.044863 0.044863 0.044863
4010 1.189708 1.189708 1.189708 0.044863 0.044863 0.044863
4020 1.189708 1.189708 1.189708 0.044863 0.044863 0.044863
4030 1.189708 1.189708 1.189708 0.044863 0.044863 0.044863
4040 1.189708 1.189708 1.189708 0.044863 0.044863 0.044863
4050 1.189708 1.189708 1.189708 0.044863 0.044863 0.044863
4060 1.189708 1.189708 1.189708 0.044863 0.044863 0.044863
4070 1.189708 1.189708 1.189708 0.044863 0.044863 0.044863
4080 1.189708 1.189708 1.189708 0.044863 0.044863 0.044863
4090 1.189708 1.189708 1.189708 0.044863 0.044863 0.044863
4100 1.189708 1.189708 1.189708 0.044863 0.044863 0.044863
4110 1.189708 1.189708 1.189708 0.044863 0.044863 0.044863
4120 1.189708 1.189708 1.189708 0.044863 0.044863 0.044863
4130 1.189708 1.189708 1.189708 0.044863 0.044863 0.044863
4140 1.189708 1.189708 1.189708 0.044863 0.044863 0.044863
4150 1.189708 1.189708 1.189708 0.044863 0.044863 0.044863
4160 1.189708 1.189708 1.189708 0.044863 0.044863 0.044863
4170 1.189708 1.189708 1.189708 0.044863 0.044863 0.044863
4180 1.189708 1.189708 1.189708 0.044863 0.044863 0.044863
4190 1.189708 1.189708 1.189708 0.044863 0.044863 0.044863
4200 1.189708 1.189708 1.189708 0.044863 0.044863 0.044863
4210 1.189708 1.189708 1.189708 0.044863 0.044863 0.044863
4220 1.189708 1.189708 1.189708 0.044863 0.044863 0.044863
4230 1.189708 1.189708 1.189708 0.044863 0.044863 0.044863
4240 1.189708 1.189708 1.189708 0.044863 0.044863 0.044863
4250 1.189708 1.189708 1.189708 0.044863 0.044863 0.044863
4260 1.189708 1.189708 1.189708 0.044863 0.044863 0.044863
4270 1.189708 1.189708 1.189708 0.044863 0.044863 0.044863
4280 1.189708 1.189708 1.189708 0.044863 0.044863 0.044863
4290 1.189708 1.189708 1.189708 0.044863 0.044863 0.044863
4300 1.189708 1.189708 1.189708 0.044863 0.044863 0.044863
4310 1.189708 1.189708 1.189708 0.044863 0.044863 0.044863
4320 1.189708 1.189708 1.189708 0.044863 0.044863 0.044863
4330 1.189708 1.189708 1.189708 0.044863 0.044863 0.044863
4340 1.189708 1.189708 1.189708 0.044863 0.044863 0.044863
4350 1.189708 1.189708 1.189708 0.044863 0.044863 0.044863
4360 1.189708 1.189708 1.189708 0.044863 0.044863 0.044863
4370 1.189708 1.189708 1.189708 0.044863 0.044863 0.044863
4380 1.189708 1.189708 1.189708 0.044863 0.044863 0.044863
4390 1.189708 1.189708 1.189708 0.044863 0.044863 0.044863
4400 1.189708 1.189708 1.189708 0.044863 0.044863 0.044863
4410 1.189708 1.189708 1.189708 0.044863 0.044863 0.044863
4420 1.189708 1.189708 1.189708 0.044863 0.044863 0.044863
4430 1.189708 1.189708 1.189708 0.044863 0.044863 0.044863
4440 1.189708 1.189708 1.189708 0.044863 0.044863 0.044863
4450 1.189708 1.189708 1.189708 0.044863 0.044863 0.044863
4460 1.189708 1.189708 1.189708 0.044863 0.044863 0.044863
4470 1.189708 1.189708 1.189708 0.044863 0.044863 0.044863
4480 1.189708 1.189708 1.189708 0.044863 0.044863 0.044863
4490 1.189708 1.189708 1.189708 0.044863 0.044863 0.044863
4500 1.189708 1.189708 1.189708 0.044863 0.044863 0.044863
4510 1.189708 1.189708 1.189708 0.044863 0.044863 0.044863
4520 1.189708 1.189708 1.189708 0.044863 0.044863 0.044863
4530 1.189708 1.189708 1.189708 0.044863 0.044863 0.044863
4540 1.189708 1.189708 1.189708 0.044863 0.044863 0.044863
4550 1.189708 1.189708 1.189708 0.044863 0.044863 0.044863
4560 1.189708 1.189708 1.189708 0.044863 0.044863 0.044863
4570 1.189708 1.189708 1.189708 0.044863 0.044863 0.044863
4580 1.189708 1.189708 1.189708 0.044863 0.044863 0.044863
4590 1.189708 1.189708 1.189708 0.044863 0.044863 0.044863
4600 1.189708 1.189708 1.189708 0.044863 0.044863 0.044863
4610 1.189708 1.189708 1.189708 0.044863 0.044863 0.044863
4620 1.189708 1.189708 1.189708 0.044863 0.044863 0.044863
4630 1.189708 1.189708 1.189708 0.044863 0.044863 0.044863
4640 1.189708 1.189708 1.189708 0.044863 0.044863 0.044863
4650 1.189708 1.189708 1.189708 0.044863 0.044863 0.044863
4660 1.189708 1.189708 1.189708 0.044863 0.044863 0.044863
4670 1.189708 1.189708 1.189708 0.044863 0.044863 0.044863
4680 1.189708 1.189708 1.189708 0.044863 0.044863 0.044863
4690 1.189708 1.189708 1.189708 0.044863 0.044863 0.044863
4700 1.189708 1.189708 1.189708 0.044863 0.044863 0.044863
4710 1.189708 1.189708 1.189708 0.044863 0.044863 0.044863
4720 1.189708 1.189708 1.189708 0.044863 0.044863 0.044863
4730 1.189708 1.189708 1.189708 0.044863 0.044863 0.044863
4740 1.189708 1.189708 1.189708 0.044863 0.044863 0.044863
4750 1.189708 1.189708 1.189708 0.044863 0.044863 0.044863
4760 1.189708 1.189708 1.189708 0.044863 0.044863 0.044863
4770 1.189708 1.189708 1.189708 0.044863 0.044863 0.044863
4780 1.189708 1.189708 1.189708 0.044863 0.044863 0.044863
4790 1.189708 1.189708 1.189708 0.044863 0.044863 0.044863
4800 1.189708 1.189708 1.189708 0.044863 0.044863 0.044863
4810 1.189708 1.189708 1.189708 0.044863 0.044863 0.044863
4820 1.189708 1.189708 1.189708 0.044863 0.044863 0.044863
4830 1.189708 1.189708 1.189708 0.044863 0.044863 0.044863
4840 1.189708 1.189708 1.189708 0.044863 0.044863 0.044863
4850 1.189708 1.189708 1.189708 0.044863 0.044863 0.044863
4860 1.189708 1.189708 1.189708 0.044863 0.044863 0.044863
4870 1.189708 1.189708 1.189708 0.044863 0.044863 0.044863
4880 1.189708 1.189708 1.189708 0.044863 0.044863 0.044863
4890 1.189708 1.189708 1.189708 0.044863 0.044863 0.044863
4900 1.189708 1.189708 1.189708 0.044863 0.044863 0.044863
4910 1.189708 1.189708 1.189708 0.044863 0.044863 0.044863
4920 1.189708 1.189708 1.189708 0.044863 0.044863 0.044863
4930 1.189708 1.189708 1.189708 0.044863 0.044863 0.044863
4940 1.189708 1.189708 1.189708 0.044863 0.044863 0.044863
4950 1.189708 1.189708 1.189708 0.044863 0.044863 0.044863
4960 1.189708 1.189708 1.189708 0.044863 0.044863 0.044863
4970 1.189708 1.189708 1.189708 0.044863 0.044863 0.044863
4980 1.189708 1.189708 1.189708 0.044863 0.044863 0.044863
4990 1.189708 1.189708 1.189708 0.044863 0.044863 0.044863
5000 1.189708 1.189708 1.189708 0.044863 0.044863 0.044863
5010 1.189708 1.189708 1.189708 0.044863 0.044863 0.044863
5020 1.189708 1.189708 1.189708 0.044863 0.044863 0.044863
5030 1.189708 1.189708 1.189708 0.044863 0.044863 0.044863
5040 1.189708 1.189708 1.189708 0.044863 0.044863 0.044863
5050 1.189708 1.189708 1.189708 0.044863 0.044863 0.044863
5060 1.189708 1.189708 1.189708 0.044863 0.044863 0.044863
5070 1.189708 1.189708 1.189708 0.044863 0.044863 0.044863
5080 1.189708 1.189708 1.189708 0.044863 0.044863 0.044863
5090 1.189708 1.189708 1.189708 0.044863 0.044863 0.044863
5100 1.189708 1.189708 1.189708 0.044863 0.044863 0.044863
5110 1.189708 1.189708 1.189708 0.044863 0.044863 0.044863
5120 1.189708 1.189708 1.189708 0.044863 0.044863 0.044863
5130 1.189708 1.189708 1.189708 0.044863 0.044863 0.044863
5140 1.189708 1.189708 1.189708 0.044863 0.044863 0.044863
5150 1.189708 1.189708 1.189708 0.044863 0.044863 0.044863
5160 1.189708 1.189708 1.189708 0.044863 0.044863 0.044863
5170 1.189708 1.189708 1.189708 0.044863 0.044863 0.044863
5180 1.189708 1.189708 1.189708 0.044863 0.044863 0.044863
5190 1.189708 1.189708 1.189708 0.044863 0.044863 0.044863
5200 1.189708 1.189708 1.189708 0.044863 0.044863 0.044863
5210 1.189708 1.189708 1.189708 0.044863 0.044863 0.044863
5220 1.189708 1.189708 1.189708 0.044863 0.044863 0.044863
5230 1.189708 1.189708 1.189708 0.044863 0.044863 0.044863
5240 1.189708 1.189708 1.189708 0.044863 0.044863 0.044863
5250 1.189708 1.189708 1.189708 0.044863 0.044863 0.044863
5260 1.189708 1.189708 1.189708 0.044863 0.044863 0.044863
5270 1.189708 1.189708 1.189708 0.044863 0.044863 0.044863
5280 1.189708 1.189708 1.189708 0.044863 0.044863 0.044863
5290 1.189708 1.189708 1.189708 0.044863 0.044863 0.044863
5300 1.189708 1.189708 1.189708 0.044863 0.044863 0.044863
5310 1.189708 1.189708 1.189708 0.044863 0.044863 0.044863
5320 1.189708 1.189708 1.189708 0.044863 0.044863 0.044863
5330 1.189708 1.189708 1.189708 0.044863 0.044863 0.044863
5340 1.189708 1.189708 1.189708 0.044863 0.044863 0.044863
5350 1.189708 1.189708 1.189708 0.044863 0.044863 0.044863
5360 1.189708 1.189708 1.189708 0.044863 0.044863 0.044863
5370 1.189708 1.189708 1.189708 0.044863 0.044863 0.044863
5380 1.189708 1.189708 1.189708 0.044863 0.044863 0.044863
5390 1.189708 1.189708 1.189708 0.044863 0.044863 0.044863
5400 1.189708 1.189708 1.189708 0.044863 0.044863 0.044863
5410 1.189708 1.189708 1.189708 0.044863 0.044863 0.044863
5420 1.189708 1.189708 1.189708 0.044863 0.044863 0.044863
5430 1.189708 1.189708 1.189708 0.044863 0.044863 0.044863
5440 1.189708 1.189708 1.189708 0.044863 0.044863 0.044863
5450 1.189708 1.189708 1.189708 0.044863 0.044863 0.044863
5460 1.189708 1.189708 1.189708 0.044863 0.044863 0.044863
5470 1.189708 1.189708 1.189708 0.044863 0.044863 0.044863
5480 1.189708 1.189708 1.189708 0.044863 0.044863 0.044863
5490 1.189708 1.189708 1.189708 0.044863 0.044863 0.044863
5500 1.189708 1.189708 1.189708 0.044863 0.044863 0.044863
5510 1.189708 1.189708 1.189708 0.044863 0.044863 0.044863
5520 1.189708 1.189708 1.189708 0.044863 0.044863 0.044863
5530 1.189708 1.189708 1.189708 0.044863 0.044863 0.044863
5540 1.189708 1.189708 1.189708 0.044863 0.044863 0.044863
5550 1.189708 1.189708 1.189708 0.044863 0.044863 0.044863
5560 1.189708 1.189708 1.189708 0.044863 0.044863 0.044863
5570 1.189708 1.189708 1.189708 0.044863 0.044863 0.044863
5580 1.189708 1.189708 1.189708 0.044863 0.044863 0.044863
5590 1.189708 1.189708 1.189708 0.044863 0.044863 0.044863
5600 1.189708 1.189708 1.189708 0.044863 0.044863 0.044863
5610 1.189708 1.189708 1.189708 0.044863 0.044863 0.044863
5620 1.189708 1.189708 1.189708 0.044863 0.044863 0.044863
5630 1.189708 1.189708 1.189708 0.044863 0.044863 0.044863
5640 1.189708 1.189708 1.189708 0.044863 0.044863 0.044863
5650 1.189708 1.189708 1.189708 0.044863 0.044863 0.044863
5660 1.189708 1.189708 1.189708 0.044863 0.044863 0.044863
5670 1.189708 1.189708 1.189708 0.044863 0.044863 0.044863
5680 1.189708 1.189708 1.189708 0.044863 0.044863 0.044863
5690 1.189708 1.189708 1.189708 0.044863 0.044863 0.044863
5700 1.189708 1.189708 1.189708 0.044863 0.044863 0.044863
5710 1.189708 1.189708 1.189708 0.044863 0.044863 0.044863
5720 1.189708 1.189708 1.189708 0.044863 0.044863 0.044863
5730 1.189708 1.189708 1.189708 0.044863 0.044863 0.044863
5740 1.189708 1.189708 1.189708 0.044863 0.044863 0.044863
5750 1.189708 1.189708 1.189708 0.044863 0.044863 0.044863
5760 1.189708 1.189708 1.189708 0.044863 0.044863 0.044863
5770 1.189708 1.189708 1.189708 0.044863 0.044863 0.044863
5780 1.189708 1.189708 1.189708 0.044863 0.044863 0.044863
5790 1.189708 1.189708 1.189708 0.044863 0.044863 0.044863
5800 1.189708 1.189708 1.189708 0.044863 0.044863 0.044863
5810 1.189708 1.189708 1.189708 0.044863 0.044863 0.044863
5820 1.189708 1.189708 1.189708 0.044863 0.044863 0.044863
5830 1.189708 1.189708 1.189708 0.044863 0.044863 0.044863
5840 1.189708 1.189708 1.189708 0.044863 0.044863 0.044863
5850 1.189708 1.189708 1.189708 0.044863 0.044863 0.044863
5860 1.189708 1.189708 1.189708 0.044863 0.044863 0.044863
5870 1.189708 1.189708 1.189708 0.044863 0.044863 0.044863
5880 1.189708 1.189708 1.189708 0.044863 0.044863 0.044863
5890 1.189708 1.189708 1.189708 0.044863 0.044863 0.044863
5900 1.189708 1.189708 1.189708 0.044863 0.044863 0.044863
5910 1.189708 1.189708 1.189708 0.044863 0.044863 0.044863
5920 1.189708 1.189708 1.189708 0.044863 0.044863 0.044863
5930 1.189708 1.189708 1.189708 0.044863 0.044863 0.044863
5940 1.189708 1.189708 1.189708 0.044863 0.044863 0.044863
5950 1.189708 1.189708 1.189708 0.044863 0.044863 0.044863
5960 1.189708 1.189708 1.189708 0.044863 0.044863 0.044863
5970 1.189708 1.189708 1.189708 0.044863 0.044863 0.044863
5980 1.189708 1.189708 1.189708 0.044863 0.044863 0.044863
5990 1.189708 1.189708 1.189708 0.044863 0.044863 0.044863
6000 1.189708 1.189708 1.189708 0.044863 0.044863 0.044863
6010 1.189708 1.189708 1.189708 0.044863 0.044863 0.044863
6020 1.189708 1.189708 1.189708 0.044863 0.044863 0.044863
6030 1.189708 1.189708 1.189708 0.044863 0.044863 0.044863
6040 1.189708 1.189708 1.189708 0.044863 0.044863 0.044863
6050 1.189708 1.189708 1.189708 0.044863 0.044863 0.044863
6060 1.189708 1.189708 1.189708 0.044863 0.044863 0.044863
6070 1.189708 1.189708 1.189708 0.044863 0.044863 0.044863
6080 1.189708 1.189708 1.189708 0.044863 0.044863 0.044863
6090 1.189708 1.189708 1.189708 0.044863 0.044863 0.044863
6100 1.189708 1.189708 1.189708 0.044863 0.044863 0.044863
6110 1.189708 1.189708 1.189708 0.044863 0.044863 0.044863
6120 1.189708 1.189708 1.189708 0.044863 0.044863 0.044863
6130 1.189708 1.189708 1.189708 0.044863 0.044863 0.044863
6140 1.189708 1.189708 1.189708 0.044863 0.044863 0.044863
6150 1.189708 1.189708 1.189708 0.044863 0.044863 0.044863
6160 1.189708 1.189708 1.189708 0.044863 0.044863 0.044863
6170 1.189708 1.189708 1.189708 0.044863 0.044863 0.044863
6180 1.189708 1.189708 1.189708 0.044863 0.044863 0.044863
6190 1.189708 1.189708 1.189708 0.044863 0.044863 0.044863
6200 1.189708 1.189708 1.189708 0.044863 0.044863 0.044863
6210 1.189708 1.189708 1.189708 0.044863 0.044863 0.044863
6220 1.189708 1.189708 1.189708 0.044863 0.044863 0.044863
6230 1.189708 1.189708 1.189708 0.044863 0.044863 0.044863
6240 1.189708 1.189708 1.189708 0.044863 0.044863 0.044863
6250 1.189708 1.189708 1.189708 0.044863 0.044863 0.044863
6260 1.189708 1.189708 1.189708 0.044863 0.044863 0.044863
6270 1.189708 1.189708 1.189708 0.044863 0.044863 0.044863
6280 1.189708 1.189708 1.189708 0.044863 0.044863 0.044863
6290 1.189708 1.189708 1.189708 0.044863 0.044863 0.044863
6300 1.189708 1.189708 1.189708 0.044863 0.044863 0.044863
6310 1.189708 1.189708 1.189708 0.044863 0.044863 0.044863
6320 1.189708 1.189708 1.189708 0.044863 0.044863 0.044863
6330 1.189708 1.189708 1.189708 0.044863 0.044863 0.044863
6340 1.189708 1.189708 1.189708 0.044863 0.044863 0.044863
6350 1.189708 1.189708 1.189708 0.044863 0.044863 0.044863
6360 1.189708 1.189708 1.189708 0.044863 0.044863 0.044863
6370 1.189708 1.189708 1.189708 0.044863 0.044863 0.044863
6380 1.189708 1.189708 1.189708 0.044863 0.044863 0.044863
6390 1.189708 1.189708 1.189708 0.044863 0.044863 0.044863
6400 1.189708 1.189708 1.189708 0.044863 0.044863 0.044863
6410 1.189708 1.189708 1.189708 0.044863 0.044863 0.044863
6420 1.189708 1.189708 1.189708 0.044863 0.044863 0.044863
6430 1.189708 1.189708 1.189708 0.044863 0.044863 0.044863
6440 1.189708 1.189708 1.189708 0.044863 0.044863 0.044863
6450 1.189708 1.189708 1.189708 0.044863 0.044863 0.044863
6460 1.189708 1.189708 1.189708 0.044863 0.044863 0.044863
6470 1.189708 1.189708 1.189708 0.044863 0.044863 0.044863
6480 1.189708 1.189708 1.189708 0.044863 0.044863 0.044863
6490 1.189708 1.189708 1.189708 0.044863 0.044863 0.044863
6500 1.189708 1.189708 1.189708 0.044863 0.044863 0.044863
6510 1.189708 1.189708 1.189708 0.044863 0.044863 0.044863
6520 1.189708 1.189708 1.189708 0.044863 0.044863 0.044863
6530 1.189708 1.189708 1.189708 0.044863 0.044863 0.044863
6540 1.189708 1.189708 1.189708 0.044863 0.044863 0.044863
6550 1.189708 1.189708 1.189708 0.044863 0.044863 0.044863
6560 1.189708 1.189708 1.189708 0.044863 0.044863 0.044863
6570 1.189708 1.189708 1.189708 0.044863 0.044863 0.044863
6580 1.189708 1.189708 1.189708 0.044863 0.044863 0.044863
6590 1.189708 1.189708 1.189708 0.044863 0.044863 0.044863
6600 1.189708 1.189708 1.189708 0.044863 0.044863 0.044863
6610 1.189708 1.189708 1.189708 0.044863 0.044863 0.044863
6620 1.189708 1.189708 1.189708 0.044863 0.044863 0.044863
6630 1.189708 1.189708 1.189708 0.044863 0.044863 0.044863
6640 1.189708 1.189708 1.189708 0.044863 0.044863 0.044863
6650 1.189708 1.189708 1.189708 0.044863 0.044863 0.044863
6660 1.189708 1.189708 1.189708 0.044863 0.044863 0.044863
6670 1.189708 1.189708 1.189708 0.044863 0.044863 0.044863
6680 1.189708 1.189708 1.189708 0.044863 0.044863 0.044863
6690 1.189708 1.189708 1.189708 0.044863 0.044863 0.044863
6700 1.189708 1.189708 1.189708 0.044863 0.044863 0.044863
6710 1.189708 1.189708 1.189708 0.044863 0.044863 0.044863
6720 1.189708 1.189708 1.189708 0.044863 0.044863 0.044863
6730 1.189708 1.189708 1.189708 0.044863 0.044863 0.044863
6740 1.189708 1.189708 1.189708 0.044863 0.044863 0.044863
6750 1.189708 1.189708 1.189708 0.044863 0.044863 0.044863
6760 1.189708 1.189708 1.189708 0.044863 0.044863 0.044863
6770 1.189708 1.189708 1.189708 0.044863 0.044863 0.044863
6780 1.189708 1.189708 1.189708 0.044863 0.044863 0.044863
6790 1.189708 1.189708 1.189708 0.044863 0.044863 0.044863
6800 1.189708 1.189708 1.189708 0.044863 0.044863 0.044863
6810 1.189708 1.189708 1.189708 0.044863 0.044863 0.044863
6820 1.189708 1.189708 1.189708 0.044863 0.044863 0.044863
6830 1.189708 1.189708 1.189708 0.044863 0.044863 0.044863
6840 1.189708 1.189708 1.189708 0.044863 0.044863 0.044863
6850 1.189708 1.189708 1.189708 0.044863 0.044863 0.044863
6860 1.189708 1.189708 1.189708 0.044863 0.044863 0.044863
6870 1.189708 1.189708 1.189708 0.044863 0.044863 0.044863
6880 1.189708 1.189708 1.189708 0.044863 0.044863 0.044863
6890 1.189708 1.189708 1.189708 0.044863 0.044863 0.044863
6900 1.189708 1.189708 1.189708 0.044863 0.044863 0.044863
6910 1.189708 1.189708 1.189708 0.044863 0.044863 0.044863
6920 1.189708 1.189708 1.189708 0.044863 0.044863 0.044863
6930 1.189708 1.189708 1.189708 0.044863 0.044863 0.044863
6940 1.189708 1.189708 1.189708 0.044863 0.044863 0.044863
6950 1.189708 1.189708 1.189708 0.044863 0.044863 0.044863
6960 1.189708 1.189708 1.189708 0.044863 0.044863 0.044863
6970 1.189708 1.189708 1.189708 0.044863 0.044863 0.044863
6980 1.189708 1.189708 1.189708 0.044863 0.044863 0.044863
6990 1.189708 1.189708 1.189708 0.044863 0.044863 0.044863
7000 1.189708 1.189708 1.189708 0.044863 0.044863 0.044863
7010 1.189708 1.189708 1.189708 0.044863 0.044863 0.044863
7020 1.189708 1.189708 1.189708 0.044863 0.044863 0.044863
7030 1.189708 1.189708 1.189708 0.044863 0.044863 0.044863
7040 1.189708 1.189708 1.189708 0.044863 0.044863 0.044863
7050 1.189708 1.189708 1.189708 0.044863 0.044863 0.044863
7060 1.189708 1.189708 1.189708 0.044863 0.044863 0.044863
7070 1.189708 1.189708 1.189708 0.044863 0.044863 0.044863
7080 1.189708 1.189708 1.189708 0.044863 0.044863 0.044863
7090 1.189708 1.189708 1.189708 0.044863 0.044863 0.044863
7100 1.189708 1.189708 1.189708 0.044863 0.044863 0.044863
7110 1.189708 1.189708 1.189708 0.044863 0.044863 0.044863
7120 1.189708 1.189708 1.189708 0.044863 0.044863 0.044863
7130 1.189708 1.189708 1.189708 0.044863 0.044863 0.044863
7140 1.189708 1.189708 1.189708 0.044863 0.044863 0.044863
7150 1.189708 1.189708 1.189708 0.044863 0.044863 0.044863
7160 1.189708 1.189708 1.189708 0.044863 0.044863 0.044863
7170 1.189708 1.189708 1.189708 0.044863 0.044863 0.044863
7180 1.189708 1.189708 1.189708 0.044863 0.044863 0.044863
7190 1.189708 1.189708 1.189708 0.044863 0.044863 0.044863
7200 1.189708 1.189708 1.189708 0.044863 0.044863 0.044863
7210 1.189708 1.189708 1.189708 0.044863 0.044863 0.044863
7220 1.189708 1.189708 1.189708 0.044863 0.044863 0.044863
7230 1.189708 1.189708 1.189708 0.044863 0.044863 0.044863
7240 1.189708 1.189708 1.189708 0.044863 0.044863 0.044863
7250 1.189708 1.189708 1.189708 0.044863 0.044863 0.044863
7260 1.189708 1.189708 1.189708 0.044863 0.044863 0.044863
7270 1.189708 1.189708 1.189708 0.044863 0.044863 0.044863
7280 1.189708 1.189708 1.189708 0.044863 0.044863 0.044863
7290 1.189708 1.189708 1.189708 0.044863 0.044863 0.044863
7300 1.189708 1.189708 1.189708 0.044863 0.044863 0.044863
7310 1.189708 1.189708 1.189708 0.044863 0.044863 0.044863
7320 1.189708 1.189708 1.189708 0.044863 0.044863 0.044863
7330 1.189708 1.189708 1.189708 0.044863 0.044863 0.044863
7340 1.189708 1.189708 1.189708 0.044863 0.044863 0.044863
7350 1.189708 1.189708 1.189708 0.044863 0.044863 0.044863
7360 1.189708 1.189708 1.189708 0.044863 0.044863 0.044863
7370 1.189708 1.189708 1.189708 0.044863 0.044863 0.044863
7380 1.189708 1.189708 1.189708 0.044863 0.044863 0.044863
7390 1.189708 1.189708 1.189708 0.044863 0.044863 0.044863
7400 1.189708 1.189708 1.189708 0.044863 0.044863 0.044863
7410 1.189708 1.189708 1.189708 0.044863 0.044863 0.044863
7420 1.189708 1.189708 1.189708 0.044863 0.044863 0.044863
7430 1.189708 1.189708 1.189708 0.044863 0.044863 0.044863
7440 1.189708 1.189708 1.189708 0.044863 0.044863 0.044863
7450 1.189708 1.189708 1.189708 0.044863 0.044863 0.044863
7460 1.189708 1.189708 1.189708 0.044863 0.044863 0.044863
7470 1.189708 1.189708 1.189708 0.044863 0.044863 0.044863
7480 1.189708 1.189708 1.189708 0.044863 0.044863 0.044863
7490 1.189708 1.189708 1.189708 0.044863 0.044863 0.044863
7500 1.189708 1.189708 1.189708 0.044863 0.044863 0.044863
7510 1.189708 1.189708 1.189708 0.044863 0.044863 0.044863
7520 1.189708 1.189708 1.189708 0.044863 0.044863 0.044863
7530 1.189708 1.189708 1.189708 0.044863 0.044863 0.044863
7540 1.189708 1.189708 1.189708 0.044863 0.044863 0.044863
7550 1.189708 1.189708 1.189708 0.044863 0.044863 0.044863
7560 1.189708 1.189708 1.189708 0.044863 0.044863 0.044863
7570 1.189708 1.189708 1.189708 0.044863 0.044863 0.044863
7580 1.189708 1.189708 1.189708 0.044863 0.044863 0.044863
7590 1.189708 1.189708 1.189708 0.044863 0.044863 0.044863
7600 1.189708 1.189708 1.189708 0.044863 0.044863 0.044863
7610 1.189708 1.189708 1.189708 0.044863 0.044863 0.044863
7620 1.189708 1.189708 1.189708 0.044863 0.044863 0.044863
7630 1.189708 1.189708 1.189708 0.044863 0.044863 0.044863
7640 1.189708 1.189708 1.189708 0.044863 0.044863 0.044863
7650 1.189708 1.189708 1.189708 0.044863 0.044863 0.044863
7660 1.189708 1.189708 1.189708 0.044863 0.044863 0.044863
7670 1.189708 1.189708 1.189708 0.044863 0.044863 0.044863
7680 1.189708 1.189708 1.189708 0.044863 0.044863 0.044863
7690 1.189708 1.189708 1.189708 0.044863 0.044863 0.044863
7700 1.189708 1.189708 1.189708 0.044863 0.044863 0.044863
7710 1.189708 1.189708 1.189708 0.044863 0.044863 0.044863
7720 1.189708 1.189708 1.189708 0.044863 0.044863 0.044863
7730 1.189708 1.189708 1.189708 0.044863 0.044863 0.044863
7740 1.189708 1.189708 1.189708 0.044863 0.044863 0.044863
7750 1.189708 1.189708 1.189708 0.044863 0.044863 0.044863
7760 1.189708 1.189708 1.189708 0.044863 0.044863 0.044863
7770 1.189708 1.189708 1.189708 0.044863 0.044863 0.044863
7780 1.189708 1.189708 1.189708 0.044863 0.044863 0.044863
7790 1.189708 1.189708 1.189708 0.044863 0.044863 0.044863
7800 1.189708 1.189708 1.189708 0.044863 0.044863 0.044863
7810 1.189708 1.189708 1.189708 0.044863 0.044863 0.044863
7820 1.189708 1.189708 1.189708 0.044863 0.044863 0.044863
7830 1.189708 1.189708 1.189708 0.044863 0.044863 0.044863
7840 1.189708 1.189708 1.189708 0.044863 0.044863 0.044863
7850 1.189708 1.189708 1.189708 0.044863 0.044863 0.044863
7860 1.189708 1.189708 1.189708 0.044863 0.044863 0.044863
7870 1.189708 1.189708 1.189708 0.044863 0.044863 0.044863
7880 1.189708 1.189708 1.189708 0.044863 0.044863 0.044863
7890 1.189708 1.189708 1.189708 0.044863 0.044863 0.044863
7900 1.189708 1.189708 1.189708 0.044863 0.044863 0.044863
7910 1.189708 1.189708 1.189708 0.044863 0.044863 0.044863
7920 1.189708 1.189708 1.189708 0.044863 0.044863 0.044863
7930 1.189708 1.189708 1.189708 0.044863 0.044863 0.044863
7940 1.189708 1.189708 1.189708 0.044863 0.044863 0.044863
7950 1.189708 1.189708 1.189708 0.044863 0.044863 0.044863
7960 1.189708 1.189708 1.189708 0.044863 0.044863 0.044863
7970 1.189708 1.189708 1.189708 0.044863 0.044863 0.044863
7980 1.189708 1.189708 1.189708 0.044863 0.044863 0.044863
7990 1.189708 1.189708 1.189708 0.044863 0.044863 0.044863
8000 1.189708 1.189708 1.189708 0.044863 0.044863 0.044863
8010 1.189708 1.189708 1.189708 0.044863 0.044863 0.044863
8020 1.189708 1.189708 1.189708 0.044863 0.044863 0.044863
8030 1.189708 1.189708 1.189708 0.044863 0.044863 0.044863
8040 1.189708 1.189708 1.189708 0.044863 0.044863 0.044863
8050 1.189708 1.189708 1.189708 0.044863 0.044863 0.044863
8060 1.189708 1.189708 1.189708 0.044863 0.044863 0.044863
8070 1.189708 1.189708 1.189708 0.044863 0.044863 0.044863
8080 1.189708 1.189708 1.189708 0.044863 0.044863 0.044863
8090 1.189708 1.189708 1.189708 0.044863 0.044863 0.044863
8100 1.189708 1.189708 1.189708 0.044863 0.044863 0.044863
8110 1.189708 1.189708 1.189708 0.044863 0.044863 0.044863
8120 1.189708 1.189708 1.189708 0.044863 0.044863 0.044863
8130 1.189708 1.189708 1.189708 0.044863 0.044863 0.044863
8140 1.189708 1.189708 1.189708 0.044863 0.044863 0.044863
8150 1.189708 1.189708 1.189708 0.044863 0.044863 0.044863
8160 1.189708 1.189708 1.189708 0.044863 0.044863 0.044863
8170 1.189708 1.189708 1.189708 0.044863 0.044863 0.044863
8180 1.189708 1.189708 1.189708 0.044863 0.044863 0.044863
8190 1.189708 1.189708 1.189708 0.044863 0.044863 0.044863
8200 1.189708 1.189708 1.189708 0.044863 0.044863 0.044863
8210 1.189708 1.189708 1.189708 0.044863 0.044863 0.044863
8220 1.189708 1.189708 1.189708 0.044863 0.044863 0.044863
8230 1.189708 1.189708 1.189708 0.044863 0.044863 0.044863
8240 1.189708 1.189708 1.189708 0.044863 0.044863 0.044863
8250 1.189708 1.189708 1.189708 0.044863 0.044863 0.044863
8260 1.189708 1.189708 1.189708 0.044863 0.044863 0.044863
8270 1.189708 1.189708 1.189708 0.044863 0.044863 0.044863
8280 1.189708 1.189708 1.189708 0.044863 0.044863 0.044863
8290 1.189708 1.189708 1.189708 0.044863 0.044863 0.044863
8300 1.189708 1.189708 1.189708 0.044863 0.044863 0.044863
8310 1.189708 1.189708 1.189708 0.044863 0.044863 0.044863
8320 1.189708 1.189708 1.189708 0.044863 0.044863 0.044863
8330 1.189708 1.189708 1.189708 0.044863 0.044863 0.044863
8340 1.189708 1.189708 1.189708 0.044863 0.044863 0.044863
8350 1.189708 1.189708 1.189708 0.044863 0.044863 0.044863
8360 1.189708 1.189708 1.189708 0.044863 0.044863 0.044863
8370 1.189708 1.189708 1.189708 0.044863 0.044863 0.044863
8380 1.189708 1.189708 1.189708 0.044863 0.044863 0.044863
8390 1.189708 1.189708 1.189708 0.044863 0.044863 0.044863
8400 1.189708 1.189708 1.189708 0.044863 0.044863 0.044863
8410 1.189708 1.189708 1.189708 0.044863 0.044863 0.044863
8420 1.189708 1.189708 1.189708 0.044863 0.044863 0.044863
8430 1.189708 1.189708 1.189708 0.044863 0.044863 0.044863
8440 1.189708 1.189708 1.189708 0.044863 0.044863 0.044863
8450 1.189708 1.189708 1.189708 0.044863 0.044863 0.044863
8460 1.189708 1.189708 1.189708 0.044863 0.044863 0.044863
8470 1.189708 1.189708 1.189708 0.044863 0.044863 0.044863
8480 1.189708 1.189708 1.189708 0.044863 0.044863 0.044863
8490 1.189708 1.189708 1.189708 0.044863 0.044863 0.044863
8500 1.189708 1.189708 1.189708 0.044863 0.044863 0.044863
8510 1.189708 1.189708 1.189708 0.044863 0.044863 0.044863
8520 1.189708 1.189708 1.189708 0.044863 0.044863 0.044863
8530 1.189708 1.189708 1.189708 0.044863 0.044863 0.044863
8540 1.189708 1.189708 1.189708 0.044863 0.044863 0.044863
8550 1.189708 1.189708 1.189708 0.044863 0.044863 0.044863
8560 1.189708 1.189708 1.189708 0.044863 0.044863 0.044863
8570 1.189708 1.189708 1.189708 0.044863 0.044863 0.044863
8580 1.189708 1.189708 1.189708 0.044863 0.044863 0.044863
8590 1.189708 1.189708 1.189708 0.044863 0.044863 0.044863
8600 1.189708 1.189708 1.189708 0.044863 0.044863 0.044863
8610 1.189708 1.189708 1.189708 0.044863 0.044863 0.044863
8620 1.189708 1.189708 1.189708 0.044863 0.044863 0.044863
8630 1.189708 1.189708 1.189708 0.044863 0.044863 0.044863
8640 1.189708 1.189708 1.189708 0.044863 0.044863 0.044863
8650 1.189708 1.189708 1.189708 0.044863 0.044863 0.044863
8660 1.189708 1.189708 1.189708 0.044863 0.044863 0.044863
8670 1.189708 1.189708 1.189708 0.044863 0.044863 0.044863
8680 1.189708 1.189708 1.189708 0.044863 0.044863 0.044863
8690 1.189708 1.189708 1.189708 0.044863 0.044863 0.044863
8700 1.189708 1.189708 1.189708 0.044863 0.044863 0.044863
8710 1.189708 1.189708 1.189708 0.044863 0.044863 0.044863
8720 1.189708 1.189708 1.189708 0.044863 0.044863 0.044863
8730 1.189708 1.189708 1.189708 0.044863 0.044863 0.044863
8740 1.189708 1.189708 1.189708 0.044863 0.044863 0.044863
8750 1.189708 1.189708 1.189708 0.044863 0.044863 0.044863
8760 1.189708 1.189708 1.189708 0.044863 0.044863 0.044863
8770 1.189708 1.189708 1.189708 0.044863 0.044863 0.044863
8780 1.189708 1.189708 1.189708 0.044863 0.044863 0.044863
8790 1.189708 1.189708 1.189708 0.044863 0.044863 0.044863
8800 1.189708 1.189708 1.189708 0.044863 0.044863 0.044863
8810 1.189708 1.189708 1.189708 0.044863 0.044863 0.044863
8820 1.189708 1.189708 1.189708 0.044863 0.044863 0.044863
8830 1.189708 1.189708 1.189708 0.044863 0.044863 0.044863
8840 1.189708 1.189708 1.189708 0.044863 0.044863 0.044863
8850 1.189708 1.189708 1.189708 0.044863 0.044863 0.044863
8860 1.189708 1.189708 1.189708 0.044863 0.044863 0.044863
8870 1.189708 1.189708 1.189708 0.044863 0.044863 0.044863
8880 1.189708 1.189708 1.189708 0.044863 0.044863 0.044863
8890 1.189708 1.189708 1.189708 0.044863 0.044863 0.044863
8900 1.189708 1.189708 1.189708 0.044863 0.044863 0.044863
8910 1.189708 1.189708 1.189708 0.044863 0.044863 0.044863
8920 1.189708 1.189708 1.189708 0.044863 0.044863 0.044863
8930 1.189708 1.189708 1.189708 0.044863 0.044863 0.044863
8940 1.189708 1.189708 1.189708 0.044863 0.044863 0.044863
8950 1.189708 1.189708 1.189708 0.044863 0.044863 0.044863
8960 1.189708 1.189708 1.189708 0.044863 0.044863 0.044863
8970 1.189708 1.189708 1.189708 0.044863 0.044863 0.044863
8980 1.189708 1.189708 1.189708 0.044863 0.044863 0.044863
8990 1.189708 1.189708 1.189708 0.044863 0.044863 0.044863
9000 1.189708 1.189708 1.189708 0.044863 0.044863 0.044863
9010 1.189708 1.189708 1.189708 0.044863 0.044863 0.044863
9020 1.189708 1.189708 1.189708 0.044863 0.044863 0.044863
9030 1.189708 1.189708 1.189708 0.044863 0.044863 0.044863
9040 1.189708 1.189708 1.189708 0.044863 0.044863 0.044863
9050 1.189708 1.189708 1.189708 0.044863 0.044863 0.044863
9060 1.189708 1.189708 1.189708 0.044863 0.044863 0.044863
9070 1.189708 1.189708 1.189708 0.044863 0.044863 0.044863
9080 1.189708 1.189708 1.189708 0.044863 0.044863 0.044863
9090 1.189708 1.189708 1.189708 0.044863 0.044863 0.044863
9100 1.189708 1.189708 1.189708 0.044863 0.044863 0.044863
9110 1.189708 1.189708 1.189708 0.044863 0.044863 0.044863
9120 1.189708 1.189708 1.189708 0.044863 0.044863 0.044863
9130 1.189708 1.189708 1.189708 0.044863 0.044863 0.044863
9140 1.189708 1.189708 1.189708 0.044863 0.044863 0.044863
9150 1.189708 1.189708 1.189708 0.044863 0.044863 0.044863
9160 1.189708 1.189708 1.189708 0.044863 0.044863 0.044863
9170 1.189708 1.189708 1.189708 0.044863 0.044863 0.044863
9180 1.189708 1.189708 1.189708 0.044863 0.044863 0.044863
9190 1.189708 1.189708 1.189708 0.044863 0.044863 0.044863
9200 1.189708 1.189708 1.189708 0.044863 0.044863 0.044863
9210 1.189708 1.189708 1.189708 0.044863 0.044863 0.044863
9220 1.189708 1.189708 1.189708 0.044863 0.044863 0.044863
9230 1.189708 1.189708 1.189708 0.044863 0.044863 0.044863
9240 1.189708 1.189708 1.189708 0.044863 0.044863 0.044863
9250 1.189708 1.189708 1.189708 0.044863 0.044863 0.044863
9260 1.189708 1.189708 1.189708 0.044863 0.044863 0.044863
9270 1.189708 1.189708 1.189708 0.044863 0.044863 0.044863
9280 1.189708 1.189708 1.189708 0.044863 0.044863 0.044863
9290 1.189708 1.189708 1.189708 0.044863 0.044863 0.044863
9300 1.189708 1.189708 1.189708 0.044863 0.044863 0.044863
9310 1.189708 1.189708 1.189708 0.044863 0.044863 0.044863
9320 1.189708 1.189708 1.189708 0.044863 0.044863 0.044863
9330 1.189708 1.189708 1.189708 0.044863 0.044863 0.044863
9340 1.189708 1.189708 1.189708 0.044863 0.044863 0.044863
9350 1.189708 1.189708 1.189708 0.044863 0.044863 0.044863
9360 1.189708 1.189708 1.189708 0.044863 0.044863 0.044863
9370 1.189708 1.189708 1.189708 0.044863 0.044863 0.044863
9380 1.189708 1.189708 1.189708 0.044863 0.044863 0.044863
9390 1.189708 1.189708 1.189708 0.044863 0.044863 0.044863
9400 1.189708 1.189708 1.189708 0.044863 0.044863 0.044863
9410 1.189708 1.189708 1.189708 0.044863 0.044863 0.044863
9420 1.189708 1.189708 1.189708 0.044863 0.044863 0.044863
9430 1.189708 1.189708 1.189708 0.044863 0.044863 0.044863
9440 1.189708 1.189708 1.189708 0.044863 0.044863 0.044863
9450 1.189708 1.189708 1.189708 0.044863 0.044863 0.044863
9460 1.189708 1.189708 1.189708 0.044863 0.044863 0.044863
9470 1.189708 1.189708 1.189708 0.044863 0.044863 0.044863
9480 1.189708 1.189708 1.189708 0.044863 0.044863 0.044863
9490 1.189708 1.189708 1.189708 0.044863 0.044863 0.044863
9500 1.189708 1.189708 1.189708 0.044863 0.044863 0.044863
9510 1.189708 1.189708 1.189708 0.044863 0.044863 0.044863
9520 1.189708 1.189708 1.189708 0.044863 0.044863 0.044863
9530 1.189708 1.189708 1.189708 0.044863 0.044863 0.044863
9540 1.189708 1.189708 1.189708 0.044863 0.044863 0.044863
9550 1.189708 1.189708 1.189708 0.044863 0.044863 0.044863
9560 1.189708 1.189708 1.189708 0.044863 0.044863 0.044863
9570 1.189708 1.189708 1.189708 0.044863 0.044863 0.044863
9580 1.189708 1.189708 1.189708 0.044863 0.044863 0.044863
9590 1.189708 1.189708 1.189708 0.044863 0.044863 0.044863
9600 1.189708 1.189708 1.189708 0.044863 0.044863 0.044863
9610 1.189708 1.189708 1.189708 0.044863 0.044863 0.044863
9620 1.189708 1.189708 1.189708 0.044863 0.044863 0.044863
9630 1.189708 1.189708 1.189708 0.044863 0.044863 0.044863
9640 1.189708 1.189708 1.189708 0.044863 0.044863 0.044863
9650 1.189708 1.189708 1.189708 0.044863 0.044863 0.044863
9660 1.189708 1.189708 1.189708 0.044863 0.044863 0.044863
9670 1.189708 1.189708 1.189708 0.044863 0.044863 0.044863
9680 1.189708 1.189708 1.189708 0.044863 0.044863 0.044863
9690 1.189708 1.189708 1.189708 0.044863 0.044863 0.044863
9700 1.189708 1.189708 1.189708 0.044863 0.044863 0.044863
9710 1.189708 1.189708 1.189708 0.044863 0.044863 0.044863
9720 1.189708 1.189708 1.189708 0.044863 0.044863 0.044863
9730 1.189708 1.189708 1.189708 0.044863 0.044863 0.044863
9740 1.189708 1.189708 1.189708 0.044863 0.044863 0.044863
9750 1.189708 1.189708 1.189708 0.044863 0.044863 0.044863
9760 1.189708 1.189708 1.189708 0.044863 0.044863 0.044863
9770 1.189708 1.189708 1.189708 0.044863 0.044863 0.044863
9780 1.189708 1.189708 1.189708 0.044863 0.044863 0.044863
9790 1.189708 1.189708 1.189708 0.044863 0.044863 0.044863
9800 1.189708 1.189708 1.189708 0.044863 0.044863 0.044863
9810 1.189708 1.189708 1.189708 0.044863 0.044863 0.044863
9820 1.189708 1.189708 1.189708 0.044863 0.044863 0.044863
9830 1.189708 1.189708 1.189708 0.044863 0.044863 0.044863
9840 1.189708 1.189708 1.189708 0.044863 0.044863 0.044863
9850 1.189708 1.189708 1.189708 0.044863 0.044863 0.044863
9860 1.189708 1.189708 1.189708 0.044863 0.044863 0.044863
9870 1.189708 1.189708 1.189708 0.044863 0.044863 0.044863
9880 1.189708 1.189708 1.189708 0.044863 0.044863 0.044863
9890 1.189708 1.189708 1.189708 0.044863 0.044863 0.044863
9900 1.189708 1.189708 1.189708 0.044863 0.044863 0.044863
9910 1.189708 1.189708 1.189708 0.044863 0.044863 0.044863
9920 1.189708 1.189708 1.189708 0.044863 0.044863 0.044863
9930 1.189708 1.189708 1.189708 0.044863 0.044863 0.044863
9940 1.189708 1.189708 1.189708 0.044863 0.044863 0.044863
9950 1.189708 1.189708 1.189708 0.044863 0.044863 0.044863
9960 1.189708 1.189708 1.189708 0.044863 0.044863 0.044863
9970 1.189708 1.189708 1.189708 0.044863 0.044863 0.044863
9980 1.189708 1.189708 1.189708 0.044863 0.044863 0.044863
9990 1.189708 1.189708 1.189708 0.044863 0.044863 0.044863
10000 1.194097 1.194097 1.194097 0.047170 0.047170 0.047170
