# generation power_min power_avg power_max util_min util_avg util_max
1 57.005104 57.005104 57.005104 1.028714 1.065311 1.096452
10 57.005104 57.005104 57.005104 1.028714 1.062468 1.081365
20 57.005104 57.005104 57.005104 1.028714 1.059579 1.081365
30 57.005104 57.005104 57.005104 1.020421 1.055730 1.074865
40 57.005104 57.005104 57.005104 1.020421 1.052550 1.071686
50 57.158328 57.158328 57.158328 1.015606 1.048641 1.070672
60 57.158328 57.158328 57.158328 1.014695 1.045387 1.065654
70 57.158328 57.158328 57.158328 1.009256 1.041626 1.063562
80 57.158328 57.158328 57.158328 1.009256 1.037772 1.060227
90 57.158328 57.158328 57.158328 1.009256 1.034636 1.055327
100 57.158328 57.158328 57.158328 1.009256 1.031463 1.055290
110 57.194578 57.194578 57.194578 1.009256 1.028080 1.051032
120 57.290514 57.290514 57.290514 1.002715 1.024603 1.046440
130 57.290514 57.290514 57.290514 1.002715 1.021969 1.042508
140 57.324905 57.324905 57.324905 1.002715 1.019239 1.036497
150 57.326734 57.326734 57.326734 1.001007 1.016939 1.032498
160 57.326734 57.326734 57.326734 1.001007 1.015057 1.026752
170 57.409514 57.409514 57.409514 1.000829 1.013188 1.024951
180 57.409514 57.409514 57.409514 1.000829 1.011461 1.021794
190 57.409514 57.409514 57.409514 1.000829 1.010122 1.021470
200 57.409514 57.332328 57.409514 0.998603 1.008687 1.017637
210 57.409514 57.332328 57.409514 0.998603 1.007541 1.015495
220 57.409514 57.332328 57.409514 0.998603 1.006549 1.012266
230 57.396487 57.329875 57.396487 0.998603 1.005843 1.011152
240 57.396487 57.329875 57.396487 0.998603 1.005180 1.009256
250 57.396487 57.333508 57.396487 0.998514 1.004385 1.009256
260 57.396487 57.334661 57.396487 0.998219 1.003503 1.009256
270 57.396487 57.334521 57.396487 0.998219 1.002695 1.007460
280 57.396487 57.332801 57.396487 0.998219 1.001976 1.007460
290 57.396487 57.332337 57.396487 0.998219 1.001229 1.006468
300 57.396487 57.329882 57.396487 0.998219 1.000702 1.005223
310 57.396487 57.328785 57.396487 0.998219 1.000318 1.002730
320 57.322517 57.327685 57.396487 0.998219 1.000163 1.001007
330 57.322517 57.326914 57.396487 0.998219 1.000056 1.000829
340 57.322517 57.326343 57.370022 0.998219 0.999981 1.000829
350 57.322517 57.326296 57.370022 0.998219 0.999881 1.000829
360 57.322517 57.325906 57.370022 0.998219 0.999834 1.000155
370 57.322517 57.323153 57.356701 0.998603 0.999917 0.999942
380 57.322517 57.322517 57.322517 0.999942 0.999942 0.999942
390 57.322517 57.322517 57.322517 0.999942 0.999942 0.999942
400 57.322517 57.322517 57.322517 0.999942 0.999942 0.999942
410 57.322517 57.322517 57.322517 0.999942 0.999942 0.999942
420 57.322517 57.322517 57.322517 0.999942 0.999942 0.999942
430 57.322517 57.322517 57.322517 0.999942 0.999942 0.999942
440 57.322517 57.322517 57.322517 0.999942 0.999942 0.999942
450 57.322517 57.322517 57.322517 0.999942 0.999942 0.999942
460 57.322517 57.322517 57.322517 0.999942 0.999942 0.999942
470 57.322517 57.322517 57.322517 0.999942 0.999942 0.999942
480 57.322517 57.322517 57.322517 0.999942 0.999942 0.999942
490 57.322517 57.322517 57.322517 0.999942 0.999942 0.999942
500 57.322517 57.322517 57.322517 0.999942 0.999942 0.999942
510 57.322517 57.322517 57.322517 0.999942 0.999942 0.999942
520 57.322517 57.322517 57.322517 0.999942 0.999942 0.999942
530 57.322517 57.322517 57.322517 0.999942 0.999942 0.999942
540 57.322517 57.322517 57.322517 0.999942 0.999942 0.999942
550 57.322517 57.322517 57.322517 0.999942 0.999942 0.999942
560 57.322517 57.322517 57.322517 0.999942 0.999942 0.999942
570 57.322517 57.322517 57.322517 0.999942 0.999942 0.999942
580 57.322517 57.322517 57.322517 0.999942 0.999942 0.999942
590 57.322517 57.322517 57.322517 0.999942 0.999942 0.999942
600 57.322517 57.322517 57.322517 0.999942 0.999942 0.999942
610 57.322517 57.322517 57.322517 0.999942 0.999942 0.999942
620 57.322517 57.322517 57.322517 0.999942 0.999942 0.999942
630 57.322517 57.322517 57.322517 0.999942 0.999942 0.999942
640 57.322517 57.322517 57.322517 0.999942 0.999942 0.999942
650 57.322517 57.322517 57.322517 0.999942 0.999942 0.999942
660 57.322517 57.322517 57.322517 0.999942 0.999942 0.999942
670 57.322517 57.322517 57.322517 0.999942 0.999942 0.999942
680 57.322517 57.322517 57.322517 0.999942 0.999942 0.999942
690 57.322517 57.322517 57.322517 0.999942 0.999942 0.999942
700 57.322517 57.322517 57.322517 0.999942 0.999942 0.999942
710 57.322517 57.322517 57.322517 0.999942 0.999942 0.999942
720 57.322517 57.322517 57.322517 0.999942 0.999942 0.999942
730 57.322517 57.322517 57.322517 0.999942 0.999942 0.999942
740 57.322517 57.322517 57.322517 0.999942 0.999942 0.999942
750 57.322517 57.322517 57.322517 0.999942 0.999942 0.999942
760 57.322517 57.322517 57.322517 0.999942 0.999942 0.999942
770 57.322517 57.322517 57.322517 0.999942 0.999942 0.999942
780 57.322517 57.322517 57.322517 0.999942 0.999942 0.999942
790 57.322517 57.322517 57.322517 0.999942 0.999942 0.999942
800 57.322517 57.322517 57.322517 0.999942 0.999942 0.999942
810 57.322517 57.322517 57.322517 0.999942 0.999942 0.999942
820 57.322517 57.322517 57.322517 0.999942 0.999942 0.999942
830 57.322517 57.322517 57.322517 0.999942 0.999942 0.999942
840 57.322517 57.322517 57.322517 0.999942 0.999942 0.999942
850 57.322517 57.322517 57.322517 0.999942 0.999942 0.999942
860 57.322517 57.322517 57.322517 0.999942 0.999942 0.999942
870 57.322517 57.322517 57.322517 0.999942 0.999942 0.999942
880 57.322517 57.322517 57.322517 0.999942 0.999942 0.999942
890 57.322517 57.322517 57.322517 0.999942 0.999942 0.999942
900 57.322517 57.322517 57.322517 0.999942 0.999942 0.999942
910 57.322517 57.322517 57.322517 0.999942 0.999942 0.999942
920 57.322517 57.322517 57.322517 0.999942 0.999942 0.999942
930 57.322517 57.322517 57.322517 0.999942 0.999942 0.999942
940 57.322517 57.322517 57.322517 0.999942 0.999942 0.999942
950 57.322517 57.322517 57.322517 0.999942 0.999942 0.999942
960 57.322517 57.322517 57.322517 0.999942 0.999942 0.999942
970 57.322517 57.322517 57.322517 0.999942 0.999942 0.999942
980 57.322517 57.322517 57.322517 0.999942 0.999942 0.999942
990 57.322517 57.322517 57.322517 0.999942 0.999942 0.999942
1000 57.322517 57.322517 57.322517 0.999942 0.999942 0.999942
1010 57.322517 57.322517 57.322517 0.999942 0.999942 0.999942
1020 57.322517 57.322517 57.322517 0.999942 0.999942 0.999942
1030 57.322517 57.322517 57.322517 0.999942 0.999942 0.999942
1040 57.322517 57.322517 57.322517 0.999942 0.999942 0.999942
1050 57.322517 57.322517 57.322517 0.999942 0.999942 0.999942
1060 57.322517 57.322517 57.322517 0.999942 0.999942 0.999942
1070 57.322517 57.322517 57.322517 0.999942 0.999942 0.999942
1080 57.322517 57.322517 57.322517 0.999942 0.999942 0.999942
1090 57.322517 57.322517 57.322517 0.999942 0.999942 0.999942
1100 57.322517 57.322517 57.322517 0.999942 0.999942 0.999942
1110 57.322517 57.322517 57.322517 0.999942 0.999942 0.999942
1120 57.322517 57.322517 57.322517 0.999942 0.999942 0.999942
1130 57.322517 57.322517 57.322517 0.999942 0.999942 0.999942
1140 57.322517 57.322517 57.322517 0.999942 0.999942 0.999942
1150 57.322517 57.322517 57.322517 0.999942 0.999942 0.999942
1160 57.322517 57.322517 57.322517 0.999942 0.999942 0.999942
1170 57.322517 57.322517 57.322517 0.999942 0.999942 0.999942
1180 57.322517 57.322517 57.322517 0.999942 0.999942 0.999942
1190 57.322517 57.322517 57.322517 0.999942 0.999942 0.999942
1200 57.322517 57.322517 57.322517 0.999942 0.999942 0.999942
1210 57.322517 57.322517 57.322517 0.999942 0.999942 0.999942
1220 57.322517 57.322517 57.322517 0.999942 0.999942 0.999942
1230 57.322517 57.322517 57.322517 0.999942 0.999942 0.999942
1240 57.322517 57.322517 57.322517 0.999942 0.999942 0.999942
1250 57.322517 57.322517 57.322517 0.999942 0.999942 0.999942
1260 57.322517 57.322517 57.322517 0.999942 0.999942 0.999942
1270 57.322517 57.322517 57.322517 0.999942 0.999942 0.999942
1280 57.322517 57.322517 57.322517 0.999942 0.999942 0.999942
1290 57.322517 57.322517 57.322517 0.999942 0.999942 0.999942
1300 57.322517 57.322517 57.322517 0.999942 0.999942 0.999942
1310 57.322517 57.322517 57.322517 0.999942 0.999942 0.999942
1320 57.322517 57.322517 57.322517 0.999942 0.999942 0.999942
1330 57.322517 57.322517 57.322517 0.999942 0.999942 0.999942
1340 57.322517 57.322517 57.322517 0.999942 0.999942 0.999942
1350 57.322517 57.322517 57.322517 0.999942 0.999942 0.999942
1360 57.322517 57.322517 57.322517 0.999942 0.999942 0.999942
1370 57.322517 57.322517 57.322517 0.999942 0.999942 0.999942
1380 57.322517 57.322517 57.322517 0.999942 0.999942 0.999942
1390 57.322517 57.322517 57.322517 0.999942 0.999942 0.999942
1400 57.322517 57.322517 57.322517 0.999942 0.999942 0.999942
1410 57.322517 57.322517 57.322517 0.999942 0.999942 0.999942
1420 57.322517 57.322517 57.322517 0.999942 0.999942 0.999942
1430 57.322517 57.322517 57.322517 0.999942 0.999942 0.999942
1440 57.322517 57.322517 57.322517 0.999942 0.999942 0.999942
1450 57.322517 57.322517 57.322517 0.999942 0.999942 0.999942
1460 57.322517 57.322517 57.322517 0.999942 0.999942 0.999942
1470 57.322517 57.322517 57.322517 0.999942 0.999942 0.999942
1480 57.322517 57.322517 57.322517 0.999942 0.999942 0.999942
1490 57.322517 57.322517 57.322517 0.999942 0.999942 0.999942
1500 57.322517 57.322517 57.322517 0.999942 0.999942 0.999942
1510 57.322517 57.322517 57.322517 0.999942 0.999942 0.999942
1520 57.322517 57.322517 57.322517 0.999942 0.999942 0.999942
1530 57.322517 57.322517 57.322517 0.999942 0.999942 0.999942
1540 57.322517 57.322517 57.322517 0.999942 0.999942 0.999942
1550 57.322517 57.322517 57.322517 0.999942 0.999942 0.999942
1560 57.322517 57.322517 57.322517 0.999942 0.999942 0.999942
1570 57.322517 57.322517 57.322517 0.999942 0.999942 0.999942
1580 57.322517 57.322517 57.322517 0.999942 0.999942 0.999942
1590 57.322517 57.322517 57.322517 0.999942 0.999942 0.999942
1600 57.322517 57.322517 57.322517 0.999942 0.999942 0.999942
1610 57.322517 57.322517 57.322517 0.999942 0.999942 0.999942
1620 57.322517 57.322517 57.322517 0.999942 0.999942 0.999942
1630 57.322517 57.322517 57.322517 0.999942 0.999942 0.999942
1640 57.322517 57.322517 57.322517 0.999942 0.999942 0.999942
1650 57.322517 57.322517 57.322517 0.999942 0.999942 0.999942
1660 57.322517 57.322517 57.322517 0.999942 0.999942 0.999942
1670 57.322517 57.322517 57.322517 0.999942 0.999942 0.999942
1680 57.322517 57.322517 57.322517 0.999942 0.999942 0.999942
1690 57.322517 57.322517 57.322517 0.999942 0.999942 0.999942
1700 57.322517 57.322517 57.322517 0.999942 0.999942 0.999942
1710 57.322517 57.322517 57.322517 0.999942 0.999942 0.999942
1720 57.322517 57.322517 57.322517 0.999942 0.999942 0.999942
1730 57.322517 57.322517 57.322517 0.999942 0.999942 0.999942
1740 57.322517 57.322517 57.322517 0.999942 0.999942 0.999942
1750 57.322517 57.322517 57.322517 0.999942 0.999942 0.999942
1760 57.322517 57.322517 57.322517 0.999942 0.999942 0.999942
1770 57.322517 57.322517 57.322517 0.999942 0.999942 0.999942
1780 57.322517 57.322517 57.322517 0.999942 0.999942 0.999942
1790 57.322517 57.322517 57.322517 0.999942 0.999942 0.999942
1800 57.322517 57.322517 57.322517 0.999942 0.999942 0.999942
1810 57.322517 57.322517 57.322517 0.999942 0.999942 0.999942
1820 57.322517 57.322517 57.322517 0.999942 0.999942 0.999942
1830 57.322517 57.322517 57.322517 0.999942 0.999942 0.999942
1840 57.322517 57.322517 57.322517 0.999942 0.999942 0.999942
1850 57.322517 57.322517 57.322517 0.999942 0.999942 0.999942
1860 57.322517 57.322517 57.322517 0.999942 0.999942 0.999942
1870 57.322517 57.322517 57.322517 0.999942 0.999942 0.999942
1880 57.322517 57.322517 57.322517 0.999942 0.999942 0.999942
1890 57.322517 57.322517 57.322517 0.999942 0.999942 0.999942
1900 57.322517 57.322517 57.322517 0.999942 0.999942 0.999942
1910 57.322517 57.322517 57.322517 0.999942 0.999942 0.999942
1920 57.322517 57.322517 57.322517 0.999942 0.999942 0.999942
1930 57.322517 57.322517 57.322517 0.999942 0.999942 0.999942
1940 57.322517 57.322517 57.322517 0.999942 0.999942 0.999942
1950 57.322517 57.322517 57.322517 0.999942 0.999942 0.999942
1960 57.322517 57.322517 57.322517 0.999942 0.999942 0.999942
1970 57.322517 57.322517 57.322517 0.999942 0.999942 0.999942
1980 57.322517 57.322517 57.322517 0.999942 0.999942 0.999942
1990 57.322517 57.322517 57.322517 0.999942 0.999942 0.999942
2000 57.322517 57.322517 57.322517 0.999942 0.999942 0.999942
2010 57.322517 57.322517 57.322517 0.999942 0.999942 0.999942
2020 57.322517 57.322517 57.322517 0.999942 0.999942 0.999942
2030 57.322517 57.322517 57.322517 0.999942 0.999942 0.999942
2040 57.322517 57.322517 57.322517 0.999942 0.999942 0.999942
2050 57.322517 57.322517 57.322517 0.999942 0.999942 0.999942
2060 57.322517 57.322517 57.322517 0.999942 0.999942 0.999942
2070 57.322517 57.322517 57.322517 0.999942 0.999942 0.999942
2080 57.322517 57.322517 57.322517 0.999942 0.999942 0.999942
2090 57.322517 57.322517 57.322517 0.999942 0.999942 0.999942
2100 57.322517 57.322517 57.322517 0.999942 0.999942 0.999942
2110 57.322517 57.322517 57.322517 0.999942 0.999942 0.999942
2120 57.322517 57.322517 57.322517 0.999942 0.999942 0.999942
2130 57.322517 57.322517 57.322517 0.999942 0.999942 0.999942
2140 57.322517 57.322517 57.322517 0.999942 0.999942 0.999942
2150 57.322517 57.322517 57.322517 0.999942 0.999942 0.999942
2160 57.322517 57.322517 57.322517 0.999942 0.999942 0.999942
2170 57.322517 57.322517 57.322517 0.999942 0.999942 0.999942
2180 57.322517 57.322517 57.322517 0.999942 0.999942 0.999942
2190 57.322517 57.322517 57.322517 0.999942 0.999942 0.999942
2200 57.322517 57.322517 57.322517 0.999942 0.999942 0.999942
2210 57.322517 57.322517 57.322517 0.999942 0.999942 0.999942
2220 57.322517 57.322517 57.322517 0.999942 0.999942 0.999942
2230 57.322517 57.322517 57.322517 0.999942 0.999942 0.999942
2240 57.322517 57.322517 57.322517 0.999942 0.999942 0.999942
2250 57.322517 57.322517 57.322517 0.999942 0.999942 0.999942
2260 57.322517 57.322517 57.322517 0.999942 0.999942 0.999942
2270 57.322517 57.322517 57.322517 0.999942 0.999942 0.999942
2280 57.322517 57.322517 57.322517 0.999942 0.999942 0.999942
2290 57.322517 57.322517 57.322517 0.999942 0.999942 0.999942
2300 57.322517 57.322517 57.322517 0.999942 0.999942 0.999942
2310 57.322517 57.322517 57.322517 0.999942 0.999942 0.999942
2320 57.322517 57.322517 57.322517 0.999942 0.999942 0.999942
2330 57.322517 57.322517 57.322517 0.999942 0.999942 0.999942
2340 57.322517 57.322517 57.322517 0.999942 0.999942 0.999942
2350 57.322517 57.322517 57.322517 0.999942 0.999942 0.999942
2360 57.322517 57.322517 57.322517 0.999942 0.999942 0.999942
2370 57.322517 57.322517 57.322517 0.999942 0.999942 0.999942
2380 57.322517 57.322517 57.322517 0.999942 0.999942 0.999942
2390 57.322517 57.322517 57.322517 0.999942 0.999942 0.999942
2400 57.322517 57.322517 57.322517 0.999942 0.999942 0.999942
2410 57.322517 57.322517 57.322517 0.999942 0.999942 0.999942
2420 57.322517 57.322517 57.322517 0.999942 0.999942 0.999942
2430 57.322517 57.322517 57.322517 0.999942 0.999942 0.999942
2440 57.322517 57.322517 57.322517 0.999942 0.999942 0.999942
2450 57.322517 57.322517 57.322517 0.999942 0.999942 0.999942
2460 57.322517 57.322517 57.322517 0.999942 0.999942 0.999942
2470 57.322517 57.322517 57.322517 0.999942 0.999942 0.999942
2480 57.322517 57.322517 57.322517 0.999942 0.999942 0.999942
2490 57.322517 57.322517 57.322517 0.999942 0.999942 0.999942
2500 57.322517 57.322517 57.322517 0.999942 0.999942 0.999942
2510 57.322517 57.322517 57.322517 0.999942 0.999942 0.999942
2520 57.322517 57.322517 57.322517 0.999942 0.999942 0.999942
2530 57.322517 57.322517 57.322517 0.999942 0.999942 0.999942
2540 57.322517 57.322517 57.322517 0.999942 0.999942 0.999942
2550 57.322517 57.322517 57.322517 0.999942 0.999942 0.999942
2560 57.322517 57.322517 57.322517 0.999942 0.999942 0.999942
2570 57.322517 57.322517 57.322517 0.999942 0.999942 0.999942
2580 57.322517 57.322517 57.322517 0.999942 0.999942 0.999942
2590 57.322517 57.322517 57.322517 0.999942 0.999942 0.999942
2600 57.322517 57.322517 57.322517 0.999942 0.999942 0.999942
2610 57.322517 57.322517 57.322517 0.999942 0.999942 0.999942
2620 57.322517 57.322517 57.322517 0.999942 0.999942 0.999942
2630 57.322517 57.322517 57.322517 0.999942 0.999942 0.999942
2640 57.322517 57.322517 57.322517 0.999942 0.999942 0.999942
2650 57.322517 57.322517 57.322517 0.999942 0.999942 0.999942
2660 57.322517 57.322517 57.322517 0.999942 0.999942 0.999942
2670 57.322517 57.322517 57.322517 0.999942 0.999942 0.999942
2680 57.322517 57.322517 57.322517 0.999942 0.999942 0.999942
2690 57.322517 57.322517 57.322517 0.999942 0.999942 0.999942
2700 57.322517 57.322517 57.322517 0.999942 0.999942 0.999942
2710 57.322517 57.322517 57.322517 0.999942 0.999942 0.999942
2720 57.322517 57.322517 57.322517 0.999942 0.999942 0.999942
2730 57.322517 57.322517 57.322517 0.999942 0.999942 0.999942
2740 57.322517 57.322517 57.322517 0.999942 0.999942 0.999942
2750 57.322517 57.322517 57.322517 0.999942 0.999942 0.999942
2760 57.322517 57.322517 57.322517 0.999942 0.999942 0.999942
2770 57.322517 57.322517 57.322517 0.999942 0.999942 0.999942
2780 57.322517 57.322517 57.322517 0.999942 0.999942 0.999942
2790 57.322517 57.322517 57.322517 0.999942 0.999942 0.999942
2800 57.322517 57.322517 57.322517 0.999942 0.999942 0.999942
2810 57.322517 57.322517 57.322517 0.999942 0.999942 0.999942
2820 57.322517 57.322517 57.322517 0.999942 0.999942 0.999942
2830 57.322517 57.322517 57.322517 0.999942 0.999942 0.999942
2840 57.322517 57.322517 57.322517 0.999942 0.999942 0.999942
2850 57.322517 57.322517 57.322517 0.999942 0.999942 0.999942
2860 57.322517 57.322517 57.322517 0.999942 0.999942 0.999942
2870 57.322517 57.322517 57.322517 0.999942 0.999942 0.999942
2880 57.322517 57.322517 57.322517 0.999942 0.999942 0.999942
2890 57.322517 57.322517 57.322517 0.999942 0.999942 0.999942
2900 57.322517 57.322517 57.322517 0.999942 0.999942 0.999942
2910 57.322517 57.322517 57.322517 0.999942 0.999942 0.999942
2920 57.322517 57.322517 57.322517 0.999942 0.999942 0.999942
2930 57.322517 57.322517 57.322517 0.999942 0.999942 0.999942
2940 57.322517 57.322517 57.322517 0.999942 0.999942 0.999942
2950 57.322517 57.322517 57.322517 0.999942 0.999942 0.999942
2960 57.322517 57.322517 57.322517 0.999942 0.999942 0.999942
2970 57.322517 57.322517 57.322517 0.999942 0.999942 0.999942
2980 57.322517 57.322517 57.322517 0.999942 0.999942 0.999942
2990 57.322517 57.322517 57.322517 0.999942 0.999942 0.999942
3000 57.322517 57.322517 57.322517 0.999942 0.999942 0.999942
3010 57.322517 57.322517 57.322517 0.999942 0.999942 0.999942
3020 57.322517 57.322517 57.322517 0.999942 0.999942 0.999942
3030 57.322517 57.322517 57.322517 0.999942 0.999942 0.999942
3040 57.322517 57.322517 57.322517 0.999942 0.999942 0.999942
3050 57.322517 57.322517 57.322517 0.999942 0.999942 0.999942
3060 57.322517 57.322517 57.322517 0.999942 0.999942 0.999942
3070 57.322517 57.322517 57.322517 0.999942 0.999942 0.999942
3080 57.322517 57.322517 57.322517 0.999942 0.999942 0.999942
3090 57.322517 57.322517 57.322517 0.999942 0.999942 0.999942
3100 57.322517 57.322517 57.322517 0.999942 0.999942 0.999942
3110 57.322517 57.322517 57.322517 0.999942 0.999942 0.999942
3120 57.322517 57.322517 57.322517 0.999942 0.999942 0.999942
3130 57.322517 57.322517 57.322517 0.999942 0.999942 0.999942
3140 57.322517 57.322517 57.322517 0.999942 0.999942 0.999942
3150 57.322517 57.322517 57.322517 0.999942 0.999942 0.999942
3160 57.322517 57.322517 57.322517 0.999942 0.999942 0.999942
3170 57.322517 57.322517 57.322517 0.999942 0.999942 0.999942
3180 57.322517 57.322517 57.322517 0.999942 0.999942 0.999942
3190 57.322517 57.322517 57.322517 0.999942 0.999942 0.999942
3200 57.322517 57.322517 57.322517 0.999942 0.999942 0.999942
3210 57.322517 57.322517 57.322517 0.999942 0.999942 0.999942
3220 57.322517 57.322517 57.322517 0.999942 0.999942 0.999942
3230 57.322517 57.322517 57.322517 0.999942 0.999942 0.999942
3240 57.322517 57.322517 57.322517 0.999942 0.999942 0.999942
3250 57.322517 57.322517 57.322517 0.999942 0.999942 0.999942
3260 57.322517 57.322517 57.322517 0.999942 0.999942 0.999942
3270 57.322517 57.322517 57.322517 0.999942 0.999942 0.999942
3280 57.322517 57.322517 57.322517 0.999942 0.999942 0.999942
3290 57.322517 57.322517 57.322517 0.999942 0.999942 0.999942
3300 57.322517 57.322517 57.322517 0.999942 0.999942 0.999942
3310 57.322517 57.322517 57.322517 0.999942 0.999942 0.999942
3320 57.322517 57.322517 57.322517 0.999942 0.999942 0.999942
3330 57.322517 57.322517 57.322517 0.999942 0.999942 0.999942
3340 57.322517 57.322517 57.322517 0.999942 0.999942 0.999942
3350 57.322517 57.322517 57.322517 0.999942 0.999942 0.999942
3360 57.322517 57.322517 57.322517 0.999942 0.999942 0.999942
3370 57.322517 57.322517 57.322517 0.999942 0.999942 0.999942
3380 57.322517 57.322517 57.322517 0.999942 0.999942 0.999942
3390 57.322517 57.322517 57.322517 0.999942 0.999942 0.999942
3400 57.322517 57.322517 57.322517 0.999942 0.999942 0.999942
3410 57.322517 57.322517 57.322517 0.999942 0.999942 0.999942
3420 57.322517 57.322517 57.322517 0.999942 0.999942 0.999942
3430 57.322517 57.322517 57.322517 0.999942 0.999942 0.999942
3440 57.322517 57.322517 57.322517 0.999942 0.999942 0.999942
3450 57.322517 57.322517 57.322517 0.999942 0.999942 0.999942
3460 57.322517 57.322517 57.322517 0.999942 0.999942 0.999942
3470 57.322517 57.322517 57.322517 0.999942 0.999942 0.999942
3480 57.322517 57.322517 57.322517 0.999942 0.999942 0.999942
3490 57.322517 57.322517 57.322517 0.999942 0.999942 0.999942
3500 57.322517 57.322517 57.322517 0.999942 0.999942 0.999942
3510 57.322517 57.322517 57.322517 0.999942 0.999942 0.999942
3520 57.322517 57.322517 57.322517 0.999942 0.999942 0.999942
3530 57.322517 57.322517 57.322517 0.999942 0.999942 0.999942
3540 57.322517 57.322517 57.322517 0.999942 0.999942 0.999942
3550 57.322517 57.322517 57.322517 0.999942 0.999942 0.999942
3560 57.322517 57.322517 57.322517 0.999942 0.999942 0.999942
3570 57.322517 57.322517 57.322517 0.999942 0.999942 0.999942
3580 57.322517 57.322517 57.322517 0.999942 0.999942 0.999942
3590 57.322517 57.322517 57.322517 0.999942 0.999942 0.999942
3600 57.322517 57.322517 57.322517 0.999942 0.999942 0.999942
3610 57.322517 57.322517 57.322517 0.999942 0.999942 0.999942
3620 57.322517 57.322517 57.322517 0.999942 0.999942 0.999942
3630 57.322517 57.322517 57.322517 0.999942 0.999942 0.999942
3640 57.322517 57.322517 57.322517 0.999942 0.999942 0.999942
3650 57.322517 57.322517 57.322517 0.999942 0.999942 0.999942
3660 57.322517 57.322517 57.322517 0.999942 0.999942 0.999942
3670 57.322517 57.322517 57.322517 0.999942 0.999942 0.999942
3680 57.322517 57.322517 57.322517 0.999942 0.999942 0.999942
3690 57.322517 57.322517 57.322517 0.999942 0.999942 0.999942
3700 57.322517 57.322517 57.322517 0.999942 0.999942 0.999942
3710 57.322517 57.322517 57.322517 0.999942 0.999942 0.999942
3720 57.322517 57.322517 57.322517 0.999942 0.999942 0.999942
3730 57.322517 57.322517 57.322517 0.999942 0.999942 0.999942
3740 57.322517 57.322517 57.322517 0.999942 0.999942 0.999942
3750 57.322517 57.322517 57.322517 0.999942 0.999942 0.999942
3760 57.322517 57.322517 57.322517 0.999942 0.999942 0.999942
3770 57.322517 57.322517 57.322517 0.999942 0.999942 0.999942
3780 57.322517 57.322517 57.322517 0.999942 0.999942 0.999942
3790 57.322517 57.322517 57.322517 0.999942 0.999942 0.999942
3800 57.322517 57.322517 57.322517 0.999942 0.999942 0.999942
3810 57.322517 57.322517 57.322517 0.999942 0.999942 0.999942
3820 57.322517 57.322517 57.322517 0.999942 0.999942 0.999942
3830 57.322517 57.322517 57.322517 0.999942 0.999942 0.999942
3840 57.322517 57.322517 57.322517 0.999942 0.999942 0.999942
3850 57.322517 57.322517 57.322517 0.999942 0.999942 0.999942
3860 57.322517 57.322517 57.322517 0.999942 0.999942 0.999942
3870 57.322517 57.322517 57.322517 0.999942 0.999942 0.999942
3880 57.322517 57.322517 57.322517 0.999942 0.999942 0.999942
3890 57.322517 57.322517 57.322517 0.999942 0.999942 0.999942
3900 57.322517 57.322517 57.322517 0.999942 0.999942 0.999942
3910 57.322517 57.322517 57.322517 0.999942 0.999942 0.999942
3920 57.322517 57.322517 57.322517 0.999942 0.999942 0.999942
3930 57.322517 57.322517 57.322517 0.999942 0.999942 0.999942
3940 57.322517 57.322517 57.322517 0.999942 0.999942 0.999942
3950 57.322517 57.322517 57.322517 0.999942 0.999942 0.999942
3960 57.322517 57.322517 57.322517 0.999942 0.999942 0.999942
3970 57.322517 57.322517 57.322517 0.999942 0.999942 0.999942
3980 57.322517 57.322517 57.322517 0.999942 0.999942 0.999942
3990 57.322517 57.322517 57.322517 0.999942 0.999942 0.999942
4000 57.322517 57.322517 57.322517 0.999942 0.999942 0.999942
4010 57.322517 57.322517 57.322517 0.999942 0.999942 0.999942
4020 57.322517 57.322517 57.322517 0.999942 0.999942 0.999942
4030 57.322517 57.322517 57.322517 0.999942 0.999942 0.999942
4040 57.322517 57.322517 57.322517 0.999942 0.999942 0.999942
4050 57.322517 57.322517 57.322517 0.999942 0.999942 0.999942
4060 57.322517 57.322517 57.322517 0.999942 0.999942 0.999942
4070 57.322517 57.322517 57.322517 0.999942 0.999942 0.999942
4080 57.322517 57.322517 57.322517 0.999942 0.999942 0.999942
4090 57.322517 57.322517 57.322517 0.999942 0.999942 0.999942
4100 57.322517 57.322517 57.322517 0.999942 0.999942 0.999942
4110 57.322517 57.322517 57.322517 0.999942 0.999942 0.999942
4120 57.322517 57.322517 57.322517 0.999942 0.999942 0.999942
4130 57.322517 57.322517 57.322517 0.999942 0.999942 0.999942
4140 57.322517 57.322517 57.322517 0.999942 0.999942 0.999942
4150 57.322517 57.322517 57.322517 0.999942 0.999942 0.999942
4160 57.322517 57.322517 57.322517 0.999942 0.999942 0.999942
4170 57.322517 57.322517 57.322517 0.999942 0.999942 0.999942
4180 57.322517 57.322517 57.322517 0.999942 0.999942 0.999942
4190 57.322517 57.322517 57.322517 0.999942 0.999942 0.999942
4200 57.322517 57.322517 57.322517 0.999942 0.999942 0.999942
4210 57.322517 57.322517 57.322517 0.999942 0.999942 0.999942
4220 57.322517 57.322517 57.322517 0.999942 0.999942 0.999942
4230 57.322517 57.322517 57.322517 0.999942 0.999942 0.999942
4240 57.322517 57.322517 57.322517 0.999942 0.999942 0.999942
4250 57.322517 57.322517 57.322517 0.999942 0.999942 0.999942
4260 57.322517 57.322517 57.322517 0.999942 0.999942 0.999942
4270 57.322517 57.322517 57.322517 0.999942 0.999942 0.999942
4280 57.322517 57.322517 57.322517 0.999942 0.999942 0.999942
4290 57.322517 57.322517 57.322517 0.999942 0.999942 0.999942
4300 57.322517 57.322517 57.322517 0.999942 0.999942 0.999942
4310 57.322517 57.322517 57.322517 0.999942 0.999942 0.999942
4320 57.322517 57.322517 57.322517 0.999942 0.999942 0.999942
4330 57.322517 57.322517 57.322517 0.999942 0.999942 0.999942
4340 57.322517 57.322517 57.322517 0.999942 0.999942 0.999942
4350 57.322517 57.322517 57.322517 0.999942 0.999942 0.999942
4360 57.322517 57.322517 57.322517 0.999942 0.999942 0.999942
4370 57.322517 57.322517 57.322517 0.999942 0.999942 0.999942
4380 57.322517 57.322517 57.322517 0.999942 0.999942 0.999942
4390 57.322517 57.322517 57.322517 0.999942 0.999942 0.999942
4400 57.322517 57.322517 57.322517 0.999942 0.999942 0.999942
4410 57.322517 57.322517 57.322517 0.999942 0.999942 0.999942
4420 57.322517 57.322517 57.322517 0.999942 0.999942 0.999942
4430 57.322517 57.322517 57.322517 0.999942 0.999942 0.999942
4440 57.322517 57.322517 57.322517 0.999942 0.999942 0.999942
4450 57.322517 57.322517 57.322517 0.999942 0.999942 0.999942
4460 57.322517 57.322517 57.322517 0.999942 0.999942 0.999942
4470 57.322517 57.322517 57.322517 0.999942 0.999942 0.999942
4480 57.322517 57.322517 57.322517 0.999942 0.999942 0.999942
4490 57.322517 57.322517 57.322517 0.999942 0.999942 0.999942
4500 57.322517 57.322517 57.322517 0.999942 0.999942 0.999942
4510 57.322517 57.322517 57.322517 0.999942 0.999942 0.999942
4520 57.322517 57.322517 57.322517 0.999942 0.999942 0.999942
4530 57.322517 57.322517 57.322517 0.999942 0.999942 0.999942
4540 57.322517 57.322517 57.322517 0.999942 0.999942 0.999942
4550 57.322517 57.322517 57.322517 0.999942 0.999942 0.999942
4560 57.322517 57.322517 57.322517 0.999942 0.999942 0.999942
4570 57.322517 57.322517 57.322517 0.999942 0.999942 0.999942
4580 57.322517 57.322517 57.322517 0.999942 0.999942 0.999942
4590 57.322517 57.322517 57.322517 0.999942 0.999942 0.999942
4600 57.322517 57.322517 57.322517 0.999942 0.999942 0.999942
4610 57.322517 57.322517 57.322517 0.999942 0.999942 0.999942
4620 57.322517 57.322517 57.322517 0.999942 0.999942 0.999942
4630 57.322517 57.322517 57.322517 0.999942 0.999942 0.999942
4640 57.322517 57.322517 57.322517 0.999942 0.999942 0.999942
4650 57.322517 57.322517 57.322517 0.999942 0.999942 0.999942
4660 57.322517 57.322517 57.322517 0.999942 0.999942 0.999942
4670 57.322517 57.322517 57.322517 0.999942 0.999942 0.999942
4680 57.322517 57.322517 57.322517 0.999942 0.999942 0.999942
4690 57.322517 57.322517 57.322517 0.999942 0.999942 0.999942
4700 57.322517 57.322517 57.322517 0.999942 0.999942 0.999942
4710 57.322517 57.322517 57.322517 0.999942 0.999942 0.999942
4720 57.322517 57.322517 57.322517 0.999942 0.999942 0.999942
4730 57.322517 57.322517 57.322517 0.999942 0.999942 0.999942
4740 57.322517 57.322517 57.322517 0.999942 0.999942 0.999942
4750 57.322517 57.322517 57.322517 0.999942 0.999942 0.999942
4760 57.322517 57.322517 57.322517 0.999942 0.999942 0.999942
4770 57.322517 57.322517 57.322517 0.999942 0.999942 0.999942
4780 57.322517 57.322517 57.322517 0.999942 0.999942 0.999942
4790 57.322517 57.322517 57.322517 0.999942 0.999942 0.999942
4800 57.322517 57.322517 57.322517 0.999942 0.999942 0.999942
4810 57.322517 57.322517 57.322517 0.999942 0.999942 0.999942
4820 57.322517 57.322517 57.322517 0.999942 0.999942 0.999942
4830 57.322517 57.322517 57.322517 0.999942 0.999942 0.999942
4840 57.322517 57.322517 57.322517 0.999942 0.999942 0.999942
4850 57.322517 57.322517 57.322517 0.999942 0.999942 0.999942
4860 57.322517 57.322517 57.322517 0.999942 0.999942 0.999942
4870 57.322517 57.322517 57.322517 0.999942 0.999942 0.999942
4880 57.322517 57.322517 57.322517 0.999942 0.999942 0.999942
4890 57.322517 57.322517 57.322517 0.999942 0.999942 0.999942
4900 57.322517 57.322517 57.322517 0.999942 0.999942 0.999942
4910 57.322517 57.322517 57.322517 0.999942 0.999942 0.999942
4920 57.322517 57.322517 57.322517 0.999942 0.999942 0.999942
4930 57.322517 57.322517 57.322517 0.999942 0.999942 0.999942
4940 57.322517 57.322517 57.322517 0.999942 0.999942 0.999942
4950 57.322517 57.322517 57.322517 0.999942 0.999942 0.999942
4960 57.322517 57.322517 57.322517 0.999942 0.999942 0.999942
4970 57.322517 57.322517 57.322517 0.999942 0.999942 0.999942
4980 57.322517 57.322517 57.322517 0.999942 0.999942 0.999942
4990 57.322517 57.322517 57.322517 0.999942 0.999942 0.999942
5000 57.322517 57.322517 57.322517 0.999942 0.999942 0.999942
5010 57.322517 57.322517 57.322517 0.999942 0.999942 0.999942
5020 57.322517 57.322517 57.322517 0.999942 0.999942 0.999942
5030 57.322517 57.322517 57.322517 0.999942 0.999942 0.999942
5040 57.322517 57.322517 57.322517 0.999942 0.999942 0.999942
5050 57.322517 57.322517 57.322517 0.999942 0.999942 0.999942
5060 57.322517 57.322517 57.322517 0.999942 0.999942 0.999942
5070 57.322517 57.322517 57.322517 0.999942 0.999942 0.999942
5080 57.322517 57.322517 57.322517 0.999942 0.999942 0.999942
5090 57.322517 57.322517 57.322517 0.999942 0.999942 0.999942
5100 57.322517 57.322517 57.322517 0.999942 0.999942 0.999942
5110 57.322517 57.322517 57.322517 0.999942 0.999942 0.999942
5120 57.322517 57.322517 57.322517 0.999942 0.999942 0.999942
5130 57.322517 57.322517 57.322517 0.999942 0.999942 0.999942
5140 57.322517 57.322517 57.322517 0.999942 0.999942 0.999942
5150 57.322517 57.322517 57.322517 0.999942 0.999942 0.999942
5160 57.322517 57.322517 57.322517 0.999942 0.999942 0.999942
5170 57.322517 57.322517 57.322517 0.999942 0.999942 0.999942
5180 57.322517 57.322517 57.322517 0.999942 0.999942 0.999942
5190 57.322517 57.322517 57.322517 0.999942 0.999942 0.999942
5200 57.322517 57.322517 57.322517 0.999942 0.999942 0.999942
5210 57.322517 57.322517 57.322517 0.999942 0.999942 0.999942
5220 57.322517 57.322517 57.322517 0.999942 0.999942 0.999942
5230 57.322517 57.322517 57.322517 0.999942 0.999942 0.999942
5240 57.322517 57.322517 57.322517 0.999942 0.999942 0.999942
5250 57.322517 57.322517 57.322517 0.999942 0.999942 0.999942
5260 57.322517 57.322517 57.322517 0.999942 0.999942 0.999942
5270 57.322517 57.322517 57.322517 0.999942 0.999942 0.999942
5280 57.322517 57.322517 57.322517 0.999942 0.999942 0.999942
5290 57.322517 57.322517 57.322517 0.999942 0.999942 0.999942
5300 57.322517 57.322517 57.322517 0.999942 0.999942 0.999942
5310 57.322517 57.322517 57.322517 0.999942 0.999942 0.999942
5320 57.322517 57.322517 57.322517 0.999942 0.999942 0.999942
5330 57.322517 57.322517 57.322517 0.999942 0.999942 0.999942
5340 57.322517 57.322517 57.322517 0.999942 0.999942 0.999942
5350 57.322517 57.322517 57.322517 0.999942 0.999942 0.999942
5360 57.322517 57.322517 57.322517 0.999942 0.999942 0.999942
5370 57.322517 57.322517 57.322517 0.999942 0.999942 0.999942
5380 57.322517 57.322517 57.322517 0.999942 0.999942 0.999942
5390 57.322517 57.322517 57.322517 0.999942 0.999942 0.999942
5400 57.322517 57.322517 57.322517 0.999942 0.999942 0.999942
5410 57.322517 57.322517 57.322517 0.999942 0.999942 0.999942
5420 57.322517 57.322517 57.322517 0.999942 0.999942 0.999942
5430 57.322517 57.322517 57.322517 0.999942 0.999942 0.999942
5440 57.322517 57.322517 57.322517 0.999942 0.999942 0.999942
5450 57.322517 57.322517 57.322517 0.999942 0.999942 0.999942
5460 57.322517 57.322517 57.322517 0.999942 0.999942 0.999942
5470 57.322517 57.322517 57.322517 0.999942 0.999942 0.999942
5480 57.322517 57.322517 57.322517 0.999942 0.999942 0.999942
5490 57.322517 57.322517 57.322517 0.999942 0.999942 0.999942
5500 57.322517 57.322517 57.322517 0.999942 0.999942 0.999942
5510 57.322517 57.322517 57.322517 0.999942 0.999942 0.999942
5520 57.322517 57.322517 57.322517 0.999942 0.999942 0.999942
5530 57.322517 57.322517 57.322517 0.999942 0.999942 0.999942
5540 57.322517 57.322517 57.322517 0.999942 0.999942 0.999942
5550 57.322517 57.322517 57.322517 0.999942 0.999942 0.999942
5560 57.322517 57.322517 57.322517 0.999942 0.999942 0.999942
5570 57.322517 57.322517 57.322517 0.999942 0.999942 0.999942
5580 57.322517 57.322517 57.322517 0.999942 0.999942 0.999942
5590 57.322517 57.322517 57.322517 0.999942 0.999942 0.999942
5600 57.322517 57.322517 57.322517 0.999942 0.999942 0.999942
5610 57.322517 57.322517 57.322517 0.999942 0.999942 0.999942
5620 57.322517 57.322517 57.322517 0.999942 0.999942 0.999942
5630 57.322517 57.322517 57.322517 0.999942 0.999942 0.999942
5640 57.322517 57.322517 57.322517 0.999942 0.999942 0.999942
5650 57.322517 57.322517 57.322517 0.999942 0.999942 0.999942
5660 57.322517 57.322517 57.322517 0.999942 0.999942 0.999942
5670 57.322517 57.322517 57.322517 0.999942 0.999942 0.999942
5680 57.322517 57.322517 57.322517 0.999942 0.999942 0.999942
5690 57.322517 57.322517 57.322517 0.999942 0.999942 0.999942
5700 57.322517 57.322517 57.322517 0.999942 0.999942 0.999942
5710 57.322517 57.322517 57.322517 0.999942 0.999942 0.999942
5720 57.322517 57.322517 57.322517 0.999942 0.999942 0.999942
5730 57.322517 57.322517 57.322517 0.999942 0.999942 0.999942
5740 57.322517 57.322517 57.322517 0.999942 0.999942 0.999942
5750 57.322517 57.322517 57.322517 0.999942 0.999942 0.999942
5760 57.322517 57.322517 57.322517 0.999942 0.999942 0.999942
5770 57.322517 57.322517 57.322517 0.999942 0.999942 0.999942
5780 57.322517 57.322517 57.322517 0.999942 0.999942 0.999942
5790 57.322517 57.322517 57.322517 0.999942 0.999942 0.999942
5800 57.322517 57.322517 57.322517 0.999942 0.999942 0.999942
5810 57.322517 57.322517 57.322517 0.999942 0.999942 0.999942
5820 57.322517 57.322517 57.322517 0.999942 0.999942 0.999942
5830 57.322517 57.322517 57.322517 0.999942 0.999942 0.999942
5840 57.322517 57.322517 57.322517 0.999942 0.999942 0.999942
5850 57.322517 57.322517 57.322517 0.999942 0.999942 0.999942
5860 57.322517 57.322517 57.322517 0.999942 0.999942 0.999942
5870 57.322517 57.322517 57.322517 0.999942 0.999942 0.999942
5880 57.322517 57.322517 57.322517 0.999942 0.999942 0.999942
5890 57.322517 57.322517 57.322517 0.999942 0.999942 0.999942
5900 57.322517 57.322517 57.322517 0.999942 0.999942 0.999942
5910 57.322517 57.322517 57.322517 0.999942 0.999942 0.999942
5920 57.322517 57.322517 57.322517 0.999942 0.999942 0.999942
5930 57.322517 57.322517 57.322517 0.999942 0.999942 0.999942
5940 57.322517 57.322517 57.322517 0.999942 0.999942 0.999942
5950 57.322517 57.322517 57.322517 0.999942 0.999942 0.999942
5960 57.322517 57.322517 57.322517 0.999942 0.999942 0.999942
5970 57.322517 57.322517 57.322517 0.999942 0.999942 0.999942
5980 57.322517 57.322517 57.322517 0.999942 0.999942 0.999942
5990 57.322517 57.322517 57.322517 0.999942 0.999942 0.999942
6000 57.322517 57.322517 57.322517 0.999942 0.999942 0.999942
6010 57.322517 57.322517 57.322517 0.999942 0.999942 0.999942
6020 57.322517 57.322517 57.322517 0.999942 0.999942 0.999942
6030 57.322517 57.322517 57.322517 0.999942 0.999942 0.999942
6040 57.322517 57.322517 57.322517 0.999942 0.999942 0.999942
6050 57.322517 57.322517 57.322517 0.999942 0.999942 0.999942
6060 57.322517 57.322517 57.322517 0.999942 0.999942 0.999942
6070 57.322517 57.322517 57.322517 0.999942 0.999942 0.999942
6080 57.322517 57.322517 57.322517 0.999942 0.999942 0.999942
6090 57.322517 57.322517 57.322517 0.999942 0.999942 0.999942
6100 57.322517 57.322517 57.322517 0.999942 0.999942 0.999942
6110 57.322517 57.322517 57.322517 0.999942 0.999942 0.999942
6120 57.322517 57.322517 57.322517 0.999942 0.999942 0.999942
6130 57.322517 57.322517 57.322517 0.999942 0.999942 0.999942
6140 57.322517 57.322517 57.322517 0.999942 0.999942 0.999942
6150 57.322517 57.322517 57.322517 0.999942 0.999942 0.999942
6160 57.322517 57.322517 57.322517 0.999942 0.999942 0.999942
6170 57.322517 57.322517 57.322517 0.999942 0.999942 0.999942
6180 57.322517 57.322517 57.322517 0.999942 0.999942 0.999942
6190 57.322517 57.322517 57.322517 0.999942 0.999942 0.999942
6200 57.322517 57.322517 57.322517 0.999942 0.999942 0.999942
6210 57.322517 57.322517 57.322517 0.999942 0.999942 0.999942
6220 57.322517 57.322517 57.322517 0.999942 0.999942 0.999942
6230 57.322517 57.322517 57.322517 0.999942 0.999942 0.999942
6240 57.322517 57.322517 57.322517 0.999942 0.999942 0.999942
6250 57.322517 57.322517 57.322517 0.999942 0.999942 0.999942
6260 57.322517 57.322517 57.322517 0.999942 0.999942 0.999942
6270 57.322517 57.322517 57.322517 0.999942 0.999942 0.999942
6280 57.322517 57.322517 57.322517 0.999942 0.999942 0.999942
6290 57.322517 57.322517 57.322517 0.999942 0.999942 0.999942
6300 57.322517 57.322517 57.322517 0.999942 0.999942 0.999942
6310 57.322517 57.322517 57.322517 0.999942 0.999942 0.999942
6320 57.322517 57.322517 57.322517 0.999942 0.999942 0.999942
6330 57.322517 57.322517 57.322517 0.999942 0.999942 0.999942
6340 57.322517 57.322517 57.322517 0.999942 0.999942 0.999942
6350 57.322517 57.322517 57.322517 0.999942 0.999942 0.999942
6360 57.322517 57.322517 57.322517 0.999942 0.999942 0.999942
6370 57.322517 57.322517 57.322517 0.999942 0.999942 0.999942
6380 57.322517 57.322517 57.322517 0.999942 0.999942 0.999942
6390 57.322517 57.322517 57.322517 0.999942 0.999942 0.999942
6400 57.322517 57.322517 57.322517 0.999942 0.999942 0.999942
6410 57.322517 57.322517 57.322517 0.999942 0.999942 0.999942
6420 57.322517 57.322517 57.322517 0.999942 0.999942 0.999942
6430 57.322517 57.322517 57.322517 0.999942 0.999942 0.999942
6440 57.322517 57.322517 57.322517 0.999942 0.999942 0.999942
6450 57.322517 57.322517 57.322517 0.999942 0.999942 0.999942
6460 57.322517 57.322517 57.322517 0.999942 0.999942 0.999942
6470 57.322517 57.322517 57.322517 0.999942 0.999942 0.999942
6480 57.322517 57.322517 57.322517 0.999942 0.999942 0.999942
6490 57.322517 57.322517 57.322517 0.999942 0.999942 0.999942
6500 57.322517 57.322517 57.322517 0.999942 0.999942 0.999942
6510 57.322517 57.322517 57.322517 0.999942 0.999942 0.999942
6520 57.322517 57.322517 57.322517 0.999942 0.999942 0.999942
6530 57.322517 57.322517 57.322517 0.999942 0.999942 0.999942
6540 57.322517 57.322517 57.322517 0.999942 0.999942 0.999942
6550 57.322517 57.322517 57.322517 0.999942 0.999942 0.999942
6560 57.322517 57.322517 57.322517 0.999942 0.999942 0.999942
6570 57.322517 57.322517 57.322517 0.999942 0.999942 0.999942
6580 57.322517 57.322517 57.322517 0.999942 0.999942 0.999942
6590 57.322517 57.322517 57.322517 0.999942 0.999942 0.999942
6600 57.322517 57.322517 57.322517 0.999942 0.999942 0.999942
6610 57.322517 57.322517 57.322517 0.999942 0.999942 0.999942
6620 57.322517 57.322517 57.322517 0.999942 0.999942 0.999942
6630 57.322517 57.322517 57.322517 0.999942 0.999942 0.999942
6640 57.322517 57.322517 57.322517 0.999942 0.999942 0.999942
6650 57.322517 57.322517 57.322517 0.999942 0.999942 0.999942
6660 57.322517 57.322517 57.322517 0.999942 0.999942 0.999942
6670 57.322517 57.322517 57.322517 0.999942 0.999942 0.999942
6680 57.322517 57.322517 57.322517 0.999942 0.999942 0.999942
6690 57.322517 57.322517 57.322517 0.999942 0.999942 0.999942
6700 57.322517 57.322517 57.322517 0.999942 0.999942 0.999942
6710 57.322517 57.322517 57.322517 0.999942 0.999942 0.999942
6720 57.322517 57.322517 57.322517 0.999942 0.999942 0.999942
6730 57.322517 57.322517 57.322517 0.999942 0.999942 0.999942
6740 57.322517 57.322517 57.322517 0.999942 0.999942 0.999942
6750 57.322517 57.322517 57.322517 0.999942 0.999942 0.999942
6760 57.322517 57.322517 57.322517 0.999942 0.999942 0.999942
6770 57.322517 57.322517 57.322517 0.999942 0.999942 0.999942
6780 57.322517 57.322517 57.322517 0.999942 0.999942 0.999942
6790 57.322517 57.322517 57.322517 0.999942 0.999942 0.999942
6800 57.322517 57.322517 57.322517 0.999942 0.999942 0.999942
6810 57.322517 57.322517 57.322517 0.999942 0.999942 0.999942
6820 57.322517 57.322517 57.322517 0.999942 0.999942 0.999942
6830 57.322517 57.322517 57.322517 0.999942 0.999942 0.999942
6840 57.322517 57.322517 57.322517 0.999942 0.999942 0.999942
6850 57.322517 57.322517 57.322517 0.999942 0.999942 0.999942
6860 57.322517 57.322517 57.322517 0.999942 0.999942 0.999942
6870 57.322517 57.322517 57.322517 0.999942 0.999942 0.999942
6880 57.322517 57.322517 57.322517 0.999942 0.999942 0.999942
6890 57.322517 57.322517 57.322517 0.999942 0.999942 0.999942
6900 57.322517 57.322517 57.322517 0.999942 0.999942 0.999942
6910 57.322517 57.322517 57.322517 0.999942 0.999942 0.999942
6920 57.322517 57.322517 57.322517 0.999942 0.999942 0.999942
6930 57.322517 57.322517 57.322517 0.999942 0.999942 0.999942
6940 57.322517 57.322517 57.322517 0.999942 0.999942 0.999942
6950 57.322517 57.322517 57.322517 0.999942 0.999942 0.999942
6960 57.322517 57.322517 57.322517 0.999942 0.999942 0.999942
6970 57.322517 57.322517 57.322517 0.999942 0.999942 0.999942
6980 57.322517 57.322517 57.322517 0.999942 0.999942 0.999942
6990 57.322517 57.322517 57.322517 0.999942 0.999942 0.999942
7000 57.322517 57.322517 57.322517 0.999942 0.999942 0.999942
7010 57.322517 57.322517 57.322517 0.999942 0.999942 0.999942
7020 57.322517 57.322517 57.322517 0.999942 0.999942 0.999942
7030 57.322517 57.322517 57.322517 0.999942 0.999942 0.999942
7040 57.322517 57.322517 57.322517 0.999942 0.999942 0.999942
7050 57.322517 57.322517 57.322517 0.999942 0.999942 0.999942
7060 57.322517 57.322517 57.322517 0.999942 0.999942 0.999942
7070 57.322517 57.322517 57.322517 0.999942 0.999942 0.999942
7080 57.322517 57.322517 57.322517 0.999942 0.999942 0.999942
7090 57.322517 57.322517 57.322517 0.999942 0.999942 0.999942
7100 57.322517 57.322517 57.322517 0.999942 0.999942 0.999942
7110 57.322517 57.322517 57.322517 0.999942 0.999942 0.999942
7120 57.322517 57.322517 57.322517 0.999942 0.999942 0.999942
7130 57.322517 57.322517 57.322517 0.999942 0.999942 0.999942
7140 57.322517 57.322517 57.322517 0.999942 0.999942 0.999942
7150 57.322517 57.322517 57.322517 0.999942 0.999942 0.999942
7160 57.322517 57.322517 57.322517 0.999942 0.999942 0.999942
7170 57.322517 57.322517 57.322517 0.999942 0.999942 0.999942
7180 57.322517 57.322517 57.322517 0.999942 0.999942 0.999942
7190 57.322517 57.322517 57.322517 0.999942 0.999942 0.999942
7200 57.322517 57.322517 57.322517 0.999942 0.999942 0.999942
7210 57.322517 57.322517 57.322517 0.999942 0.999942 0.999942
7220 57.322517 57.322517 57.322517 0.999942 0.999942 0.999942
7230 57.322517 57.322517 57.322517 0.999942 0.999942 0.999942
7240 57.322517 57.322517 57.322517 0.999942 0.999942 0.999942
7250 57.322517 57.322517 57.322517 0.999942 0.999942 0.999942
7260 57.322517 57.322517 57.322517 0.999942 0.999942 0.999942
7270 57.322517 57.322517 57.322517 0.999942 0.999942 0.999942
7280 57.322517 57.322517 57.322517 0.999942 0.999942 0.999942
7290 57.322517 57.322517 57.322517 0.999942 0.999942 0.999942
7300 57.322517 57.322517 57.322517 0.999942 0.999942 0.999942
7310 57.322517 57.322517 57.322517 0.999942 0.999942 0.999942
7320 57.322517 57.322517 57.322517 0.999942 0.999942 0.999942
7330 57.322517 57.322517 57.322517 0.999942 0.999942 0.999942
7340 57.322517 57.322517 57.322517 0.999942 0.999942 0.999942
7350 57.322517 57.322517 57.322517 0.999942 0.999942 0.999942
7360 57.322517 57.322517 57.322517 0.999942 0.999942 0.999942
7370 57.322517 57.322517 57.322517 0.999942 0.999942 0.999942
7380 57.322517 57.322517 57.322517 0.999942 0.999942 0.999942
7390 57.322517 57.322517 57.322517 0.999942 0.999942 0.999942
7400 57.322517 57.322517 57.322517 0.999942 0.999942 0.999942
7410 57.322517 57.322517 57.322517 0.999942 0.999942 0.999942
7420 57.322517 57.322517 57.322517 0.999942 0.999942 0.999942
7430 57.322517 57.322517 57.322517 0.999942 0.999942 0.999942
7440 57.322517 57.322517 57.322517 0.999942 0.999942 0.999942
7450 57.322517 57.322517 57.322517 0.999942 0.999942 0.999942
7460 57.322517 57.322517 57.322517 0.999942 0.999942 0.999942
7470 57.322517 57.322517 57.322517 0.999942 0.999942 0.999942
7480 57.322517 57.322517 57.322517 0.999942 0.999942 0.999942
7490 57.322517 57.322517 57.322517 0.999942 0.999942 0.999942
7500 57.322517 57.322517 57.322517 0.999942 0.999942 0.999942
7510 57.322517 57.322517 57.322517 0.999942 0.999942 0.999942
7520 57.322517 57.322517 57.322517 0.999942 0.999942 0.999942
7530 57.322517 57.322517 57.322517 0.999942 0.999942 0.999942
7540 57.322517 57.322517 57.322517 0.999942 0.999942 0.999942
7550 57.322517 57.322517 57.322517 0.999942 0.999942 0.999942
7560 57.322517 57.322517 57.322517 0.999942 0.999942 0.999942
7570 57.322517 57.322517 57.322517 0.999942 0.999942 0.999942
7580 57.322517 57.322517 57.322517 0.999942 0.999942 0.999942
7590 57.322517 57.322517 57.322517 0.999942 0.999942 0.999942
7600 57.322517 57.322517 57.322517 0.999942 0.999942 0.999942
7610 57.322517 57.322517 57.322517 0.999942 0.999942 0.999942
7620 57.322517 57.322517 57.322517 0.999942 0.999942 0.999942
7630 57.322517 57.322517 57.322517 0.999942 0.999942 0.999942
7640 57.322517 57.322517 57.322517 0.999942 0.999942 0.999942
7650 57.322517 57.322517 57.322517 0.999942 0.999942 0.999942
7660 57.322517 57.322517 57.322517 0.999942 0.999942 0.999942
7670 57.322517 57.322517 57.322517 0.999942 0.999942 0.999942
7680 57.322517 57.322517 57.322517 0.999942 0.999942 0.999942
7690 57.322517 57.322517 57.322517 0.999942 0.999942 0.999942
7700 57.322517 57.322517 57.322517 0.999942 0.999942 0.999942
7710 57.322517 57.322517 57.322517 0.999942 0.999942 0.999942
7720 57.322517 57.322517 57.322517 0.999942 0.999942 0.999942
7730 57.322517 57.322517 57.322517 0.999942 0.999942 0.999942
7740 57.322517 57.322517 57.322517 0.999942 0.999942 0.999942
7750 57.322517 57.322517 57.322517 0.999942 0.999942 0.999942
7760 57.322517 57.322517 57.322517 0.999942 0.999942 0.999942
7770 57.322517 57.322517 57.322517 0.999942 0.999942 0.999942
7780 57.322517 57.322517 57.322517 0.999942 0.999942 0.999942
7790 57.322517 57.322517 57.322517 0.999942 0.999942 0.999942
7800 57.322517 57.322517 57.322517 0.999942 0.999942 0.999942
7810 57.322517 57.322517 57.322517 0.999942 0.999942 0.999942
7820 57.322517 57.322517 57.322517 0.999942 0.999942 0.999942
7830 57.322517 57.322517 57.322517 0.999942 0.999942 0.999942
7840 57.322517 57.322517 57.322517 0.999942 0.999942 0.999942
7850 57.322517 57.322517 57.322517 0.999942 0.999942 0.999942
7860 57.322517 57.322517 57.322517 0.999942 0.999942 0.999942
7870 57.322517 57.322517 57.322517 0.999942 0.999942 0.999942
7880 57.322517 57.322517 57.322517 0.999942 0.999942 0.999942
7890 57.322517 57.322517 57.322517 0.999942 0.999942 0.999942
7900 57.322517 57.322517 57.322517 0.999942 0.999942 0.999942
7910 57.322517 57.322517 57.322517 0.999942 0.999942 0.999942
7920 57.322517 57.322517 57.322517 0.999942 0.999942 0.999942
7930 57.322517 57.322517 57.322517 0.999942 0.999942 0.999942
7940 57.322517 57.322517 57.322517 0.999942 0.999942 0.999942
7950 57.322517 57.322517 57.322517 0.999942 0.999942 0.999942
7960 57.322517 57.322517 57.322517 0.999942 0.999942 0.999942
7970 57.322517 57.322517 57.322517 0.999942 0.999942 0.999942
7980 57.322517 57.322517 57.322517 0.999942 0.999942 0.999942
7990 57.322517 57.322517 57.322517 0.999942 0.999942 0.999942
8000 57.322517 57.322517 57.322517 0.999942 0.999942 0.999942
8010 57.322517 57.322517 57.322517 0.999942 0.999942 0.999942
8020 57.322517 57.322517 57.322517 0.999942 0.999942 0.999942
8030 57.322517 57.322517 57.322517 0.999942 0.999942 0.999942
8040 57.322517 57.322517 57.322517 0.999942 0.999942 0.999942
8050 57.322517 57.322517 57.322517 0.999942 0.999942 0.999942
8060 57.322517 57.322517 57.322517 0.999942 0.999942 0.999942
8070 57.322517 57.322517 57.322517 0.999942 0.999942 0.999942
8080 57.322517 57.322517 57.322517 0.999942 0.999942 0.999942
8090 57.322517 57.322517 57.322517 0.999942 0.999942 0.999942
8100 57.322517 57.322517 57.322517 0.999942 0.999942 0.999942
8110 57.322517 57.322517 57.322517 0.999942 0.999942 0.999942
8120 57.322517 57.322517 57.322517 0.999942 0.999942 0.999942
8130 57.322517 57.322517 57.322517 0.999942 0.999942 0.999942
8140 57.322517 57.322517 57.322517 0.999942 0.999942 0.999942
8150 57.322517 57.322517 57.322517 0.999942 0.999942 0.999942
8160 57.322517 57.322517 57.322517 0.999942 0.999942 0.999942
8170 57.322517 57.322517 57.322517 0.999942 0.999942 0.999942
8180 57.322517 57.322517 57.322517 0.999942 0.999942 0.999942
8190 57.322517 57.322517 57.322517 0.999942 0.999942 0.999942
8200 57.322517 57.322517 57.322517 0.999942 0.999942 0.999942
8210 57.322517 57.322517 57.322517 0.999942 0.999942 0.999942
8220 57.322517 57.322517 57.322517 0.999942 0.999942 0.999942
8230 57.322517 57.322517 57.322517 0.999942 0.999942 0.999942
8240 57.322517 57.322517 57.322517 0.999942 0.999942 0.999942
8250 57.322517 57.322517 57.322517 0.999942 0.999942 0.999942
8260 57.322517 57.322517 57.322517 0.999942 0.999942 0.999942
8270 57.322517 57.322517 57.322517 0.999942 0.999942 0.999942
8280 57.322517 57.322517 57.322517 0.999942 0.999942 0.999942
8290 57.322517 57.322517 57.322517 0.999942 0.999942 0.999942
8300 57.322517 57.322517 57.322517 0.999942 0.999942 0.999942
8310 57.322517 57.322517 57.322517 0.999942 0.999942 0.999942
8320 57.322517 57.322517 57.322517 0.999942 0.999942 0.999942
8330 57.322517 57.322517 57.322517 0.999942 0.999942 0.999942
8340 57.322517 57.322517 57.322517 0.999942 0.999942 0.999942
8350 57.322517 57.322517 57.322517 0.999942 0.999942 0.999942
8360 57.322517 57.322517 57.322517 0.999942 0.999942 0.999942
8370 57.322517 57.322517 57.322517 0.999942 0.999942 0.999942
8380 57.322517 57.322517 57.322517 0.999942 0.999942 0.999942
8390 57.322517 57.322517 57.322517 0.999942 0.999942 0.999942
8400 57.322517 57.322517 57.322517 0.999942 0.999942 0.999942
8410 57.322517 57.322517 57.322517 0.999942 0.999942 0.999942
8420 57.322517 57.322517 57.322517 0.999942 0.999942 0.999942
8430 57.322517 57.322517 57.322517 0.999942 0.999942 0.999942
8440 57.322517 57.322517 57.322517 0.999942 0.999942 0.999942
8450 57.322517 57.322517 57.322517 0.999942 0.999942 0.999942
8460 57.322517 57.322517 57.322517 0.999942 0.999942 0.999942
8470 57.322517 57.322517 57.322517 0.999942 0.999942 0.999942
8480 57.322517 57.322517 57.322517 0.999942 0.999942 0.999942
8490 57.322517 57.322517 57.322517 0.999942 0.999942 0.999942
8500 57.322517 57.322517 57.322517 0.999942 0.999942 0.999942
8510 57.322517 57.322517 57.322517 0.999942 0.999942 0.999942
8520 57.322517 57.322517 57.322517 0.999942 0.999942 0.999942
8530 57.322517 57.322517 57.322517 0.999942 0.999942 0.999942
8540 57.322517 57.322517 57.322517 0.999942 0.999942 0.999942
8550 57.322517 57.322517 57.322517 0.999942 0.999942 0.999942
8560 57.322517 57.322517 57.322517 0.999942 0.999942 0.999942
8570 57.322517 57.322517 57.322517 0.999942 0.999942 0.999942
8580 57.322517 57.322517 57.322517 0.999942 0.999942 0.999942
8590 57.322517 57.322517 57.322517 0.999942 0.999942 0.999942
8600 57.322517 57.322517 57.322517 0.999942 0.999942 0.999942
8610 57.322517 57.322517 57.322517 0.999942 0.999942 0.999942
8620 57.322517 57.322517 57.322517 0.999942 0.999942 0.999942
8630 57.322517 57.322517 57.322517 0.999942 0.999942 0.999942
8640 57.322517 57.322517 57.322517 0.999942 0.999942 0.999942
8650 57.322517 57.322517 57.322517 0.999942 0.999942 0.999942
8660 57.322517 57.322517 57.322517 0.999942 0.999942 0.999942
8670 57.322517 57.322517 57.322517 0.999942 0.999942 0.999942
8680 57.322517 57.322517 57.322517 0.999942 0.999942 0.999942
8690 57.322517 57.322517 57.322517 0.999942 0.999942 0.999942
8700 57.322517 57.322517 57.322517 0.999942 0.999942 0.999942
8710 57.322517 57.322517 57.322517 0.999942 0.999942 0.999942
8720 57.322517 57.322517 57.322517 0.999942 0.999942 0.999942
8730 57.322517 57.322517 57.322517 0.999942 0.999942 0.999942
8740 57.322517 57.322517 57.322517 0.999942 0.999942 0.999942
8750 57.322517 57.322517 57.322517 0.999942 0.999942 0.999942
8760 57.322517 57.322517 57.322517 0.999942 0.999942 0.999942
8770 57.322517 57.322517 57.322517 0.999942 0.999942 0.999942
8780 57.322517 57.322517 57.322517 0.999942 0.999942 0.999942
8790 57.322517 57.322517 57.322517 0.999942 0.999942 0.999942
8800 57.322517 57.322517 57.322517 0.999942 0.999942 0.999942
8810 57.322517 57.322517 57.322517 0.999942 0.999942 0.999942
8820 57.322517 57.322517 57.322517 0.999942 0.999942 0.999942
8830 57.322517 57.322517 57.322517 0.999942 0.999942 0.999942
8840 57.322517 57.322517 57.322517 0.999942 0.999942 0.999942
8850 57.322517 57.322517 57.322517 0.999942 0.999942 0.999942
8860 57.322517 57.322517 57.322517 0.999942 0.999942 0.999942
8870 57.322517 57.322517 57.322517 0.999942 0.999942 0.999942
8880 57.322517 57.322517 57.322517 0.999942 0.999942 0.999942
8890 57.322517 57.322517 57.322517 0.999942 0.999942 0.999942
8900 57.322517 57.322517 57.322517 0.999942 0.999942 0.999942
8910 57.322517 57.322517 57.322517 0.999942 0.999942 0.999942
8920 57.322517 57.322517 57.322517 0.999942 0.999942 0.999942
8930 57.322517 57.322517 57.322517 0.999942 0.999942 0.999942
8940 57.322517 57.322517 57.322517 0.999942 0.999942 0.999942
8950 57.322517 57.322517 57.322517 0.999942 0.999942 0.999942
8960 57.322517 57.322517 57.322517 0.999942 0.999942 0.999942
8970 57.322517 57.322517 57.322517 0.999942 0.999942 0.999942
8980 57.322517 57.322517 57.322517 0.999942 0.999942 0.999942
8990 57.322517 57.322517 57.322517 0.999942 0.999942 0.999942
9000 57.322517 57.322517 57.322517 0.999942 0.999942 0.999942
9010 57.322517 57.322517 57.322517 0.999942 0.999942 0.999942
9020 57.322517 57.322517 57.322517 0.999942 0.999942 0.999942
9030 57.322517 57.322517 57.322517 0.999942 0.999942 0.999942
9040 57.322517 57.322517 57.322517 0.999942 0.999942 0.999942
9050 57.322517 57.322517 57.322517 0.999942 0.999942 0.999942
9060 57.322517 57.322517 57.322517 0.999942 0.999942 0.999942
9070 57.322517 57.322517 57.322517 0.999942 0.999942 0.999942
9080 57.322517 57.322517 57.322517 0.999942 0.999942 0.999942
9090 57.322517 57.322517 57.322517 0.999942 0.999942 0.999942
9100 57.322517 57.322517 57.322517 0.999942 0.999942 0.999942
9110 57.322517 57.322517 57.322517 0.999942 0.999942 0.999942
9120 57.322517 57.322517 57.322517 0.999942 0.999942 0.999942
9130 57.322517 57.322517 57.322517 0.999942 0.999942 0.999942
9140 57.322517 57.322517 57.322517 0.999942 0.999942 0.999942
9150 57.322517 57.322517 57.322517 0.999942 0.999942 0.999942
9160 57.322517 57.322517 57.322517 0.999942 0.999942 0.999942
9170 57.322517 57.322517 57.322517 0.999942 0.999942 0.999942
9180 57.322517 57.322517 57.322517 0.999942 0.999942 0.999942
9190 57.322517 57.322517 57.322517 0.999942 0.999942 0.999942
9200 57.322517 57.322517 57.322517 0.999942 0.999942 0.999942
9210 57.322517 57.322517 57.322517 0.999942 0.999942 0.999942
9220 57.322517 57.322517 57.322517 0.999942 0.999942 0.999942
9230 57.322517 57.322517 57.322517 0.999942 0.999942 0.999942
9240 57.322517 57.322517 57.322517 0.999942 0.999942 0.999942
9250 57.322517 57.322517 57.322517 0.999942 0.999942 0.999942
9260 57.322517 57.322517 57.322517 0.999942 0.999942 0.999942
9270 57.322517 57.322517 57.322517 0.999942 0.999942 0.999942
9280 57.322517 57.322517 57.322517 0.999942 0.999942 0.999942
9290 57.322517 57.322517 57.322517 0.999942 0.999942 0.999942
9300 57.322517 57.322517 57.322517 0.999942 0.999942 0.999942
9310 57.322517 57.322517 57.322517 0.999942 0.999942 0.999942
9320 57.322517 57.322517 57.322517 0.999942 0.999942 0.999942
9330 57.322517 57.322517 57.322517 0.999942 0.999942 0.999942
9340 57.322517 57.322517 57.322517 0.999942 0.999942 0.999942
9350 57.322517 57.322517 57.322517 0.999942 0.999942 0.999942
9360 57.322517 57.322517 57.322517 0.999942 0.999942 0.999942
9370 57.322517 57.322517 57.322517 0.999942 0.999942 0.999942
9380 57.322517 57.322517 57.322517 0.999942 0.999942 0.999942
9390 57.322517 57.322517 57.322517 0.999942 0.999942 0.999942
9400 57.322517 57.322517 57.322517 0.999942 0.999942 0.999942
9410 57.322517 57.322517 57.322517 0.999942 0.999942 0.999942
9420 57.322517 57.322517 57.322517 0.999942 0.999942 0.999942
9430 57.322517 57.322517 57.322517 0.999942 0.999942 0.999942
9440 57.322517 57.322517 57.322517 0.999942 0.999942 0.999942
9450 57.322517 57.322517 57.322517 0.999942 0.999942 0.999942
9460 57.322517 57.322517 57.322517 0.999942 0.999942 0.999942
9470 57.322517 57.322517 57.322517 0.999942 0.999942 0.999942
9480 57.322517 57.322517 57.322517 0.999942 0.999942 0.999942
9490 57.322517 57.322517 57.322517 0.999942 0.999942 0.999942
9500 57.322517 57.322517 57.322517 0.999942 0.999942 0.999942
9510 57.322517 57.322517 57.322517 0.999942 0.999942 0.999942
9520 57.322517 57.322517 57.322517 0.999942 0.999942 0.999942
9530 57.322517 57.322517 57.322517 0.999942 0.999942 0.999942
9540 57.322517 57.322517 57.322517 0.999942 0.999942 0.999942
9550 57.322517 57.322517 57.322517 0.999942 0.999942 0.999942
9560 57.322517 57.322517 57.322517 0.999942 0.999942 0.999942
9570 57.322517 57.322517 57.322517 0.999942 0.999942 0.999942
9580 57.322517 57.322517 57.322517 0.999942 0.999942 0.999942
9590 57.322517 57.322517 57.322517 0.999942 0.999942 0.999942
9600 57.322517 57.322517 57.322517 0.999942 0.999942 0.999942
9610 57.322517 57.322517 57.322517 0.999942 0.999942 0.999942
9620 57.322517 57.322517 57.322517 0.999942 0.999942 0.999942
9630 57.322517 57.322517 57.322517 0.999942 0.999942 0.999942
9640 57.322517 57.322517 57.322517 0.999942 0.999942 0.999942
9650 57.322517 57.322517 57.322517 0.999942 0.999942 0.999942
9660 57.322517 57.322517 57.322517 0.999942 0.999942 0.999942
9670 57.322517 57.322517 57.322517 0.999942 0.999942 0.999942
9680 57.322517 57.322517 57.322517 0.999942 0.999942 0.999942
9690 57.322517 57.322517 57.322517 0.999942 0.999942 0.999942
9700 57.322517 57.322517 57.322517 0.999942 0.999942 0.999942
9710 57.322517 57.322517 57.322517 0.999942 0.999942 0.999942
9720 57.322517 57.322517 57.322517 0.999942 0.999942 0.999942
9730 57.322517 57.322517 57.322517 0.999942 0.999942 0.999942
9740 57.322517 57.322517 57.322517 0.999942 0.999942 0.999942
9750 57.322517 57.322517 57.322517 0.999942 0.999942 0.999942
9760 57.322517 57.322517 57.322517 0.999942 0.999942 0.999942
9770 57.322517 57.322517 57.322517 0.999942 0.999942 0.999942
9780 57.322517 57.322517 57.322517 0.999942 0.999942 0.999942
9790 57.322517 57.322517 57.322517 0.999942 0.999942 0.999942
9800 57.322517 57.322517 57.322517 0.999942 0.999942 0.999942
9810 57.322517 57.322517 57.322517 0.999942 0.999942 0.999942
9820 57.322517 57.322517 57.322517 0.999942 0.999942 0.999942
9830 57.322517 57.322517 57.322517 0.999942 0.999942 0.999942
9840 57.322517 57.322517 57.322517 0.999942 0.999942 0.999942
9850 57.322517 57.322517 57.322517 0.999942 0.999942 0.999942
9860 57.322517 57.322517 57.322517 0.999942 0.999942 0.999942
9870 57.322517 57.322517 57.322517 0.999942 0.999942 0.999942
9880 57.322517 57.322517 57.322517 0.999942 0.999942 0.999942
9890 57.322517 57.322517 57.322517 0.999942 0.999942 0.999942
9900 57.322517 57.322517 57.322517 0.999942 0.999942 0.999942
9910 57.322517 57.322517 57.322517 0.999942 0.999942 0.999942
9920 57.322517 57.322517 57.322517 0.999942 0.999942 0.999942
9930 57.322517 57.322517 57.322517 0.999942 0.999942 0.999942
9940 57.322517 57.322517 57.322517 0.999942 0.999942 0.999942
9950 57.322517 57.322517 57.322517 0.999942 0.999942 0.999942
9960 57.322517 57.322517 57.322517 0.999942 0.999942 0.999942
9970 57.322517 57.322517 57.322517 0.999942 0.999942 0.999942
9980 57.322517 57.322517 57.322517 0.999942 0.999942 0.999942
9990 57.322517 57.322517 57.322517 0.999942 0.999942 0.999942
10000 57.322517 57.322517 57.322517 0.999942 0.999942 0.999942
