# generation power_min power_avg power_max util_min util_avg util_max
1 27.014001 33.256579 41.520833 0.344823 0.478716 0.653526
100 21.900692 27.466983 30.601337 0.238186 0.355987 0.421909
200 21.174353 23.486735 25.337869 0.222928 0.271719 0.310613
300 19.871770 21.313972 21.900692 0.194754 0.225663 0.238186
400 18.966329 19.883566 20.415346 0.175862 0.195253 0.206864
500 18.582766 19.152728 19.397966 0.167803 0.179650 0.185144
600 18.120629 18.789428 18.905226 0.157330 0.171922 0.174405
700 17.102689 18.121419 18.582766 0.135535 0.157309 0.167803
800 16.551954 17.269033 17.733631 0.123928 0.139061 0.148871
900 16.551954 16.695145 17.102689 0.123928 0.126946 0.135535
1000 16.551954 16.551954 16.551954 0.123928 0.123928 0.123928
1100 16.551954 16.551954 16.551954 0.123928 0.123928 0.123928
1200 16.551954 16.551954 16.551954 0.123928 0.123928 0.123928
1300 16.551954 16.551954 16.551954 0.123928 0.123928 0.123928
1400 16.551954 16.551954 16.551954 0.123928 0.123928 0.123928
1500 16.551954 16.551954 16.551954 0.123928 0.123928 0.123928
1600 16.551954 16.551954 16.551954 0.123928 0.123928 0.123928
1700 16.551954 16.551954 16.551954 0.123928 0.123928 0.123928
1800 16.551954 16.551954 16.551954 0.123928 0.123928 0.123928
1900 16.551954 16.551954 16.551954 0.123928 0.123928 0.123928
2000 16.551954 16.551954 16.551954 0.123928 0.123928 0.123928
2100 16.551954 16.551954 16.551954 0.123928 0.123928 0.123928
2200 16.551954 16.551954 16.551954 0.123928 0.123928 0.123928
2300 16.551954 16.551954 16.551954 0.123928 0.123928 0.123928
2400 16.551954 16.551954 16.551954 0.123928 0.123928 0.123928
2500 16.551954 16.551954 16.551954 0.123928 0.123928 0.123928
2600 16.551954 16.551954 16.551954 0.123928 0.123928 0.123928
2700 16.551954 16.551954 16.551954 0.123928 0.123928 0.123928
2800 16.551954 16.551954 16.551954 0.123928 0.123928 0.123928
2900 16.551954 16.551954 16.551954 0.123928 0.123928 0.123928
3000 16.551954 16.551954 16.551954 0.123928 0.123928 0.123928
3100 16.551954 16.551954 16.551954 0.123928 0.123928 0.123928
3200 16.551954 16.551954 16.551954 0.123928 0.123928 0.123928
3300 16.551954 16.551954 16.551954 0.123928 0.123928 0.123928
3400 16.551954 16.551954 16.551954 0.123928 0.123928 0.123928
3500 16.551954 16.551954 16.551954 0.123928 0.123928 0.123928
3600 16.551954 16.551954 16.551954 0.123928 0.123928 0.123928
3700 16.551954 16.551954 16.551954 0.123928 0.123928 0.123928
3800 16.551954 16.551954 16.551954 0.123928 0.123928 0.123928
3900 16.551954 16.551954 16.551954 0.123928 0.123928 0.123928
4000 16.551954 16.551954 16.551954 0.123928 0.123928 0.123928
4100 16.551954 16.551954 16.551954 0.123928 0.123928 0.123928
4200 16.551954 16.551954 16.551954 0.123928 0.123928 0.123928
4300 16.551954 16.551954 16.551954 0.123928 0.123928 0.123928
4400 16.551954 16.551954 16.551954 0.123928 0.123928 0.123928
4500 16.551954 16.551954 16.551954 0.123928 0.123928 0.123928
4600 16.551954 16.551954 16.551954 0.123928 0.123928 0.123928
4700 16.551954 16.551954 16.551954 0.123928 0.123928 0.123928
4800 16.551954 16.551954 16.551954 0.123928 0.123928 0.123928
4900 16.551954 16.551954 16.551954 0.123928 0.123928 0.123928
5000 16.551954 16.551954 16.551954 0.123928 0.123928 0.123928
5100 16.551954 16.551954 16.551954 0.123928 0.123928 0.123928
5200 16.551954 16.551954 16.551954 0.123928 0.123928 0.123928
5300 16.551954 16.551954 16.551954 0.123928 0.123928 0.123928
5400 16.551954 16.551954 16.551954 0.123928 0.123928 0.123928
5500 16.551954 16.551954 16.551954 0.123928 0.123928 0.123928
5600 16.551954 16.551954 16.551954 0.123928 0.123928 0.123928
5700 16.551954 16.551954 16.551954 0.123928 0.123928 0.123928
5800 16.551954 16.551954 16.551954 0.123928 0.123928 0.123928
5900 16.551954 16.551954 16.551954 0.123928 0.123928 0.123928
6000 16.551954 16.551954 16.551954 0.123928 0.123928 0.123928
6100 16.551954 16.551954 16.551954 0.123928 0.123928 0.123928
6200 16.551954 16.551954 16.551954 0.123928 0.123928 0.123928
6300 16.551954 16.551954 16.551954 0.123928 0.123928 0.123928
6400 16.551954 16.551954 16.551954 0.123928 0.123928 0.123928
6500 16.551954 16.551954 16.551954 0.123928 0.123928 0.123928
6600 16.551954 16.551954 16.551954 0.123928 0.123928 0.123928
6700 16.551954 16.551954 16.551954 0.123928 0.123928 0.123928
6800 16.551954 16.551954 16.551954 0.123928 0.123928 0.123928
6900 16.551954 16.551954 16.551954 0.123928 0.123928 0.123928
7000 16.551954 16.551954 16.551954 0.123928 0.123928 0.123928
7100 16.551954 16.551954 16.551954 0.123928 0.123928 0.123928
7200 16.551954 16.551954 16.551954 0.123928 0.123928 0.123928
7300 16.551954 16.551954 16.551954 0.123928 0.123928 0.123928
7400 16.551954 16.551954 16.551954 0.123928 0.123928 0.123928
7500 16.551954 16.551954 16.551954 0.123928 0.123928 0.123928
7600 16.551954 16.551954 16.551954 0.123928 0.123928 0.123928
7700 16.551954 16.551954 16.551954 0.123928 0.123928 0.123928
7800 16.551954 16.551954 16.551954 0.123928 0.123928 0.123928
7900 16.551954 16.551954 16.551954 0.123928 0.123928 0.123928
8000 16.551954 16.551954 16.551954 0.123928 0.123928 0.123928
8100 16.551954 16.551954 16.551954 0.123928 0.123928 0.123928
8200 16.551954 16.551954 16.551954 0.123928 0.123928 0.123928
8300 16.551954 16.551954 16.551954 0.123928 0.123928 0.123928
8400 16.551954 16.551954 16.551954 0.123928 0.123928 0.123928
8500 16.551954 16.551954 16.551954 0.123928 0.123928 0.123928
8600 16.551954 16.551954 16.551954 0.123928 0.123928 0.123928
8700 16.551954 16.551954 16.551954 0.123928 0.123928 0.123928
8800 16.551954 16.551954 16.551954 0.123928 0.123928 0.123928
8900 16.551954 16.551954 16.551954 0.123928 0.123928 0.123928
9000 16.551954 16.551954 16.551954 0.123928 0.123928 0.123928
9100 16.551954 16.551954 16.551954 0.123928 0.123928 0.123928
9200 16.551954 16.551954 16.551954 0.123928 0.123928 0.123928
9300 16.551954 16.551954 16.551954 0.123928 0.123928 0.123928
9400 16.551954 16.551954 16.551954 0.123928 0.123928 0.123928
9500 16.551954 16.551954 16.551954 0.123928 0.123928 0.123928
9600 16.551954 16.551954 16.551954 0.123928 0.123928 0.123928
9700 16.551954 16.551954 16.551954 0.123928 0.123928 0.123928
9800 16.551954 16.551954 16.551954 0.123928 0.123928 0.123928
9900 16.551954 16.551954 16.551954 0.123928 0.123928 0.123928
10000 16.551954 16.551954 16.551954 0.123928 0.123928 0.123928
10100 16.551954 16.551954 16.551954 0.123928 0.123928 0.123928
10200 16.551954 16.551954 16.551954 0.123928 0.123928 0.123928
10300 16.551954 16.551954 16.551954 0.123928 0.123928 0.123928
10400 16.551954 16.551954 16.551954 0.123928 0.123928 0.123928
10500 16.551954 16.551954 16.551954 0.123928 0.123928 0.123928
10600 16.551954 16.551954 16.551954 0.123928 0.123928 0.123928
10700 16.551954 16.551954 16.551954 0.123928 0.123928 0.123928
10800 16.551954 16.551954 16.551954 0.123928 0.123928 0.123928
10900 16.551954 16.551954 16.551954 0.123928 0.123928 0.123928
11000 16.551954 16.551954 16.551954 0.123928 0.123928 0.123928
11100 16.551954 16.551954 16.551954 0.123928 0.123928 0.123928
11200 16.551954 16.551954 16.551954 0.123928 0.123928 0.123928
11300 16.551954 16.551954 16.551954 0.123928 0.123928 0.123928
11400 16.551954 16.551954 16.551954 0.123928 0.123928 0.123928
11500 16.551954 16.551954 16.551954 0.123928 0.123928 0.123928
11600 16.551954 16.551954 16.551954 0.123928 0.123928 0.123928
11700 16.551954 16.551954 16.551954 0.123928 0.123928 0.123928
11800 16.551954 16.551954 16.551954 0.123928 0.123928 0.123928
11900 16.551954 16.551954 16.551954 0.123928 0.123928 0.123928
12000 16.551954 16.551954 16.551954 0.123928 0.123928 0.123928
12100 16.551954 16.551954 16.551954 0.123928 0.123928 0.123928
12200 16.551954 16.551954 16.551954 0.123928 0.123928 0.123928
12300 16.551954 16.551954 16.551954 0.123928 0.123928 0.123928
12400 16.551954 16.551954 16.551954 0.123928 0.123928 0.123928
12500 16.551954 16.551954 16.551954 0.123928 0.123928 0.123928
12600 16.551954 16.551954 16.551954 0.123928 0.123928 0.123928
12700 16.551954 16.551954 16.551954 0.123928 0.123928 0.123928
12800 16.551954 16.551954 16.551954 0.123928 0.123928 0.123928
12900 16.551954 16.551954 16.551954 0.123928 0.123928 0.123928
13000 16.551954 16.551954 16.551954 0.123928 0.123928 0.123928
13100 16.551954 16.551954 16.551954 0.123928 0.123928 0.123928
13200 16.551954 16.551954 16.551954 0.123928 0.123928 0.123928
13300 16.551954 16.551954 16.551954 0.123928 0.123928 0.123928
13400 16.551954 16.551954 16.551954 0.123928 0.123928 0.123928
13500 16.551954 16.551954 16.551954 0.123928 0.123928 0.123928
13600 16.551954 16.551954 16.551954 0.123928 0.123928 0.123928
13700 16.551954 16.551954 16.551954 0.123928 0.123928 0.123928
13800 16.551954 16.551954 16.551954 0.123928 0.123928 0.123928
13900 16.551954 16.551954 16.551954 0.123928 0.123928 0.123928
14000 16.551954 16.551954 16.551954 0.123928 0.123928 0.123928
14100 16.551954 16.551954 16.551954 0.123928 0.123928 0.123928
14200 16.551954 16.551954 16.551954 0.123928 0.123928 0.123928
14300 16.551954 16.551954 16.551954 0.123928 0.123928 0.123928
14400 16.551954 16.551954 16.551954 0.123928 0.123928 0.123928
14500 16.551954 16.551954 16.551954 0.123928 0.123928 0.123928
14600 16.551954 16.551954 16.551954 0.123928 0.123928 0.123928
14700 16.551954 16.551954 16.551954 0.123928 0.123928 0.123928
14800 16.551954 16.551954 16.551954 0.123928 0.123928 0.123928
14900 16.551954 16.551954 16.551954 0.123928 0.123928 0.123928
15000 16.551954 16.551954 16.551954 0.123928 0.123928 0.123928
15100 16.551954 16.551954 16.551954 0.123928 0.123928 0.123928
15200 16.551954 16.551954 16.551954 0.123928 0.123928 0.123928
15300 16.551954 16.551954 16.551954 0.123928 0.123928 0.123928
15400 16.551954 16.551954 16.551954 0.123928 0.123928 0.123928
15500 16.551954 16.551954 16.551954 0.123928 0.123928 0.123928
15600 16.551954 16.551954 16.551954 0.123928 0.123928 0.123928
15700 16.551954 16.551954 16.551954 0.123928 0.123928 0.123928
15800 16.551954 16.551954 16.551954 0.123928 0.123928 0.123928
15900 16.551954 16.551954 16.551954 0.123928 0.123928 0.123928
16000 16.551954 16.551954 16.551954 0.123928 0.123928 0.123928
16100 16.551954 16.551954 16.551954 0.123928 0.123928 0.123928
16200 16.551954 16.551954 16.551954 0.123928 0.123928 0.123928
16300 16.551954 16.551954 16.551954 0.123928 0.123928 0.123928
16400 16.551954 16.551954 16.551954 0.123928 0.123928 0.123928
16500 16.551954 16.551954 16.551954 0.123928 0.123928 0.123928
16600 16.551954 16.551954 16.551954 0.123928 0.123928 0.123928
16700 16.551954 16.551954 16.551954 0.123928 0.123928 0.123928
16800 16.551954 16.551954 16.551954 0.123928 0.123928 0.123928
16900 16.551954 16.551954 16.551954 0.123928 0.123928 0.123928
17000 16.551954 16.551954 16.551954 0.123928 0.123928 0.123928
17100 16.551954 16.551954 16.551954 0.123928 0.123928 0.123928
17200 16.551954 16.551954 16.551954 0.123928 0.123928 0.123928
17300 16.551954 16.551954 16.551954 0.123928 0.123928 0.123928
17400 16.551954 16.551954 16.551954 0.123928 0.123928 0.123928
17500 16.551954 16.551954 16.551954 0.123928 0.123928 0.123928
17600 16.551954 16.551954 16.551954 0.123928 0.123928 0.123928
17700 16.551954 16.551954 16.551954 0.123928 0.123928 0.123928
17800 16.551954 16.551954 16.551954 0.123928 0.123928 0.123928
17900 16.551954 16.551954 16.551954 0.123928 0.123928 0.123928
18000 16.551954 16.551954 16.551954 0.123928 0.123928 0.123928
18100 16.551954 16.551954 16.551954 0.123928 0.123928 0.123928
18200 16.551954 16.551954 16.551954 0.123928 0.123928 0.123928
18300 16.551954 16.551954 16.551954 0.123928 0.123928 0.123928
18400 16.551954 16.551954 16.551954 0.123928 0.123928 0.123928
18500 16.551954 16.551954 16.551954 0.123928 0.123928 0.123928
18600 16.551954 16.551954 16.551954 0.123928 0.123928 0.123928
18700 16.551954 16.551954 16.551954 0.123928 0.123928 0.123928
18800 16.551954 16.551954 16.551954 0.123928 0.123928 0.123928
18900 16.551954 16.551954 16.551954 0.123928 0.123928 0.123928
19000 16.551954 16.551954 16.551954 0.123928 0.123928 0.123928
19100 16.551954 16.551954 16.551954 0.123928 0.123928 0.123928
19200 16.551954 16.551954 16.551954 0.123928 0.123928 0.123928
19300 16.551954 16.551954 16.551954 0.123928 0.123928 0.123928
19400 16.551954 16.551954 16.551954 0.123928 0.123928 0.123928
19500 16.551954 16.551954 16.551954 0.123928 0.123928 0.123928
19600 16.551954 16.551954 16.551954 0.123928 0.123928 0.123928
19700 16.551954 16.551954 16.551954 0.123928 0.123928 0.123928
19800 16.551954 16.551954 16.551954 0.123928 0.123928 0.123928
19900 16.551954 16.551954 16.551954 0.123928 0.123928 0.123928
20000 16.551954 16.551954 16.551954 0.123928 0.123928 0.123928
20100 16.551954 16.551954 16.551954 0.123928 0.123928 0.123928
20200 16.551954 16.551954 16.551954 0.123928 0.123928 0.123928
20300 16.551954 16.551954 16.551954 0.123928 0.123928 0.123928
20400 16.551954 16.551954 16.551954 0.123928 0.123928 0.123928
20500 16.551954 16.551954 16.551954 0.123928 0.123928 0.123928
20600 16.551954 16.551954 16.551954 0.123928 0.123928 0.123928
20700 16.551954 16.551954 16.551954 0.123928 0.123928 0.123928
20800 16.551954 16.551954 16.551954 0.123928 0.123928 0.123928
20900 16.551954 16.551954 16.551954 0.123928 0.123928 0.123928
21000 16.551954 16.551954 16.551954 0.123928 0.123928 0.123928
21100 16.551954 16.551954 16.551954 0.123928 0.123928 0.123928
21200 16.551954 16.551954 16.551954 0.123928 0.123928 0.123928
21300 16.551954 16.551954 16.551954 0.123928 0.123928 0.123928
21400 16.551954 16.551954 16.551954 0.123928 0.123928 0.123928
21500 16.551954 16.551954 16.551954 0.123928 0.123928 0.123928
21600 16.551954 16.551954 16.551954 0.123928 0.123928 0.123928
21700 16.551954 16.551954 16.551954 0.123928 0.123928 0.123928
21800 16.551954 16.551954 16.551954 0.123928 0.123928 0.123928
21900 16.551954 16.551954 16.551954 0.123928 0.123928 0.123928
22000 16.551954 16.551954 16.551954 0.123928 0.123928 0.123928
22100 16.551954 16.551954 16.551954 0.123928 0.123928 0.123928
22200 16.551954 16.551954 16.551954 0.123928 0.123928 0.123928
22300 16.551954 16.551954 16.551954 0.123928 0.123928 0.123928
22400 16.551954 16.551954 16.551954 0.123928 0.123928 0.123928
22500 16.551954 16.551954 16.551954 0.123928 0.123928 0.123928
22600 16.551954 16.551954 16.551954 0.123928 0.123928 0.123928
22700 16.551954 16.551954 16.551954 0.123928 0.123928 0.123928
22800 16.551954 16.551954 16.551954 0.123928 0.123928 0.123928
22900 16.551954 16.551954 16.551954 0.123928 0.123928 0.123928
23000 16.551954 16.551954 16.551954 0.123928 0.123928 0.123928
23100 16.551954 16.551954 16.551954 0.123928 0.123928 0.123928
23200 16.551954 16.551954 16.551954 0.123928 0.123928 0.123928
23300 16.551954 16.551954 16.551954 0.123928 0.123928 0.123928
23400 16.551954 16.551954 16.551954 0.123928 0.123928 0.123928
23500 16.551954 16.551954 16.551954 0.123928 0.123928 0.123928
23600 16.551954 16.551954 16.551954 0.123928 0.123928 0.123928
23700 16.551954 16.551954 16.551954 0.123928 0.123928 0.123928
23800 16.551954 16.551954 16.551954 0.123928 0.123928 0.123928
23900 16.551954 16.551954 16.551954 0.123928 0.123928 0.123928
24000 16.551954 16.551954 16.551954 0.123928 0.123928 0.123928
24100 16.551954 16.551954 16.551954 0.123928 0.123928 0.123928
24200 16.551954 16.551954 16.551954 0.123928 0.123928 0.123928
24300 16.551954 16.551954 16.551954 0.123928 0.123928 0.123928
24400 16.551954 16.551954 16.551954 0.123928 0.123928 0.123928
24500 16.551954 16.551954 16.551954 0.123928 0.123928 0.123928
24600 16.551954 16.551954 16.551954 0.123928 0.123928 0.123928
24700 16.551954 16.551954 16.551954 0.123928 0.123928 0.123928
24800 16.551954 16.551954 16.551954 0.123928 0.123928 0.123928
24900 16.551954 16.551954 16.551954 0.123928 0.123928 0.123928
25000 16.551954 16.551954 16.551954 0.123928 0.123928 0.123928
25100 16.551954 16.551954 16.551954 0.123928 0.123928 0.123928
25200 16.551954 16.551954 16.551954 0.123928 0.123928 0.123928
25300 16.551954 16.551954 16.551954 0.123928 0.123928 0.123928
25400 16.551954 16.551954 16.551954 0.123928 0.123928 0.123928
25500 16.551954 16.551954 16.551954 0.123928 0.123928 0.123928
25600 16.551954 16.551954 16.551954 0.123928 0.123928 0.123928
25700 16.551954 16.551954 16.551954 0.123928 0.123928 0.123928
25800 16.551954 16.551954 16.551954 0.123928 0.123928 0.123928
25900 16.551954 16.551954 16.551954 0.123928 0.123928 0.123928
26000 16.551954 16.551954 16.551954 0.123928 0.123928 0.123928
26100 16.551954 16.551954 16.551954 0.123928 0.123928 0.123928
26200 16.551954 16.551954 16.551954 0.123928 0.123928 0.123928
26300 16.551954 16.551954 16.551954 0.123928 0.123928 0.123928
26400 16.551954 16.551954 16.551954 0.123928 0.123928 0.123928
26500 16.551954 16.551954 16.551954 0.123928 0.123928 0.123928
26600 16.551954 16.551954 16.551954 0.123928 0.123928 0.123928
26700 16.551954 16.551954 16.551954 0.123928 0.123928 0.123928
26800 16.551954 16.551954 16.551954 0.123928 0.123928 0.123928
26900 16.551954 16.551954 16.551954 0.123928 0.123928 0.123928
27000 16.551954 16.551954 16.551954 0.123928 0.123928 0.123928
27100 16.551954 16.551954 16.551954 0.123928 0.123928 0.123928
27200 16.551954 16.551954 16.551954 0.123928 0.123928 0.123928
27300 16.551954 16.551954 16.551954 0.123928 0.123928 0.123928
27400 16.551954 16.551954 16.551954 0.123928 0.123928 0.123928
27500 16.551954 16.551954 16.551954 0.123928 0.123928 0.123928
27600 16.551954 16.551954 16.551954 0.123928 0.123928 0.123928
27700 16.551954 16.551954 16.551954 0.123928 0.123928 0.123928
27800 16.551954 16.551954 16.551954 0.123928 0.123928 0.123928
27900 16.551954 16.551954 16.551954 0.123928 0.123928 0.123928
28000 16.551954 16.551954 16.551954 0.123928 0.123928 0.123928
28100 16.551954 16.551954 16.551954 0.123928 0.123928 0.123928
28200 16.551954 16.551954 16.551954 0.123928 0.123928 0.123928
28300 16.551954 16.551954 16.551954 0.123928 0.123928 0.123928
28400 16.551954 16.551954 16.551954 0.123928 0.123928 0.123928
28500 16.551954 16.551954 16.551954 0.123928 0.123928 0.123928
28600 16.551954 16.551954 16.551954 0.123928 0.123928 0.123928
28700 16.551954 16.551954 16.551954 0.123928 0.123928 0.123928
28800 16.551954 16.551954 16.551954 0.123928 0.123928 0.123928
28900 16.551954 16.551954 16.551954 0.123928 0.123928 0.123928
29000 16.551954 16.551954 16.551954 0.123928 0.123928 0.123928
29100 16.551954 16.551954 16.551954 0.123928 0.123928 0.123928
29200 16.551954 16.551954 16.551954 0.123928 0.123928 0.123928
29300 16.551954 16.551954 16.551954 0.123928 0.123928 0.123928
29400 16.551954 16.551954 16.551954 0.123928 0.123928 0.123928
29500 16.551954 16.551954 16.551954 0.123928 0.123928 0.123928
29600 16.551954 16.551954 16.551954 0.123928 0.123928 0.123928
29700 16.551954 16.551954 16.551954 0.123928 0.123928 0.123928
29800 16.551954 16.551954 16.551954 0.123928 0.123928 0.123928
29900 16.551954 16.551954 16.551954 0.123928 0.123928 0.123928
30000 16.551954 16.551954 16.551954 0.123928 0.123928 0.123928
30100 16.551954 16.551954 16.551954 0.123928 0.123928 0.123928
30200 16.551954 16.551954 16.551954 0.123928 0.123928 0.123928
30300 16.551954 16.551954 16.551954 0.123928 0.123928 0.123928
30400 16.551954 16.551954 16.551954 0.123928 0.123928 0.123928
30500 16.551954 16.551954 16.551954 0.123928 0.123928 0.123928
30600 16.551954 16.551954 16.551954 0.123928 0.123928 0.123928
30700 16.551954 16.551954 16.551954 0.123928 0.123928 0.123928
30800 16.551954 16.551954 16.551954 0.123928 0.123928 0.123928
30900 16.551954 16.551954 16.551954 0.123928 0.123928 0.123928
31000 16.551954 16.551954 16.551954 0.123928 0.123928 0.123928
31100 16.551954 16.551954 16.551954 0.123928 0.123928 0.123928
31200 16.551954 16.551954 16.551954 0.123928 0.123928 0.123928
31300 16.551954 16.551954 16.551954 0.123928 0.123928 0.123928
31400 16.551954 16.551954 16.551954 0.123928 0.123928 0.123928
31500 16.551954 16.551954 16.551954 0.123928 0.123928 0.123928
31600 16.551954 16.551954 16.551954 0.123928 0.123928 0.123928
31700 16.551954 16.551954 16.551954 0.123928 0.123928 0.123928
31800 16.551954 16.551954 16.551954 0.123928 0.123928 0.123928
31900 16.551954 16.551954 16.551954 0.123928 0.123928 0.123928
32000 16.551954 16.551954 16.551954 0.123928 0.123928 0.123928
32100 16.551954 16.551954 16.551954 0.123928 0.123928 0.123928
32200 16.551954 16.551954 16.551954 0.123928 0.123928 0.123928
32300 16.551954 16.551954 16.551954 0.123928 0.123928 0.123928
32400 16.551954 16.551954 16.551954 0.123928 0.123928 0.123928
32500 16.551954 16.551954 16.551954 0.123928 0.123928 0.123928
32600 16.551954 16.551954 16.551954 0.123928 0.123928 0.123928
32700 16.551954 16.551954 16.551954 0.123928 0.123928 0.123928
32800 16.551954 16.551954 16.551954 0.123928 0.123928 0.123928
32900 16.551954 16.551954 16.551954 0.123928 0.123928 0.123928
33000 16.551954 16.551954 16.551954 0.123928 0.123928 0.123928
33100 16.551954 16.551954 16.551954 0.123928 0.123928 0.123928
33200 16.551954 16.551954 16.551954 0.123928 0.123928 0.123928
33300 16.551954 16.551954 16.551954 0.123928 0.123928 0.123928
33400 16.551954 16.551954 16.551954 0.123928 0.123928 0.123928
33500 16.551954 16.551954 16.551954 0.123928 0.123928 0.123928
33600 16.551954 16.551954 16.551954 0.123928 0.123928 0.123928
33700 16.551954 16.551954 16.551954 0.123928 0.123928 0.123928
33800 16.551954 16.551954 16.551954 0.123928 0.123928 0.123928
33900 16.551954 16.551954 16.551954 0.123928 0.123928 0.123928
34000 16.551954 16.551954 16.551954 0.123928 0.123928 0.123928
34100 16.551954 16.551954 16.551954 0.123928 0.123928 0.123928
34200 16.551954 16.551954 16.551954 0.123928 0.123928 0.123928
34300 16.551954 16.551954 16.551954 0.123928 0.123928 0.123928
34400 16.551954 16.551954 16.551954 0.123928 0.123928 0.123928
34500 16.551954 16.551954 16.551954 0.123928 0.123928 0.123928
34600 16.551954 16.551954 16.551954 0.123928 0.123928 0.123928
34700 16.551954 16.551954 16.551954 0.123928 0.123928 0.123928
34800 16.551954 16.551954 16.551954 0.123928 0.123928 0.123928
34900 16.551954 16.551954 16.551954 0.123928 0.123928 0.123928
35000 16.551954 16.551954 16.551954 0.123928 0.123928 0.123928
35100 16.551954 16.551954 16.551954 0.123928 0.123928 0.123928
35200 16.551954 16.551954 16.551954 0.123928 0.123928 0.123928
35300 16.551954 16.551954 16.551954 0.123928 0.123928 0.123928
35400 16.551954 16.551954 16.551954 0.123928 0.123928 0.123928
35500 16.551954 16.551954 16.551954 0.123928 0.123928 0.123928
35600 16.551954 16.551954 16.551954 0.123928 0.123928 0.123928
35700 16.551954 16.551954 16.551954 0.123928 0.123928 0.123928
35800 16.551954 16.551954 16.551954 0.123928 0.123928 0.123928
35900 16.551954 16.551954 16.551954 0.123928 0.123928 0.123928
36000 16.551954 16.551954 16.551954 0.123928 0.123928 0.123928
36100 16.551954 16.551954 16.551954 0.123928 0.123928 0.123928
36200 16.551954 16.551954 16.551954 0.123928 0.123928 0.123928
36300 16.551954 16.551954 16.551954 0.123928 0.123928 0.123928
36400 16.551954 16.551954 16.551954 0.123928 0.123928 0.123928
36500 16.551954 16.551954 16.551954 0.123928 0.123928 0.123928
36600 16.551954 16.551954 16.551954 0.123928 0.123928 0.123928
36700 16.551954 16.551954 16.551954 0.123928 0.123928 0.123928
36800 16.551954 16.551954 16.551954 0.123928 0.123928 0.123928
36900 16.551954 16.551954 16.551954 0.123928 0.123928 0.123928
37000 16.551954 16.551954 16.551954 0.123928 0.123928 0.123928
37100 16.551954 16.551954 16.551954 0.123928 0.123928 0.123928
37200 16.551954 16.551954 16.551954 0.123928 0.123928 0.123928
37300 16.551954 16.551954 16.551954 0.123928 0.123928 0.123928
37400 16.551954 16.551954 16.551954 0.123928 0.123928 0.123928
37500 16.551954 16.551954 16.551954 0.123928 0.123928 0.123928
37600 16.551954 16.551954 16.551954 0.123928 0.123928 0.123928
37700 16.551954 16.551954 16.551954 0.123928 0.123928 0.123928
37800 16.551954 16.551954 16.551954 0.123928 0.123928 0.123928
37900 16.551954 16.551954 16.551954 0.123928 0.123928 0.123928
38000 16.551954 16.551954 16.551954 0.123928 0.123928 0.123928
38100 16.551954 16.551954 16.551954 0.123928 0.123928 0.123928
38200 16.551954 16.551954 16.551954 0.123928 0.123928 0.123928
38300 16.551954 16.551954 16.551954 0.123928 0.123928 0.123928
38400 16.551954 16.551954 16.551954 0.123928 0.123928 0.123928
38500 16.551954 16.551954 16.551954 0.123928 0.123928 0.123928
38600 16.551954 16.551954 16.551954 0.123928 0.123928 0.123928
38700 16.551954 16.551954 16.551954 0.123928 0.123928 0.123928
38800 16.551954 16.551954 16.551954 0.123928 0.123928 0.123928
38900 16.551954 16.551954 16.551954 0.123928 0.123928 0.123928
39000 16.551954 16.551954 16.551954 0.123928 0.123928 0.123928
39100 16.551954 16.551954 16.551954 0.123928 0.123928 0.123928
39200 16.551954 16.551954 16.551954 0.123928 0.123928 0.123928
39300 16.551954 16.551954 16.551954 0.123928 0.123928 0.123928
39400 16.551954 16.551954 16.551954 0.123928 0.123928 0.123928
39500 16.551954 16.551954 16.551954 0.123928 0.123928 0.123928
39600 16.551954 16.551954 16.551954 0.123928 0.123928 0.123928
39700 16.551954 16.551954 16.551954 0.123928 0.123928 0.123928
39800 16.551954 16.551954 16.551954 0.123928 0.123928 0.123928
39900 16.551954 16.551954 16.551954 0.123928 0.123928 0.123928
40000 16.551954 16.551954 16.551954 0.123928 0.123928 0.123928
40100 16.551954 16.551954 16.551954 0.123928 0.123928 0.123928
40200 16.551954 16.551954 16.551954 0.123928 0.123928 0.123928
40300 16.551954 16.551954 16.551954 0.123928 0.123928 0.123928
40400 16.551954 16.551954 16.551954 0.123928 0.123928 0.123928
40500 16.551954 16.551954 16.551954 0.123928 0.123928 0.123928
40600 16.551954 16.551954 16.551954 0.123928 0.123928 0.123928
40700 16.551954 16.551954 16.551954 0.123928 0.123928 0.123928
40800 16.551954 16.551954 16.551954 0.123928 0.123928 0.123928
40900 16.551954 16.551954 16.551954 0.123928 0.123928 0.123928
41000 16.551954 16.551954 16.551954 0.123928 0.123928 0.123928
41100 16.551954 16.551954 16.551954 0.123928 0.123928 0.123928
41200 16.551954 16.551954 16.551954 0.123928 0.123928 0.123928
41300 16.551954 16.551954 16.551954 0.123928 0.123928 0.123928
41400 16.551954 16.551954 16.551954 0.123928 0.123928 0.123928
41500 16.551954 16.551954 16.551954 0.123928 0.123928 0.123928
41600 16.551954 16.551954 16.551954 0.123928 0.123928 0.123928
41700 16.551954 16.551954 16.551954 0.123928 0.123928 0.123928
41800 16.551954 16.551954 16.551954 0.123928 0.123928 0.123928
41900 16.551954 16.551954 16.551954 0.123928 0.123928 0.123928
42000 16.551954 16.551954 16.551954 0.123928 0.123928 0.123928
42100 16.551954 16.551954 16.551954 0.123928 0.123928 0.123928
42200 16.551954 16.551954 16.551954 0.123928 0.123928 0.123928
42300 16.551954 16.551954 16.551954 0.123928 0.123928 0.123928
42400 16.551954 16.551954 16.551954 0.123928 0.123928 0.123928
42500 16.551954 16.551954 16.551954 0.123928 0.123928 0.123928
42600 16.551954 16.551954 16.551954 0.123928 0.123928 0.123928
42700 16.551954 16.551954 16.551954 0.123928 0.123928 0.123928
42800 16.551954 16.551954 16.551954 0.123928 0.123928 0.123928
42900 16.551954 16.551954 16.551954 0.123928 0.123928 0.123928
43000 16.551954 16.551954 16.551954 0.123928 0.123928 0.123928
43100 16.551954 16.551954 16.551954 0.123928 0.123928 0.123928
43200 16.551954 16.551954 16.551954 0.123928 0.123928 0.123928
43300 16.551954 16.551954 16.551954 0.123928 0.123928 0.123928
43400 16.551954 16.551954 16.551954 0.123928 0.123928 0.123928
43500 16.551954 16.551954 16.551954 0.123928 0.123928 0.123928
43600 16.551954 16.551954 16.551954 0.123928 0.123928 0.123928
43700 16.551954 16.551954 16.551954 0.123928 0.123928 0.123928
43800 16.551954 16.551954 16.551954 0.123928 0.123928 0.123928
43900 16.551954 16.551954 16.551954 0.123928 0.123928 0.123928
44000 16.551954 16.551954 16.551954 0.123928 0.123928 0.123928
44100 16.551954 16.551954 16.551954 0.123928 0.123928 0.123928
44200 16.551954 16.551954 16.551954 0.123928 0.123928 0.123928
44300 16.551954 16.551954 16.551954 0.123928 0.123928 0.123928
44400 16.551954 16.551954 16.551954 0.123928 0.123928 0.123928
44500 16.551954 16.551954 16.551954 0.123928 0.123928 0.123928
44600 16.551954 16.551954 16.551954 0.123928 0.123928 0.123928
44700 16.551954 16.551954 16.551954 0.123928 0.123928 0.123928
44800 16.551954 16.551954 16.551954 0.123928 0.123928 0.123928
44900 16.551954 16.551954 16.551954 0.123928 0.123928 0.123928
45000 16.551954 16.551954 16.551954 0.123928 0.123928 0.123928
45100 16.551954 16.551954 16.551954 0.123928 0.123928 0.123928
45200 16.551954 16.551954 16.551954 0.123928 0.123928 0.123928
45300 16.551954 16.551954 16.551954 0.123928 0.123928 0.123928
45400 16.551954 16.551954 16.551954 0.123928 0.123928 0.123928
45500 16.551954 16.551954 16.551954 0.123928 0.123928 0.123928
45600 16.551954 16.551954 16.551954 0.123928 0.123928 0.123928
45700 16.551954 16.551954 16.551954 0.123928 0.123928 0.123928
45800 16.551954 16.551954 16.551954 0.123928 0.123928 0.123928
45900 16.551954 16.551954 16.551954 0.123928 0.123928 0.123928
46000 16.551954 16.551954 16.551954 0.123928 0.123928 0.123928
46100 16.551954 16.551954 16.551954 0.123928 0.123928 0.123928
46200 16.551954 16.551954 16.551954 0.123928 0.123928 0.123928
46300 16.551954 16.551954 16.551954 0.123928 0.123928 0.123928
46400 16.551954 16.551954 16.551954 0.123928 0.123928 0.123928
46500 16.551954 16.551954 16.551954 0.123928 0.123928 0.123928
46600 16.551954 16.551954 16.551954 0.123928 0.123928 0.123928
46700 16.551954 16.551954 16.551954 0.123928 0.123928 0.123928
46800 16.551954 16.551954 16.551954 0.123928 0.123928 0.123928
46900 16.551954 16.551954 16.551954 0.123928 0.123928 0.123928
47000 16.551954 16.551954 16.551954 0.123928 0.123928 0.123928
47100 16.551954 16.551954 16.551954 0.123928 0.123928 0.123928
47200 16.551954 16.551954 16.551954 0.123928 0.123928 0.123928
47300 16.551954 16.551954 16.551954 0.123928 0.123928 0.123928
47400 16.551954 16.551954 16.551954 0.123928 0.123928 0.123928
47500 16.551954 16.551954 16.551954 0.123928 0.123928 0.123928
47600 16.551954 16.551954 16.551954 0.123928 0.123928 0.123928
47700 16.551954 16.551954 16.551954 0.123928 0.123928 0.123928
47800 16.551954 16.551954 16.551954 0.123928 0.123928 0.123928
47900 16.551954 16.551954 16.551954 0.123928 0.123928 0.123928
48000 16.551954 16.551954 16.551954 0.123928 0.123928 0.123928
48100 16.551954 16.551954 16.551954 0.123928 0.123928 0.123928
48200 16.551954 16.551954 16.551954 0.123928 0.123928 0.123928
48300 16.551954 16.551954 16.551954 0.123928 0.123928 0.123928
48400 16.551954 16.551954 16.551954 0.123928 0.123928 0.123928
48500 16.551954 16.551954 16.551954 0.123928 0.123928 0.123928
48600 16.551954 16.551954 16.551954 0.123928 0.123928 0.123928
48700 16.551954 16.551954 16.551954 0.123928 0.123928 0.123928
48800 16.551954 16.551954 16.551954 0.123928 0.123928 0.123928
48900 16.551954 16.551954 16.551954 0.123928 0.123928 0.123928
49000 16.551954 16.551954 16.551954 0.123928 0.123928 0.123928
49100 16.551954 16.551954 16.551954 0.123928 0.123928 0.123928
49200 16.551954 16.551954 16.551954 0.123928 0.123928 0.123928
49300 16.551954 16.551954 16.551954 0.123928 0.123928 0.123928
49400 16.551954 16.551954 16.551954 0.123928 0.123928 0.123928
49500 16.551954 16.551954 16.551954 0.123928 0.123928 0.123928
49600 16.551954 16.551954 16.551954 0.123928 0.123928 0.123928
49700 16.551954 16.551954 16.551954 0.123928 0.123928 0.123928
49800 16.551954 16.551954 16.551954 0.123928 0.123928 0.123928
49900 16.551954 16.551954 16.551954 0.123928 0.123928 0.123928
50000 16.551954 16.551954 16.551954 0.123928 0.123928 0.123928
50100 16.551954 16.551954 16.551954 0.123928 0.123928 0.123928
50200 16.551954 16.551954 16.551954 0.123928 0.123928 0.123928
50300 16.551954 16.551954 16.551954 0.123928 0.123928 0.123928
50400 16.551954 16.551954 16.551954 0.123928 0.123928 0.123928
50500 16.551954 16.551954 16.551954 0.123928 0.123928 0.123928
50600 16.551954 16.551954 16.551954 0.123928 0.123928 0.123928
50700 16.551954 16.551954 16.551954 0.123928 0.123928 0.123928
50800 16.551954 16.551954 16.551954 0.123928 0.123928 0.123928
50900 16.551954 16.551954 16.551954 0.123928 0.123928 0.123928
51000 16.551954 16.551954 16.551954 0.123928 0.123928 0.123928
51100 16.551954 16.551954 16.551954 0.123928 0.123928 0.123928
51200 16.551954 16.551954 16.551954 0.123928 0.123928 0.123928
51300 16.551954 16.551954 16.551954 0.123928 0.123928 0.123928
51400 16.551954 16.551954 16.551954 0.123928 0.123928 0.123928
51500 16.551954 16.551954 16.551954 0.123928 0.123928 0.123928
51600 16.551954 16.551954 16.551954 0.123928 0.123928 0.123928
51700 16.551954 16.551954 16.551954 0.123928 0.123928 0.123928
51800 16.551954 16.551954 16.551954 0.123928 0.123928 0.123928
51900 16.551954 16.551954 16.551954 0.123928 0.123928 0.123928
52000 16.551954 16.551954 16.551954 0.123928 0.123928 0.123928
52100 16.551954 16.551954 16.551954 0.123928 0.123928 0.123928
52200 16.551954 16.551954 16.551954 0.123928 0.123928 0.123928
52300 16.551954 16.551954 16.551954 0.123928 0.123928 0.123928
52400 16.551954 16.551954 16.551954 0.123928 0.123928 0.123928
52500 16.551954 16.551954 16.551954 0.123928 0.123928 0.123928
52600 16.551954 16.551954 16.551954 0.123928 0.123928 0.123928
52700 16.551954 16.551954 16.551954 0.123928 0.123928 0.123928
52800 16.551954 16.551954 16.551954 0.123928 0.123928 0.123928
52900 16.551954 16.551954 16.551954 0.123928 0.123928 0.123928
53000 16.551954 16.551954 16.551954 0.123928 0.123928 0.123928
53100 16.551954 16.551954 16.551954 0.123928 0.123928 0.123928
53200 16.551954 16.551954 16.551954 0.123928 0.123928 0.123928
53300 16.551954 16.551954 16.551954 0.123928 0.123928 0.123928
53400 16.551954 16.551954 16.551954 0.123928 0.123928 0.123928
53500 16.551954 16.551954 16.551954 0.123928 0.123928 0.123928
53600 16.551954 16.551954 16.551954 0.123928 0.123928 0.123928
53700 16.551954 16.551954 16.551954 0.123928 0.123928 0.123928
53800 16.551954 16.551954 16.551954 0.123928 0.123928 0.123928
53900 16.551954 16.551954 16.551954 0.123928 0.123928 0.123928
54000 16.551954 16.551954 16.551954 0.123928 0.123928 0.123928
54100 16.551954 16.551954 16.551954 0.123928 0.123928 0.123928
54200 16.551954 16.551954 16.551954 0.123928 0.123928 0.123928
54300 16.551954 16.551954 16.551954 0.123928 0.123928 0.123928
54400 16.551954 16.551954 16.551954 0.123928 0.123928 0.123928
54500 16.551954 16.551954 16.551954 0.123928 0.123928 0.123928
54600 16.551954 16.551954 16.551954 0.123928 0.123928 0.123928
54700 16.551954 16.551954 16.551954 0.123928 0.123928 0.123928
54800 16.551954 16.551954 16.551954 0.123928 0.123928 0.123928
54900 16.551954 16.551954 16.551954 0.123928 0.123928 0.123928
55000 16.551954 16.551954 16.551954 0.123928 0.123928 0.123928
55100 16.551954 16.551954 16.551954 0.123928 0.123928 0.123928
55200 16.551954 16.551954 16.551954 0.123928 0.123928 0.123928
55300 16.551954 16.551954 16.551954 0.123928 0.123928 0.123928
55400 16.551954 16.551954 16.551954 0.123928 0.123928 0.123928
55500 16.551954 16.551954 16.551954 0.123928 0.123928 0.123928
55600 16.551954 16.551954 16.551954 0.123928 0.123928 0.123928
55700 16.551954 16.551954 16.551954 0.123928 0.123928 0.123928
55800 16.551954 16.551954 16.551954 0.123928 0.123928 0.123928
55900 16.551954 16.551954 16.551954 0.123928 0.123928 0.123928
56000 16.551954 16.551954 16.551954 0.123928 0.123928 0.123928
56100 16.551954 16.551954 16.551954 0.123928 0.123928 0.123928
56200 16.551954 16.551954 16.551954 0.123928 0.123928 0.123928
56300 16.551954 16.551954 16.551954 0.123928 0.123928 0.123928
56400 16.551954 16.551954 16.551954 0.123928 0.123928 0.123928
56500 16.551954 16.551954 16.551954 0.123928 0.123928 0.123928
56600 16.551954 16.551954 16.551954 0.123928 0.123928 0.123928
56700 16.551954 16.551954 16.551954 0.123928 0.123928 0.123928
56800 16.551954 16.551954 16.551954 0.123928 0.123928 0.123928
56900 16.551954 16.551954 16.551954 0.123928 0.123928 0.123928
57000 16.551954 16.551954 16.551954 0.123928 0.123928 0.123928
57100 16.551954 16.551954 16.551954 0.123928 0.123928 0.123928
57200 16.551954 16.551954 16.551954 0.123928 0.123928 0.123928
57300 16.551954 16.551954 16.551954 0.123928 0.123928 0.123928
57400 16.551954 16.551954 16.551954 0.123928 0.123928 0.123928
57500 16.551954 16.551954 16.551954 0.123928 0.123928 0.123928
57600 16.551954 16.551954 16.551954 0.123928 0.123928 0.123928
57700 16.551954 16.551954 16.551954 0.123928 0.123928 0.123928
57800 16.551954 16.551954 16.551954 0.123928 0.123928 0.123928
57900 16.551954 16.551954 16.551954 0.123928 0.123928 0.123928
58000 16.551954 16.551954 16.551954 0.123928 0.123928 0.123928
58100 16.551954 16.551954 16.551954 0.123928 0.123928 0.123928
58200 16.551954 16.551954 16.551954 0.123928 0.123928 0.123928
58300 16.551954 16.551954 16.551954 0.123928 0.123928 0.123928
58400 16.551954 16.551954 16.551954 0.123928 0.123928 0.123928
58500 16.551954 16.551954 16.551954 0.123928 0.123928 0.123928
58600 16.551954 16.551954 16.551954 0.123928 0.123928 0.123928
58700 16.551954 16.551954 16.551954 0.123928 0.123928 0.123928
58800 16.551954 16.551954 16.551954 0.123928 0.123928 0.123928
58900 16.551954 16.551954 16.551954 0.123928 0.123928 0.123928
59000 16.551954 16.551954 16.551954 0.123928 0.123928 0.123928
59100 16.551954 16.551954 16.551954 0.123928 0.123928 0.123928
59200 16.551954 16.551954 16.551954 0.123928 0.123928 0.123928
59300 16.551954 16.551954 16.551954 0.123928 0.123928 0.123928
59400 16.551954 16.551954 16.551954 0.123928 0.123928 0.123928
59500 16.551954 16.551954 16.551954 0.123928 0.123928 0.123928
59600 16.551954 16.551954 16.551954 0.123928 0.123928 0.123928
59700 16.551954 16.551954 16.551954 0.123928 0.123928 0.123928
59800 16.551954 16.551954 16.551954 0.123928 0.123928 0.123928
59900 16.551954 16.551954 16.551954 0.123928 0.123928 0.123928
60000 16.551954 16.551954 16.551954 0.123928 0.123928 0.123928
60100 16.551954 16.551954 16.551954 0.123928 0.123928 0.123928
60200 16.551954 16.551954 16.551954 0.123928 0.123928 0.123928
60300 16.551954 16.551954 16.551954 0.123928 0.123928 0.123928
60400 16.551954 16.551954 16.551954 0.123928 0.123928 0.123928
60500 16.551954 16.551954 16.551954 0.123928 0.123928 0.123928
60600 16.551954 16.551954 16.551954 0.123928 0.123928 0.123928
60700 16.551954 16.551954 16.551954 0.123928 0.123928 0.123928
60800 16.551954 16.551954 16.551954 0.123928 0.123928 0.123928
60900 16.551954 16.551954 16.551954 0.123928 0.123928 0.123928
61000 16.551954 16.551954 16.551954 0.123928 0.123928 0.123928
61100 16.551954 16.551954 16.551954 0.123928 0.123928 0.123928
61200 16.551954 16.551954 16.551954 0.123928 0.123928 0.123928
61300 16.551954 16.551954 16.551954 0.123928 0.123928 0.123928
61400 16.551954 16.551954 16.551954 0.123928 0.123928 0.123928
61500 16.551954 16.551954 16.551954 0.123928 0.123928 0.123928
61600 16.551954 16.551954 16.551954 0.123928 0.123928 0.123928
61700 16.551954 16.551954 16.551954 0.123928 0.123928 0.123928
61800 16.551954 16.551954 16.551954 0.123928 0.123928 0.123928
61900 16.551954 16.551954 16.551954 0.123928 0.123928 0.123928
62000 16.551954 16.551954 16.551954 0.123928 0.123928 0.123928
62100 16.551954 16.551954 16.551954 0.123928 0.123928 0.123928
62200 16.551954 16.551954 16.551954 0.123928 0.123928 0.123928
62300 16.551954 16.551954 16.551954 0.123928 0.123928 0.123928
62400 16.551954 16.551954 16.551954 0.123928 0.123928 0.123928
62500 16.551954 16.551954 16.551954 0.123928 0.123928 0.123928
62600 16.551954 16.551954 16.551954 0.123928 0.123928 0.123928
62700 16.551954 16.551954 16.551954 0.123928 0.123928 0.123928
62800 16.551954 16.551954 16.551954 0.123928 0.123928 0.123928
62900 16.551954 16.551954 16.551954 0.123928 0.123928 0.123928
63000 16.551954 16.551954 16.551954 0.123928 0.123928 0.123928
63100 16.551954 16.551954 16.551954 0.123928 0.123928 0.123928
63200 16.551954 16.551954 16.551954 0.123928 0.123928 0.123928
63300 16.551954 16.551954 16.551954 0.123928 0.123928 0.123928
63400 16.551954 16.551954 16.551954 0.123928 0.123928 0.123928
63500 16.551954 16.551954 16.551954 0.123928 0.123928 0.123928
63600 16.551954 16.551954 16.551954 0.123928 0.123928 0.123928
63700 16.551954 16.551954 16.551954 0.123928 0.123928 0.123928
63800 16.551954 16.551954 16.551954 0.123928 0.123928 0.123928
63900 16.551954 16.551954 16.551954 0.123928 0.123928 0.123928
64000 16.551954 16.551954 16.551954 0.123928 0.123928 0.123928
64100 16.551954 16.551954 16.551954 0.123928 0.123928 0.123928
64200 16.551954 16.551954 16.551954 0.123928 0.123928 0.123928
64300 16.551954 16.551954 16.551954 0.123928 0.123928 0.123928
64400 16.551954 16.551954 16.551954 0.123928 0.123928 0.123928
64500 16.551954 16.551954 16.551954 0.123928 0.123928 0.123928
64600 16.551954 16.551954 16.551954 0.123928 0.123928 0.123928
64700 16.551954 16.551954 16.551954 0.123928 0.123928 0.123928
64800 16.551954 16.551954 16.551954 0.123928 0.123928 0.123928
64900 16.551954 16.551954 16.551954 0.123928 0.123928 0.123928
65000 16.551954 16.551954 16.551954 0.123928 0.123928 0.123928
65100 16.551954 16.551954 16.551954 0.123928 0.123928 0.123928
65200 16.551954 16.551954 16.551954 0.123928 0.123928 0.123928
65300 16.551954 16.551954 16.551954 0.123928 0.123928 0.123928
65400 16.551954 16.551954 16.551954 0.123928 0.123928 0.123928
65500 16.551954 16.551954 16.551954 0.123928 0.123928 0.123928
65600 16.551954 16.551954 16.551954 0.123928 0.123928 0.123928
65700 16.551954 16.551954 16.551954 0.123928 0.123928 0.123928
65800 16.551954 16.551954 16.551954 0.123928 0.123928 0.123928
65900 16.551954 16.551954 16.551954 0.123928 0.123928 0.123928
66000 16.551954 16.551954 16.551954 0.123928 0.123928 0.123928
66100 16.551954 16.551954 16.551954 0.123928 0.123928 0.123928
66200 16.551954 16.551954 16.551954 0.123928 0.123928 0.123928
66300 16.551954 16.551954 16.551954 0.123928 0.123928 0.123928
66400 16.551954 16.551954 16.551954 0.123928 0.123928 0.123928
66500 16.551954 16.551954 16.551954 0.123928 0.123928 0.123928
66600 16.551954 16.551954 16.551954 0.123928 0.123928 0.123928
66700 16.551954 16.551954 16.551954 0.123928 0.123928 0.123928
66800 16.551954 16.551954 16.551954 0.123928 0.123928 0.123928
66900 16.551954 16.551954 16.551954 0.123928 0.123928 0.123928
67000 16.551954 16.551954 16.551954 0.123928 0.123928 0.123928
67100 16.551954 16.551954 16.551954 0.123928 0.123928 0.123928
67200 16.551954 16.551954 16.551954 0.123928 0.123928 0.123928
67300 16.551954 16.551954 16.551954 0.123928 0.123928 0.123928
67400 16.551954 16.551954 16.551954 0.123928 0.123928 0.123928
67500 16.551954 16.551954 16.551954 0.123928 0.123928 0.123928
67600 16.551954 16.551954 16.551954 0.123928 0.123928 0.123928
67700 16.551954 16.551954 16.551954 0.123928 0.123928 0.123928
67800 16.551954 16.551954 16.551954 0.123928 0.123928 0.123928
67900 16.551954 16.551954 16.551954 0.123928 0.123928 0.123928
68000 16.551954 16.551954 16.551954 0.123928 0.123928 0.123928
68100 16.551954 16.551954 16.551954 0.123928 0.123928 0.123928
68200 16.551954 16.551954 16.551954 0.123928 0.123928 0.123928
68300 16.551954 16.551954 16.551954 0.123928 0.123928 0.123928
68400 16.551954 16.551954 16.551954 0.123928 0.123928 0.123928
68500 16.551954 16.551954 16.551954 0.123928 0.123928 0.123928
68600 16.551954 16.551954 16.551954 0.123928 0.123928 0.123928
68700 16.551954 16.551954 16.551954 0.123928 0.123928 0.123928
68800 16.551954 16.551954 16.551954 0.123928 0.123928 0.123928
68900 16.551954 16.551954 16.551954 0.123928 0.123928 0.123928
69000 16.551954 16.551954 16.551954 0.123928 0.123928 0.123928
69100 16.551954 16.551954 16.551954 0.123928 0.123928 0.123928
69200 16.551954 16.551954 16.551954 0.123928 0.123928 0.123928
69300 16.551954 16.551954 16.551954 0.123928 0.123928 0.123928
69400 16.551954 16.551954 16.551954 0.123928 0.123928 0.123928
69500 16.551954 16.551954 16.551954 0.123928 0.123928 0.123928
69600 16.551954 16.551954 16.551954 0.123928 0.123928 0.123928
69700 16.551954 16.551954 16.551954 0.123928 0.123928 0.123928
69800 16.551954 16.551954 16.551954 0.123928 0.123928 0.123928
69900 16.551954 16.551954 16.551954 0.123928 0.123928 0.123928
70000 16.551954 16.551954 16.551954 0.123928 0.123928 0.123928
70100 16.551954 16.551954 16.551954 0.123928 0.123928 0.123928
70200 16.551954 16.551954 16.551954 0.123928 0.123928 0.123928
70300 16.551954 16.551954 16.551954 0.123928 0.123928 0.123928
70400 16.551954 16.551954 16.551954 0.123928 0.123928 0.123928
70500 16.551954 16.551954 16.551954 0.123928 0.123928 0.123928
70600 16.551954 16.551954 16.551954 0.123928 0.123928 0.123928
70700 16.551954 16.551954 16.551954 0.123928 0.123928 0.123928
70800 16.551954 16.551954 16.551954 0.123928 0.123928 0.123928
70900 16.551954 16.551954 16.551954 0.123928 0.123928 0.123928
71000 16.551954 16.551954 16.551954 0.123928 0.123928 0.123928
71100 16.551954 16.551954 16.551954 0.123928 0.123928 0.123928
71200 16.551954 16.551954 16.551954 0.123928 0.123928 0.123928
71300 16.551954 16.551954 16.551954 0.123928 0.123928 0.123928
71400 16.551954 16.551954 16.551954 0.123928 0.123928 0.123928
71500 16.551954 16.551954 16.551954 0.123928 0.123928 0.123928
71600 16.551954 16.551954 16.551954 0.123928 0.123928 0.123928
71700 16.551954 16.551954 16.551954 0.123928 0.123928 0.123928
71800 16.551954 16.551954 16.551954 0.123928 0.123928 0.123928
71900 16.551954 16.551954 16.551954 0.123928 0.123928 0.123928
72000 16.551954 16.551954 16.551954 0.123928 0.123928 0.123928
72100 16.551954 16.551954 16.551954 0.123928 0.123928 0.123928
72200 16.551954 16.551954 16.551954 0.123928 0.123928 0.123928
72300 16.551954 16.551954 16.551954 0.123928 0.123928 0.123928
72400 16.551954 16.551954 16.551954 0.123928 0.123928 0.123928
72500 16.551954 16.551954 16.551954 0.123928 0.123928 0.123928
72600 16.551954 16.551954 16.551954 0.123928 0.123928 0.123928
72700 16.551954 16.551954 16.551954 0.123928 0.123928 0.123928
72800 16.551954 16.551954 16.551954 0.123928 0.123928 0.123928
72900 16.551954 16.551954 16.551954 0.123928 0.123928 0.123928
73000 16.551954 16.551954 16.551954 0.123928 0.123928 0.123928
73100 16.551954 16.551954 16.551954 0.123928 0.123928 0.123928
73200 16.551954 16.551954 16.551954 0.123928 0.123928 0.123928
73300 16.551954 16.551954 16.551954 0.123928 0.123928 0.123928
73400 16.551954 16.551954 16.551954 0.123928 0.123928 0.123928
73500 16.551954 16.551954 16.551954 0.123928 0.123928 0.123928
73600 16.551954 16.551954 16.551954 0.123928 0.123928 0.123928
73700 16.551954 16.551954 16.551954 0.123928 0.123928 0.123928
73800 16.551954 16.551954 16.551954 0.123928 0.123928 0.123928
73900 16.551954 16.551954 16.551954 0.123928 0.123928 0.123928
74000 16.551954 16.551954 16.551954 0.123928 0.123928 0.123928
74100 16.551954 16.551954 16.551954 0.123928 0.123928 0.123928
74200 16.551954 16.551954 16.551954 0.123928 0.123928 0.123928
74300 16.551954 16.551954 16.551954 0.123928 0.123928 0.123928
74400 16.551954 16.551954 16.551954 0.123928 0.123928 0.123928
74500 16.551954 16.551954 16.551954 0.123928 0.123928 0.123928
74600 16.551954 16.551954 16.551954 0.123928 0.123928 0.123928
74700 16.551954 16.551954 16.551954 0.123928 0.123928 0.123928
74800 16.551954 16.551954 16.551954 0.123928 0.123928 0.123928
74900 16.551954 16.551954 16.551954 0.123928 0.123928 0.123928
75000 16.551954 16.551954 16.551954 0.123928 0.123928 0.123928
75100 16.551954 16.551954 16.551954 0.123928 0.123928 0.123928
75200 16.551954 16.551954 16.551954 0.123928 0.123928 0.123928
75300 16.551954 16.551954 16.551954 0.123928 0.123928 0.123928
75400 16.551954 16.551954 16.551954 0.123928 0.123928 0.123928
75500 16.551954 16.551954 16.551954 0.123928 0.123928 0.123928
75600 16.551954 16.551954 16.551954 0.123928 0.123928 0.123928
75700 16.551954 16.551954 16.551954 0.123928 0.123928 0.123928
75800 16.551954 16.551954 16.551954 0.123928 0.123928 0.123928
75900 16.551954 16.551954 16.551954 0.123928 0.123928 0.123928
76000 16.551954 16.551954 16.551954 0.123928 0.123928 0.123928
76100 16.551954 16.551954 16.551954 0.123928 0.123928 0.123928
76200 16.551954 16.551954 16.551954 0.123928 0.123928 0.123928
76300 16.551954 16.551954 16.551954 0.123928 0.123928 0.123928
76400 16.551954 16.551954 16.551954 0.123928 0.123928 0.123928
76500 16.551954 16.551954 16.551954 0.123928 0.123928 0.123928
76600 16.551954 16.551954 16.551954 0.123928 0.123928 0.123928
76700 16.551954 16.551954 16.551954 0.123928 0.123928 0.123928
76800 16.551954 16.551954 16.551954 0.123928 0.123928 0.123928
76900 16.551954 16.551954 16.551954 0.123928 0.123928 0.123928
77000 16.551954 16.551954 16.551954 0.123928 0.123928 0.123928
77100 16.551954 16.551954 16.551954 0.123928 0.123928 0.123928
77200 16.551954 16.551954 16.551954 0.123928 0.123928 0.123928
77300 16.551954 16.551954 16.551954 0.123928 0.123928 0.123928
77400 16.551954 16.551954 16.551954 0.123928 0.123928 0.123928
77500 16.551954 16.551954 16.551954 0.123928 0.123928 0.123928
77600 16.551954 16.551954 16.551954 0.123928 0.123928 0.123928
77700 16.551954 16.551954 16.551954 0.123928 0.123928 0.123928
77800 16.551954 16.551954 16.551954 0.123928 0.123928 0.123928
77900 16.551954 16.551954 16.551954 0.123928 0.123928 0.123928
78000 16.551954 16.551954 16.551954 0.123928 0.123928 0.123928
78100 16.551954 16.551954 16.551954 0.123928 0.123928 0.123928
78200 16.551954 16.551954 16.551954 0.123928 0.123928 0.123928
78300 16.551954 16.551954 16.551954 0.123928 0.123928 0.123928
78400 16.551954 16.551954 16.551954 0.123928 0.123928 0.123928
78500 16.551954 16.551954 16.551954 0.123928 0.123928 0.123928
78600 16.551954 16.551954 16.551954 0.123928 0.123928 0.123928
78700 16.551954 16.551954 16.551954 0.123928 0.123928 0.123928
78800 16.551954 16.551954 16.551954 0.123928 0.123928 0.123928
78900 16.551954 16.551954 16.551954 0.123928 0.123928 0.123928
79000 16.551954 16.551954 16.551954 0.123928 0.123928 0.123928
79100 16.551954 16.551954 16.551954 0.123928 0.123928 0.123928
79200 16.551954 16.551954 16.551954 0.123928 0.123928 0.123928
79300 16.551954 16.551954 16.551954 0.123928 0.123928 0.123928
79400 16.551954 16.551954 16.551954 0.123928 0.123928 0.123928
79500 16.551954 16.551954 16.551954 0.123928 0.123928 0.123928
79600 16.551954 16.551954 16.551954 0.123928 0.123928 0.123928
79700 16.551954 16.551954 16.551954 0.123928 0.123928 0.123928
79800 16.551954 16.551954 16.551954 0.123928 0.123928 0.123928
79900 16.551954 16.551954 16.551954 0.123928 0.123928 0.123928
80000 16.551954 16.551954 16.551954 0.123928 0.123928 0.123928
80100 16.551954 16.551954 16.551954 0.123928 0.123928 0.123928
80200 16.551954 16.551954 16.551954 0.123928 0.123928 0.123928
80300 16.551954 16.551954 16.551954 0.123928 0.123928 0.123928
80400 16.551954 16.551954 16.551954 0.123928 0.123928 0.123928
80500 16.551954 16.551954 16.551954 0.123928 0.123928 0.123928
80600 16.551954 16.551954 16.551954 0.123928 0.123928 0.123928
80700 16.551954 16.551954 16.551954 0.123928 0.123928 0.123928
80800 16.551954 16.551954 16.551954 0.123928 0.123928 0.123928
80900 16.551954 16.551954 16.551954 0.123928 0.123928 0.123928
81000 16.551954 16.551954 16.551954 0.123928 0.123928 0.123928
81100 16.551954 16.551954 16.551954 0.123928 0.123928 0.123928
81200 16.551954 16.551954 16.551954 0.123928 0.123928 0.123928
81300 16.551954 16.551954 16.551954 0.123928 0.123928 0.123928
81400 16.551954 16.551954 16.551954 0.123928 0.123928 0.123928
81500 16.551954 16.551954 16.551954 0.123928 0.123928 0.123928
81600 16.551954 16.551954 16.551954 0.123928 0.123928 0.123928
81700 16.551954 16.551954 16.551954 0.123928 0.123928 0.123928
81800 16.551954 16.551954 16.551954 0.123928 0.123928 0.123928
81900 16.551954 16.551954 16.551954 0.123928 0.123928 0.123928
82000 16.551954 16.551954 16.551954 0.123928 0.123928 0.123928
82100 16.551954 16.551954 16.551954 0.123928 0.123928 0.123928
82200 16.551954 16.551954 16.551954 0.123928 0.123928 0.123928
82300 16.551954 16.551954 16.551954 0.123928 0.123928 0.123928
82400 16.551954 16.551954 16.551954 0.123928 0.123928 0.123928
82500 16.551954 16.551954 16.551954 0.123928 0.123928 0.123928
82600 16.551954 16.551954 16.551954 0.123928 0.123928 0.123928
82700 16.551954 16.551954 16.551954 0.123928 0.123928 0.123928
82800 16.551954 16.551954 16.551954 0.123928 0.123928 0.123928
82900 16.551954 16.551954 16.551954 0.123928 0.123928 0.123928
83000 16.551954 16.551954 16.551954 0.123928 0.123928 0.123928
83100 16.551954 16.551954 16.551954 0.123928 0.123928 0.123928
83200 16.551954 16.551954 16.551954 0.123928 0.123928 0.123928
83300 16.551954 16.551954 16.551954 0.123928 0.123928 0.123928
83400 16.551954 16.551954 16.551954 0.123928 0.123928 0.123928
83500 16.551954 16.551954 16.551954 0.123928 0.123928 0.123928
83600 16.551954 16.551954 16.551954 0.123928 0.123928 0.123928
83700 16.551954 16.551954 16.551954 0.123928 0.123928 0.123928
83800 16.551954 16.551954 16.551954 0.123928 0.123928 0.123928
83900 16.551954 16.551954 16.551954 0.123928 0.123928 0.123928
84000 16.551954 16.551954 16.551954 0.123928 0.123928 0.123928
84100 16.551954 16.551954 16.551954 0.123928 0.123928 0.123928
84200 16.551954 16.551954 16.551954 0.123928 0.123928 0.123928
84300 16.551954 16.551954 16.551954 0.123928 0.123928 0.123928
84400 16.551954 16.551954 16.551954 0.123928 0.123928 0.123928
84500 16.551954 16.551954 16.551954 0.123928 0.123928 0.123928
84600 16.551954 16.551954 16.551954 0.123928 0.123928 0.123928
84700 16.551954 16.551954 16.551954 0.123928 0.123928 0.123928
84800 16.551954 16.551954 16.551954 0.123928 0.123928 0.123928
84900 16.551954 16.551954 16.551954 0.123928 0.123928 0.123928
85000 16.551954 16.551954 16.551954 0.123928 0.123928 0.123928
85100 16.551954 16.551954 16.551954 0.123928 0.123928 0.123928
85200 16.551954 16.551954 16.551954 0.123928 0.123928 0.123928
85300 16.551954 16.551954 16.551954 0.123928 0.123928 0.123928
85400 16.551954 16.551954 16.551954 0.123928 0.123928 0.123928
85500 16.551954 16.551954 16.551954 0.123928 0.123928 0.123928
85600 16.551954 16.551954 16.551954 0.123928 0.123928 0.123928
85700 16.551954 16.551954 16.551954 0.123928 0.123928 0.123928
85800 16.551954 16.551954 16.551954 0.123928 0.123928 0.123928
85900 16.551954 16.551954 16.551954 0.123928 0.123928 0.123928
86000 16.551954 16.551954 16.551954 0.123928 0.123928 0.123928
86100 16.551954 16.551954 16.551954 0.123928 0.123928 0.123928
86200 16.551954 16.551954 16.551954 0.123928 0.123928 0.123928
86300 16.551954 16.551954 16.551954 0.123928 0.123928 0.123928
86400 16.551954 16.551954 16.551954 0.123928 0.123928 0.123928
86500 16.551954 16.551954 16.551954 0.123928 0.123928 0.123928
86600 16.551954 16.551954 16.551954 0.123928 0.123928 0.123928
86700 16.551954 16.551954 16.551954 0.123928 0.123928 0.123928
86800 16.551954 16.551954 16.551954 0.123928 0.123928 0.123928
86900 16.551954 16.551954 16.551954 0.123928 0.123928 0.123928
87000 16.551954 16.551954 16.551954 0.123928 0.123928 0.123928
87100 16.551954 16.551954 16.551954 0.123928 0.123928 0.123928
87200 16.551954 16.551954 16.551954 0.123928 0.123928 0.123928
87300 16.551954 16.551954 16.551954 0.123928 0.123928 0.123928
87400 16.551954 16.551954 16.551954 0.123928 0.123928 0.123928
87500 16.551954 16.551954 16.551954 0.123928 0.123928 0.123928
87600 16.551954 16.551954 16.551954 0.123928 0.123928 0.123928
87700 16.551954 16.551954 16.551954 0.123928 0.123928 0.123928
87800 16.551954 16.551954 16.551954 0.123928 0.123928 0.123928
87900 16.551954 16.551954 16.551954 0.123928 0.123928 0.123928
88000 16.551954 16.551954 16.551954 0.123928 0.123928 0.123928
88100 16.551954 16.551954 16.551954 0.123928 0.123928 0.123928
88200 16.551954 16.551954 16.551954 0.123928 0.123928 0.123928
88300 16.551954 16.551954 16.551954 0.123928 0.123928 0.123928
88400 16.551954 16.551954 16.551954 0.123928 0.123928 0.123928
88500 16.551954 16.551954 16.551954 0.123928 0.123928 0.123928
88600 16.551954 16.551954 16.551954 0.123928 0.123928 0.123928
88700 16.551954 16.551954 16.551954 0.123928 0.123928 0.123928
88800 16.551954 16.551954 16.551954 0.123928 0.123928 0.123928
88900 16.551954 16.551954 16.551954 0.123928 0.123928 0.123928
89000 16.551954 16.551954 16.551954 0.123928 0.123928 0.123928
89100 16.551954 16.551954 16.551954 0.123928 0.123928 0.123928
89200 16.551954 16.551954 16.551954 0.123928 0.123928 0.123928
89300 16.551954 16.551954 16.551954 0.123928 0.123928 0.123928
89400 16.551954 16.551954 16.551954 0.123928 0.123928 0.123928
89500 16.551954 16.551954 16.551954 0.123928 0.123928 0.123928
89600 16.551954 16.551954 16.551954 0.123928 0.123928 0.123928
89700 16.551954 16.551954 16.551954 0.123928 0.123928 0.123928
89800 16.551954 16.551954 16.551954 0.123928 0.123928 0.123928
89900 16.551954 16.551954 16.551954 0.123928 0.123928 0.123928
90000 16.551954 16.551954 16.551954 0.123928 0.123928 0.123928
90100 16.551954 16.551954 16.551954 0.123928 0.123928 0.123928
90200 16.551954 16.551954 16.551954 0.123928 0.123928 0.123928
90300 16.551954 16.551954 16.551954 0.123928 0.123928 0.123928
90400 16.551954 16.551954 16.551954 0.123928 0.123928 0.123928
90500 16.551954 16.551954 16.551954 0.123928 0.123928 0.123928
90600 16.551954 16.551954 16.551954 0.123928 0.123928 0.123928
90700 16.551954 16.551954 16.551954 0.123928 0.123928 0.123928
90800 16.551954 16.551954 16.551954 0.123928 0.123928 0.123928
90900 16.551954 16.551954 16.551954 0.123928 0.123928 0.123928
91000 16.551954 16.551954 16.551954 0.123928 0.123928 0.123928
91100 16.551954 16.551954 16.551954 0.123928 0.123928 0.123928
91200 16.551954 16.551954 16.551954 0.123928 0.123928 0.123928
91300 16.551954 16.551954 16.551954 0.123928 0.123928 0.123928
91400 16.551954 16.551954 16.551954 0.123928 0.123928 0.123928
91500 16.551954 16.551954 16.551954 0.123928 0.123928 0.123928
91600 16.551954 16.551954 16.551954 0.123928 0.123928 0.123928
91700 16.551954 16.551954 16.551954 0.123928 0.123928 0.123928
91800 16.551954 16.551954 16.551954 0.123928 0.123928 0.123928
91900 16.551954 16.551954 16.551954 0.123928 0.123928 0.123928
92000 16.551954 16.551954 16.551954 0.123928 0.123928 0.123928
92100 16.551954 16.551954 16.551954 0.123928 0.123928 0.123928
92200 16.551954 16.551954 16.551954 0.123928 0.123928 0.123928
92300 16.551954 16.551954 16.551954 0.123928 0.123928 0.123928
92400 16.551954 16.551954 16.551954 0.123928 0.123928 0.123928
92500 16.551954 16.551954 16.551954 0.123928 0.123928 0.123928
92600 16.551954 16.551954 16.551954 0.123928 0.123928 0.123928
92700 16.551954 16.551954 16.551954 0.123928 0.123928 0.123928
92800 16.551954 16.551954 16.551954 0.123928 0.123928 0.123928
92900 16.551954 16.551954 16.551954 0.123928 0.123928 0.123928
93000 16.551954 16.551954 16.551954 0.123928 0.123928 0.123928
93100 16.551954 16.551954 16.551954 0.123928 0.123928 0.123928
93200 16.551954 16.551954 16.551954 0.123928 0.123928 0.123928
93300 16.551954 16.551954 16.551954 0.123928 0.123928 0.123928
93400 16.551954 16.551954 16.551954 0.123928 0.123928 0.123928
93500 16.551954 16.551954 16.551954 0.123928 0.123928 0.123928
93600 16.551954 16.551954 16.551954 0.123928 0.123928 0.123928
93700 16.551954 16.551954 16.551954 0.123928 0.123928 0.123928
93800 16.551954 16.551954 16.551954 0.123928 0.123928 0.123928
93900 16.551954 16.551954 16.551954 0.123928 0.123928 0.123928
94000 16.551954 16.551954 16.551954 0.123928 0.123928 0.123928
94100 16.551954 16.551954 16.551954 0.123928 0.123928 0.123928
94200 16.551954 16.551954 16.551954 0.123928 0.123928 0.123928
94300 16.551954 16.551954 16.551954 0.123928 0.123928 0.123928
94400 16.551954 16.551954 16.551954 0.123928 0.123928 0.123928
94500 16.551954 16.551954 16.551954 0.123928 0.123928 0.123928
94600 16.551954 16.551954 16.551954 0.123928 0.123928 0.123928
94700 16.551954 16.551954 16.551954 0.123928 0.123928 0.123928
94800 16.551954 16.551954 16.551954 0.123928 0.123928 0.123928
94900 16.551954 16.551954 16.551954 0.123928 0.123928 0.123928
95000 16.551954 16.551954 16.551954 0.123928 0.123928 0.123928
95100 16.551954 16.551954 16.551954 0.123928 0.123928 0.123928
95200 16.551954 16.551954 16.551954 0.123928 0.123928 0.123928
95300 16.551954 16.551954 16.551954 0.123928 0.123928 0.123928
95400 16.551954 16.551954 16.551954 0.123928 0.123928 0.123928
95500 16.551954 16.551954 16.551954 0.123928 0.123928 0.123928
95600 16.551954 16.551954 16.551954 0.123928 0.123928 0.123928
95700 16.551954 16.551954 16.551954 0.123928 0.123928 0.123928
95800 16.551954 16.551954 16.551954 0.123928 0.123928 0.123928
95900 16.551954 16.551954 16.551954 0.123928 0.123928 0.123928
96000 16.551954 16.551954 16.551954 0.123928 0.123928 0.123928
96100 16.551954 16.551954 16.551954 0.123928 0.123928 0.123928
96200 16.551954 16.551954 16.551954 0.123928 0.123928 0.123928
96300 16.551954 16.551954 16.551954 0.123928 0.123928 0.123928
96400 16.551954 16.551954 16.551954 0.123928 0.123928 0.123928
96500 16.551954 16.551954 16.551954 0.123928 0.123928 0.123928
96600 16.551954 16.551954 16.551954 0.123928 0.123928 0.123928
96700 16.551954 16.551954 16.551954 0.123928 0.123928 0.123928
96800 16.551954 16.551954 16.551954 0.123928 0.123928 0.123928
96900 16.551954 16.551954 16.551954 0.123928 0.123928 0.123928
97000 16.551954 16.551954 16.551954 0.123928 0.123928 0.123928
97100 16.551954 16.551954 16.551954 0.123928 0.123928 0.123928
97200 16.551954 16.551954 16.551954 0.123928 0.123928 0.123928
97300 16.551954 16.551954 16.551954 0.123928 0.123928 0.123928
97400 16.551954 16.551954 16.551954 0.123928 0.123928 0.123928
97500 16.551954 16.551954 16.551954 0.123928 0.123928 0.123928
97600 16.551954 16.551954 16.551954 0.123928 0.123928 0.123928
97700 16.551954 16.551954 16.551954 0.123928 0.123928 0.123928
97800 16.551954 16.551954 16.551954 0.123928 0.123928 0.123928
97900 16.551954 16.551954 16.551954 0.123928 0.123928 0.123928
98000 16.551954 16.551954 16.551954 0.123928 0.123928 0.123928
98100 16.551954 16.551954 16.551954 0.123928 0.123928 0.123928
98200 16.551954 16.551954 16.551954 0.123928 0.123928 0.123928
98300 16.551954 16.551954 16.551954 0.123928 0.123928 0.123928
98400 16.551954 16.551954 16.551954 0.123928 0.123928 0.123928
98500 16.551954 16.551954 16.551954 0.123928 0.123928 0.123928
98600 16.551954 16.551954 16.551954 0.123928 0.123928 0.123928
98700 16.551954 16.551954 16.551954 0.123928 0.123928 0.123928
98800 16.551954 16.551954 16.551954 0.123928 0.123928 0.123928
98900 16.551954 16.551954 16.551954 0.123928 0.123928 0.123928
99000 16.551954 16.551954 16.551954 0.123928 0.123928 0.123928
99100 16.551954 16.551954 16.551954 0.123928 0.123928 0.123928
99200 16.551954 16.551954 16.551954 0.123928 0.123928 0.123928
99300 16.551954 16.551954 16.551954 0.123928 0.123928 0.123928
99400 16.551954 16.551954 16.551954 0.123928 0.123928 0.123928
99500 16.551954 16.551954 16.551954 0.123928 0.123928 0.123928
99600 16.551954 16.551954 16.551954 0.123928 0.123928 0.123928
99700 16.551954 16.551954 16.551954 0.123928 0.123928 0.123928
99800 16.551954 16.551954 16.551954 0.123928 0.123928 0.123928
99900 16.551954 16.551954 16.551954 0.123928 0.123928 0.123928
100000 17.025148 17.025148 17.025148 0.133488 0.133488 0.133488
