# generation power_min power_avg power_max util_min util_avg util_max
1 9.949215 12.673463 21.056393 0.775527 1.124410 1.499929
100 7.928423 10.423130 12.428076 0.695507 0.909487 1.116114
200 6.733697 7.922081 9.164050 0.421301 0.841238 1.029747
300 5.742622 6.563688 7.057158 0.598153 0.826960 1.023506
400 5.054764 5.670796 6.137804 0.653651 0.779025 0.986778
500 4.519890 4.983136 5.271495 0.653651 0.709942 0.830796
600 4.179551 4.555497 4.796986 0.658572 0.711601 0.827926
700 4.002881 4.209334 4.386991 0.673365 0.710083 0.750047
800 4.002881 4.034296 4.092622 0.700799 0.713091 0.721655
900 4.002881 4.009705 4.013066 0.716753 0.718371 0.721655
1000 4.002881 4.002881 4.002881 0.721655 0.721655 0.721655
1100 4.002881 4.002881 4.002881 0.721655 0.721655 0.721655
1200 4.002881 4.002881 4.002881 0.721655 0.721655 0.721655
1300 4.002881 4.002881 4.002881 0.721655 0.721655 0.721655
1400 4.002881 4.002881 4.002881 0.721655 0.721655 0.721655
1500 4.002881 4.002881 4.002881 0.721655 0.721655 0.721655
1600 4.002881 4.002881 4.002881 0.721655 0.721655 0.721655
1700 4.002881 4.002881 4.002881 0.721655 0.721655 0.721655
1800 4.002881 4.002881 4.002881 0.721655 0.721655 0.721655
1900 4.002881 4.002881 4.002881 0.721655 0.721655 0.721655
2000 4.002881 4.002881 4.002881 0.721655 0.721655 0.721655
2100 4.002881 4.002881 4.002881 0.721655 0.721655 0.721655
2200 4.002881 4.002881 4.002881 0.721655 0.721655 0.721655
2300 4.002881 4.002881 4.002881 0.721655 0.721655 0.721655
2400 4.002881 4.002881 4.002881 0.721655 0.721655 0.721655
2500 4.002881 4.002881 4.002881 0.721655 0.721655 0.721655
2600 4.002881 4.002881 4.002881 0.721655 0.721655 0.721655
2700 4.002881 4.002881 4.002881 0.721655 0.721655 0.721655
2800 4.002881 4.002881 4.002881 0.721655 0.721655 0.721655
2900 4.002881 4.002881 4.002881 0.721655 0.721655 0.721655
3000 4.002881 4.002881 4.002881 0.721655 0.721655 0.721655
3100 4.002881 4.002881 4.002881 0.721655 0.721655 0.721655
3200 4.002881 4.002881 4.002881 0.721655 0.721655 0.721655
3300 4.002881 4.002881 4.002881 0.721655 0.721655 0.721655
3400 4.002881 4.002881 4.002881 0.721655 0.721655 0.721655
3500 4.002881 4.002881 4.002881 0.721655 0.721655 0.721655
3600 4.002881 4.002881 4.002881 0.721655 0.721655 0.721655
3700 4.002881 4.002881 4.002881 0.721655 0.721655 0.721655
3800 4.002881 4.002881 4.002881 0.721655 0.721655 0.721655
3900 4.002881 4.002881 4.002881 0.721655 0.721655 0.721655
4000 4.002881 4.002881 4.002881 0.721655 0.721655 0.721655
4100 4.002881 4.002881 4.002881 0.721655 0.721655 0.721655
4200 4.002881 4.002881 4.002881 0.721655 0.721655 0.721655
4300 4.002881 4.002881 4.002881 0.721655 0.721655 0.721655
4400 4.002881 4.002881 4.002881 0.721655 0.721655 0.721655
4500 4.002881 4.002881 4.002881 0.721655 0.721655 0.721655
4600 4.002881 4.002881 4.002881 0.721655 0.721655 0.721655
4700 4.002881 4.002881 4.002881 0.721655 0.721655 0.721655
4800 4.002881 4.002881 4.002881 0.721655 0.721655 0.721655
4900 4.002881 4.002881 4.002881 0.721655 0.721655 0.721655
5000 4.002881 4.002881 4.002881 0.721655 0.721655 0.721655
5100 4.002881 4.002881 4.002881 0.721655 0.721655 0.721655
5200 4.002881 4.002881 4.002881 0.721655 0.721655 0.721655
5300 4.002881 4.002881 4.002881 0.721655 0.721655 0.721655
5400 4.002881 4.002881 4.002881 0.721655 0.721655 0.721655
5500 4.002881 4.002881 4.002881 0.721655 0.721655 0.721655
5600 4.002881 4.002881 4.002881 0.721655 0.721655 0.721655
5700 4.002881 4.002881 4.002881 0.721655 0.721655 0.721655
5800 4.002881 4.002881 4.002881 0.721655 0.721655 0.721655
5900 4.002881 4.002881 4.002881 0.721655 0.721655 0.721655
6000 4.002881 4.002881 4.002881 0.721655 0.721655 0.721655
6100 4.002881 4.002881 4.002881 0.721655 0.721655 0.721655
6200 4.002881 4.002881 4.002881 0.721655 0.721655 0.721655
6300 4.002881 4.002881 4.002881 0.721655 0.721655 0.721655
6400 4.002881 4.002881 4.002881 0.721655 0.721655 0.721655
6500 4.002881 4.002881 4.002881 0.721655 0.721655 0.721655
6600 4.002881 4.002881 4.002881 0.721655 0.721655 0.721655
6700 4.002881 4.002881 4.002881 0.721655 0.721655 0.721655
6800 4.002881 4.002881 4.002881 0.721655 0.721655 0.721655
6900 4.002881 4.002881 4.002881 0.721655 0.721655 0.721655
7000 4.002881 4.002881 4.002881 0.721655 0.721655 0.721655
7100 4.002881 4.002881 4.002881 0.721655 0.721655 0.721655
7200 4.002881 4.002881 4.002881 0.721655 0.721655 0.721655
7300 4.002881 4.002881 4.002881 0.721655 0.721655 0.721655
7400 4.002881 4.002881 4.002881 0.721655 0.721655 0.721655
7500 4.002881 4.002881 4.002881 0.721655 0.721655 0.721655
7600 4.002881 4.002881 4.002881 0.721655 0.721655 0.721655
7700 4.002881 4.002881 4.002881 0.721655 0.721655 0.721655
7800 4.002881 4.002881 4.002881 0.721655 0.721655 0.721655
7900 4.002881 4.002881 4.002881 0.721655 0.721655 0.721655
8000 4.002881 4.002881 4.002881 0.721655 0.721655 0.721655
8100 4.002881 4.002881 4.002881 0.721655 0.721655 0.721655
8200 4.002881 4.002881 4.002881 0.721655 0.721655 0.721655
8300 4.002881 4.002881 4.002881 0.721655 0.721655 0.721655
8400 4.002881 4.002881 4.002881 0.721655 0.721655 0.721655
8500 4.002881 4.002881 4.002881 0.721655 0.721655 0.721655
8600 4.002881 4.002881 4.002881 0.721655 0.721655 0.721655
8700 4.002881 4.002881 4.002881 0.721655 0.721655 0.721655
8800 4.002881 4.002881 4.002881 0.721655 0.721655 0.721655
8900 4.002881 4.002881 4.002881 0.721655 0.721655 0.721655
9000 4.002881 4.002881 4.002881 0.721655 0.721655 0.721655
9100 4.002881 4.002881 4.002881 0.721655 0.721655 0.721655
9200 4.002881 4.002881 4.002881 0.721655 0.721655 0.721655
9300 4.002881 4.002881 4.002881 0.721655 0.721655 0.721655
9400 4.002881 4.002881 4.002881 0.721655 0.721655 0.721655
9500 4.002881 4.002881 4.002881 0.721655 0.721655 0.721655
9600 4.002881 4.002881 4.002881 0.721655 0.721655 0.721655
9700 4.002881 4.002881 4.002881 0.721655 0.721655 0.721655
9800 4.002881 4.002881 4.002881 0.721655 0.721655 0.721655
9900 4.002881 4.002881 4.002881 0.721655 0.721655 0.721655
10000 4.002881 4.002881 4.002881 0.721655 0.721655 0.721655
10100 4.002881 4.002881 4.002881 0.721655 0.721655 0.721655
10200 4.002881 4.002881 4.002881 0.721655 0.721655 0.721655
10300 4.002881 4.002881 4.002881 0.721655 0.721655 0.721655
10400 4.002881 4.002881 4.002881 0.721655 0.721655 0.721655
10500 4.002881 4.002881 4.002881 0.721655 0.721655 0.721655
10600 4.002881 4.002881 4.002881 0.721655 0.721655 0.721655
10700 4.002881 4.002881 4.002881 0.721655 0.721655 0.721655
10800 4.002881 4.002881 4.002881 0.721655 0.721655 0.721655
10900 4.002881 4.002881 4.002881 0.721655 0.721655 0.721655
11000 4.002881 4.002881 4.002881 0.721655 0.721655 0.721655
11100 4.002881 4.002881 4.002881 0.721655 0.721655 0.721655
11200 4.002881 4.002881 4.002881 0.721655 0.721655 0.721655
11300 4.002881 4.002881 4.002881 0.721655 0.721655 0.721655
11400 4.002881 4.002881 4.002881 0.721655 0.721655 0.721655
11500 4.002881 4.002881 4.002881 0.721655 0.721655 0.721655
11600 4.002881 4.002881 4.002881 0.721655 0.721655 0.721655
11700 4.002881 4.002881 4.002881 0.721655 0.721655 0.721655
11800 4.002881 4.002881 4.002881 0.721655 0.721655 0.721655
11900 4.002881 4.002881 4.002881 0.721655 0.721655 0.721655
12000 4.002881 4.002881 4.002881 0.721655 0.721655 0.721655
12100 4.002881 4.002881 4.002881 0.721655 0.721655 0.721655
12200 4.002881 4.002881 4.002881 0.721655 0.721655 0.721655
12300 4.002881 4.002881 4.002881 0.721655 0.721655 0.721655
12400 4.002881 4.002881 4.002881 0.721655 0.721655 0.721655
12500 4.002881 4.002881 4.002881 0.721655 0.721655 0.721655
12600 4.002881 4.002881 4.002881 0.721655 0.721655 0.721655
12700 4.002881 4.002881 4.002881 0.721655 0.721655 0.721655
12800 4.002881 4.002881 4.002881 0.721655 0.721655 0.721655
12900 4.002881 4.002881 4.002881 0.721655 0.721655 0.721655
13000 4.002881 4.002881 4.002881 0.721655 0.721655 0.721655
13100 4.002881 4.002881 4.002881 0.721655 0.721655 0.721655
13200 4.002881 4.002881 4.002881 0.721655 0.721655 0.721655
13300 4.002881 4.002881 4.002881 0.721655 0.721655 0.721655
13400 4.002881 4.002881 4.002881 0.721655 0.721655 0.721655
13500 4.002881 4.002881 4.002881 0.721655 0.721655 0.721655
13600 4.002881 4.002881 4.002881 0.721655 0.721655 0.721655
13700 4.002881 4.002881 4.002881 0.721655 0.721655 0.721655
13800 4.002881 4.002881 4.002881 0.721655 0.721655 0.721655
13900 4.002881 4.002881 4.002881 0.721655 0.721655 0.721655
14000 4.002881 4.002881 4.002881 0.721655 0.721655 0.721655
14100 4.002881 4.002881 4.002881 0.721655 0.721655 0.721655
14200 4.002881 4.002881 4.002881 0.721655 0.721655 0.721655
14300 4.002881 4.002881 4.002881 0.721655 0.721655 0.721655
14400 4.002881 4.002881 4.002881 0.721655 0.721655 0.721655
14500 4.002881 4.002881 4.002881 0.721655 0.721655 0.721655
14600 4.002881 4.002881 4.002881 0.721655 0.721655 0.721655
14700 4.002881 4.002881 4.002881 0.721655 0.721655 0.721655
14800 4.002881 4.002881 4.002881 0.721655 0.721655 0.721655
14900 4.002881 4.002881 4.002881 0.721655 0.721655 0.721655
15000 4.002881 4.002881 4.002881 0.721655 0.721655 0.721655
15100 4.002881 4.002881 4.002881 0.721655 0.721655 0.721655
15200 4.002881 4.002881 4.002881 0.721655 0.721655 0.721655
15300 4.002881 4.002881 4.002881 0.721655 0.721655 0.721655
15400 4.002881 4.002881 4.002881 0.721655 0.721655 0.721655
15500 4.002881 4.002881 4.002881 0.721655 0.721655 0.721655
15600 4.002881 4.002881 4.002881 0.721655 0.721655 0.721655
15700 4.002881 4.002881 4.002881 0.721655 0.721655 0.721655
15800 4.002881 4.002881 4.002881 0.721655 0.721655 0.721655
15900 4.002881 4.002881 4.002881 0.721655 0.721655 0.721655
16000 4.002881 4.002881 4.002881 0.721655 0.721655 0.721655
16100 4.002881 4.002881 4.002881 0.721655 0.721655 0.721655
16200 4.002881 4.002881 4.002881 0.721655 0.721655 0.721655
16300 4.002881 4.002881 4.002881 0.721655 0.721655 0.721655
16400 4.002881 4.002881 4.002881 0.721655 0.721655 0.721655
16500 4.002881 4.002881 4.002881 0.721655 0.721655 0.721655
16600 4.002881 4.002881 4.002881 0.721655 0.721655 0.721655
16700 4.002881 4.002881 4.002881 0.721655 0.721655 0.721655
16800 4.002881 4.002881 4.002881 0.721655 0.721655 0.721655
16900 4.002881 4.002881 4.002881 0.721655 0.721655 0.721655
17000 4.002881 4.002881 4.002881 0.721655 0.721655 0.721655
17100 4.002881 4.002881 4.002881 0.721655 0.721655 0.721655
17200 4.002881 4.002881 4.002881 0.721655 0.721655 0.721655
17300 4.002881 4.002881 4.002881 0.721655 0.721655 0.721655
17400 4.002881 4.002881 4.002881 0.721655 0.721655 0.721655
17500 4.002881 4.002881 4.002881 0.721655 0.721655 0.721655
17600 4.002881 4.002881 4.002881 0.721655 0.721655 0.721655
17700 4.002881 4.002881 4.002881 0.721655 0.721655 0.721655
17800 4.002881 4.002881 4.002881 0.721655 0.721655 0.721655
17900 4.002881 4.002881 4.002881 0.721655 0.721655 0.721655
18000 4.002881 4.002881 4.002881 0.721655 0.721655 0.721655
18100 4.002881 4.002881 4.002881 0.721655 0.721655 0.721655
18200 4.002881 4.002881 4.002881 0.721655 0.721655 0.721655
18300 4.002881 4.002881 4.002881 0.721655 0.721655 0.721655
18400 4.002881 4.002881 4.002881 0.721655 0.721655 0.721655
18500 4.002881 4.002881 4.002881 0.721655 0.721655 0.721655
18600 4.002881 4.002881 4.002881 0.721655 0.721655 0.721655
18700 4.002881 4.002881 4.002881 0.721655 0.721655 0.721655
18800 4.002881 4.002881 4.002881 0.721655 0.721655 0.721655
18900 4.002881 4.002881 4.002881 0.721655 0.721655 0.721655
19000 4.002881 4.002881 4.002881 0.721655 0.721655 0.721655
19100 4.002881 4.002881 4.002881 0.721655 0.721655 0.721655
19200 4.002881 4.002881 4.002881 0.721655 0.721655 0.721655
19300 4.002881 4.002881 4.002881 0.721655 0.721655 0.721655
19400 4.002881 4.002881 4.002881 0.721655 0.721655 0.721655
19500 4.002881 4.002881 4.002881 0.721655 0.721655 0.721655
19600 4.002881 4.002881 4.002881 0.721655 0.721655 0.721655
19700 4.002881 4.002881 4.002881 0.721655 0.721655 0.721655
19800 4.002881 4.002881 4.002881 0.721655 0.721655 0.721655
19900 4.002881 4.002881 4.002881 0.721655 0.721655 0.721655
20000 4.002881 4.002881 4.002881 0.721655 0.721655 0.721655
20100 4.002881 4.002881 4.002881 0.721655 0.721655 0.721655
20200 4.002881 4.002881 4.002881 0.721655 0.721655 0.721655
20300 4.002881 4.002881 4.002881 0.721655 0.721655 0.721655
20400 4.002881 4.002881 4.002881 0.721655 0.721655 0.721655
20500 4.002881 4.002881 4.002881 0.721655 0.721655 0.721655
20600 4.002881 4.002881 4.002881 0.721655 0.721655 0.721655
20700 4.002881 4.002881 4.002881 0.721655 0.721655 0.721655
20800 4.002881 4.002881 4.002881 0.721655 0.721655 0.721655
20900 4.002881 4.002881 4.002881 0.721655 0.721655 0.721655
21000 4.002881 4.002881 4.002881 0.721655 0.721655 0.721655
21100 4.002881 4.002881 4.002881 0.721655 0.721655 0.721655
21200 4.002881 4.002881 4.002881 0.721655 0.721655 0.721655
21300 4.002881 4.002881 4.002881 0.721655 0.721655 0.721655
21400 4.002881 4.002881 4.002881 0.721655 0.721655 0.721655
21500 4.002881 4.002881 4.002881 0.721655 0.721655 0.721655
21600 4.002881 4.002881 4.002881 0.721655 0.721655 0.721655
21700 4.002881 4.002881 4.002881 0.721655 0.721655 0.721655
21800 4.002881 4.002881 4.002881 0.721655 0.721655 0.721655
21900 4.002881 4.002881 4.002881 0.721655 0.721655 0.721655
22000 4.002881 4.002881 4.002881 0.721655 0.721655 0.721655
22100 4.002881 4.002881 4.002881 0.721655 0.721655 0.721655
22200 4.002881 4.002881 4.002881 0.721655 0.721655 0.721655
22300 4.002881 4.002881 4.002881 0.721655 0.721655 0.721655
22400 4.002881 4.002881 4.002881 0.721655 0.721655 0.721655
22500 4.002881 4.002881 4.002881 0.721655 0.721655 0.721655
22600 4.002881 4.002881 4.002881 0.721655 0.721655 0.721655
22700 4.002881 4.002881 4.002881 0.721655 0.721655 0.721655
22800 4.002881 4.002881 4.002881 0.721655 0.721655 0.721655
22900 4.002881 4.002881 4.002881 0.721655 0.721655 0.721655
23000 4.002881 4.002881 4.002881 0.721655 0.721655 0.721655
23100 4.002881 4.002881 4.002881 0.721655 0.721655 0.721655
23200 4.002881 4.002881 4.002881 0.721655 0.721655 0.721655
23300 4.002881 4.002881 4.002881 0.721655 0.721655 0.721655
23400 4.002881 4.002881 4.002881 0.721655 0.721655 0.721655
23500 4.002881 4.002881 4.002881 0.721655 0.721655 0.721655
23600 4.002881 4.002881 4.002881 0.721655 0.721655 0.721655
23700 4.002881 4.002881 4.002881 0.721655 0.721655 0.721655
23800 4.002881 4.002881 4.002881 0.721655 0.721655 0.721655
23900 4.002881 4.002881 4.002881 0.721655 0.721655 0.721655
24000 4.002881 4.002881 4.002881 0.721655 0.721655 0.721655
24100 4.002881 4.002881 4.002881 0.721655 0.721655 0.721655
24200 4.002881 4.002881 4.002881 0.721655 0.721655 0.721655
24300 4.002881 4.002881 4.002881 0.721655 0.721655 0.721655
24400 4.002881 4.002881 4.002881 0.721655 0.721655 0.721655
24500 4.002881 4.002881 4.002881 0.721655 0.721655 0.721655
24600 4.002881 4.002881 4.002881 0.721655 0.721655 0.721655
24700 4.002881 4.002881 4.002881 0.721655 0.721655 0.721655
24800 4.002881 4.002881 4.002881 0.721655 0.721655 0.721655
24900 4.002881 4.002881 4.002881 0.721655 0.721655 0.721655
25000 4.002881 4.002881 4.002881 0.721655 0.721655 0.721655
25100 4.002881 4.002881 4.002881 0.721655 0.721655 0.721655
25200 4.002881 4.002881 4.002881 0.721655 0.721655 0.721655
25300 4.002881 4.002881 4.002881 0.721655 0.721655 0.721655
25400 4.002881 4.002881 4.002881 0.721655 0.721655 0.721655
25500 4.002881 4.002881 4.002881 0.721655 0.721655 0.721655
25600 4.002881 4.002881 4.002881 0.721655 0.721655 0.721655
25700 4.002881 4.002881 4.002881 0.721655 0.721655 0.721655
25800 4.002881 4.002881 4.002881 0.721655 0.721655 0.721655
25900 4.002881 4.002881 4.002881 0.721655 0.721655 0.721655
26000 4.002881 4.002881 4.002881 0.721655 0.721655 0.721655
26100 4.002881 4.002881 4.002881 0.721655 0.721655 0.721655
26200 4.002881 4.002881 4.002881 0.721655 0.721655 0.721655
26300 4.002881 4.002881 4.002881 0.721655 0.721655 0.721655
26400 4.002881 4.002881 4.002881 0.721655 0.721655 0.721655
26500 4.002881 4.002881 4.002881 0.721655 0.721655 0.721655
26600 4.002881 4.002881 4.002881 0.721655 0.721655 0.721655
26700 4.002881 4.002881 4.002881 0.721655 0.721655 0.721655
26800 4.002881 4.002881 4.002881 0.721655 0.721655 0.721655
26900 4.002881 4.002881 4.002881 0.721655 0.721655 0.721655
27000 4.002881 4.002881 4.002881 0.721655 0.721655 0.721655
27100 4.002881 4.002881 4.002881 0.721655 0.721655 0.721655
27200 4.002881 4.002881 4.002881 0.721655 0.721655 0.721655
27300 4.002881 4.002881 4.002881 0.721655 0.721655 0.721655
27400 4.002881 4.002881 4.002881 0.721655 0.721655 0.721655
27500 4.002881 4.002881 4.002881 0.721655 0.721655 0.721655
27600 4.002881 4.002881 4.002881 0.721655 0.721655 0.721655
27700 4.002881 4.002881 4.002881 0.721655 0.721655 0.721655
27800 4.002881 4.002881 4.002881 0.721655 0.721655 0.721655
27900 4.002881 4.002881 4.002881 0.721655 0.721655 0.721655
28000 4.002881 4.002881 4.002881 0.721655 0.721655 0.721655
28100 4.002881 4.002881 4.002881 0.721655 0.721655 0.721655
28200 4.002881 4.002881 4.002881 0.721655 0.721655 0.721655
28300 4.002881 4.002881 4.002881 0.721655 0.721655 0.721655
28400 4.002881 4.002881 4.002881 0.721655 0.721655 0.721655
28500 4.002881 4.002881 4.002881 0.721655 0.721655 0.721655
28600 4.002881 4.002881 4.002881 0.721655 0.721655 0.721655
28700 4.002881 4.002881 4.002881 0.721655 0.721655 0.721655
28800 4.002881 4.002881 4.002881 0.721655 0.721655 0.721655
28900 4.002881 4.002881 4.002881 0.721655 0.721655 0.721655
29000 4.002881 4.002881 4.002881 0.721655 0.721655 0.721655
29100 4.002881 4.002881 4.002881 0.721655 0.721655 0.721655
29200 4.002881 4.002881 4.002881 0.721655 0.721655 0.721655
29300 4.002881 4.002881 4.002881 0.721655 0.721655 0.721655
29400 4.002881 4.002881 4.002881 0.721655 0.721655 0.721655
29500 4.002881 4.002881 4.002881 0.721655 0.721655 0.721655
29600 4.002881 4.002881 4.002881 0.721655 0.721655 0.721655
29700 4.002881 4.002881 4.002881 0.721655 0.721655 0.721655
29800 4.002881 4.002881 4.002881 0.721655 0.721655 0.721655
29900 4.002881 4.002881 4.002881 0.721655 0.721655 0.721655
30000 4.002881 4.002881 4.002881 0.721655 0.721655 0.721655
30100 4.002881 4.002881 4.002881 0.721655 0.721655 0.721655
30200 4.002881 4.002881 4.002881 0.721655 0.721655 0.721655
30300 4.002881 4.002881 4.002881 0.721655 0.721655 0.721655
30400 4.002881 4.002881 4.002881 0.721655 0.721655 0.721655
30500 4.002881 4.002881 4.002881 0.721655 0.721655 0.721655
30600 4.002881 4.002881 4.002881 0.721655 0.721655 0.721655
30700 4.002881 4.002881 4.002881 0.721655 0.721655 0.721655
30800 4.002881 4.002881 4.002881 0.721655 0.721655 0.721655
30900 4.002881 4.002881 4.002881 0.721655 0.721655 0.721655
31000 4.002881 4.002881 4.002881 0.721655 0.721655 0.721655
31100 4.002881 4.002881 4.002881 0.721655 0.721655 0.721655
31200 4.002881 4.002881 4.002881 0.721655 0.721655 0.721655
31300 4.002881 4.002881 4.002881 0.721655 0.721655 0.721655
31400 4.002881 4.002881 4.002881 0.721655 0.721655 0.721655
31500 4.002881 4.002881 4.002881 0.721655 0.721655 0.721655
31600 4.002881 4.002881 4.002881 0.721655 0.721655 0.721655
31700 4.002881 4.002881 4.002881 0.721655 0.721655 0.721655
31800 4.002881 4.002881 4.002881 0.721655 0.721655 0.721655
31900 4.002881 4.002881 4.002881 0.721655 0.721655 0.721655
32000 4.002881 4.002881 4.002881 0.721655 0.721655 0.721655
32100 4.002881 4.002881 4.002881 0.721655 0.721655 0.721655
32200 4.002881 4.002881 4.002881 0.721655 0.721655 0.721655
32300 4.002881 4.002881 4.002881 0.721655 0.721655 0.721655
32400 4.002881 4.002881 4.002881 0.721655 0.721655 0.721655
32500 4.002881 4.002881 4.002881 0.721655 0.721655 0.721655
32600 4.002881 4.002881 4.002881 0.721655 0.721655 0.721655
32700 4.002881 4.002881 4.002881 0.721655 0.721655 0.721655
32800 4.002881 4.002881 4.002881 0.721655 0.721655 0.721655
32900 4.002881 4.002881 4.002881 0.721655 0.721655 0.721655
33000 4.002881 4.002881 4.002881 0.721655 0.721655 0.721655
33100 4.002881 4.002881 4.002881 0.721655 0.721655 0.721655
33200 4.002881 4.002881 4.002881 0.721655 0.721655 0.721655
33300 4.002881 4.002881 4.002881 0.721655 0.721655 0.721655
33400 4.002881 4.002881 4.002881 0.721655 0.721655 0.721655
33500 4.002881 4.002881 4.002881 0.721655 0.721655 0.721655
33600 4.002881 4.002881 4.002881 0.721655 0.721655 0.721655
33700 4.002881 4.002881 4.002881 0.721655 0.721655 0.721655
33800 4.002881 4.002881 4.002881 0.721655 0.721655 0.721655
33900 4.002881 4.002881 4.002881 0.721655 0.721655 0.721655
34000 4.002881 4.002881 4.002881 0.721655 0.721655 0.721655
34100 4.002881 4.002881 4.002881 0.721655 0.721655 0.721655
34200 4.002881 4.002881 4.002881 0.721655 0.721655 0.721655
34300 4.002881 4.002881 4.002881 0.721655 0.721655 0.721655
34400 4.002881 4.002881 4.002881 0.721655 0.721655 0.721655
34500 4.002881 4.002881 4.002881 0.721655 0.721655 0.721655
34600 4.002881 4.002881 4.002881 0.721655 0.721655 0.721655
34700 4.002881 4.002881 4.002881 0.721655 0.721655 0.721655
34800 4.002881 4.002881 4.002881 0.721655 0.721655 0.721655
34900 4.002881 4.002881 4.002881 0.721655 0.721655 0.721655
35000 4.002881 4.002881 4.002881 0.721655 0.721655 0.721655
35100 4.002881 4.002881 4.002881 0.721655 0.721655 0.721655
35200 4.002881 4.002881 4.002881 0.721655 0.721655 0.721655
35300 4.002881 4.002881 4.002881 0.721655 0.721655 0.721655
35400 4.002881 4.002881 4.002881 0.721655 0.721655 0.721655
35500 4.002881 4.002881 4.002881 0.721655 0.721655 0.721655
35600 4.002881 4.002881 4.002881 0.721655 0.721655 0.721655
35700 4.002881 4.002881 4.002881 0.721655 0.721655 0.721655
35800 4.002881 4.002881 4.002881 0.721655 0.721655 0.721655
35900 4.002881 4.002881 4.002881 0.721655 0.721655 0.721655
36000 4.002881 4.002881 4.002881 0.721655 0.721655 0.721655
36100 4.002881 4.002881 4.002881 0.721655 0.721655 0.721655
36200 4.002881 4.002881 4.002881 0.721655 0.721655 0.721655
36300 4.002881 4.002881 4.002881 0.721655 0.721655 0.721655
36400 4.002881 4.002881 4.002881 0.721655 0.721655 0.721655
36500 4.002881 4.002881 4.002881 0.721655 0.721655 0.721655
36600 4.002881 4.002881 4.002881 0.721655 0.721655 0.721655
36700 4.002881 4.002881 4.002881 0.721655 0.721655 0.721655
36800 4.002881 4.002881 4.002881 0.721655 0.721655 0.721655
36900 4.002881 4.002881 4.002881 0.721655 0.721655 0.721655
37000 4.002881 4.002881 4.002881 0.721655 0.721655 0.721655
37100 4.002881 4.002881 4.002881 0.721655 0.721655 0.721655
37200 4.002881 4.002881 4.002881 0.721655 0.721655 0.721655
37300 4.002881 4.002881 4.002881 0.721655 0.721655 0.721655
37400 4.002881 4.002881 4.002881 0.721655 0.721655 0.721655
37500 4.002881 4.002881 4.002881 0.721655 0.721655 0.721655
37600 4.002881 4.002881 4.002881 0.721655 0.721655 0.721655
37700 4.002881 4.002881 4.002881 0.721655 0.721655 0.721655
37800 4.002881 4.002881 4.002881 0.721655 0.721655 0.721655
37900 4.002881 4.002881 4.002881 0.721655 0.721655 0.721655
38000 4.002881 4.002881 4.002881 0.721655 0.721655 0.721655
38100 4.002881 4.002881 4.002881 0.721655 0.721655 0.721655
38200 4.002881 4.002881 4.002881 0.721655 0.721655 0.721655
38300 4.002881 4.002881 4.002881 0.721655 0.721655 0.721655
38400 4.002881 4.002881 4.002881 0.721655 0.721655 0.721655
38500 4.002881 4.002881 4.002881 0.721655 0.721655 0.721655
38600 4.002881 4.002881 4.002881 0.721655 0.721655 0.721655
38700 4.002881 4.002881 4.002881 0.721655 0.721655 0.721655
38800 4.002881 4.002881 4.002881 0.721655 0.721655 0.721655
38900 4.002881 4.002881 4.002881 0.721655 0.721655 0.721655
39000 4.002881 4.002881 4.002881 0.721655 0.721655 0.721655
39100 4.002881 4.002881 4.002881 0.721655 0.721655 0.721655
39200 4.002881 4.002881 4.002881 0.721655 0.721655 0.721655
39300 4.002881 4.002881 4.002881 0.721655 0.721655 0.721655
39400 4.002881 4.002881 4.002881 0.721655 0.721655 0.721655
39500 4.002881 4.002881 4.002881 0.721655 0.721655 0.721655
39600 4.002881 4.002881 4.002881 0.721655 0.721655 0.721655
39700 4.002881 4.002881 4.002881 0.721655 0.721655 0.721655
39800 4.002881 4.002881 4.002881 0.721655 0.721655 0.721655
39900 4.002881 4.002881 4.002881 0.721655 0.721655 0.721655
40000 4.002881 4.002881 4.002881 0.721655 0.721655 0.721655
40100 4.002881 4.002881 4.002881 0.721655 0.721655 0.721655
40200 4.002881 4.002881 4.002881 0.721655 0.721655 0.721655
40300 4.002881 4.002881 4.002881 0.721655 0.721655 0.721655
40400 4.002881 4.002881 4.002881 0.721655 0.721655 0.721655
40500 4.002881 4.002881 4.002881 0.721655 0.721655 0.721655
40600 4.002881 4.002881 4.002881 0.721655 0.721655 0.721655
40700 4.002881 4.002881 4.002881 0.721655 0.721655 0.721655
40800 4.002881 4.002881 4.002881 0.721655 0.721655 0.721655
40900 4.002881 4.002881 4.002881 0.721655 0.721655 0.721655
41000 4.002881 4.002881 4.002881 0.721655 0.721655 0.721655
41100 4.002881 4.002881 4.002881 0.721655 0.721655 0.721655
41200 4.002881 4.002881 4.002881 0.721655 0.721655 0.721655
41300 4.002881 4.002881 4.002881 0.721655 0.721655 0.721655
41400 4.002881 4.002881 4.002881 0.721655 0.721655 0.721655
41500 4.002881 4.002881 4.002881 0.721655 0.721655 0.721655
41600 4.002881 4.002881 4.002881 0.721655 0.721655 0.721655
41700 4.002881 4.002881 4.002881 0.721655 0.721655 0.721655
41800 4.002881 4.002881 4.002881 0.721655 0.721655 0.721655
41900 4.002881 4.002881 4.002881 0.721655 0.721655 0.721655
42000 4.002881 4.002881 4.002881 0.721655 0.721655 0.721655
42100 4.002881 4.002881 4.002881 0.721655 0.721655 0.721655
42200 4.002881 4.002881 4.002881 0.721655 0.721655 0.721655
42300 4.002881 4.002881 4.002881 0.721655 0.721655 0.721655
42400 4.002881 4.002881 4.002881 0.721655 0.721655 0.721655
42500 4.002881 4.002881 4.002881 0.721655 0.721655 0.721655
42600 4.002881 4.002881 4.002881 0.721655 0.721655 0.721655
42700 4.002881 4.002881 4.002881 0.721655 0.721655 0.721655
42800 4.002881 4.002881 4.002881 0.721655 0.721655 0.721655
42900 4.002881 4.002881 4.002881 0.721655 0.721655 0.721655
43000 4.002881 4.002881 4.002881 0.721655 0.721655 0.721655
43100 4.002881 4.002881 4.002881 0.721655 0.721655 0.721655
43200 4.002881 4.002881 4.002881 0.721655 0.721655 0.721655
43300 4.002881 4.002881 4.002881 0.721655 0.721655 0.721655
43400 4.002881 4.002881 4.002881 0.721655 0.721655 0.721655
43500 4.002881 4.002881 4.002881 0.721655 0.721655 0.721655
43600 4.002881 4.002881 4.002881 0.721655 0.721655 0.721655
43700 4.002881 4.002881 4.002881 0.721655 0.721655 0.721655
43800 4.002881 4.002881 4.002881 0.721655 0.721655 0.721655
43900 4.002881 4.002881 4.002881 0.721655 0.721655 0.721655
44000 4.002881 4.002881 4.002881 0.721655 0.721655 0.721655
44100 4.002881 4.002881 4.002881 0.721655 0.721655 0.721655
44200 4.002881 4.002881 4.002881 0.721655 0.721655 0.721655
44300 4.002881 4.002881 4.002881 0.721655 0.721655 0.721655
44400 4.002881 4.002881 4.002881 0.721655 0.721655 0.721655
44500 4.002881 4.002881 4.002881 0.721655 0.721655 0.721655
44600 4.002881 4.002881 4.002881 0.721655 0.721655 0.721655
44700 4.002881 4.002881 4.002881 0.721655 0.721655 0.721655
44800 4.002881 4.002881 4.002881 0.721655 0.721655 0.721655
44900 4.002881 4.002881 4.002881 0.721655 0.721655 0.721655
45000 4.002881 4.002881 4.002881 0.721655 0.721655 0.721655
45100 4.002881 4.002881 4.002881 0.721655 0.721655 0.721655
45200 4.002881 4.002881 4.002881 0.721655 0.721655 0.721655
45300 4.002881 4.002881 4.002881 0.721655 0.721655 0.721655
45400 4.002881 4.002881 4.002881 0.721655 0.721655 0.721655
45500 4.002881 4.002881 4.002881 0.721655 0.721655 0.721655
45600 4.002881 4.002881 4.002881 0.721655 0.721655 0.721655
45700 4.002881 4.002881 4.002881 0.721655 0.721655 0.721655
45800 4.002881 4.002881 4.002881 0.721655 0.721655 0.721655
45900 4.002881 4.002881 4.002881 0.721655 0.721655 0.721655
46000 4.002881 4.002881 4.002881 0.721655 0.721655 0.721655
46100 4.002881 4.002881 4.002881 0.721655 0.721655 0.721655
46200 4.002881 4.002881 4.002881 0.721655 0.721655 0.721655
46300 4.002881 4.002881 4.002881 0.721655 0.721655 0.721655
46400 4.002881 4.002881 4.002881 0.721655 0.721655 0.721655
46500 4.002881 4.002881 4.002881 0.721655 0.721655 0.721655
46600 4.002881 4.002881 4.002881 0.721655 0.721655 0.721655
46700 4.002881 4.002881 4.002881 0.721655 0.721655 0.721655
46800 4.002881 4.002881 4.002881 0.721655 0.721655 0.721655
46900 4.002881 4.002881 4.002881 0.721655 0.721655 0.721655
47000 4.002881 4.002881 4.002881 0.721655 0.721655 0.721655
47100 4.002881 4.002881 4.002881 0.721655 0.721655 0.721655
47200 4.002881 4.002881 4.002881 0.721655 0.721655 0.721655
47300 4.002881 4.002881 4.002881 0.721655 0.721655 0.721655
47400 4.002881 4.002881 4.002881 0.721655 0.721655 0.721655
47500 4.002881 4.002881 4.002881 0.721655 0.721655 0.721655
47600 4.002881 4.002881 4.002881 0.721655 0.721655 0.721655
47700 4.002881 4.002881 4.002881 0.721655 0.721655 0.721655
47800 4.002881 4.002881 4.002881 0.721655 0.721655 0.721655
47900 4.002881 4.002881 4.002881 0.721655 0.721655 0.721655
48000 4.002881 4.002881 4.002881 0.721655 0.721655 0.721655
48100 4.002881 4.002881 4.002881 0.721655 0.721655 0.721655
48200 4.002881 4.002881 4.002881 0.721655 0.721655 0.721655
48300 4.002881 4.002881 4.002881 0.721655 0.721655 0.721655
48400 4.002881 4.002881 4.002881 0.721655 0.721655 0.721655
48500 4.002881 4.002881 4.002881 0.721655 0.721655 0.721655
48600 4.002881 4.002881 4.002881 0.721655 0.721655 0.721655
48700 4.002881 4.002881 4.002881 0.721655 0.721655 0.721655
48800 4.002881 4.002881 4.002881 0.721655 0.721655 0.721655
48900 4.002881 4.002881 4.002881 0.721655 0.721655 0.721655
49000 4.002881 4.002881 4.002881 0.721655 0.721655 0.721655
49100 4.002881 4.002881 4.002881 0.721655 0.721655 0.721655
49200 4.002881 4.002881 4.002881 0.721655 0.721655 0.721655
49300 4.002881 4.002881 4.002881 0.721655 0.721655 0.721655
49400 4.002881 4.002881 4.002881 0.721655 0.721655 0.721655
49500 4.002881 4.002881 4.002881 0.721655 0.721655 0.721655
49600 4.002881 4.002881 4.002881 0.721655 0.721655 0.721655
49700 4.002881 4.002881 4.002881 0.721655 0.721655 0.721655
49800 4.002881 4.002881 4.002881 0.721655 0.721655 0.721655
49900 4.002881 4.002881 4.002881 0.721655 0.721655 0.721655
50000 4.002881 4.002881 4.002881 0.721655 0.721655 0.721655
50100 4.002881 4.002881 4.002881 0.721655 0.721655 0.721655
50200 4.002881 4.002881 4.002881 0.721655 0.721655 0.721655
50300 4.002881 4.002881 4.002881 0.721655 0.721655 0.721655
50400 4.002881 4.002881 4.002881 0.721655 0.721655 0.721655
50500 4.002881 4.002881 4.002881 0.721655 0.721655 0.721655
50600 4.002881 4.002881 4.002881 0.721655 0.721655 0.721655
50700 4.002881 4.002881 4.002881 0.721655 0.721655 0.721655
50800 4.002881 4.002881 4.002881 0.721655 0.721655 0.721655
50900 4.002881 4.002881 4.002881 0.721655 0.721655 0.721655
51000 4.002881 4.002881 4.002881 0.721655 0.721655 0.721655
51100 4.002881 4.002881 4.002881 0.721655 0.721655 0.721655
51200 4.002881 4.002881 4.002881 0.721655 0.721655 0.721655
51300 4.002881 4.002881 4.002881 0.721655 0.721655 0.721655
51400 4.002881 4.002881 4.002881 0.721655 0.721655 0.721655
51500 4.002881 4.002881 4.002881 0.721655 0.721655 0.721655
51600 4.002881 4.002881 4.002881 0.721655 0.721655 0.721655
51700 4.002881 4.002881 4.002881 0.721655 0.721655 0.721655
51800 4.002881 4.002881 4.002881 0.721655 0.721655 0.721655
51900 4.002881 4.002881 4.002881 0.721655 0.721655 0.721655
52000 4.002881 4.002881 4.002881 0.721655 0.721655 0.721655
52100 4.002881 4.002881 4.002881 0.721655 0.721655 0.721655
52200 4.002881 4.002881 4.002881 0.721655 0.721655 0.721655
52300 4.002881 4.002881 4.002881 0.721655 0.721655 0.721655
52400 4.002881 4.002881 4.002881 0.721655 0.721655 0.721655
52500 4.002881 4.002881 4.002881 0.721655 0.721655 0.721655
52600 4.002881 4.002881 4.002881 0.721655 0.721655 0.721655
52700 4.002881 4.002881 4.002881 0.721655 0.721655 0.721655
52800 4.002881 4.002881 4.002881 0.721655 0.721655 0.721655
52900 4.002881 4.002881 4.002881 0.721655 0.721655 0.721655
53000 4.002881 4.002881 4.002881 0.721655 0.721655 0.721655
53100 4.002881 4.002881 4.002881 0.721655 0.721655 0.721655
53200 4.002881 4.002881 4.002881 0.721655 0.721655 0.721655
53300 4.002881 4.002881 4.002881 0.721655 0.721655 0.721655
53400 4.002881 4.002881 4.002881 0.721655 0.721655 0.721655
53500 4.002881 4.002881 4.002881 0.721655 0.721655 0.721655
53600 4.002881 4.002881 4.002881 0.721655 0.721655 0.721655
53700 4.002881 4.002881 4.002881 0.721655 0.721655 0.721655
53800 4.002881 4.002881 4.002881 0.721655 0.721655 0.721655
53900 4.002881 4.002881 4.002881 0.721655 0.721655 0.721655
54000 4.002881 4.002881 4.002881 0.721655 0.721655 0.721655
54100 4.002881 4.002881 4.002881 0.721655 0.721655 0.721655
54200 4.002881 4.002881 4.002881 0.721655 0.721655 0.721655
54300 4.002881 4.002881 4.002881 0.721655 0.721655 0.721655
54400 4.002881 4.002881 4.002881 0.721655 0.721655 0.721655
54500 4.002881 4.002881 4.002881 0.721655 0.721655 0.721655
54600 4.002881 4.002881 4.002881 0.721655 0.721655 0.721655
54700 4.002881 4.002881 4.002881 0.721655 0.721655 0.721655
54800 4.002881 4.002881 4.002881 0.721655 0.721655 0.721655
54900 4.002881 4.002881 4.002881 0.721655 0.721655 0.721655
55000 4.002881 4.002881 4.002881 0.721655 0.721655 0.721655
55100 4.002881 4.002881 4.002881 0.721655 0.721655 0.721655
55200 4.002881 4.002881 4.002881 0.721655 0.721655 0.721655
55300 4.002881 4.002881 4.002881 0.721655 0.721655 0.721655
55400 4.002881 4.002881 4.002881 0.721655 0.721655 0.721655
55500 4.002881 4.002881 4.002881 0.721655 0.721655 0.721655
55600 4.002881 4.002881 4.002881 0.721655 0.721655 0.721655
55700 4.002881 4.002881 4.002881 0.721655 0.721655 0.721655
55800 4.002881 4.002881 4.002881 0.721655 0.721655 0.721655
55900 4.002881 4.002881 4.002881 0.721655 0.721655 0.721655
56000 4.002881 4.002881 4.002881 0.721655 0.721655 0.721655
56100 4.002881 4.002881 4.002881 0.721655 0.721655 0.721655
56200 4.002881 4.002881 4.002881 0.721655 0.721655 0.721655
56300 4.002881 4.002881 4.002881 0.721655 0.721655 0.721655
56400 4.002881 4.002881 4.002881 0.721655 0.721655 0.721655
56500 4.002881 4.002881 4.002881 0.721655 0.721655 0.721655
56600 4.002881 4.002881 4.002881 0.721655 0.721655 0.721655
56700 4.002881 4.002881 4.002881 0.721655 0.721655 0.721655
56800 4.002881 4.002881 4.002881 0.721655 0.721655 0.721655
56900 4.002881 4.002881 4.002881 0.721655 0.721655 0.721655
57000 4.002881 4.002881 4.002881 0.721655 0.721655 0.721655
57100 4.002881 4.002881 4.002881 0.721655 0.721655 0.721655
57200 4.002881 4.002881 4.002881 0.721655 0.721655 0.721655
57300 4.002881 4.002881 4.002881 0.721655 0.721655 0.721655
57400 4.002881 4.002881 4.002881 0.721655 0.721655 0.721655
57500 4.002881 4.002881 4.002881 0.721655 0.721655 0.721655
57600 4.002881 4.002881 4.002881 0.721655 0.721655 0.721655
57700 4.002881 4.002881 4.002881 0.721655 0.721655 0.721655
57800 4.002881 4.002881 4.002881 0.721655 0.721655 0.721655
57900 4.002881 4.002881 4.002881 0.721655 0.721655 0.721655
58000 4.002881 4.002881 4.002881 0.721655 0.721655 0.721655
58100 4.002881 4.002881 4.002881 0.721655 0.721655 0.721655
58200 4.002881 4.002881 4.002881 0.721655 0.721655 0.721655
58300 4.002881 4.002881 4.002881 0.721655 0.721655 0.721655
58400 4.002881 4.002881 4.002881 0.721655 0.721655 0.721655
58500 4.002881 4.002881 4.002881 0.721655 0.721655 0.721655
58600 4.002881 4.002881 4.002881 0.721655 0.721655 0.721655
58700 4.002881 4.002881 4.002881 0.721655 0.721655 0.721655
58800 4.002881 4.002881 4.002881 0.721655 0.721655 0.721655
58900 4.002881 4.002881 4.002881 0.721655 0.721655 0.721655
59000 4.002881 4.002881 4.002881 0.721655 0.721655 0.721655
59100 4.002881 4.002881 4.002881 0.721655 0.721655 0.721655
59200 4.002881 4.002881 4.002881 0.721655 0.721655 0.721655
59300 4.002881 4.002881 4.002881 0.721655 0.721655 0.721655
59400 4.002881 4.002881 4.002881 0.721655 0.721655 0.721655
59500 4.002881 4.002881 4.002881 0.721655 0.721655 0.721655
59600 4.002881 4.002881 4.002881 0.721655 0.721655 0.721655
59700 4.002881 4.002881 4.002881 0.721655 0.721655 0.721655
59800 4.002881 4.002881 4.002881 0.721655 0.721655 0.721655
59900 4.002881 4.002881 4.002881 0.721655 0.721655 0.721655
60000 4.002881 4.002881 4.002881 0.721655 0.721655 0.721655
60100 4.002881 4.002881 4.002881 0.721655 0.721655 0.721655
60200 4.002881 4.002881 4.002881 0.721655 0.721655 0.721655
60300 4.002881 4.002881 4.002881 0.721655 0.721655 0.721655
60400 4.002881 4.002881 4.002881 0.721655 0.721655 0.721655
60500 4.002881 4.002881 4.002881 0.721655 0.721655 0.721655
60600 4.002881 4.002881 4.002881 0.721655 0.721655 0.721655
60700 4.002881 4.002881 4.002881 0.721655 0.721655 0.721655
60800 4.002881 4.002881 4.002881 0.721655 0.721655 0.721655
60900 4.002881 4.002881 4.002881 0.721655 0.721655 0.721655
61000 4.002881 4.002881 4.002881 0.721655 0.721655 0.721655
61100 4.002881 4.002881 4.002881 0.721655 0.721655 0.721655
61200 4.002881 4.002881 4.002881 0.721655 0.721655 0.721655
61300 4.002881 4.002881 4.002881 0.721655 0.721655 0.721655
61400 4.002881 4.002881 4.002881 0.721655 0.721655 0.721655
61500 4.002881 4.002881 4.002881 0.721655 0.721655 0.721655
61600 4.002881 4.002881 4.002881 0.721655 0.721655 0.721655
61700 4.002881 4.002881 4.002881 0.721655 0.721655 0.721655
61800 4.002881 4.002881 4.002881 0.721655 0.721655 0.721655
61900 4.002881 4.002881 4.002881 0.721655 0.721655 0.721655
62000 4.002881 4.002881 4.002881 0.721655 0.721655 0.721655
62100 4.002881 4.002881 4.002881 0.721655 0.721655 0.721655
62200 4.002881 4.002881 4.002881 0.721655 0.721655 0.721655
62300 4.002881 4.002881 4.002881 0.721655 0.721655 0.721655
62400 4.002881 4.002881 4.002881 0.721655 0.721655 0.721655
62500 4.002881 4.002881 4.002881 0.721655 0.721655 0.721655
62600 4.002881 4.002881 4.002881 0.721655 0.721655 0.721655
62700 4.002881 4.002881 4.002881 0.721655 0.721655 0.721655
62800 4.002881 4.002881 4.002881 0.721655 0.721655 0.721655
62900 4.002881 4.002881 4.002881 0.721655 0.721655 0.721655
63000 4.002881 4.002881 4.002881 0.721655 0.721655 0.721655
63100 4.002881 4.002881 4.002881 0.721655 0.721655 0.721655
63200 4.002881 4.002881 4.002881 0.721655 0.721655 0.721655
63300 4.002881 4.002881 4.002881 0.721655 0.721655 0.721655
63400 4.002881 4.002881 4.002881 0.721655 0.721655 0.721655
63500 4.002881 4.002881 4.002881 0.721655 0.721655 0.721655
63600 4.002881 4.002881 4.002881 0.721655 0.721655 0.721655
63700 4.002881 4.002881 4.002881 0.721655 0.721655 0.721655
63800 4.002881 4.002881 4.002881 0.721655 0.721655 0.721655
63900 4.002881 4.002881 4.002881 0.721655 0.721655 0.721655
64000 4.002881 4.002881 4.002881 0.721655 0.721655 0.721655
64100 4.002881 4.002881 4.002881 0.721655 0.721655 0.721655
64200 4.002881 4.002881 4.002881 0.721655 0.721655 0.721655
64300 4.002881 4.002881 4.002881 0.721655 0.721655 0.721655
64400 4.002881 4.002881 4.002881 0.721655 0.721655 0.721655
64500 4.002881 4.002881 4.002881 0.721655 0.721655 0.721655
64600 4.002881 4.002881 4.002881 0.721655 0.721655 0.721655
64700 4.002881 4.002881 4.002881 0.721655 0.721655 0.721655
64800 4.002881 4.002881 4.002881 0.721655 0.721655 0.721655
64900 4.002881 4.002881 4.002881 0.721655 0.721655 0.721655
65000 4.002881 4.002881 4.002881 0.721655 0.721655 0.721655
65100 4.002881 4.002881 4.002881 0.721655 0.721655 0.721655
65200 4.002881 4.002881 4.002881 0.721655 0.721655 0.721655
65300 4.002881 4.002881 4.002881 0.721655 0.721655 0.721655
65400 4.002881 4.002881 4.002881 0.721655 0.721655 0.721655
65500 4.002881 4.002881 4.002881 0.721655 0.721655 0.721655
65600 4.002881 4.002881 4.002881 0.721655 0.721655 0.721655
65700 4.002881 4.002881 4.002881 0.721655 0.721655 0.721655
65800 4.002881 4.002881 4.002881 0.721655 0.721655 0.721655
65900 4.002881 4.002881 4.002881 0.721655 0.721655 0.721655
66000 4.002881 4.002881 4.002881 0.721655 0.721655 0.721655
66100 4.002881 4.002881 4.002881 0.721655 0.721655 0.721655
66200 4.002881 4.002881 4.002881 0.721655 0.721655 0.721655
66300 4.002881 4.002881 4.002881 0.721655 0.721655 0.721655
66400 4.002881 4.002881 4.002881 0.721655 0.721655 0.721655
66500 4.002881 4.002881 4.002881 0.721655 0.721655 0.721655
66600 4.002881 4.002881 4.002881 0.721655 0.721655 0.721655
66700 4.002881 4.002881 4.002881 0.721655 0.721655 0.721655
66800 4.002881 4.002881 4.002881 0.721655 0.721655 0.721655
66900 4.002881 4.002881 4.002881 0.721655 0.721655 0.721655
67000 4.002881 4.002881 4.002881 0.721655 0.721655 0.721655
67100 4.002881 4.002881 4.002881 0.721655 0.721655 0.721655
67200 4.002881 4.002881 4.002881 0.721655 0.721655 0.721655
67300 4.002881 4.002881 4.002881 0.721655 0.721655 0.721655
67400 4.002881 4.002881 4.002881 0.721655 0.721655 0.721655
67500 4.002881 4.002881 4.002881 0.721655 0.721655 0.721655
67600 4.002881 4.002881 4.002881 0.721655 0.721655 0.721655
67700 4.002881 4.002881 4.002881 0.721655 0.721655 0.721655
67800 4.002881 4.002881 4.002881 0.721655 0.721655 0.721655
67900 4.002881 4.002881 4.002881 0.721655 0.721655 0.721655
68000 4.002881 4.002881 4.002881 0.721655 0.721655 0.721655
68100 4.002881 4.002881 4.002881 0.721655 0.721655 0.721655
68200 4.002881 4.002881 4.002881 0.721655 0.721655 0.721655
68300 4.002881 4.002881 4.002881 0.721655 0.721655 0.721655
68400 4.002881 4.002881 4.002881 0.721655 0.721655 0.721655
68500 4.002881 4.002881 4.002881 0.721655 0.721655 0.721655
68600 4.002881 4.002881 4.002881 0.721655 0.721655 0.721655
68700 4.002881 4.002881 4.002881 0.721655 0.721655 0.721655
68800 4.002881 4.002881 4.002881 0.721655 0.721655 0.721655
68900 4.002881 4.002881 4.002881 0.721655 0.721655 0.721655
69000 4.002881 4.002881 4.002881 0.721655 0.721655 0.721655
69100 4.002881 4.002881 4.002881 0.721655 0.721655 0.721655
69200 4.002881 4.002881 4.002881 0.721655 0.721655 0.721655
69300 4.002881 4.002881 4.002881 0.721655 0.721655 0.721655
69400 4.002881 4.002881 4.002881 0.721655 0.721655 0.721655
69500 4.002881 4.002881 4.002881 0.721655 0.721655 0.721655
69600 4.002881 4.002881 4.002881 0.721655 0.721655 0.721655
69700 4.002881 4.002881 4.002881 0.721655 0.721655 0.721655
69800 4.002881 4.002881 4.002881 0.721655 0.721655 0.721655
69900 4.002881 4.002881 4.002881 0.721655 0.721655 0.721655
70000 4.002881 4.002881 4.002881 0.721655 0.721655 0.721655
70100 4.002881 4.002881 4.002881 0.721655 0.721655 0.721655
70200 4.002881 4.002881 4.002881 0.721655 0.721655 0.721655
70300 4.002881 4.002881 4.002881 0.721655 0.721655 0.721655
70400 4.002881 4.002881 4.002881 0.721655 0.721655 0.721655
70500 4.002881 4.002881 4.002881 0.721655 0.721655 0.721655
70600 4.002881 4.002881 4.002881 0.721655 0.721655 0.721655
70700 4.002881 4.002881 4.002881 0.721655 0.721655 0.721655
70800 4.002881 4.002881 4.002881 0.721655 0.721655 0.721655
70900 4.002881 4.002881 4.002881 0.721655 0.721655 0.721655
71000 4.002881 4.002881 4.002881 0.721655 0.721655 0.721655
71100 4.002881 4.002881 4.002881 0.721655 0.721655 0.721655
71200 4.002881 4.002881 4.002881 0.721655 0.721655 0.721655
71300 4.002881 4.002881 4.002881 0.721655 0.721655 0.721655
71400 4.002881 4.002881 4.002881 0.721655 0.721655 0.721655
71500 4.002881 4.002881 4.002881 0.721655 0.721655 0.721655
71600 4.002881 4.002881 4.002881 0.721655 0.721655 0.721655
71700 4.002881 4.002881 4.002881 0.721655 0.721655 0.721655
71800 4.002881 4.002881 4.002881 0.721655 0.721655 0.721655
71900 4.002881 4.002881 4.002881 0.721655 0.721655 0.721655
72000 4.002881 4.002881 4.002881 0.721655 0.721655 0.721655
72100 4.002881 4.002881 4.002881 0.721655 0.721655 0.721655
72200 4.002881 4.002881 4.002881 0.721655 0.721655 0.721655
72300 4.002881 4.002881 4.002881 0.721655 0.721655 0.721655
72400 4.002881 4.002881 4.002881 0.721655 0.721655 0.721655
72500 4.002881 4.002881 4.002881 0.721655 0.721655 0.721655
72600 4.002881 4.002881 4.002881 0.721655 0.721655 0.721655
72700 4.002881 4.002881 4.002881 0.721655 0.721655 0.721655
72800 4.002881 4.002881 4.002881 0.721655 0.721655 0.721655
72900 4.002881 4.002881 4.002881 0.721655 0.721655 0.721655
73000 4.002881 4.002881 4.002881 0.721655 0.721655 0.721655
73100 4.002881 4.002881 4.002881 0.721655 0.721655 0.721655
73200 4.002881 4.002881 4.002881 0.721655 0.721655 0.721655
73300 4.002881 4.002881 4.002881 0.721655 0.721655 0.721655
73400 4.002881 4.002881 4.002881 0.721655 0.721655 0.721655
73500 4.002881 4.002881 4.002881 0.721655 0.721655 0.721655
73600 4.002881 4.002881 4.002881 0.721655 0.721655 0.721655
73700 4.002881 4.002881 4.002881 0.721655 0.721655 0.721655
73800 4.002881 4.002881 4.002881 0.721655 0.721655 0.721655
73900 4.002881 4.002881 4.002881 0.721655 0.721655 0.721655
74000 4.002881 4.002881 4.002881 0.721655 0.721655 0.721655
74100 4.002881 4.002881 4.002881 0.721655 0.721655 0.721655
74200 4.002881 4.002881 4.002881 0.721655 0.721655 0.721655
74300 4.002881 4.002881 4.002881 0.721655 0.721655 0.721655
74400 4.002881 4.002881 4.002881 0.721655 0.721655 0.721655
74500 4.002881 4.002881 4.002881 0.721655 0.721655 0.721655
74600 4.002881 4.002881 4.002881 0.721655 0.721655 0.721655
74700 4.002881 4.002881 4.002881 0.721655 0.721655 0.721655
74800 4.002881 4.002881 4.002881 0.721655 0.721655 0.721655
74900 4.002881 4.002881 4.002881 0.721655 0.721655 0.721655
75000 4.002881 4.002881 4.002881 0.721655 0.721655 0.721655
75100 4.002881 4.002881 4.002881 0.721655 0.721655 0.721655
75200 4.002881 4.002881 4.002881 0.721655 0.721655 0.721655
75300 4.002881 4.002881 4.002881 0.721655 0.721655 0.721655
75400 4.002881 4.002881 4.002881 0.721655 0.721655 0.721655
75500 4.002881 4.002881 4.002881 0.721655 0.721655 0.721655
75600 4.002881 4.002881 4.002881 0.721655 0.721655 0.721655
75700 4.002881 4.002881 4.002881 0.721655 0.721655 0.721655
75800 4.002881 4.002881 4.002881 0.721655 0.721655 0.721655
75900 4.002881 4.002881 4.002881 0.721655 0.721655 0.721655
76000 4.002881 4.002881 4.002881 0.721655 0.721655 0.721655
76100 4.002881 4.002881 4.002881 0.721655 0.721655 0.721655
76200 4.002881 4.002881 4.002881 0.721655 0.721655 0.721655
76300 4.002881 4.002881 4.002881 0.721655 0.721655 0.721655
76400 4.002881 4.002881 4.002881 0.721655 0.721655 0.721655
76500 4.002881 4.002881 4.002881 0.721655 0.721655 0.721655
76600 4.002881 4.002881 4.002881 0.721655 0.721655 0.721655
76700 4.002881 4.002881 4.002881 0.721655 0.721655 0.721655
76800 4.002881 4.002881 4.002881 0.721655 0.721655 0.721655
76900 4.002881 4.002881 4.002881 0.721655 0.721655 0.721655
77000 4.002881 4.002881 4.002881 0.721655 0.721655 0.721655
77100 4.002881 4.002881 4.002881 0.721655 0.721655 0.721655
77200 4.002881 4.002881 4.002881 0.721655 0.721655 0.721655
77300 4.002881 4.002881 4.002881 0.721655 0.721655 0.721655
77400 4.002881 4.002881 4.002881 0.721655 0.721655 0.721655
77500 4.002881 4.002881 4.002881 0.721655 0.721655 0.721655
77600 4.002881 4.002881 4.002881 0.721655 0.721655 0.721655
77700 4.002881 4.002881 4.002881 0.721655 0.721655 0.721655
77800 4.002881 4.002881 4.002881 0.721655 0.721655 0.721655
77900 4.002881 4.002881 4.002881 0.721655 0.721655 0.721655
78000 4.002881 4.002881 4.002881 0.721655 0.721655 0.721655
78100 4.002881 4.002881 4.002881 0.721655 0.721655 0.721655
78200 4.002881 4.002881 4.002881 0.721655 0.721655 0.721655
78300 4.002881 4.002881 4.002881 0.721655 0.721655 0.721655
78400 4.002881 4.002881 4.002881 0.721655 0.721655 0.721655
78500 4.002881 4.002881 4.002881 0.721655 0.721655 0.721655
78600 4.002881 4.002881 4.002881 0.721655 0.721655 0.721655
78700 4.002881 4.002881 4.002881 0.721655 0.721655 0.721655
78800 4.002881 4.002881 4.002881 0.721655 0.721655 0.721655
78900 4.002881 4.002881 4.002881 0.721655 0.721655 0.721655
79000 4.002881 4.002881 4.002881 0.721655 0.721655 0.721655
79100 4.002881 4.002881 4.002881 0.721655 0.721655 0.721655
79200 4.002881 4.002881 4.002881 0.721655 0.721655 0.721655
79300 4.002881 4.002881 4.002881 0.721655 0.721655 0.721655
79400 4.002881 4.002881 4.002881 0.721655 0.721655 0.721655
79500 4.002881 4.002881 4.002881 0.721655 0.721655 0.721655
79600 4.002881 4.002881 4.002881 0.721655 0.721655 0.721655
79700 4.002881 4.002881 4.002881 0.721655 0.721655 0.721655
79800 4.002881 4.002881 4.002881 0.721655 0.721655 0.721655
79900 4.002881 4.002881 4.002881 0.721655 0.721655 0.721655
80000 4.002881 4.002881 4.002881 0.721655 0.721655 0.721655
80100 4.002881 4.002881 4.002881 0.721655 0.721655 0.721655
80200 4.002881 4.002881 4.002881 0.721655 0.721655 0.721655
80300 4.002881 4.002881 4.002881 0.721655 0.721655 0.721655
80400 4.002881 4.002881 4.002881 0.721655 0.721655 0.721655
80500 4.002881 4.002881 4.002881 0.721655 0.721655 0.721655
80600 4.002881 4.002881 4.002881 0.721655 0.721655 0.721655
80700 4.002881 4.002881 4.002881 0.721655 0.721655 0.721655
80800 4.002881 4.002881 4.002881 0.721655 0.721655 0.721655
80900 4.002881 4.002881 4.002881 0.721655 0.721655 0.721655
81000 4.002881 4.002881 4.002881 0.721655 0.721655 0.721655
81100 4.002881 4.002881 4.002881 0.721655 0.721655 0.721655
81200 4.002881 4.002881 4.002881 0.721655 0.721655 0.721655
81300 4.002881 4.002881 4.002881 0.721655 0.721655 0.721655
81400 4.002881 4.002881 4.002881 0.721655 0.721655 0.721655
81500 4.002881 4.002881 4.002881 0.721655 0.721655 0.721655
81600 4.002881 4.002881 4.002881 0.721655 0.721655 0.721655
81700 4.002881 4.002881 4.002881 0.721655 0.721655 0.721655
81800 4.002881 4.002881 4.002881 0.721655 0.721655 0.721655
81900 4.002881 4.002881 4.002881 0.721655 0.721655 0.721655
82000 4.002881 4.002881 4.002881 0.721655 0.721655 0.721655
82100 4.002881 4.002881 4.002881 0.721655 0.721655 0.721655
82200 4.002881 4.002881 4.002881 0.721655 0.721655 0.721655
82300 4.002881 4.002881 4.002881 0.721655 0.721655 0.721655
82400 4.002881 4.002881 4.002881 0.721655 0.721655 0.721655
82500 4.002881 4.002881 4.002881 0.721655 0.721655 0.721655
82600 4.002881 4.002881 4.002881 0.721655 0.721655 0.721655
82700 4.002881 4.002881 4.002881 0.721655 0.721655 0.721655
82800 4.002881 4.002881 4.002881 0.721655 0.721655 0.721655
82900 4.002881 4.002881 4.002881 0.721655 0.721655 0.721655
83000 4.002881 4.002881 4.002881 0.721655 0.721655 0.721655
83100 4.002881 4.002881 4.002881 0.721655 0.721655 0.721655
83200 4.002881 4.002881 4.002881 0.721655 0.721655 0.721655
83300 4.002881 4.002881 4.002881 0.721655 0.721655 0.721655
83400 4.002881 4.002881 4.002881 0.721655 0.721655 0.721655
83500 4.002881 4.002881 4.002881 0.721655 0.721655 0.721655
83600 4.002881 4.002881 4.002881 0.721655 0.721655 0.721655
83700 4.002881 4.002881 4.002881 0.721655 0.721655 0.721655
83800 4.002881 4.002881 4.002881 0.721655 0.721655 0.721655
83900 4.002881 4.002881 4.002881 0.721655 0.721655 0.721655
84000 4.002881 4.002881 4.002881 0.721655 0.721655 0.721655
84100 4.002881 4.002881 4.002881 0.721655 0.721655 0.721655
84200 4.002881 4.002881 4.002881 0.721655 0.721655 0.721655
84300 4.002881 4.002881 4.002881 0.721655 0.721655 0.721655
84400 4.002881 4.002881 4.002881 0.721655 0.721655 0.721655
84500 4.002881 4.002881 4.002881 0.721655 0.721655 0.721655
84600 4.002881 4.002881 4.002881 0.721655 0.721655 0.721655
84700 4.002881 4.002881 4.002881 0.721655 0.721655 0.721655
84800 4.002881 4.002881 4.002881 0.721655 0.721655 0.721655
84900 4.002881 4.002881 4.002881 0.721655 0.721655 0.721655
85000 4.002881 4.002881 4.002881 0.721655 0.721655 0.721655
85100 4.002881 4.002881 4.002881 0.721655 0.721655 0.721655
85200 4.002881 4.002881 4.002881 0.721655 0.721655 0.721655
85300 4.002881 4.002881 4.002881 0.721655 0.721655 0.721655
85400 4.002881 4.002881 4.002881 0.721655 0.721655 0.721655
85500 4.002881 4.002881 4.002881 0.721655 0.721655 0.721655
85600 4.002881 4.002881 4.002881 0.721655 0.721655 0.721655
85700 4.002881 4.002881 4.002881 0.721655 0.721655 0.721655
85800 4.002881 4.002881 4.002881 0.721655 0.721655 0.721655
85900 4.002881 4.002881 4.002881 0.721655 0.721655 0.721655
86000 4.002881 4.002881 4.002881 0.721655 0.721655 0.721655
86100 4.002881 4.002881 4.002881 0.721655 0.721655 0.721655
86200 4.002881 4.002881 4.002881 0.721655 0.721655 0.721655
86300 4.002881 4.002881 4.002881 0.721655 0.721655 0.721655
86400 4.002881 4.002881 4.002881 0.721655 0.721655 0.721655
86500 4.002881 4.002881 4.002881 0.721655 0.721655 0.721655
86600 4.002881 4.002881 4.002881 0.721655 0.721655 0.721655
86700 4.002881 4.002881 4.002881 0.721655 0.721655 0.721655
86800 4.002881 4.002881 4.002881 0.721655 0.721655 0.721655
86900 4.002881 4.002881 4.002881 0.721655 0.721655 0.721655
87000 4.002881 4.002881 4.002881 0.721655 0.721655 0.721655
87100 4.002881 4.002881 4.002881 0.721655 0.721655 0.721655
87200 4.002881 4.002881 4.002881 0.721655 0.721655 0.721655
87300 4.002881 4.002881 4.002881 0.721655 0.721655 0.721655
87400 4.002881 4.002881 4.002881 0.721655 0.721655 0.721655
87500 4.002881 4.002881 4.002881 0.721655 0.721655 0.721655
87600 4.002881 4.002881 4.002881 0.721655 0.721655 0.721655
87700 4.002881 4.002881 4.002881 0.721655 0.721655 0.721655
87800 4.002881 4.002881 4.002881 0.721655 0.721655 0.721655
87900 4.002881 4.002881 4.002881 0.721655 0.721655 0.721655
88000 4.002881 4.002881 4.002881 0.721655 0.721655 0.721655
88100 4.002881 4.002881 4.002881 0.721655 0.721655 0.721655
88200 4.002881 4.002881 4.002881 0.721655 0.721655 0.721655
88300 4.002881 4.002881 4.002881 0.721655 0.721655 0.721655
88400 4.002881 4.002881 4.002881 0.721655 0.721655 0.721655
88500 4.002881 4.002881 4.002881 0.721655 0.721655 0.721655
88600 4.002881 4.002881 4.002881 0.721655 0.721655 0.721655
88700 4.002881 4.002881 4.002881 0.721655 0.721655 0.721655
88800 4.002881 4.002881 4.002881 0.721655 0.721655 0.721655
88900 4.002881 4.002881 4.002881 0.721655 0.721655 0.721655
89000 4.002881 4.002881 4.002881 0.721655 0.721655 0.721655
89100 4.002881 4.002881 4.002881 0.721655 0.721655 0.721655
89200 4.002881 4.002881 4.002881 0.721655 0.721655 0.721655
89300 4.002881 4.002881 4.002881 0.721655 0.721655 0.721655
89400 4.002881 4.002881 4.002881 0.721655 0.721655 0.721655
89500 4.002881 4.002881 4.002881 0.721655 0.721655 0.721655
89600 4.002881 4.002881 4.002881 0.721655 0.721655 0.721655
89700 4.002881 4.002881 4.002881 0.721655 0.721655 0.721655
89800 4.002881 4.002881 4.002881 0.721655 0.721655 0.721655
89900 4.002881 4.002881 4.002881 0.721655 0.721655 0.721655
90000 4.002881 4.002881 4.002881 0.721655 0.721655 0.721655
90100 4.002881 4.002881 4.002881 0.721655 0.721655 0.721655
90200 4.002881 4.002881 4.002881 0.721655 0.721655 0.721655
90300 4.002881 4.002881 4.002881 0.721655 0.721655 0.721655
90400 4.002881 4.002881 4.002881 0.721655 0.721655 0.721655
90500 4.002881 4.002881 4.002881 0.721655 0.721655 0.721655
90600 4.002881 4.002881 4.002881 0.721655 0.721655 0.721655
90700 4.002881 4.002881 4.002881 0.721655 0.721655 0.721655
90800 4.002881 4.002881 4.002881 0.721655 0.721655 0.721655
90900 4.002881 4.002881 4.002881 0.721655 0.721655 0.721655
91000 4.002881 4.002881 4.002881 0.721655 0.721655 0.721655
91100 4.002881 4.002881 4.002881 0.721655 0.721655 0.721655
91200 4.002881 4.002881 4.002881 0.721655 0.721655 0.721655
91300 4.002881 4.002881 4.002881 0.721655 0.721655 0.721655
91400 4.002881 4.002881 4.002881 0.721655 0.721655 0.721655
91500 4.002881 4.002881 4.002881 0.721655 0.721655 0.721655
91600 4.002881 4.002881 4.002881 0.721655 0.721655 0.721655
91700 4.002881 4.002881 4.002881 0.721655 0.721655 0.721655
91800 4.002881 4.002881 4.002881 0.721655 0.721655 0.721655
91900 4.002881 4.002881 4.002881 0.721655 0.721655 0.721655
92000 4.002881 4.002881 4.002881 0.721655 0.721655 0.721655
92100 4.002881 4.002881 4.002881 0.721655 0.721655 0.721655
92200 4.002881 4.002881 4.002881 0.721655 0.721655 0.721655
92300 4.002881 4.002881 4.002881 0.721655 0.721655 0.721655
92400 4.002881 4.002881 4.002881 0.721655 0.721655 0.721655
92500 4.002881 4.002881 4.002881 0.721655 0.721655 0.721655
92600 4.002881 4.002881 4.002881 0.721655 0.721655 0.721655
92700 4.002881 4.002881 4.002881 0.721655 0.721655 0.721655
92800 4.002881 4.002881 4.002881 0.721655 0.721655 0.721655
92900 4.002881 4.002881 4.002881 0.721655 0.721655 0.721655
93000 4.002881 4.002881 4.002881 0.721655 0.721655 0.721655
93100 4.002881 4.002881 4.002881 0.721655 0.721655 0.721655
93200 4.002881 4.002881 4.002881 0.721655 0.721655 0.721655
93300 4.002881 4.002881 4.002881 0.721655 0.721655 0.721655
93400 4.002881 4.002881 4.002881 0.721655 0.721655 0.721655
93500 4.002881 4.002881 4.002881 0.721655 0.721655 0.721655
93600 4.002881 4.002881 4.002881 0.721655 0.721655 0.721655
93700 4.002881 4.002881 4.002881 0.721655 0.721655 0.721655
93800 4.002881 4.002881 4.002881 0.721655 0.721655 0.721655
93900 4.002881 4.002881 4.002881 0.721655 0.721655 0.721655
94000 4.002881 4.002881 4.002881 0.721655 0.721655 0.721655
94100 4.002881 4.002881 4.002881 0.721655 0.721655 0.721655
94200 4.002881 4.002881 4.002881 0.721655 0.721655 0.721655
94300 4.002881 4.002881 4.002881 0.721655 0.721655 0.721655
94400 4.002881 4.002881 4.002881 0.721655 0.721655 0.721655
94500 4.002881 4.002881 4.002881 0.721655 0.721655 0.721655
94600 4.002881 4.002881 4.002881 0.721655 0.721655 0.721655
94700 4.002881 4.002881 4.002881 0.721655 0.721655 0.721655
94800 4.002881 4.002881 4.002881 0.721655 0.721655 0.721655
94900 4.002881 4.002881 4.002881 0.721655 0.721655 0.721655
95000 4.002881 4.002881 4.002881 0.721655 0.721655 0.721655
95100 4.002881 4.002881 4.002881 0.721655 0.721655 0.721655
95200 4.002881 4.002881 4.002881 0.721655 0.721655 0.721655
95300 4.002881 4.002881 4.002881 0.721655 0.721655 0.721655
95400 4.002881 4.002881 4.002881 0.721655 0.721655 0.721655
95500 4.002881 4.002881 4.002881 0.721655 0.721655 0.721655
95600 4.002881 4.002881 4.002881 0.721655 0.721655 0.721655
95700 4.002881 4.002881 4.002881 0.721655 0.721655 0.721655
95800 4.002881 4.002881 4.002881 0.721655 0.721655 0.721655
95900 4.002881 4.002881 4.002881 0.721655 0.721655 0.721655
96000 4.002881 4.002881 4.002881 0.721655 0.721655 0.721655
96100 4.002881 4.002881 4.002881 0.721655 0.721655 0.721655
96200 4.002881 4.002881 4.002881 0.721655 0.721655 0.721655
96300 4.002881 4.002881 4.002881 0.721655 0.721655 0.721655
96400 4.002881 4.002881 4.002881 0.721655 0.721655 0.721655
96500 4.002881 4.002881 4.002881 0.721655 0.721655 0.721655
96600 4.002881 4.002881 4.002881 0.721655 0.721655 0.721655
96700 4.002881 4.002881 4.002881 0.721655 0.721655 0.721655
96800 4.002881 4.002881 4.002881 0.721655 0.721655 0.721655
96900 4.002881 4.002881 4.002881 0.721655 0.721655 0.721655
97000 4.002881 4.002881 4.002881 0.721655 0.721655 0.721655
97100 4.002881 4.002881 4.002881 0.721655 0.721655 0.721655
97200 4.002881 4.002881 4.002881 0.721655 0.721655 0.721655
97300 4.002881 4.002881 4.002881 0.721655 0.721655 0.721655
97400 4.002881 4.002881 4.002881 0.721655 0.721655 0.721655
97500 4.002881 4.002881 4.002881 0.721655 0.721655 0.721655
97600 4.002881 4.002881 4.002881 0.721655 0.721655 0.721655
97700 4.002881 4.002881 4.002881 0.721655 0.721655 0.721655
97800 4.002881 4.002881 4.002881 0.721655 0.721655 0.721655
97900 4.002881 4.002881 4.002881 0.721655 0.721655 0.721655
98000 4.002881 4.002881 4.002881 0.721655 0.721655 0.721655
98100 4.002881 4.002881 4.002881 0.721655 0.721655 0.721655
98200 4.002881 4.002881 4.002881 0.721655 0.721655 0.721655
98300 4.002881 4.002881 4.002881 0.721655 0.721655 0.721655
98400 4.002881 4.002881 4.002881 0.721655 0.721655 0.721655
98500 4.002881 4.002881 4.002881 0.721655 0.721655 0.721655
98600 4.002881 4.002881 4.002881 0.721655 0.721655 0.721655
98700 4.002881 4.002881 4.002881 0.721655 0.721655 0.721655
98800 4.002881 4.002881 4.002881 0.721655 0.721655 0.721655
98900 4.002881 4.002881 4.002881 0.721655 0.721655 0.721655
99000 4.002881 4.002881 4.002881 0.721655 0.721655 0.721655
99100 4.002881 4.002881 4.002881 0.721655 0.721655 0.721655
99200 4.002881 4.002881 4.002881 0.721655 0.721655 0.721655
99300 4.002881 4.002881 4.002881 0.721655 0.721655 0.721655
99400 4.002881 4.002881 4.002881 0.721655 0.721655 0.721655
99500 4.002881 4.002881 4.002881 0.721655 0.721655 0.721655
99600 4.002881 4.002881 4.002881 0.721655 0.721655 0.721655
99700 4.002881 4.002881 4.002881 0.721655 0.721655 0.721655
99800 4.002881 4.002881 4.002881 0.721655 0.721655 0.721655
99900 4.002881 4.002881 4.002881 0.721655 0.721655 0.721655
100000 4.077513 4.077513 4.077513 0.738883 0.738883 0.738883
