# generation power_min power_avg power_max util_min util_avg util_max
1 43.288702 50.389428 56.857726 0.503974 0.650668 0.802302
100 40.151498 44.847958 47.903757 0.432253 0.557330 0.668690
200 36.944100 39.842763 41.883119 0.360565 0.443434 0.537076
300 34.197719 36.786696 38.227238 0.286687 0.369605 0.453582
400 33.197607 34.513086 35.698753 0.277723 0.324344 0.370857
500 32.382698 33.350340 33.786037 0.260958 0.296832 0.337739
600 31.925227 32.397766 32.894388 0.249028 0.271064 0.295513
700 31.716060 31.956513 32.116854 0.250907 0.257342 0.273562
800 31.338924 31.712094 31.834744 0.237306 0.251604 0.263370
900 31.205781 31.376804 31.615671 0.237306 0.247399 0.252549
1000 31.205781 31.303095 31.305076 0.249910 0.249910 0.249910
1100 31.156376 31.283798 31.305076 0.249910 0.249910 0.249910
1200 31.156376 31.204483 31.255671 0.249910 0.249910 0.249910
1300 31.156376 31.156376 31.156376 0.249910 0.249910 0.249910
1400 31.156376 31.156376 31.156376 0.249910 0.249910 0.249910
1500 31.156376 31.156376 31.156376 0.249910 0.249910 0.249910
1600 31.156376 31.156376 31.156376 0.249910 0.249910 0.249910
1700 31.156376 31.156376 31.156376 0.249910 0.249910 0.249910
1800 31.156376 31.156376 31.156376 0.249910 0.249910 0.249910
1900 31.156376 31.156376 31.156376 0.249910 0.249910 0.249910
2000 31.156376 31.156376 31.156376 0.249910 0.249910 0.249910
2100 31.156376 31.156376 31.156376 0.249910 0.249910 0.249910
2200 31.156376 31.156376 31.156376 0.249910 0.249910 0.249910
2300 31.156376 31.156376 31.156376 0.249910 0.249910 0.249910
2400 31.156376 31.156376 31.156376 0.249910 0.249910 0.249910
2500 31.156376 31.156376 31.156376 0.249910 0.249910 0.249910
2600 31.156376 31.156376 31.156376 0.249910 0.249910 0.249910
2700 31.156376 31.156376 31.156376 0.249910 0.249910 0.249910
2800 31.156376 31.156376 31.156376 0.249910 0.249910 0.249910
2900 31.156376 31.156376 31.156376 0.249910 0.249910 0.249910
3000 31.156376 31.156376 31.156376 0.249910 0.249910 0.249910
3100 31.156376 31.156376 31.156376 0.249910 0.249910 0.249910
3200 31.156376 31.156376 31.156376 0.249910 0.249910 0.249910
3300 31.156376 31.156376 31.156376 0.249910 0.249910 0.249910
3400 31.156376 31.156376 31.156376 0.249910 0.249910 0.249910
3500 31.156376 31.156376 31.156376 0.249910 0.249910 0.249910
3600 31.156376 31.156376 31.156376 0.249910 0.249910 0.249910
3700 31.156376 31.156376 31.156376 0.249910 0.249910 0.249910
3800 31.156376 31.156376 31.156376 0.249910 0.249910 0.249910
3900 31.156376 31.156376 31.156376 0.249910 0.249910 0.249910
4000 31.156376 31.156376 31.156376 0.249910 0.249910 0.249910
4100 31.156376 31.156376 31.156376 0.249910 0.249910 0.249910
4200 31.156376 31.156376 31.156376 0.249910 0.249910 0.249910
4300 31.156376 31.156376 31.156376 0.249910 0.249910 0.249910
4400 31.156376 31.156376 31.156376 0.249910 0.249910 0.249910
4500 31.156376 31.156376 31.156376 0.249910 0.249910 0.249910
4600 31.156376 31.156376 31.156376 0.249910 0.249910 0.249910
4700 31.156376 31.156376 31.156376 0.249910 0.249910 0.249910
4800 31.156376 31.156376 31.156376 0.249910 0.249910 0.249910
4900 31.156376 31.156376 31.156376 0.249910 0.249910 0.249910
5000 31.156376 31.156376 31.156376 0.249910 0.249910 0.249910
5100 31.156376 31.156376 31.156376 0.249910 0.249910 0.249910
5200 31.156376 31.156376 31.156376 0.249910 0.249910 0.249910
5300 31.156376 31.156376 31.156376 0.249910 0.249910 0.249910
5400 31.156376 31.156376 31.156376 0.249910 0.249910 0.249910
5500 31.156376 31.156376 31.156376 0.249910 0.249910 0.249910
5600 31.156376 31.156376 31.156376 0.249910 0.249910 0.249910
5700 31.156376 31.156376 31.156376 0.249910 0.249910 0.249910
5800 31.156376 31.156376 31.156376 0.249910 0.249910 0.249910
5900 31.156376 31.156376 31.156376 0.249910 0.249910 0.249910
6000 31.156376 31.156376 31.156376 0.249910 0.249910 0.249910
6100 31.156376 31.156376 31.156376 0.249910 0.249910 0.249910
6200 31.156376 31.156376 31.156376 0.249910 0.249910 0.249910
6300 31.156376 31.156376 31.156376 0.249910 0.249910 0.249910
6400 31.156376 31.156376 31.156376 0.249910 0.249910 0.249910
6500 31.156376 31.156376 31.156376 0.249910 0.249910 0.249910
6600 31.156376 31.156376 31.156376 0.249910 0.249910 0.249910
6700 31.156376 31.156376 31.156376 0.249910 0.249910 0.249910
6800 31.156376 31.156376 31.156376 0.249910 0.249910 0.249910
6900 31.156376 31.156376 31.156376 0.249910 0.249910 0.249910
7000 31.156376 31.156376 31.156376 0.249910 0.249910 0.249910
7100 31.156376 31.156376 31.156376 0.249910 0.249910 0.249910
7200 31.156376 31.156376 31.156376 0.249910 0.249910 0.249910
7300 31.156376 31.156376 31.156376 0.249910 0.249910 0.249910
7400 31.156376 31.156376 31.156376 0.249910 0.249910 0.249910
7500 31.156376 31.156376 31.156376 0.249910 0.249910 0.249910
7600 31.156376 31.156376 31.156376 0.249910 0.249910 0.249910
7700 31.156376 31.156376 31.156376 0.249910 0.249910 0.249910
7800 31.156376 31.156376 31.156376 0.249910 0.249910 0.249910
7900 31.156376 31.156376 31.156376 0.249910 0.249910 0.249910
8000 31.156376 31.156376 31.156376 0.249910 0.249910 0.249910
8100 31.156376 31.156376 31.156376 0.249910 0.249910 0.249910
8200 31.156376 31.156376 31.156376 0.249910 0.249910 0.249910
8300 31.156376 31.156376 31.156376 0.249910 0.249910 0.249910
8400 31.156376 31.156376 31.156376 0.249910 0.249910 0.249910
8500 31.156376 31.156376 31.156376 0.249910 0.249910 0.249910
8600 31.156376 31.156376 31.156376 0.249910 0.249910 0.249910
8700 31.156376 31.156376 31.156376 0.249910 0.249910 0.249910
8800 31.156376 31.156376 31.156376 0.249910 0.249910 0.249910
8900 31.156376 31.156376 31.156376 0.249910 0.249910 0.249910
9000 31.156376 31.156376 31.156376 0.249910 0.249910 0.249910
9100 31.156376 31.156376 31.156376 0.249910 0.249910 0.249910
9200 31.156376 31.156376 31.156376 0.249910 0.249910 0.249910
9300 31.156376 31.156376 31.156376 0.249910 0.249910 0.249910
9400 31.156376 31.156376 31.156376 0.249910 0.249910 0.249910
9500 31.156376 31.156376 31.156376 0.249910 0.249910 0.249910
9600 31.156376 31.156376 31.156376 0.249910 0.249910 0.249910
9700 31.156376 31.156376 31.156376 0.249910 0.249910 0.249910
9800 31.156376 31.156376 31.156376 0.249910 0.249910 0.249910
9900 31.156376 31.156376 31.156376 0.249910 0.249910 0.249910
10000 31.156376 31.156376 31.156376 0.249910 0.249910 0.249910
10100 31.156376 31.156376 31.156376 0.249910 0.249910 0.249910
10200 31.156376 31.156376 31.156376 0.249910 0.249910 0.249910
10300 31.156376 31.156376 31.156376 0.249910 0.249910 0.249910
10400 31.156376 31.156376 31.156376 0.249910 0.249910 0.249910
10500 31.156376 31.156376 31.156376 0.249910 0.249910 0.249910
10600 31.156376 31.156376 31.156376 0.249910 0.249910 0.249910
10700 31.156376 31.156376 31.156376 0.249910 0.249910 0.249910
10800 31.156376 31.156376 31.156376 0.249910 0.249910 0.249910
10900 31.156376 31.156376 31.156376 0.249910 0.249910 0.249910
11000 31.156376 31.156376 31.156376 0.249910 0.249910 0.249910
11100 31.156376 31.156376 31.156376 0.249910 0.249910 0.249910
11200 31.156376 31.156376 31.156376 0.249910 0.249910 0.249910
11300 31.156376 31.156376 31.156376 0.249910 0.249910 0.249910
11400 31.156376 31.156376 31.156376 0.249910 0.249910 0.249910
11500 31.156376 31.156376 31.156376 0.249910 0.249910 0.249910
11600 31.156376 31.156376 31.156376 0.249910 0.249910 0.249910
11700 31.156376 31.156376 31.156376 0.249910 0.249910 0.249910
11800 31.156376 31.156376 31.156376 0.249910 0.249910 0.249910
11900 31.156376 31.156376 31.156376 0.249910 0.249910 0.249910
12000 31.156376 31.156376 31.156376 0.249910 0.249910 0.249910
12100 31.156376 31.156376 31.156376 0.249910 0.249910 0.249910
12200 31.156376 31.156376 31.156376 0.249910 0.249910 0.249910
12300 31.156376 31.156376 31.156376 0.249910 0.249910 0.249910
12400 31.156376 31.156376 31.156376 0.249910 0.249910 0.249910
12500 31.156376 31.156376 31.156376 0.249910 0.249910 0.249910
12600 31.156376 31.156376 31.156376 0.249910 0.249910 0.249910
12700 31.156376 31.156376 31.156376 0.249910 0.249910 0.249910
12800 31.156376 31.156376 31.156376 0.249910 0.249910 0.249910
12900 31.156376 31.156376 31.156376 0.249910 0.249910 0.249910
13000 31.156376 31.156376 31.156376 0.249910 0.249910 0.249910
13100 31.156376 31.156376 31.156376 0.249910 0.249910 0.249910
13200 31.156376 31.156376 31.156376 0.249910 0.249910 0.249910
13300 31.156376 31.156376 31.156376 0.249910 0.249910 0.249910
13400 31.156376 31.156376 31.156376 0.249910 0.249910 0.249910
13500 31.156376 31.156376 31.156376 0.249910 0.249910 0.249910
13600 31.156376 31.156376 31.156376 0.249910 0.249910 0.249910
13700 31.156376 31.156376 31.156376 0.249910 0.249910 0.249910
13800 31.156376 31.156376 31.156376 0.249910 0.249910 0.249910
13900 31.156376 31.156376 31.156376 0.249910 0.249910 0.249910
14000 31.156376 31.156376 31.156376 0.249910 0.249910 0.249910
14100 31.156376 31.156376 31.156376 0.249910 0.249910 0.249910
14200 31.156376 31.156376 31.156376 0.249910 0.249910 0.249910
14300 31.156376 31.156376 31.156376 0.249910 0.249910 0.249910
14400 31.156376 31.156376 31.156376 0.249910 0.249910 0.249910
14500 31.156376 31.156376 31.156376 0.249910 0.249910 0.249910
14600 31.156376 31.156376 31.156376 0.249910 0.249910 0.249910
14700 31.156376 31.156376 31.156376 0.249910 0.249910 0.249910
14800 31.156376 31.156376 31.156376 0.249910 0.249910 0.249910
14900 31.156376 31.156376 31.156376 0.249910 0.249910 0.249910
15000 31.156376 31.156376 31.156376 0.249910 0.249910 0.249910
15100 31.156376 31.156376 31.156376 0.249910 0.249910 0.249910
15200 31.156376 31.156376 31.156376 0.249910 0.249910 0.249910
15300 31.156376 31.156376 31.156376 0.249910 0.249910 0.249910
15400 31.156376 31.156376 31.156376 0.249910 0.249910 0.249910
15500 31.156376 31.156376 31.156376 0.249910 0.249910 0.249910
15600 31.156376 31.156376 31.156376 0.249910 0.249910 0.249910
15700 31.156376 31.156376 31.156376 0.249910 0.249910 0.249910
15800 31.156376 31.156376 31.156376 0.249910 0.249910 0.249910
15900 31.156376 31.156376 31.156376 0.249910 0.249910 0.249910
16000 31.156376 31.156376 31.156376 0.249910 0.249910 0.249910
16100 31.156376 31.156376 31.156376 0.249910 0.249910 0.249910
16200 31.156376 31.156376 31.156376 0.249910 0.249910 0.249910
16300 31.156376 31.156376 31.156376 0.249910 0.249910 0.249910
16400 31.156376 31.156376 31.156376 0.249910 0.249910 0.249910
16500 31.156376 31.156376 31.156376 0.249910 0.249910 0.249910
16600 31.156376 31.156376 31.156376 0.249910 0.249910 0.249910
16700 31.156376 31.156376 31.156376 0.249910 0.249910 0.249910
16800 31.156376 31.156376 31.156376 0.249910 0.249910 0.249910
16900 31.156376 31.156376 31.156376 0.249910 0.249910 0.249910
17000 31.156376 31.156376 31.156376 0.249910 0.249910 0.249910
17100 31.156376 31.156376 31.156376 0.249910 0.249910 0.249910
17200 31.156376 31.156376 31.156376 0.249910 0.249910 0.249910
17300 31.156376 31.156376 31.156376 0.249910 0.249910 0.249910
17400 31.156376 31.156376 31.156376 0.249910 0.249910 0.249910
17500 31.156376 31.156376 31.156376 0.249910 0.249910 0.249910
17600 31.156376 31.156376 31.156376 0.249910 0.249910 0.249910
17700 31.156376 31.156376 31.156376 0.249910 0.249910 0.249910
17800 31.156376 31.156376 31.156376 0.249910 0.249910 0.249910
17900 31.156376 31.156376 31.156376 0.249910 0.249910 0.249910
18000 31.156376 31.156376 31.156376 0.249910 0.249910 0.249910
18100 31.156376 31.156376 31.156376 0.249910 0.249910 0.249910
18200 31.156376 31.156376 31.156376 0.249910 0.249910 0.249910
18300 31.156376 31.156376 31.156376 0.249910 0.249910 0.249910
18400 31.156376 31.156376 31.156376 0.249910 0.249910 0.249910
18500 31.156376 31.156376 31.156376 0.249910 0.249910 0.249910
18600 31.156376 31.156376 31.156376 0.249910 0.249910 0.249910
18700 31.156376 31.156376 31.156376 0.249910 0.249910 0.249910
18800 31.156376 31.156376 31.156376 0.249910 0.249910 0.249910
18900 31.156376 31.156376 31.156376 0.249910 0.249910 0.249910
19000 31.156376 31.156376 31.156376 0.249910 0.249910 0.249910
19100 31.156376 31.156376 31.156376 0.249910 0.249910 0.249910
19200 31.156376 31.156376 31.156376 0.249910 0.249910 0.249910
19300 31.156376 31.156376 31.156376 0.249910 0.249910 0.249910
19400 31.156376 31.156376 31.156376 0.249910 0.249910 0.249910
19500 31.156376 31.156376 31.156376 0.249910 0.249910 0.249910
19600 31.156376 31.156376 31.156376 0.249910 0.249910 0.249910
19700 31.156376 31.156376 31.156376 0.249910 0.249910 0.249910
19800 31.156376 31.156376 31.156376 0.249910 0.249910 0.249910
19900 31.156376 31.156376 31.156376 0.249910 0.249910 0.249910
20000 31.156376 31.156376 31.156376 0.249910 0.249910 0.249910
20100 31.156376 31.156376 31.156376 0.249910 0.249910 0.249910
20200 31.156376 31.156376 31.156376 0.249910 0.249910 0.249910
20300 31.156376 31.156376 31.156376 0.249910 0.249910 0.249910
20400 31.156376 31.156376 31.156376 0.249910 0.249910 0.249910
20500 31.156376 31.156376 31.156376 0.249910 0.249910 0.249910
20600 31.156376 31.156376 31.156376 0.249910 0.249910 0.249910
20700 31.156376 31.156376 31.156376 0.249910 0.249910 0.249910
20800 31.156376 31.156376 31.156376 0.249910 0.249910 0.249910
20900 31.156376 31.156376 31.156376 0.249910 0.249910 0.249910
21000 31.156376 31.156376 31.156376 0.249910 0.249910 0.249910
21100 31.156376 31.156376 31.156376 0.249910 0.249910 0.249910
21200 31.156376 31.156376 31.156376 0.249910 0.249910 0.249910
21300 31.156376 31.156376 31.156376 0.249910 0.249910 0.249910
21400 31.156376 31.156376 31.156376 0.249910 0.249910 0.249910
21500 31.156376 31.156376 31.156376 0.249910 0.249910 0.249910
21600 31.156376 31.156376 31.156376 0.249910 0.249910 0.249910
21700 31.156376 31.156376 31.156376 0.249910 0.249910 0.249910
21800 31.156376 31.156376 31.156376 0.249910 0.249910 0.249910
21900 31.156376 31.156376 31.156376 0.249910 0.249910 0.249910
22000 31.156376 31.156376 31.156376 0.249910 0.249910 0.249910
22100 31.156376 31.156376 31.156376 0.249910 0.249910 0.249910
22200 31.156376 31.156376 31.156376 0.249910 0.249910 0.249910
22300 31.156376 31.156376 31.156376 0.249910 0.249910 0.249910
22400 31.156376 31.156376 31.156376 0.249910 0.249910 0.249910
22500 31.156376 31.156376 31.156376 0.249910 0.249910 0.249910
22600 31.156376 31.156376 31.156376 0.249910 0.249910 0.249910
22700 31.156376 31.156376 31.156376 0.249910 0.249910 0.249910
22800 31.156376 31.156376 31.156376 0.249910 0.249910 0.249910
22900 31.156376 31.156376 31.156376 0.249910 0.249910 0.249910
23000 31.156376 31.156376 31.156376 0.249910 0.249910 0.249910
23100 31.156376 31.156376 31.156376 0.249910 0.249910 0.249910
23200 31.156376 31.156376 31.156376 0.249910 0.249910 0.249910
23300 31.156376 31.156376 31.156376 0.249910 0.249910 0.249910
23400 31.156376 31.156376 31.156376 0.249910 0.249910 0.249910
23500 31.156376 31.156376 31.156376 0.249910 0.249910 0.249910
23600 31.156376 31.156376 31.156376 0.249910 0.249910 0.249910
23700 31.156376 31.156376 31.156376 0.249910 0.249910 0.249910
23800 31.156376 31.156376 31.156376 0.249910 0.249910 0.249910
23900 31.156376 31.156376 31.156376 0.249910 0.249910 0.249910
24000 31.156376 31.156376 31.156376 0.249910 0.249910 0.249910
24100 31.156376 31.156376 31.156376 0.249910 0.249910 0.249910
24200 31.156376 31.156376 31.156376 0.249910 0.249910 0.249910
24300 31.156376 31.156376 31.156376 0.249910 0.249910 0.249910
24400 31.156376 31.156376 31.156376 0.249910 0.249910 0.249910
24500 31.156376 31.156376 31.156376 0.249910 0.249910 0.249910
24600 31.156376 31.156376 31.156376 0.249910 0.249910 0.249910
24700 31.156376 31.156376 31.156376 0.249910 0.249910 0.249910
24800 31.156376 31.156376 31.156376 0.249910 0.249910 0.249910
24900 31.156376 31.156376 31.156376 0.249910 0.249910 0.249910
25000 31.156376 31.156376 31.156376 0.249910 0.249910 0.249910
25100 31.156376 31.156376 31.156376 0.249910 0.249910 0.249910
25200 31.156376 31.156376 31.156376 0.249910 0.249910 0.249910
25300 31.156376 31.156376 31.156376 0.249910 0.249910 0.249910
25400 31.156376 31.156376 31.156376 0.249910 0.249910 0.249910
25500 31.156376 31.156376 31.156376 0.249910 0.249910 0.249910
25600 31.156376 31.156376 31.156376 0.249910 0.249910 0.249910
25700 31.156376 31.156376 31.156376 0.249910 0.249910 0.249910
25800 31.156376 31.156376 31.156376 0.249910 0.249910 0.249910
25900 31.156376 31.156376 31.156376 0.249910 0.249910 0.249910
26000 31.156376 31.156376 31.156376 0.249910 0.249910 0.249910
26100 31.156376 31.156376 31.156376 0.249910 0.249910 0.249910
26200 31.156376 31.156376 31.156376 0.249910 0.249910 0.249910
26300 31.156376 31.156376 31.156376 0.249910 0.249910 0.249910
26400 31.156376 31.156376 31.156376 0.249910 0.249910 0.249910
26500 31.156376 31.156376 31.156376 0.249910 0.249910 0.249910
26600 31.156376 31.156376 31.156376 0.249910 0.249910 0.249910
26700 31.156376 31.156376 31.156376 0.249910 0.249910 0.249910
26800 31.156376 31.156376 31.156376 0.249910 0.249910 0.249910
26900 31.156376 31.156376 31.156376 0.249910 0.249910 0.249910
27000 31.156376 31.156376 31.156376 0.249910 0.249910 0.249910
27100 31.156376 31.156376 31.156376 0.249910 0.249910 0.249910
27200 31.156376 31.156376 31.156376 0.249910 0.249910 0.249910
27300 31.156376 31.156376 31.156376 0.249910 0.249910 0.249910
27400 31.156376 31.156376 31.156376 0.249910 0.249910 0.249910
27500 31.156376 31.156376 31.156376 0.249910 0.249910 0.249910
27600 31.156376 31.156376 31.156376 0.249910 0.249910 0.249910
27700 31.156376 31.156376 31.156376 0.249910 0.249910 0.249910
27800 31.156376 31.156376 31.156376 0.249910 0.249910 0.249910
27900 31.156376 31.156376 31.156376 0.249910 0.249910 0.249910
28000 31.156376 31.156376 31.156376 0.249910 0.249910 0.249910
28100 31.156376 31.156376 31.156376 0.249910 0.249910 0.249910
28200 31.156376 31.156376 31.156376 0.249910 0.249910 0.249910
28300 31.156376 31.156376 31.156376 0.249910 0.249910 0.249910
28400 31.156376 31.156376 31.156376 0.249910 0.249910 0.249910
28500 31.156376 31.156376 31.156376 0.249910 0.249910 0.249910
28600 31.156376 31.156376 31.156376 0.249910 0.249910 0.249910
28700 31.156376 31.156376 31.156376 0.249910 0.249910 0.249910
28800 31.156376 31.156376 31.156376 0.249910 0.249910 0.249910
28900 31.156376 31.156376 31.156376 0.249910 0.249910 0.249910
29000 31.156376 31.156376 31.156376 0.249910 0.249910 0.249910
29100 31.156376 31.156376 31.156376 0.249910 0.249910 0.249910
29200 31.156376 31.156376 31.156376 0.249910 0.249910 0.249910
29300 31.156376 31.156376 31.156376 0.249910 0.249910 0.249910
29400 31.156376 31.156376 31.156376 0.249910 0.249910 0.249910
29500 31.156376 31.156376 31.156376 0.249910 0.249910 0.249910
29600 31.156376 31.156376 31.156376 0.249910 0.249910 0.249910
29700 31.156376 31.156376 31.156376 0.249910 0.249910 0.249910
29800 31.156376 31.156376 31.156376 0.249910 0.249910 0.249910
29900 31.156376 31.156376 31.156376 0.249910 0.249910 0.249910
30000 31.156376 31.156376 31.156376 0.249910 0.249910 0.249910
30100 31.156376 31.156376 31.156376 0.249910 0.249910 0.249910
30200 31.156376 31.156376 31.156376 0.249910 0.249910 0.249910
30300 31.156376 31.156376 31.156376 0.249910 0.249910 0.249910
30400 31.156376 31.156376 31.156376 0.249910 0.249910 0.249910
30500 31.156376 31.156376 31.156376 0.249910 0.249910 0.249910
30600 31.156376 31.156376 31.156376 0.249910 0.249910 0.249910
30700 31.156376 31.156376 31.156376 0.249910 0.249910 0.249910
30800 31.156376 31.156376 31.156376 0.249910 0.249910 0.249910
30900 31.156376 31.156376 31.156376 0.249910 0.249910 0.249910
31000 31.156376 31.156376 31.156376 0.249910 0.249910 0.249910
31100 31.156376 31.156376 31.156376 0.249910 0.249910 0.249910
31200 31.156376 31.156376 31.156376 0.249910 0.249910 0.249910
31300 31.156376 31.156376 31.156376 0.249910 0.249910 0.249910
31400 31.156376 31.156376 31.156376 0.249910 0.249910 0.249910
31500 31.156376 31.156376 31.156376 0.249910 0.249910 0.249910
31600 31.156376 31.156376 31.156376 0.249910 0.249910 0.249910
31700 31.156376 31.156376 31.156376 0.249910 0.249910 0.249910
31800 31.156376 31.156376 31.156376 0.249910 0.249910 0.249910
31900 31.156376 31.156376 31.156376 0.249910 0.249910 0.249910
32000 31.156376 31.156376 31.156376 0.249910 0.249910 0.249910
32100 31.156376 31.156376 31.156376 0.249910 0.249910 0.249910
32200 31.156376 31.156376 31.156376 0.249910 0.249910 0.249910
32300 31.156376 31.156376 31.156376 0.249910 0.249910 0.249910
32400 31.156376 31.156376 31.156376 0.249910 0.249910 0.249910
32500 31.156376 31.156376 31.156376 0.249910 0.249910 0.249910
32600 31.156376 31.156376 31.156376 0.249910 0.249910 0.249910
32700 31.156376 31.156376 31.156376 0.249910 0.249910 0.249910
32800 31.156376 31.156376 31.156376 0.249910 0.249910 0.249910
32900 31.156376 31.156376 31.156376 0.249910 0.249910 0.249910
33000 31.156376 31.156376 31.156376 0.249910 0.249910 0.249910
33100 31.156376 31.156376 31.156376 0.249910 0.249910 0.249910
33200 31.156376 31.156376 31.156376 0.249910 0.249910 0.249910
33300 31.156376 31.156376 31.156376 0.249910 0.249910 0.249910
33400 31.156376 31.156376 31.156376 0.249910 0.249910 0.249910
33500 31.156376 31.156376 31.156376 0.249910 0.249910 0.249910
33600 31.156376 31.156376 31.156376 0.249910 0.249910 0.249910
33700 31.156376 31.156376 31.156376 0.249910 0.249910 0.249910
33800 31.156376 31.156376 31.156376 0.249910 0.249910 0.249910
33900 31.156376 31.156376 31.156376 0.249910 0.249910 0.249910
34000 31.156376 31.156376 31.156376 0.249910 0.249910 0.249910
34100 31.156376 31.156376 31.156376 0.249910 0.249910 0.249910
34200 31.156376 31.156376 31.156376 0.249910 0.249910 0.249910
34300 31.156376 31.156376 31.156376 0.249910 0.249910 0.249910
34400 31.156376 31.156376 31.156376 0.249910 0.249910 0.249910
34500 31.156376 31.156376 31.156376 0.249910 0.249910 0.249910
34600 31.156376 31.156376 31.156376 0.249910 0.249910 0.249910
34700 31.156376 31.156376 31.156376 0.249910 0.249910 0.249910
34800 31.156376 31.156376 31.156376 0.249910 0.249910 0.249910
34900 31.156376 31.156376 31.156376 0.249910 0.249910 0.249910
35000 31.156376 31.156376 31.156376 0.249910 0.249910 0.249910
35100 31.156376 31.156376 31.156376 0.249910 0.249910 0.249910
35200 31.156376 31.156376 31.156376 0.249910 0.249910 0.249910
35300 31.156376 31.156376 31.156376 0.249910 0.249910 0.249910
35400 31.156376 31.156376 31.156376 0.249910 0.249910 0.249910
35500 31.156376 31.156376 31.156376 0.249910 0.249910 0.249910
35600 31.156376 31.156376 31.156376 0.249910 0.249910 0.249910
35700 31.156376 31.156376 31.156376 0.249910 0.249910 0.249910
35800 31.156376 31.156376 31.156376 0.249910 0.249910 0.249910
35900 31.156376 31.156376 31.156376 0.249910 0.249910 0.249910
36000 31.156376 31.156376 31.156376 0.249910 0.249910 0.249910
36100 31.156376 31.156376 31.156376 0.249910 0.249910 0.249910
36200 31.156376 31.156376 31.156376 0.249910 0.249910 0.249910
36300 31.156376 31.156376 31.156376 0.249910 0.249910 0.249910
36400 31.156376 31.156376 31.156376 0.249910 0.249910 0.249910
36500 31.156376 31.156376 31.156376 0.249910 0.249910 0.249910
36600 31.156376 31.156376 31.156376 0.249910 0.249910 0.249910
36700 31.156376 31.156376 31.156376 0.249910 0.249910 0.249910
36800 31.156376 31.156376 31.156376 0.249910 0.249910 0.249910
36900 31.156376 31.156376 31.156376 0.249910 0.249910 0.249910
37000 31.156376 31.156376 31.156376 0.249910 0.249910 0.249910
37100 31.156376 31.156376 31.156376 0.249910 0.249910 0.249910
37200 31.156376 31.156376 31.156376 0.249910 0.249910 0.249910
37300 31.156376 31.156376 31.156376 0.249910 0.249910 0.249910
37400 31.156376 31.156376 31.156376 0.249910 0.249910 0.249910
37500 31.156376 31.156376 31.156376 0.249910 0.249910 0.249910
37600 31.156376 31.156376 31.156376 0.249910 0.249910 0.249910
37700 31.156376 31.156376 31.156376 0.249910 0.249910 0.249910
37800 31.156376 31.156376 31.156376 0.249910 0.249910 0.249910
37900 31.156376 31.156376 31.156376 0.249910 0.249910 0.249910
38000 31.156376 31.156376 31.156376 0.249910 0.249910 0.249910
38100 31.156376 31.156376 31.156376 0.249910 0.249910 0.249910
38200 31.156376 31.156376 31.156376 0.249910 0.249910 0.249910
38300 31.156376 31.156376 31.156376 0.249910 0.249910 0.249910
38400 31.156376 31.156376 31.156376 0.249910 0.249910 0.249910
38500 31.156376 31.156376 31.156376 0.249910 0.249910 0.249910
38600 31.156376 31.156376 31.156376 0.249910 0.249910 0.249910
38700 31.156376 31.156376 31.156376 0.249910 0.249910 0.249910
38800 31.156376 31.156376 31.156376 0.249910 0.249910 0.249910
38900 31.156376 31.156376 31.156376 0.249910 0.249910 0.249910
39000 31.156376 31.156376 31.156376 0.249910 0.249910 0.249910
39100 31.156376 31.156376 31.156376 0.249910 0.249910 0.249910
39200 31.156376 31.156376 31.156376 0.249910 0.249910 0.249910
39300 31.156376 31.156376 31.156376 0.249910 0.249910 0.249910
39400 31.156376 31.156376 31.156376 0.249910 0.249910 0.249910
39500 31.156376 31.156376 31.156376 0.249910 0.249910 0.249910
39600 31.156376 31.156376 31.156376 0.249910 0.249910 0.249910
39700 31.156376 31.156376 31.156376 0.249910 0.249910 0.249910
39800 31.156376 31.156376 31.156376 0.249910 0.249910 0.249910
39900 31.156376 31.156376 31.156376 0.249910 0.249910 0.249910
40000 31.156376 31.156376 31.156376 0.249910 0.249910 0.249910
40100 31.156376 31.156376 31.156376 0.249910 0.249910 0.249910
40200 31.156376 31.156376 31.156376 0.249910 0.249910 0.249910
40300 31.156376 31.156376 31.156376 0.249910 0.249910 0.249910
40400 31.156376 31.156376 31.156376 0.249910 0.249910 0.249910
40500 31.156376 31.156376 31.156376 0.249910 0.249910 0.249910
40600 31.156376 31.156376 31.156376 0.249910 0.249910 0.249910
40700 31.156376 31.156376 31.156376 0.249910 0.249910 0.249910
40800 31.156376 31.156376 31.156376 0.249910 0.249910 0.249910
40900 31.156376 31.156376 31.156376 0.249910 0.249910 0.249910
41000 31.156376 31.156376 31.156376 0.249910 0.249910 0.249910
41100 31.156376 31.156376 31.156376 0.249910 0.249910 0.249910
41200 31.156376 31.156376 31.156376 0.249910 0.249910 0.249910
41300 31.156376 31.156376 31.156376 0.249910 0.249910 0.249910
41400 31.156376 31.156376 31.156376 0.249910 0.249910 0.249910
41500 31.156376 31.156376 31.156376 0.249910 0.249910 0.249910
41600 31.156376 31.156376 31.156376 0.249910 0.249910 0.249910
41700 31.156376 31.156376 31.156376 0.249910 0.249910 0.249910
41800 31.156376 31.156376 31.156376 0.249910 0.249910 0.249910
41900 31.156376 31.156376 31.156376 0.249910 0.249910 0.249910
42000 31.156376 31.156376 31.156376 0.249910 0.249910 0.249910
42100 31.156376 31.156376 31.156376 0.249910 0.249910 0.249910
42200 31.156376 31.156376 31.156376 0.249910 0.249910 0.249910
42300 31.156376 31.156376 31.156376 0.249910 0.249910 0.249910
42400 31.156376 31.156376 31.156376 0.249910 0.249910 0.249910
42500 31.156376 31.156376 31.156376 0.249910 0.249910 0.249910
42600 31.156376 31.156376 31.156376 0.249910 0.249910 0.249910
42700 31.156376 31.156376 31.156376 0.249910 0.249910 0.249910
42800 31.156376 31.156376 31.156376 0.249910 0.249910 0.249910
42900 31.156376 31.156376 31.156376 0.249910 0.249910 0.249910
43000 31.156376 31.156376 31.156376 0.249910 0.249910 0.249910
43100 31.156376 31.156376 31.156376 0.249910 0.249910 0.249910
43200 31.156376 31.156376 31.156376 0.249910 0.249910 0.249910
43300 31.156376 31.156376 31.156376 0.249910 0.249910 0.249910
43400 31.156376 31.156376 31.156376 0.249910 0.249910 0.249910
43500 31.156376 31.156376 31.156376 0.249910 0.249910 0.249910
43600 31.156376 31.156376 31.156376 0.249910 0.249910 0.249910
43700 31.156376 31.156376 31.156376 0.249910 0.249910 0.249910
43800 31.156376 31.156376 31.156376 0.249910 0.249910 0.249910
43900 31.156376 31.156376 31.156376 0.249910 0.249910 0.249910
44000 31.156376 31.156376 31.156376 0.249910 0.249910 0.249910
44100 31.156376 31.156376 31.156376 0.249910 0.249910 0.249910
44200 31.156376 31.156376 31.156376 0.249910 0.249910 0.249910
44300 31.156376 31.156376 31.156376 0.249910 0.249910 0.249910
44400 31.156376 31.156376 31.156376 0.249910 0.249910 0.249910
44500 31.156376 31.156376 31.156376 0.249910 0.249910 0.249910
44600 31.156376 31.156376 31.156376 0.249910 0.249910 0.249910
44700 31.156376 31.156376 31.156376 0.249910 0.249910 0.249910
44800 31.156376 31.156376 31.156376 0.249910 0.249910 0.249910
44900 31.156376 31.156376 31.156376 0.249910 0.249910 0.249910
45000 31.156376 31.156376 31.156376 0.249910 0.249910 0.249910
45100 31.156376 31.156376 31.156376 0.249910 0.249910 0.249910
45200 31.156376 31.156376 31.156376 0.249910 0.249910 0.249910
45300 31.156376 31.156376 31.156376 0.249910 0.249910 0.249910
45400 31.156376 31.156376 31.156376 0.249910 0.249910 0.249910
45500 31.156376 31.156376 31.156376 0.249910 0.249910 0.249910
45600 31.156376 31.156376 31.156376 0.249910 0.249910 0.249910
45700 31.156376 31.156376 31.156376 0.249910 0.249910 0.249910
45800 31.156376 31.156376 31.156376 0.249910 0.249910 0.249910
45900 31.156376 31.156376 31.156376 0.249910 0.249910 0.249910
46000 31.156376 31.156376 31.156376 0.249910 0.249910 0.249910
46100 31.156376 31.156376 31.156376 0.249910 0.249910 0.249910
46200 31.156376 31.156376 31.156376 0.249910 0.249910 0.249910
46300 31.156376 31.156376 31.156376 0.249910 0.249910 0.249910
46400 31.156376 31.156376 31.156376 0.249910 0.249910 0.249910
46500 31.156376 31.156376 31.156376 0.249910 0.249910 0.249910
46600 31.156376 31.156376 31.156376 0.249910 0.249910 0.249910
46700 31.156376 31.156376 31.156376 0.249910 0.249910 0.249910
46800 31.156376 31.156376 31.156376 0.249910 0.249910 0.249910
46900 31.156376 31.156376 31.156376 0.249910 0.249910 0.249910
47000 31.156376 31.156376 31.156376 0.249910 0.249910 0.249910
47100 31.156376 31.156376 31.156376 0.249910 0.249910 0.249910
47200 31.156376 31.156376 31.156376 0.249910 0.249910 0.249910
47300 31.156376 31.156376 31.156376 0.249910 0.249910 0.249910
47400 31.156376 31.156376 31.156376 0.249910 0.249910 0.249910
47500 31.156376 31.156376 31.156376 0.249910 0.249910 0.249910
47600 31.156376 31.156376 31.156376 0.249910 0.249910 0.249910
47700 31.156376 31.156376 31.156376 0.249910 0.249910 0.249910
47800 31.156376 31.156376 31.156376 0.249910 0.249910 0.249910
47900 31.156376 31.156376 31.156376 0.249910 0.249910 0.249910
48000 31.156376 31.156376 31.156376 0.249910 0.249910 0.249910
48100 31.156376 31.156376 31.156376 0.249910 0.249910 0.249910
48200 31.156376 31.156376 31.156376 0.249910 0.249910 0.249910
48300 31.156376 31.156376 31.156376 0.249910 0.249910 0.249910
48400 31.156376 31.156376 31.156376 0.249910 0.249910 0.249910
48500 31.156376 31.156376 31.156376 0.249910 0.249910 0.249910
48600 31.156376 31.156376 31.156376 0.249910 0.249910 0.249910
48700 31.156376 31.156376 31.156376 0.249910 0.249910 0.249910
48800 31.156376 31.156376 31.156376 0.249910 0.249910 0.249910
48900 31.156376 31.156376 31.156376 0.249910 0.249910 0.249910
49000 31.156376 31.156376 31.156376 0.249910 0.249910 0.249910
49100 31.156376 31.156376 31.156376 0.249910 0.249910 0.249910
49200 31.156376 31.156376 31.156376 0.249910 0.249910 0.249910
49300 31.156376 31.156376 31.156376 0.249910 0.249910 0.249910
49400 31.156376 31.156376 31.156376 0.249910 0.249910 0.249910
49500 31.156376 31.156376 31.156376 0.249910 0.249910 0.249910
49600 31.156376 31.156376 31.156376 0.249910 0.249910 0.249910
49700 31.156376 31.156376 31.156376 0.249910 0.249910 0.249910
49800 31.156376 31.156376 31.156376 0.249910 0.249910 0.249910
49900 31.156376 31.156376 31.156376 0.249910 0.249910 0.249910
50000 31.156376 31.156376 31.156376 0.249910 0.249910 0.249910
50100 31.156376 31.156376 31.156376 0.249910 0.249910 0.249910
50200 31.156376 31.156376 31.156376 0.249910 0.249910 0.249910
50300 31.156376 31.156376 31.156376 0.249910 0.249910 0.249910
50400 31.156376 31.156376 31.156376 0.249910 0.249910 0.249910
50500 31.156376 31.156376 31.156376 0.249910 0.249910 0.249910
50600 31.156376 31.156376 31.156376 0.249910 0.249910 0.249910
50700 31.156376 31.156376 31.156376 0.249910 0.249910 0.249910
50800 31.156376 31.156376 31.156376 0.249910 0.249910 0.249910
50900 31.156376 31.156376 31.156376 0.249910 0.249910 0.249910
51000 31.156376 31.156376 31.156376 0.249910 0.249910 0.249910
51100 31.156376 31.156376 31.156376 0.249910 0.249910 0.249910
51200 31.156376 31.156376 31.156376 0.249910 0.249910 0.249910
51300 31.156376 31.156376 31.156376 0.249910 0.249910 0.249910
51400 31.156376 31.156376 31.156376 0.249910 0.249910 0.249910
51500 31.156376 31.156376 31.156376 0.249910 0.249910 0.249910
51600 31.156376 31.156376 31.156376 0.249910 0.249910 0.249910
51700 31.156376 31.156376 31.156376 0.249910 0.249910 0.249910
51800 31.156376 31.156376 31.156376 0.249910 0.249910 0.249910
51900 31.156376 31.156376 31.156376 0.249910 0.249910 0.249910
52000 31.156376 31.156376 31.156376 0.249910 0.249910 0.249910
52100 31.156376 31.156376 31.156376 0.249910 0.249910 0.249910
52200 31.156376 31.156376 31.156376 0.249910 0.249910 0.249910
52300 31.156376 31.156376 31.156376 0.249910 0.249910 0.249910
52400 31.156376 31.156376 31.156376 0.249910 0.249910 0.249910
52500 31.156376 31.156376 31.156376 0.249910 0.249910 0.249910
52600 31.156376 31.156376 31.156376 0.249910 0.249910 0.249910
52700 31.156376 31.156376 31.156376 0.249910 0.249910 0.249910
52800 31.156376 31.156376 31.156376 0.249910 0.249910 0.249910
52900 31.156376 31.156376 31.156376 0.249910 0.249910 0.249910
53000 31.156376 31.156376 31.156376 0.249910 0.249910 0.249910
53100 31.156376 31.156376 31.156376 0.249910 0.249910 0.249910
53200 31.156376 31.156376 31.156376 0.249910 0.249910 0.249910
53300 31.156376 31.156376 31.156376 0.249910 0.249910 0.249910
53400 31.156376 31.156376 31.156376 0.249910 0.249910 0.249910
53500 31.156376 31.156376 31.156376 0.249910 0.249910 0.249910
53600 31.156376 31.156376 31.156376 0.249910 0.249910 0.249910
53700 31.156376 31.156376 31.156376 0.249910 0.249910 0.249910
53800 31.156376 31.156376 31.156376 0.249910 0.249910 0.249910
53900 31.156376 31.156376 31.156376 0.249910 0.249910 0.249910
54000 31.156376 31.156376 31.156376 0.249910 0.249910 0.249910
54100 31.156376 31.156376 31.156376 0.249910 0.249910 0.249910
54200 31.156376 31.156376 31.156376 0.249910 0.249910 0.249910
54300 31.156376 31.156376 31.156376 0.249910 0.249910 0.249910
54400 31.156376 31.156376 31.156376 0.249910 0.249910 0.249910
54500 31.156376 31.156376 31.156376 0.249910 0.249910 0.249910
54600 31.156376 31.156376 31.156376 0.249910 0.249910 0.249910
54700 31.156376 31.156376 31.156376 0.249910 0.249910 0.249910
54800 31.156376 31.156376 31.156376 0.249910 0.249910 0.249910
54900 31.156376 31.156376 31.156376 0.249910 0.249910 0.249910
55000 31.156376 31.156376 31.156376 0.249910 0.249910 0.249910
55100 31.156376 31.156376 31.156376 0.249910 0.249910 0.249910
55200 31.156376 31.156376 31.156376 0.249910 0.249910 0.249910
55300 31.156376 31.156376 31.156376 0.249910 0.249910 0.249910
55400 31.156376 31.156376 31.156376 0.249910 0.249910 0.249910
55500 31.156376 31.156376 31.156376 0.249910 0.249910 0.249910
55600 31.156376 31.156376 31.156376 0.249910 0.249910 0.249910
55700 31.156376 31.156376 31.156376 0.249910 0.249910 0.249910
55800 31.156376 31.156376 31.156376 0.249910 0.249910 0.249910
55900 31.156376 31.156376 31.156376 0.249910 0.249910 0.249910
56000 31.156376 31.156376 31.156376 0.249910 0.249910 0.249910
56100 31.156376 31.156376 31.156376 0.249910 0.249910 0.249910
56200 31.156376 31.156376 31.156376 0.249910 0.249910 0.249910
56300 31.156376 31.156376 31.156376 0.249910 0.249910 0.249910
56400 31.156376 31.156376 31.156376 0.249910 0.249910 0.249910
56500 31.156376 31.156376 31.156376 0.249910 0.249910 0.249910
56600 31.156376 31.156376 31.156376 0.249910 0.249910 0.249910
56700 31.156376 31.156376 31.156376 0.249910 0.249910 0.249910
56800 31.156376 31.156376 31.156376 0.249910 0.249910 0.249910
56900 31.156376 31.156376 31.156376 0.249910 0.249910 0.249910
57000 31.156376 31.156376 31.156376 0.249910 0.249910 0.249910
57100 31.156376 31.156376 31.156376 0.249910 0.249910 0.249910
57200 31.156376 31.156376 31.156376 0.249910 0.249910 0.249910
57300 31.156376 31.156376 31.156376 0.249910 0.249910 0.249910
57400 31.156376 31.156376 31.156376 0.249910 0.249910 0.249910
57500 31.156376 31.156376 31.156376 0.249910 0.249910 0.249910
57600 31.156376 31.156376 31.156376 0.249910 0.249910 0.249910
57700 31.156376 31.156376 31.156376 0.249910 0.249910 0.249910
57800 31.156376 31.156376 31.156376 0.249910 0.249910 0.249910
57900 31.156376 31.156376 31.156376 0.249910 0.249910 0.249910
58000 31.156376 31.156376 31.156376 0.249910 0.249910 0.249910
58100 31.156376 31.156376 31.156376 0.249910 0.249910 0.249910
58200 31.156376 31.156376 31.156376 0.249910 0.249910 0.249910
58300 31.156376 31.156376 31.156376 0.249910 0.249910 0.249910
58400 31.156376 31.156376 31.156376 0.249910 0.249910 0.249910
58500 31.156376 31.156376 31.156376 0.249910 0.249910 0.249910
58600 31.156376 31.156376 31.156376 0.249910 0.249910 0.249910
58700 31.156376 31.156376 31.156376 0.249910 0.249910 0.249910
58800 31.156376 31.156376 31.156376 0.249910 0.249910 0.249910
58900 31.156376 31.156376 31.156376 0.249910 0.249910 0.249910
59000 31.156376 31.156376 31.156376 0.249910 0.249910 0.249910
59100 31.156376 31.156376 31.156376 0.249910 0.249910 0.249910
59200 31.156376 31.156376 31.156376 0.249910 0.249910 0.249910
59300 31.156376 31.156376 31.156376 0.249910 0.249910 0.249910
59400 31.156376 31.156376 31.156376 0.249910 0.249910 0.249910
59500 31.156376 31.156376 31.156376 0.249910 0.249910 0.249910
59600 31.156376 31.156376 31.156376 0.249910 0.249910 0.249910
59700 31.156376 31.156376 31.156376 0.249910 0.249910 0.249910
59800 31.156376 31.156376 31.156376 0.249910 0.249910 0.249910
59900 31.156376 31.156376 31.156376 0.249910 0.249910 0.249910
60000 31.156376 31.156376 31.156376 0.249910 0.249910 0.249910
60100 31.156376 31.156376 31.156376 0.249910 0.249910 0.249910
60200 31.156376 31.156376 31.156376 0.249910 0.249910 0.249910
60300 31.156376 31.156376 31.156376 0.249910 0.249910 0.249910
60400 31.156376 31.156376 31.156376 0.249910 0.249910 0.249910
60500 31.156376 31.156376 31.156376 0.249910 0.249910 0.249910
60600 31.156376 31.156376 31.156376 0.249910 0.249910 0.249910
60700 31.156376 31.156376 31.156376 0.249910 0.249910 0.249910
60800 31.156376 31.156376 31.156376 0.249910 0.249910 0.249910
60900 31.156376 31.156376 31.156376 0.249910 0.249910 0.249910
61000 31.156376 31.156376 31.156376 0.249910 0.249910 0.249910
61100 31.156376 31.156376 31.156376 0.249910 0.249910 0.249910
61200 31.156376 31.156376 31.156376 0.249910 0.249910 0.249910
61300 31.156376 31.156376 31.156376 0.249910 0.249910 0.249910
61400 31.156376 31.156376 31.156376 0.249910 0.249910 0.249910
61500 31.156376 31.156376 31.156376 0.249910 0.249910 0.249910
61600 31.156376 31.156376 31.156376 0.249910 0.249910 0.249910
61700 31.156376 31.156376 31.156376 0.249910 0.249910 0.249910
61800 31.156376 31.156376 31.156376 0.249910 0.249910 0.249910
61900 31.156376 31.156376 31.156376 0.249910 0.249910 0.249910
62000 31.156376 31.156376 31.156376 0.249910 0.249910 0.249910
62100 31.156376 31.156376 31.156376 0.249910 0.249910 0.249910
62200 31.156376 31.156376 31.156376 0.249910 0.249910 0.249910
62300 31.156376 31.156376 31.156376 0.249910 0.249910 0.249910
62400 31.156376 31.156376 31.156376 0.249910 0.249910 0.249910
62500 31.156376 31.156376 31.156376 0.249910 0.249910 0.249910
62600 31.156376 31.156376 31.156376 0.249910 0.249910 0.249910
62700 31.156376 31.156376 31.156376 0.249910 0.249910 0.249910
62800 31.156376 31.156376 31.156376 0.249910 0.249910 0.249910
62900 31.156376 31.156376 31.156376 0.249910 0.249910 0.249910
63000 31.156376 31.156376 31.156376 0.249910 0.249910 0.249910
63100 31.156376 31.156376 31.156376 0.249910 0.249910 0.249910
63200 31.156376 31.156376 31.156376 0.249910 0.249910 0.249910
63300 31.156376 31.156376 31.156376 0.249910 0.249910 0.249910
63400 31.156376 31.156376 31.156376 0.249910 0.249910 0.249910
63500 31.156376 31.156376 31.156376 0.249910 0.249910 0.249910
63600 31.156376 31.156376 31.156376 0.249910 0.249910 0.249910
63700 31.156376 31.156376 31.156376 0.249910 0.249910 0.249910
63800 31.156376 31.156376 31.156376 0.249910 0.249910 0.249910
63900 31.156376 31.156376 31.156376 0.249910 0.249910 0.249910
64000 31.156376 31.156376 31.156376 0.249910 0.249910 0.249910
64100 31.156376 31.156376 31.156376 0.249910 0.249910 0.249910
64200 31.156376 31.156376 31.156376 0.249910 0.249910 0.249910
64300 31.156376 31.156376 31.156376 0.249910 0.249910 0.249910
64400 31.156376 31.156376 31.156376 0.249910 0.249910 0.249910
64500 31.156376 31.156376 31.156376 0.249910 0.249910 0.249910
64600 31.156376 31.156376 31.156376 0.249910 0.249910 0.249910
64700 31.156376 31.156376 31.156376 0.249910 0.249910 0.249910
64800 31.156376 31.156376 31.156376 0.249910 0.249910 0.249910
64900 31.156376 31.156376 31.156376 0.249910 0.249910 0.249910
65000 31.156376 31.156376 31.156376 0.249910 0.249910 0.249910
65100 31.156376 31.156376 31.156376 0.249910 0.249910 0.249910
65200 31.156376 31.156376 31.156376 0.249910 0.249910 0.249910
65300 31.156376 31.156376 31.156376 0.249910 0.249910 0.249910
65400 31.156376 31.156376 31.156376 0.249910 0.249910 0.249910
65500 31.156376 31.156376 31.156376 0.249910 0.249910 0.249910
65600 31.156376 31.156376 31.156376 0.249910 0.249910 0.249910
65700 31.156376 31.156376 31.156376 0.249910 0.249910 0.249910
65800 31.156376 31.156376 31.156376 0.249910 0.249910 0.249910
65900 31.156376 31.156376 31.156376 0.249910 0.249910 0.249910
66000 31.156376 31.156376 31.156376 0.249910 0.249910 0.249910
66100 31.156376 31.156376 31.156376 0.249910 0.249910 0.249910
66200 31.156376 31.156376 31.156376 0.249910 0.249910 0.249910
66300 31.156376 31.156376 31.156376 0.249910 0.249910 0.249910
66400 31.156376 31.156376 31.156376 0.249910 0.249910 0.249910
66500 31.156376 31.156376 31.156376 0.249910 0.249910 0.249910
66600 31.156376 31.156376 31.156376 0.249910 0.249910 0.249910
66700 31.156376 31.156376 31.156376 0.249910 0.249910 0.249910
66800 31.156376 31.156376 31.156376 0.249910 0.249910 0.249910
66900 31.156376 31.156376 31.156376 0.249910 0.249910 0.249910
67000 31.156376 31.156376 31.156376 0.249910 0.249910 0.249910
67100 31.156376 31.156376 31.156376 0.249910 0.249910 0.249910
67200 31.156376 31.156376 31.156376 0.249910 0.249910 0.249910
67300 31.156376 31.156376 31.156376 0.249910 0.249910 0.249910
67400 31.156376 31.156376 31.156376 0.249910 0.249910 0.249910
67500 31.156376 31.156376 31.156376 0.249910 0.249910 0.249910
67600 31.156376 31.156376 31.156376 0.249910 0.249910 0.249910
67700 31.156376 31.156376 31.156376 0.249910 0.249910 0.249910
67800 31.156376 31.156376 31.156376 0.249910 0.249910 0.249910
67900 31.156376 31.156376 31.156376 0.249910 0.249910 0.249910
68000 31.156376 31.156376 31.156376 0.249910 0.249910 0.249910
68100 31.156376 31.156376 31.156376 0.249910 0.249910 0.249910
68200 31.156376 31.156376 31.156376 0.249910 0.249910 0.249910
68300 31.156376 31.156376 31.156376 0.249910 0.249910 0.249910
68400 31.156376 31.156376 31.156376 0.249910 0.249910 0.249910
68500 31.156376 31.156376 31.156376 0.249910 0.249910 0.249910
68600 31.156376 31.156376 31.156376 0.249910 0.249910 0.249910
68700 31.156376 31.156376 31.156376 0.249910 0.249910 0.249910
68800 31.156376 31.156376 31.156376 0.249910 0.249910 0.249910
68900 31.156376 31.156376 31.156376 0.249910 0.249910 0.249910
69000 31.156376 31.156376 31.156376 0.249910 0.249910 0.249910
69100 31.156376 31.156376 31.156376 0.249910 0.249910 0.249910
69200 31.156376 31.156376 31.156376 0.249910 0.249910 0.249910
69300 31.156376 31.156376 31.156376 0.249910 0.249910 0.249910
69400 31.156376 31.156376 31.156376 0.249910 0.249910 0.249910
69500 31.156376 31.156376 31.156376 0.249910 0.249910 0.249910
69600 31.156376 31.156376 31.156376 0.249910 0.249910 0.249910
69700 31.156376 31.156376 31.156376 0.249910 0.249910 0.249910
69800 31.156376 31.156376 31.156376 0.249910 0.249910 0.249910
69900 31.156376 31.156376 31.156376 0.249910 0.249910 0.249910
70000 31.156376 31.156376 31.156376 0.249910 0.249910 0.249910
70100 31.156376 31.156376 31.156376 0.249910 0.249910 0.249910
70200 31.156376 31.156376 31.156376 0.249910 0.249910 0.249910
70300 31.156376 31.156376 31.156376 0.249910 0.249910 0.249910
70400 31.156376 31.156376 31.156376 0.249910 0.249910 0.249910
70500 31.156376 31.156376 31.156376 0.249910 0.249910 0.249910
70600 31.156376 31.156376 31.156376 0.249910 0.249910 0.249910
70700 31.156376 31.156376 31.156376 0.249910 0.249910 0.249910
70800 31.156376 31.156376 31.156376 0.249910 0.249910 0.249910
70900 31.156376 31.156376 31.156376 0.249910 0.249910 0.249910
71000 31.156376 31.156376 31.156376 0.249910 0.249910 0.249910
71100 31.156376 31.156376 31.156376 0.249910 0.249910 0.249910
71200 31.156376 31.156376 31.156376 0.249910 0.249910 0.249910
71300 31.156376 31.156376 31.156376 0.249910 0.249910 0.249910
71400 31.156376 31.156376 31.156376 0.249910 0.249910 0.249910
71500 31.156376 31.156376 31.156376 0.249910 0.249910 0.249910
71600 31.156376 31.156376 31.156376 0.249910 0.249910 0.249910
71700 31.156376 31.156376 31.156376 0.249910 0.249910 0.249910
71800 31.156376 31.156376 31.156376 0.249910 0.249910 0.249910
71900 31.156376 31.156376 31.156376 0.249910 0.249910 0.249910
72000 31.156376 31.156376 31.156376 0.249910 0.249910 0.249910
72100 31.156376 31.156376 31.156376 0.249910 0.249910 0.249910
72200 31.156376 31.156376 31.156376 0.249910 0.249910 0.249910
72300 31.156376 31.156376 31.156376 0.249910 0.249910 0.249910
72400 31.156376 31.156376 31.156376 0.249910 0.249910 0.249910
72500 31.156376 31.156376 31.156376 0.249910 0.249910 0.249910
72600 31.156376 31.156376 31.156376 0.249910 0.249910 0.249910
72700 31.156376 31.156376 31.156376 0.249910 0.249910 0.249910
72800 31.156376 31.156376 31.156376 0.249910 0.249910 0.249910
72900 31.156376 31.156376 31.156376 0.249910 0.249910 0.249910
73000 31.156376 31.156376 31.156376 0.249910 0.249910 0.249910
73100 31.156376 31.156376 31.156376 0.249910 0.249910 0.249910
73200 31.156376 31.156376 31.156376 0.249910 0.249910 0.249910
73300 31.156376 31.156376 31.156376 0.249910 0.249910 0.249910
73400 31.156376 31.156376 31.156376 0.249910 0.249910 0.249910
73500 31.156376 31.156376 31.156376 0.249910 0.249910 0.249910
73600 31.156376 31.156376 31.156376 0.249910 0.249910 0.249910
73700 31.156376 31.156376 31.156376 0.249910 0.249910 0.249910
73800 31.156376 31.156376 31.156376 0.249910 0.249910 0.249910
73900 31.156376 31.156376 31.156376 0.249910 0.249910 0.249910
74000 31.156376 31.156376 31.156376 0.249910 0.249910 0.249910
74100 31.156376 31.156376 31.156376 0.249910 0.249910 0.249910
74200 31.156376 31.156376 31.156376 0.249910 0.249910 0.249910
74300 31.156376 31.156376 31.156376 0.249910 0.249910 0.249910
74400 31.156376 31.156376 31.156376 0.249910 0.249910 0.249910
74500 31.156376 31.156376 31.156376 0.249910 0.249910 0.249910
74600 31.156376 31.156376 31.156376 0.249910 0.249910 0.249910
74700 31.156376 31.156376 31.156376 0.249910 0.249910 0.249910
74800 31.156376 31.156376 31.156376 0.249910 0.249910 0.249910
74900 31.156376 31.156376 31.156376 0.249910 0.249910 0.249910
75000 31.156376 31.156376 31.156376 0.249910 0.249910 0.249910
75100 31.156376 31.156376 31.156376 0.249910 0.249910 0.249910
75200 31.156376 31.156376 31.156376 0.249910 0.249910 0.249910
75300 31.156376 31.156376 31.156376 0.249910 0.249910 0.249910
75400 31.156376 31.156376 31.156376 0.249910 0.249910 0.249910
75500 31.156376 31.156376 31.156376 0.249910 0.249910 0.249910
75600 31.156376 31.156376 31.156376 0.249910 0.249910 0.249910
75700 31.156376 31.156376 31.156376 0.249910 0.249910 0.249910
75800 31.156376 31.156376 31.156376 0.249910 0.249910 0.249910
75900 31.156376 31.156376 31.156376 0.249910 0.249910 0.249910
76000 31.156376 31.156376 31.156376 0.249910 0.249910 0.249910
76100 31.156376 31.156376 31.156376 0.249910 0.249910 0.249910
76200 31.156376 31.156376 31.156376 0.249910 0.249910 0.249910
76300 31.156376 31.156376 31.156376 0.249910 0.249910 0.249910
76400 31.156376 31.156376 31.156376 0.249910 0.249910 0.249910
76500 31.156376 31.156376 31.156376 0.249910 0.249910 0.249910
76600 31.156376 31.156376 31.156376 0.249910 0.249910 0.249910
76700 31.156376 31.156376 31.156376 0.249910 0.249910 0.249910
76800 31.156376 31.156376 31.156376 0.249910 0.249910 0.249910
76900 31.156376 31.156376 31.156376 0.249910 0.249910 0.249910
77000 31.156376 31.156376 31.156376 0.249910 0.249910 0.249910
77100 31.156376 31.156376 31.156376 0.249910 0.249910 0.249910
77200 31.156376 31.156376 31.156376 0.249910 0.249910 0.249910
77300 31.156376 31.156376 31.156376 0.249910 0.249910 0.249910
77400 31.156376 31.156376 31.156376 0.249910 0.249910 0.249910
77500 31.156376 31.156376 31.156376 0.249910 0.249910 0.249910
77600 31.156376 31.156376 31.156376 0.249910 0.249910 0.249910
77700 31.156376 31.156376 31.156376 0.249910 0.249910 0.249910
77800 31.156376 31.156376 31.156376 0.249910 0.249910 0.249910
77900 31.156376 31.156376 31.156376 0.249910 0.249910 0.249910
78000 31.156376 31.156376 31.156376 0.249910 0.249910 0.249910
78100 31.156376 31.156376 31.156376 0.249910 0.249910 0.249910
78200 31.156376 31.156376 31.156376 0.249910 0.249910 0.249910
78300 31.156376 31.156376 31.156376 0.249910 0.249910 0.249910
78400 31.156376 31.156376 31.156376 0.249910 0.249910 0.249910
78500 31.156376 31.156376 31.156376 0.249910 0.249910 0.249910
78600 31.156376 31.156376 31.156376 0.249910 0.249910 0.249910
78700 31.156376 31.156376 31.156376 0.249910 0.249910 0.249910
78800 31.156376 31.156376 31.156376 0.249910 0.249910 0.249910
78900 31.156376 31.156376 31.156376 0.249910 0.249910 0.249910
79000 31.156376 31.156376 31.156376 0.249910 0.249910 0.249910
79100 31.156376 31.156376 31.156376 0.249910 0.249910 0.249910
79200 31.156376 31.156376 31.156376 0.249910 0.249910 0.249910
79300 31.156376 31.156376 31.156376 0.249910 0.249910 0.249910
79400 31.156376 31.156376 31.156376 0.249910 0.249910 0.249910
79500 31.156376 31.156376 31.156376 0.249910 0.249910 0.249910
79600 31.156376 31.156376 31.156376 0.249910 0.249910 0.249910
79700 31.156376 31.156376 31.156376 0.249910 0.249910 0.249910
79800 31.156376 31.156376 31.156376 0.249910 0.249910 0.249910
79900 31.156376 31.156376 31.156376 0.249910 0.249910 0.249910
80000 31.156376 31.156376 31.156376 0.249910 0.249910 0.249910
80100 31.156376 31.156376 31.156376 0.249910 0.249910 0.249910
80200 31.156376 31.156376 31.156376 0.249910 0.249910 0.249910
80300 31.156376 31.156376 31.156376 0.249910 0.249910 0.249910
80400 31.156376 31.156376 31.156376 0.249910 0.249910 0.249910
80500 31.156376 31.156376 31.156376 0.249910 0.249910 0.249910
80600 31.156376 31.156376 31.156376 0.249910 0.249910 0.249910
80700 31.156376 31.156376 31.156376 0.249910 0.249910 0.249910
80800 31.156376 31.156376 31.156376 0.249910 0.249910 0.249910
80900 31.156376 31.156376 31.156376 0.249910 0.249910 0.249910
81000 31.156376 31.156376 31.156376 0.249910 0.249910 0.249910
81100 31.156376 31.156376 31.156376 0.249910 0.249910 0.249910
81200 31.156376 31.156376 31.156376 0.249910 0.249910 0.249910
81300 31.156376 31.156376 31.156376 0.249910 0.249910 0.249910
81400 31.156376 31.156376 31.156376 0.249910 0.249910 0.249910
81500 31.156376 31.156376 31.156376 0.249910 0.249910 0.249910
81600 31.156376 31.156376 31.156376 0.249910 0.249910 0.249910
81700 31.156376 31.156376 31.156376 0.249910 0.249910 0.249910
81800 31.156376 31.156376 31.156376 0.249910 0.249910 0.249910
81900 31.156376 31.156376 31.156376 0.249910 0.249910 0.249910
82000 31.156376 31.156376 31.156376 0.249910 0.249910 0.249910
82100 31.156376 31.156376 31.156376 0.249910 0.249910 0.249910
82200 31.156376 31.156376 31.156376 0.249910 0.249910 0.249910
82300 31.156376 31.156376 31.156376 0.249910 0.249910 0.249910
82400 31.156376 31.156376 31.156376 0.249910 0.249910 0.249910
82500 31.156376 31.156376 31.156376 0.249910 0.249910 0.249910
82600 31.156376 31.156376 31.156376 0.249910 0.249910 0.249910
82700 31.156376 31.156376 31.156376 0.249910 0.249910 0.249910
82800 31.156376 31.156376 31.156376 0.249910 0.249910 0.249910
82900 31.156376 31.156376 31.156376 0.249910 0.249910 0.249910
83000 31.156376 31.156376 31.156376 0.249910 0.249910 0.249910
83100 31.156376 31.156376 31.156376 0.249910 0.249910 0.249910
83200 31.156376 31.156376 31.156376 0.249910 0.249910 0.249910
83300 31.156376 31.156376 31.156376 0.249910 0.249910 0.249910
83400 31.156376 31.156376 31.156376 0.249910 0.249910 0.249910
83500 31.156376 31.156376 31.156376 0.249910 0.249910 0.249910
83600 31.156376 31.156376 31.156376 0.249910 0.249910 0.249910
83700 31.156376 31.156376 31.156376 0.249910 0.249910 0.249910
83800 31.156376 31.156376 31.156376 0.249910 0.249910 0.249910
83900 31.156376 31.156376 31.156376 0.249910 0.249910 0.249910
84000 31.156376 31.156376 31.156376 0.249910 0.249910 0.249910
84100 31.156376 31.156376 31.156376 0.249910 0.249910 0.249910
84200 31.156376 31.156376 31.156376 0.249910 0.249910 0.249910
84300 31.156376 31.156376 31.156376 0.249910 0.249910 0.249910
84400 31.156376 31.156376 31.156376 0.249910 0.249910 0.249910
84500 31.156376 31.156376 31.156376 0.249910 0.249910 0.249910
84600 31.156376 31.156376 31.156376 0.249910 0.249910 0.249910
84700 31.156376 31.156376 31.156376 0.249910 0.249910 0.249910
84800 31.156376 31.156376 31.156376 0.249910 0.249910 0.249910
84900 31.156376 31.156376 31.156376 0.249910 0.249910 0.249910
85000 31.156376 31.156376 31.156376 0.249910 0.249910 0.249910
85100 31.156376 31.156376 31.156376 0.249910 0.249910 0.249910
85200 31.156376 31.156376 31.156376 0.249910 0.249910 0.249910
85300 31.156376 31.156376 31.156376 0.249910 0.249910 0.249910
85400 31.156376 31.156376 31.156376 0.249910 0.249910 0.249910
85500 31.156376 31.156376 31.156376 0.249910 0.249910 0.249910
85600 31.156376 31.156376 31.156376 0.249910 0.249910 0.249910
85700 31.156376 31.156376 31.156376 0.249910 0.249910 0.249910
85800 31.156376 31.156376 31.156376 0.249910 0.249910 0.249910
85900 31.156376 31.156376 31.156376 0.249910 0.249910 0.249910
86000 31.156376 31.156376 31.156376 0.249910 0.249910 0.249910
86100 31.156376 31.156376 31.156376 0.249910 0.249910 0.249910
86200 31.156376 31.156376 31.156376 0.249910 0.249910 0.249910
86300 31.156376 31.156376 31.156376 0.249910 0.249910 0.249910
86400 31.156376 31.156376 31.156376 0.249910 0.249910 0.249910
86500 31.156376 31.156376 31.156376 0.249910 0.249910 0.249910
86600 31.156376 31.156376 31.156376 0.249910 0.249910 0.249910
86700 31.156376 31.156376 31.156376 0.249910 0.249910 0.249910
86800 31.156376 31.156376 31.156376 0.249910 0.249910 0.249910
86900 31.156376 31.156376 31.156376 0.249910 0.249910 0.249910
87000 31.156376 31.156376 31.156376 0.249910 0.249910 0.249910
87100 31.156376 31.156376 31.156376 0.249910 0.249910 0.249910
87200 31.156376 31.156376 31.156376 0.249910 0.249910 0.249910
87300 31.156376 31.156376 31.156376 0.249910 0.249910 0.249910
87400 31.156376 31.156376 31.156376 0.249910 0.249910 0.249910
87500 31.156376 31.156376 31.156376 0.249910 0.249910 0.249910
87600 31.156376 31.156376 31.156376 0.249910 0.249910 0.249910
87700 31.156376 31.156376 31.156376 0.249910 0.249910 0.249910
87800 31.156376 31.156376 31.156376 0.249910 0.249910 0.249910
87900 31.156376 31.156376 31.156376 0.249910 0.249910 0.249910
88000 31.156376 31.156376 31.156376 0.249910 0.249910 0.249910
88100 31.156376 31.156376 31.156376 0.249910 0.249910 0.249910
88200 31.156376 31.156376 31.156376 0.249910 0.249910 0.249910
88300 31.156376 31.156376 31.156376 0.249910 0.249910 0.249910
88400 31.156376 31.156376 31.156376 0.249910 0.249910 0.249910
88500 31.156376 31.156376 31.156376 0.249910 0.249910 0.249910
88600 31.156376 31.156376 31.156376 0.249910 0.249910 0.249910
88700 31.156376 31.156376 31.156376 0.249910 0.249910 0.249910
88800 31.156376 31.156376 31.156376 0.249910 0.249910 0.249910
88900 31.156376 31.156376 31.156376 0.249910 0.249910 0.249910
89000 31.156376 31.156376 31.156376 0.249910 0.249910 0.249910
89100 31.156376 31.156376 31.156376 0.249910 0.249910 0.249910
89200 31.156376 31.156376 31.156376 0.249910 0.249910 0.249910
89300 31.156376 31.156376 31.156376 0.249910 0.249910 0.249910
89400 31.156376 31.156376 31.156376 0.249910 0.249910 0.249910
89500 31.156376 31.156376 31.156376 0.249910 0.249910 0.249910
89600 31.156376 31.156376 31.156376 0.249910 0.249910 0.249910
89700 31.156376 31.156376 31.156376 0.249910 0.249910 0.249910
89800 31.156376 31.156376 31.156376 0.249910 0.249910 0.249910
89900 31.156376 31.156376 31.156376 0.249910 0.249910 0.249910
90000 31.156376 31.156376 31.156376 0.249910 0.249910 0.249910
90100 31.156376 31.156376 31.156376 0.249910 0.249910 0.249910
90200 31.156376 31.156376 31.156376 0.249910 0.249910 0.249910
90300 31.156376 31.156376 31.156376 0.249910 0.249910 0.249910
90400 31.156376 31.156376 31.156376 0.249910 0.249910 0.249910
90500 31.156376 31.156376 31.156376 0.249910 0.249910 0.249910
90600 31.156376 31.156376 31.156376 0.249910 0.249910 0.249910
90700 31.156376 31.156376 31.156376 0.249910 0.249910 0.249910
90800 31.156376 31.156376 31.156376 0.249910 0.249910 0.249910
90900 31.156376 31.156376 31.156376 0.249910 0.249910 0.249910
91000 31.156376 31.156376 31.156376 0.249910 0.249910 0.249910
91100 31.156376 31.156376 31.156376 0.249910 0.249910 0.249910
91200 31.156376 31.156376 31.156376 0.249910 0.249910 0.249910
91300 31.156376 31.156376 31.156376 0.249910 0.249910 0.249910
91400 31.156376 31.156376 31.156376 0.249910 0.249910 0.249910
91500 31.156376 31.156376 31.156376 0.249910 0.249910 0.249910
91600 31.156376 31.156376 31.156376 0.249910 0.249910 0.249910
91700 31.156376 31.156376 31.156376 0.249910 0.249910 0.249910
91800 31.156376 31.156376 31.156376 0.249910 0.249910 0.249910
91900 31.156376 31.156376 31.156376 0.249910 0.249910 0.249910
92000 31.156376 31.156376 31.156376 0.249910 0.249910 0.249910
92100 31.156376 31.156376 31.156376 0.249910 0.249910 0.249910
92200 31.156376 31.156376 31.156376 0.249910 0.249910 0.249910
92300 31.156376 31.156376 31.156376 0.249910 0.249910 0.249910
92400 31.156376 31.156376 31.156376 0.249910 0.249910 0.249910
92500 31.156376 31.156376 31.156376 0.249910 0.249910 0.249910
92600 31.156376 31.156376 31.156376 0.249910 0.249910 0.249910
92700 31.156376 31.156376 31.156376 0.249910 0.249910 0.249910
92800 31.156376 31.156376 31.156376 0.249910 0.249910 0.249910
92900 31.156376 31.156376 31.156376 0.249910 0.249910 0.249910
93000 31.156376 31.156376 31.156376 0.249910 0.249910 0.249910
93100 31.156376 31.156376 31.156376 0.249910 0.249910 0.249910
93200 31.156376 31.156376 31.156376 0.249910 0.249910 0.249910
93300 31.156376 31.156376 31.156376 0.249910 0.249910 0.249910
93400 31.156376 31.156376 31.156376 0.249910 0.249910 0.249910
93500 31.156376 31.156376 31.156376 0.249910 0.249910 0.249910
93600 31.156376 31.156376 31.156376 0.249910 0.249910 0.249910
93700 31.156376 31.156376 31.156376 0.249910 0.249910 0.249910
93800 31.156376 31.156376 31.156376 0.249910 0.249910 0.249910
93900 31.156376 31.156376 31.156376 0.249910 0.249910 0.249910
94000 31.156376 31.156376 31.156376 0.249910 0.249910 0.249910
94100 31.156376 31.156376 31.156376 0.249910 0.249910 0.249910
94200 31.156376 31.156376 31.156376 0.249910 0.249910 0.249910
94300 31.156376 31.156376 31.156376 0.249910 0.249910 0.249910
94400 31.156376 31.156376 31.156376 0.249910 0.249910 0.249910
94500 31.156376 31.156376 31.156376 0.249910 0.249910 0.249910
94600 31.156376 31.156376 31.156376 0.249910 0.249910 0.249910
94700 31.156376 31.156376 31.156376 0.249910 0.249910 0.249910
94800 31.156376 31.156376 31.156376 0.249910 0.249910 0.249910
94900 31.156376 31.156376 31.156376 0.249910 0.249910 0.249910
95000 31.156376 31.156376 31.156376 0.249910 0.249910 0.249910
95100 31.156376 31.156376 31.156376 0.249910 0.249910 0.249910
95200 31.156376 31.156376 31.156376 0.249910 0.249910 0.249910
95300 31.156376 31.156376 31.156376 0.249910 0.249910 0.249910
95400 31.156376 31.156376 31.156376 0.249910 0.249910 0.249910
95500 31.156376 31.156376 31.156376 0.249910 0.249910 0.249910
95600 31.156376 31.156376 31.156376 0.249910 0.249910 0.249910
95700 31.156376 31.156376 31.156376 0.249910 0.249910 0.249910
95800 31.156376 31.156376 31.156376 0.249910 0.249910 0.249910
95900 31.156376 31.156376 31.156376 0.249910 0.249910 0.249910
96000 31.156376 31.156376 31.156376 0.249910 0.249910 0.249910
96100 31.156376 31.156376 31.156376 0.249910 0.249910 0.249910
96200 31.156376 31.156376 31.156376 0.249910 0.249910 0.249910
96300 31.156376 31.156376 31.156376 0.249910 0.249910 0.249910
96400 31.156376 31.156376 31.156376 0.249910 0.249910 0.249910
96500 31.156376 31.156376 31.156376 0.249910 0.249910 0.249910
96600 31.156376 31.156376 31.156376 0.249910 0.249910 0.249910
96700 31.156376 31.156376 31.156376 0.249910 0.249910 0.249910
96800 31.156376 31.156376 31.156376 0.249910 0.249910 0.249910
96900 31.156376 31.156376 31.156376 0.249910 0.249910 0.249910
97000 31.156376 31.156376 31.156376 0.249910 0.249910 0.249910
97100 31.156376 31.156376 31.156376 0.249910 0.249910 0.249910
97200 31.156376 31.156376 31.156376 0.249910 0.249910 0.249910
97300 31.156376 31.156376 31.156376 0.249910 0.249910 0.249910
97400 31.156376 31.156376 31.156376 0.249910 0.249910 0.249910
97500 31.156376 31.156376 31.156376 0.249910 0.249910 0.249910
97600 31.156376 31.156376 31.156376 0.249910 0.249910 0.249910
97700 31.156376 31.156376 31.156376 0.249910 0.249910 0.249910
97800 31.156376 31.156376 31.156376 0.249910 0.249910 0.249910
97900 31.156376 31.156376 31.156376 0.249910 0.249910 0.249910
98000 31.156376 31.156376 31.156376 0.249910 0.249910 0.249910
98100 31.156376 31.156376 31.156376 0.249910 0.249910 0.249910
98200 31.156376 31.156376 31.156376 0.249910 0.249910 0.249910
98300 31.156376 31.156376 31.156376 0.249910 0.249910 0.249910
98400 31.156376 31.156376 31.156376 0.249910 0.249910 0.249910
98500 31.156376 31.156376 31.156376 0.249910 0.249910 0.249910
98600 31.156376 31.156376 31.156376 0.249910 0.249910 0.249910
98700 31.156376 31.156376 31.156376 0.249910 0.249910 0.249910
98800 31.156376 31.156376 31.156376 0.249910 0.249910 0.249910
98900 31.156376 31.156376 31.156376 0.249910 0.249910 0.249910
99000 31.156376 31.156376 31.156376 0.249910 0.249910 0.249910
99100 31.156376 31.156376 31.156376 0.249910 0.249910 0.249910
99200 31.156376 31.156376 31.156376 0.249910 0.249910 0.249910
99300 31.156376 31.156376 31.156376 0.249910 0.249910 0.249910
99400 31.156376 31.156376 31.156376 0.249910 0.249910 0.249910
99500 31.156376 31.156376 31.156376 0.249910 0.249910 0.249910
99600 31.156376 31.156376 31.156376 0.249910 0.249910 0.249910
99700 31.156376 31.156376 31.156376 0.249910 0.249910 0.249910
99800 31.156376 31.156376 31.156376 0.249910 0.249910 0.249910
99900 31.156376 31.156376 31.156376 0.249910 0.249910 0.249910
100000 31.724740 31.724740 31.724740 0.254652 0.254652 0.254652
