# generation power_min power_avg power_max util_min util_avg util_max
1 35.496680 53.952777 66.968852 0.388905 0.578768 0.828745
10 35.496680 52.529756 60.773645 0.408099 0.588780 0.828745
20 35.496680 51.226040 59.001519 0.446638 0.596960 0.828745
30 35.240128 49.922958 56.456903 0.460448 0.613261 0.838925
40 35.240128 48.653793 55.069878 0.460448 0.623418 0.838925
50 33.990730 47.572146 53.904772 0.460448 0.627253 0.838925
60 33.612495 46.442139 52.559450 0.460448 0.632282 0.838925
70 31.691796 45.308816 51.747591 0.460448 0.637244 0.863919
80 31.691796 44.280755 50.750447 0.466737 0.648293 0.886018
90 31.691796 43.225113 49.571876 0.466737 0.657809 0.917023
100 31.504420 42.089179 48.792701 0.467808 0.669733 0.917023
110 31.504420 40.801644 47.716215 0.484836 0.686738 0.917023
120 29.984558 39.510236 46.696095 0.484836 0.703067 0.917023
130 28.279165 38.179059 45.068264 0.495064 0.718968 0.917023
140 28.279165 36.933766 43.843400 0.495064 0.738150 0.917023
150 28.279165 35.921874 43.008190 0.550630 0.748100 0.917023
160 27.749529 34.741146 41.651296 0.569586 0.764194 0.917023
170 27.749529 33.792563 39.990100 0.599099 0.782349 0.917023
180 27.749529 32.844656 38.771761 0.628450 0.798866 0.952448
190 26.728171 31.891636 36.773704 0.630412 0.816579 0.972894
200 25.788746 31.082058 35.496680 0.670457 0.837193 0.977335
210 25.788746 30.370178 33.990730 0.670457 0.846541 0.977335
220 24.976296 29.791186 33.324546 0.700139 0.857895 0.977335
230 22.982511 29.143922 32.520339 0.723660 0.869479 0.977335
240 22.982511 28.515258 31.691796 0.728612 0.878316 0.977335
250 22.982511 27.883335 30.987125 0.728612 0.888141 0.978717
260 22.263691 27.304659 30.509656 0.754671 0.896211 1.019205
270 22.263691 26.696886 30.154939 0.754671 0.902124 1.019205
280 29.226873 26.219530 29.226873 0.754671 0.907257 1.019233
290 28.464765 25.683476 28.464765 0.787440 0.915751 1.019233
300 28.037585 25.188340 28.037585 0.787440 0.922040 1.019755
310 27.656300 24.694992 27.656300 0.801480 0.928743 1.019755
320 19.716556 24.188515 26.973376 0.818053 0.936768 1.025130
330 19.716556 23.770421 26.037872 0.847566 0.943805 1.025130
340 19.716556 23.334551 25.493379 0.848567 0.947641 1.025130
350 24.723583 22.987434 24.723583 0.848567 0.954195 1.028431
360 24.161486 22.657396 24.161486 0.886851 0.958330 1.028431
370 23.852818 22.363341 23.852818 0.886851 0.958626 1.028431
380 18.709330 22.017212 23.605799 0.886851 0.959995 1.028431
390 18.709330 21.768146 23.379913 0.886851 0.960693 1.028431
400 23.089970 21.389558 23.089970 0.886851 0.962904 1.028431
410 22.725081 21.023664 22.725081 0.886851 0.966798 1.028431
420 22.424070 20.765913 22.424070 0.886851 0.966404 1.032103
430 22.195641 20.433131 22.195641 0.890088 0.969746 1.032103
440 21.901495 20.053238 21.901495 0.890088 0.972994 1.032103
450 21.765805 19.723732 21.765805 0.890088 0.976241 1.032103
460 21.287489 19.358309 21.287489 0.890088 0.977531 1.042049
470 17.796970 19.055841 20.588048 0.890088 0.976937 1.042049
480 17.796970 18.782717 20.150313 0.897049 0.978589 1.042049
490 19.616488 18.656120 19.616488 0.897049 0.975009 1.042049
500 19.548719 18.511552 19.548719 0.897049 0.974057 1.042049
510 17.597425 18.384263 19.083368 0.897049 0.974289 1.036493
520 17.517378 18.280374 18.867979 0.927872 0.975290 1.036493
530 17.517378 18.198550 18.712048 0.927872 0.973456 1.020115
540 17.269125 18.107843 18.609919 0.927872 0.973807 1.013963
550 18.424406 18.012513 18.424406 0.928924 0.975921 1.013963
560 18.345577 17.913565 18.345577 0.928924 0.977094 1.013963
570 17.073650 17.814264 18.295468 0.939035 0.977047 1.013963
580 17.073650 17.749400 18.204854 0.939035 0.978327 1.013963
590 17.073650 17.671860 18.150173 0.939035 0.978072 1.013963
600 17.073650 17.600187 18.096090 0.939035 0.978518 1.013963
610 17.073650 17.532420 17.953542 0.941779 0.979350 1.013963
620 17.073650 17.480419 17.803768 0.941779 0.979308 1.013963
630 17.752332 17.424501 17.752332 0.943197 0.981531 1.013963
640 16.899097 17.365775 17.710149 0.943197 0.981915 1.013591
650 16.899097 17.317929 17.612739 0.943197 0.983224 1.013591
660 16.899097 17.267695 17.558175 0.943295 0.985359 1.013591
670 16.899097 17.224424 17.504797 0.943295 0.986739 1.013591
680 16.899097 17.186441 17.437276 0.943295 0.990056 1.013591
690 16.899097 17.155734 17.386932 0.943295 0.991350 1.006132
700 16.899097 17.122289 17.304408 0.968595 0.992783 1.006132
710 16.899097 17.092595 17.267486 0.968595 0.993675 1.006132
720 17.215807 17.064271 17.215807 0.968595 0.994468 1.006132
730 16.811449 17.041455 17.164779 0.968595 0.994764 1.006132
740 16.811449 17.017989 17.164779 0.968595 0.995269 1.006132
750 16.811449 16.993509 17.133258 0.968595 0.995665 1.006132
760 16.811449 16.979357 17.106853 0.968595 0.996216 1.003299
770 16.761201 16.952877 17.073650 0.971819 0.997439 1.003299
780 16.703114 16.927210 17.043380 0.988417 0.997710 1.003299
790 16.703114 16.911236 17.006967 0.991358 0.997552 1.003299
800 16.703114 16.896843 16.971193 0.991358 0.997704 1.002879
810 16.703114 16.887903 16.942978 0.991358 0.997726 1.002879
820 16.703114 16.878580 16.922926 0.986609 0.997346 1.002879
830 16.703114 16.869072 16.917207 0.986609 0.996988 1.002879
840 16.703114 16.865597 16.899097 0.986609 0.996600 1.002879
850 16.703114 16.866973 16.899097 0.986609 0.995848 1.002879
860 16.703114 16.867256 16.899097 0.986609 0.995165 1.002879
870 16.703114 16.865536 16.899097 0.986609 0.994479 1.002879
880 16.899097 16.861354 16.899097 0.984636 0.994092 1.002827
890 16.899097 16.852986 16.899097 0.984636 0.994158 1.002827
900 16.899097 16.842654 16.899097 0.984636 0.994510 1.002827
910 16.899097 16.831846 16.899097 0.984636 0.994742 1.002827
920 16.899097 16.820329 16.899097 0.984636 0.994832 1.002827
930 16.899097 16.805460 16.899097 0.984636 0.994945 1.002827
940 16.871888 16.793358 16.871888 0.984636 0.994918 1.002827
950 16.838487 16.787021 16.838487 0.984636 0.994885 1.002011
960 16.811449 16.779933 16.811449 0.984636 0.995267 1.002011
970 16.811449 16.774068 16.811449 0.984636 0.995892 1.002011
980 16.811449 16.766543 16.811449 0.984636 0.996562 1.002011
990 16.811449 16.756467 16.811449 0.984636 0.997197 1.002011
1000 16.598322 16.740699 16.811449 0.984636 0.997729 1.002011
1010 16.598322 16.727105 16.750840 0.984636 0.998153 1.002011
1020 16.598322 16.719286 16.750840 0.984636 0.998479 1.002011
1030 16.598322 16.708872 16.748414 0.984636 0.998491 1.002011
1040 16.598322 16.694597 16.736336 0.984636 0.997629 1.002011
1050 16.598322 16.693069 16.736336 0.984636 0.996964 1.002011
1060 16.597391 16.687996 16.736336 0.984636 0.996329 1.002011
1070 16.597391 16.686596 16.736336 0.984636 0.995230 1.002011
1080 16.597391 16.685706 16.736336 0.984636 0.993956 1.002011
1090 16.597391 16.686800 16.736336 0.984636 0.992219 1.002011
1100 16.597391 16.687594 16.736336 0.984636 0.990481 1.002011
1110 16.597391 16.688197 16.736336 0.984636 0.988744 1.002011
1120 16.597391 16.687647 16.736336 0.984636 0.987123 1.002011
1130 16.597391 16.682873 16.703114 0.984636 0.985967 0.996310
1140 16.597391 16.681286 16.692598 0.984636 0.985980 0.996310
1150 16.597391 16.678005 16.692598 0.984636 0.986360 0.996310
1160 16.597391 16.676101 16.692598 0.984636 0.986594 0.996310
1170 16.597391 16.673245 16.692598 0.984636 0.986944 0.996310
1180 16.597391 16.667533 16.692598 0.984636 0.987644 0.996310
1190 16.597391 16.658964 16.692598 0.984636 0.988695 0.996310
1200 16.597391 16.650923 16.692598 0.984636 0.989659 0.996310
1210 16.597391 16.642354 16.692598 0.984636 0.990710 0.996310
1220 16.597391 16.632834 16.692598 0.984636 0.991877 0.996310
1230 16.597391 16.623313 16.692598 0.984636 0.993045 0.996310
1240 16.597391 16.613792 16.692598 0.984636 0.994212 0.996310
1250 16.597391 16.604271 16.692598 0.984636 0.995379 0.996310
1260 16.597391 16.597391 16.597391 0.996310 0.996310 0.996310
1270 16.597391 16.597391 16.597391 0.996310 0.996310 0.996310
1280 16.597391 16.597391 16.597391 0.996310 0.996310 0.996310
1290 16.597391 16.597391 16.597391 0.996310 0.996310 0.996310
1300 16.597391 16.597391 16.597391 0.996310 0.996310 0.996310
1310 16.597391 16.597391 16.597391 0.996310 0.996310 0.996310
1320 16.597391 16.597391 16.597391 0.996310 0.996310 0.996310
1330 16.597391 16.597391 16.597391 0.996310 0.996310 0.996310
1340 16.597391 16.597391 16.597391 0.996310 0.996310 0.996310
1350 16.597391 16.597391 16.597391 0.996310 0.996310 0.996310
1360 16.597391 16.597391 16.597391 0.996310 0.996310 0.996310
1370 16.597391 16.597391 16.597391 0.996310 0.996310 0.996310
1380 16.597391 16.597391 16.597391 0.996310 0.996310 0.996310
1390 16.597391 16.597391 16.597391 0.996310 0.996310 0.996310
1400 16.597391 16.597391 16.597391 0.996310 0.996310 0.996310
1410 16.597391 16.597391 16.597391 0.996310 0.996310 0.996310
1420 16.597391 16.597391 16.597391 0.996310 0.996310 0.996310
1430 16.597391 16.597391 16.597391 0.996310 0.996310 0.996310
1440 16.597391 16.597391 16.597391 0.996310 0.996310 0.996310
1450 16.597391 16.597391 16.597391 0.996310 0.996310 0.996310
1460 16.597391 16.597391 16.597391 0.996310 0.996310 0.996310
1470 16.597391 16.597391 16.597391 0.996310 0.996310 0.996310
1480 16.597391 16.597391 16.597391 0.996310 0.996310 0.996310
1490 16.597391 16.597391 16.597391 0.996310 0.996310 0.996310
1500 16.597391 16.597391 16.597391 0.996310 0.996310 0.996310
1510 16.597391 16.597391 16.597391 0.996310 0.996310 0.996310
1520 16.597391 16.597391 16.597391 0.996310 0.996310 0.996310
1530 16.597391 16.597391 16.597391 0.996310 0.996310 0.996310
1540 16.597391 16.597391 16.597391 0.996310 0.996310 0.996310
1550 16.597391 16.597391 16.597391 0.996310 0.996310 0.996310
1560 16.597391 16.597391 16.597391 0.996310 0.996310 0.996310
1570 16.597391 16.597391 16.597391 0.996310 0.996310 0.996310
1580 16.597391 16.597391 16.597391 0.996310 0.996310 0.996310
1590 16.597391 16.597391 16.597391 0.996310 0.996310 0.996310
1600 16.597391 16.597391 16.597391 0.996310 0.996310 0.996310
1610 16.597391 16.597391 16.597391 0.996310 0.996310 0.996310
1620 16.597391 16.597391 16.597391 0.996310 0.996310 0.996310
1630 16.597391 16.597391 16.597391 0.996310 0.996310 0.996310
1640 16.597391 16.597391 16.597391 0.996310 0.996310 0.996310
1650 16.597391 16.597391 16.597391 0.996310 0.996310 0.996310
1660 16.597391 16.597391 16.597391 0.996310 0.996310 0.996310
1670 16.597391 16.597391 16.597391 0.996310 0.996310 0.996310
1680 16.597391 16.597391 16.597391 0.996310 0.996310 0.996310
1690 16.597391 16.597391 16.597391 0.996310 0.996310 0.996310
1700 16.597391 16.597391 16.597391 0.996310 0.996310 0.996310
1710 16.597391 16.597391 16.597391 0.996310 0.996310 0.996310
1720 16.597391 16.597391 16.597391 0.996310 0.996310 0.996310
1730 16.597391 16.597391 16.597391 0.996310 0.996310 0.996310
1740 16.597391 16.597391 16.597391 0.996310 0.996310 0.996310
1750 16.597391 16.597391 16.597391 0.996310 0.996310 0.996310
1760 16.597391 16.597391 16.597391 0.996310 0.996310 0.996310
1770 16.597391 16.597391 16.597391 0.996310 0.996310 0.996310
1780 16.597391 16.597391 16.597391 0.996310 0.996310 0.996310
1790 16.597391 16.597391 16.597391 0.996310 0.996310 0.996310
1800 16.597391 16.597391 16.597391 0.996310 0.996310 0.996310
1810 16.597391 16.597391 16.597391 0.996310 0.996310 0.996310
1820 16.597391 16.597391 16.597391 0.996310 0.996310 0.996310
1830 16.597391 16.597391 16.597391 0.996310 0.996310 0.996310
1840 16.597391 16.597391 16.597391 0.996310 0.996310 0.996310
1850 16.597391 16.597391 16.597391 0.996310 0.996310 0.996310
1860 16.597391 16.597391 16.597391 0.996310 0.996310 0.996310
1870 16.597391 16.597391 16.597391 0.996310 0.996310 0.996310
1880 16.597391 16.597391 16.597391 0.996310 0.996310 0.996310
1890 16.597391 16.597391 16.597391 0.996310 0.996310 0.996310
1900 16.597391 16.597391 16.597391 0.996310 0.996310 0.996310
1910 16.597391 16.597391 16.597391 0.996310 0.996310 0.996310
1920 16.597391 16.597391 16.597391 0.996310 0.996310 0.996310
1930 16.597391 16.597391 16.597391 0.996310 0.996310 0.996310
1940 16.597391 16.597391 16.597391 0.996310 0.996310 0.996310
1950 16.597391 16.597391 16.597391 0.996310 0.996310 0.996310
1960 16.597391 16.597391 16.597391 0.996310 0.996310 0.996310
1970 16.597391 16.597391 16.597391 0.996310 0.996310 0.996310
1980 16.597391 16.597391 16.597391 0.996310 0.996310 0.996310
1990 16.597391 16.597391 16.597391 0.996310 0.996310 0.996310
2000 16.597391 16.597391 16.597391 0.996310 0.996310 0.996310
2010 16.597391 16.597391 16.597391 0.996310 0.996310 0.996310
2020 16.597391 16.597391 16.597391 0.996310 0.996310 0.996310
2030 16.597391 16.597391 16.597391 0.996310 0.996310 0.996310
2040 16.597391 16.597391 16.597391 0.996310 0.996310 0.996310
2050 16.597391 16.597391 16.597391 0.996310 0.996310 0.996310
2060 16.597391 16.597391 16.597391 0.996310 0.996310 0.996310
2070 16.597391 16.597391 16.597391 0.996310 0.996310 0.996310
2080 16.597391 16.597391 16.597391 0.996310 0.996310 0.996310
2090 16.597391 16.597391 16.597391 0.996310 0.996310 0.996310
2100 16.597391 16.597391 16.597391 0.996310 0.996310 0.996310
2110 16.597391 16.597391 16.597391 0.996310 0.996310 0.996310
2120 16.597391 16.597391 16.597391 0.996310 0.996310 0.996310
2130 16.597391 16.597391 16.597391 0.996310 0.996310 0.996310
2140 16.597391 16.597391 16.597391 0.996310 0.996310 0.996310
2150 16.597391 16.597391 16.597391 0.996310 0.996310 0.996310
2160 16.597391 16.597391 16.597391 0.996310 0.996310 0.996310
2170 16.597391 16.597391 16.597391 0.996310 0.996310 0.996310
2180 16.597391 16.597391 16.597391 0.996310 0.996310 0.996310
2190 16.597391 16.597391 16.597391 0.996310 0.996310 0.996310
2200 16.597391 16.597391 16.597391 0.996310 0.996310 0.996310
2210 16.597391 16.597391 16.597391 0.996310 0.996310 0.996310
2220 16.597391 16.597391 16.597391 0.996310 0.996310 0.996310
2230 16.597391 16.597391 16.597391 0.996310 0.996310 0.996310
2240 16.597391 16.597391 16.597391 0.996310 0.996310 0.996310
2250 16.597391 16.597391 16.597391 0.996310 0.996310 0.996310
2260 16.597391 16.597391 16.597391 0.996310 0.996310 0.996310
2270 16.597391 16.597391 16.597391 0.996310 0.996310 0.996310
2280 16.597391 16.597391 16.597391 0.996310 0.996310 0.996310
2290 16.597391 16.597391 16.597391 0.996310 0.996310 0.996310
2300 16.597391 16.597391 16.597391 0.996310 0.996310 0.996310
2310 16.597391 16.597391 16.597391 0.996310 0.996310 0.996310
2320 16.597391 16.597391 16.597391 0.996310 0.996310 0.996310
2330 16.597391 16.597391 16.597391 0.996310 0.996310 0.996310
2340 16.597391 16.597391 16.597391 0.996310 0.996310 0.996310
2350 16.597391 16.597391 16.597391 0.996310 0.996310 0.996310
2360 16.597391 16.597391 16.597391 0.996310 0.996310 0.996310
2370 16.597391 16.597391 16.597391 0.996310 0.996310 0.996310
2380 16.597391 16.597391 16.597391 0.996310 0.996310 0.996310
2390 16.597391 16.597391 16.597391 0.996310 0.996310 0.996310
2400 16.597391 16.597391 16.597391 0.996310 0.996310 0.996310
2410 16.597391 16.597391 16.597391 0.996310 0.996310 0.996310
2420 16.597391 16.597391 16.597391 0.996310 0.996310 0.996310
2430 16.597391 16.597391 16.597391 0.996310 0.996310 0.996310
2440 16.597391 16.597391 16.597391 0.996310 0.996310 0.996310
2450 16.597391 16.597391 16.597391 0.996310 0.996310 0.996310
2460 16.597391 16.597391 16.597391 0.996310 0.996310 0.996310
2470 16.597391 16.597391 16.597391 0.996310 0.996310 0.996310
2480 16.597391 16.597391 16.597391 0.996310 0.996310 0.996310
2490 16.597391 16.597391 16.597391 0.996310 0.996310 0.996310
2500 16.597391 16.597391 16.597391 0.996310 0.996310 0.996310
2510 16.597391 16.597391 16.597391 0.996310 0.996310 0.996310
2520 16.597391 16.597391 16.597391 0.996310 0.996310 0.996310
2530 16.597391 16.597391 16.597391 0.996310 0.996310 0.996310
2540 16.597391 16.597391 16.597391 0.996310 0.996310 0.996310
2550 16.597391 16.597391 16.597391 0.996310 0.996310 0.996310
2560 16.597391 16.597391 16.597391 0.996310 0.996310 0.996310
2570 16.597391 16.597391 16.597391 0.996310 0.996310 0.996310
2580 16.597391 16.597391 16.597391 0.996310 0.996310 0.996310
2590 16.597391 16.597391 16.597391 0.996310 0.996310 0.996310
2600 16.597391 16.597391 16.597391 0.996310 0.996310 0.996310
2610 16.597391 16.597391 16.597391 0.996310 0.996310 0.996310
2620 16.597391 16.597391 16.597391 0.996310 0.996310 0.996310
2630 16.597391 16.597391 16.597391 0.996310 0.996310 0.996310
2640 16.597391 16.597391 16.597391 0.996310 0.996310 0.996310
2650 16.597391 16.597391 16.597391 0.996310 0.996310 0.996310
2660 16.597391 16.597391 16.597391 0.996310 0.996310 0.996310
2670 16.597391 16.597391 16.597391 0.996310 0.996310 0.996310
2680 16.597391 16.597391 16.597391 0.996310 0.996310 0.996310
2690 16.597391 16.597391 16.597391 0.996310 0.996310 0.996310
2700 16.597391 16.597391 16.597391 0.996310 0.996310 0.996310
2710 16.597391 16.597391 16.597391 0.996310 0.996310 0.996310
2720 16.597391 16.597391 16.597391 0.996310 0.996310 0.996310
2730 16.597391 16.597391 16.597391 0.996310 0.996310 0.996310
2740 16.597391 16.597391 16.597391 0.996310 0.996310 0.996310
2750 16.597391 16.597391 16.597391 0.996310 0.996310 0.996310
2760 16.597391 16.597391 16.597391 0.996310 0.996310 0.996310
2770 16.597391 16.597391 16.597391 0.996310 0.996310 0.996310
2780 16.597391 16.597391 16.597391 0.996310 0.996310 0.996310
2790 16.597391 16.597391 16.597391 0.996310 0.996310 0.996310
2800 16.597391 16.597391 16.597391 0.996310 0.996310 0.996310
2810 16.597391 16.597391 16.597391 0.996310 0.996310 0.996310
2820 16.597391 16.597391 16.597391 0.996310 0.996310 0.996310
2830 16.597391 16.597391 16.597391 0.996310 0.996310 0.996310
2840 16.597391 16.597391 16.597391 0.996310 0.996310 0.996310
2850 16.597391 16.597391 16.597391 0.996310 0.996310 0.996310
2860 16.597391 16.597391 16.597391 0.996310 0.996310 0.996310
2870 16.597391 16.597391 16.597391 0.996310 0.996310 0.996310
2880 16.597391 16.597391 16.597391 0.996310 0.996310 0.996310
2890 16.597391 16.597391 16.597391 0.996310 0.996310 0.996310
2900 16.597391 16.597391 16.597391 0.996310 0.996310 0.996310
2910 16.597391 16.597391 16.597391 0.996310 0.996310 0.996310
2920 16.597391 16.597391 16.597391 0.996310 0.996310 0.996310
2930 16.597391 16.597391 16.597391 0.996310 0.996310 0.996310
2940 16.597391 16.597391 16.597391 0.996310 0.996310 0.996310
2950 16.597391 16.597391 16.597391 0.996310 0.996310 0.996310
2960 16.597391 16.597391 16.597391 0.996310 0.996310 0.996310
2970 16.597391 16.597391 16.597391 0.996310 0.996310 0.996310
2980 16.597391 16.597391 16.597391 0.996310 0.996310 0.996310
2990 16.597391 16.597391 16.597391 0.996310 0.996310 0.996310
3000 16.597391 16.597391 16.597391 0.996310 0.996310 0.996310
3010 16.597391 16.597391 16.597391 0.996310 0.996310 0.996310
3020 16.597391 16.597391 16.597391 0.996310 0.996310 0.996310
3030 16.597391 16.597391 16.597391 0.996310 0.996310 0.996310
3040 16.597391 16.597391 16.597391 0.996310 0.996310 0.996310
3050 16.597391 16.597391 16.597391 0.996310 0.996310 0.996310
3060 16.597391 16.597391 16.597391 0.996310 0.996310 0.996310
3070 16.597391 16.597391 16.597391 0.996310 0.996310 0.996310
3080 16.597391 16.597391 16.597391 0.996310 0.996310 0.996310
3090 16.597391 16.597391 16.597391 0.996310 0.996310 0.996310
3100 16.597391 16.597391 16.597391 0.996310 0.996310 0.996310
3110 16.597391 16.597391 16.597391 0.996310 0.996310 0.996310
3120 16.597391 16.597391 16.597391 0.996310 0.996310 0.996310
3130 16.597391 16.597391 16.597391 0.996310 0.996310 0.996310
3140 16.597391 16.597391 16.597391 0.996310 0.996310 0.996310
3150 16.597391 16.597391 16.597391 0.996310 0.996310 0.996310
3160 16.597391 16.597391 16.597391 0.996310 0.996310 0.996310
3170 16.597391 16.597391 16.597391 0.996310 0.996310 0.996310
3180 16.597391 16.597391 16.597391 0.996310 0.996310 0.996310
3190 16.597391 16.597391 16.597391 0.996310 0.996310 0.996310
3200 16.597391 16.597391 16.597391 0.996310 0.996310 0.996310
3210 16.597391 16.597391 16.597391 0.996310 0.996310 0.996310
3220 16.597391 16.597391 16.597391 0.996310 0.996310 0.996310
3230 16.597391 16.597391 16.597391 0.996310 0.996310 0.996310
3240 16.597391 16.597391 16.597391 0.996310 0.996310 0.996310
3250 16.597391 16.597391 16.597391 0.996310 0.996310 0.996310
3260 16.597391 16.597391 16.597391 0.996310 0.996310 0.996310
3270 16.597391 16.597391 16.597391 0.996310 0.996310 0.996310
3280 16.597391 16.597391 16.597391 0.996310 0.996310 0.996310
3290 16.597391 16.597391 16.597391 0.996310 0.996310 0.996310
3300 16.597391 16.597391 16.597391 0.996310 0.996310 0.996310
3310 16.597391 16.597391 16.597391 0.996310 0.996310 0.996310
3320 16.597391 16.597391 16.597391 0.996310 0.996310 0.996310
3330 16.597391 16.597391 16.597391 0.996310 0.996310 0.996310
3340 16.597391 16.597391 16.597391 0.996310 0.996310 0.996310
3350 16.597391 16.597391 16.597391 0.996310 0.996310 0.996310
3360 16.597391 16.597391 16.597391 0.996310 0.996310 0.996310
3370 16.597391 16.597391 16.597391 0.996310 0.996310 0.996310
3380 16.597391 16.597391 16.597391 0.996310 0.996310 0.996310
3390 16.597391 16.597391 16.597391 0.996310 0.996310 0.996310
3400 16.597391 16.597391 16.597391 0.996310 0.996310 0.996310
3410 16.597391 16.597391 16.597391 0.996310 0.996310 0.996310
3420 16.597391 16.597391 16.597391 0.996310 0.996310 0.996310
3430 16.597391 16.597391 16.597391 0.996310 0.996310 0.996310
3440 16.597391 16.597391 16.597391 0.996310 0.996310 0.996310
3450 16.597391 16.597391 16.597391 0.996310 0.996310 0.996310
3460 16.597391 16.597391 16.597391 0.996310 0.996310 0.996310
3470 16.597391 16.597391 16.597391 0.996310 0.996310 0.996310
3480 16.597391 16.597391 16.597391 0.996310 0.996310 0.996310
3490 16.597391 16.597391 16.597391 0.996310 0.996310 0.996310
3500 16.597391 16.597391 16.597391 0.996310 0.996310 0.996310
3510 16.597391 16.597391 16.597391 0.996310 0.996310 0.996310
3520 16.597391 16.597391 16.597391 0.996310 0.996310 0.996310
3530 16.597391 16.597391 16.597391 0.996310 0.996310 0.996310
3540 16.597391 16.597391 16.597391 0.996310 0.996310 0.996310
3550 16.597391 16.597391 16.597391 0.996310 0.996310 0.996310
3560 16.597391 16.597391 16.597391 0.996310 0.996310 0.996310
3570 16.597391 16.597391 16.597391 0.996310 0.996310 0.996310
3580 16.597391 16.597391 16.597391 0.996310 0.996310 0.996310
3590 16.597391 16.597391 16.597391 0.996310 0.996310 0.996310
3600 16.597391 16.597391 16.597391 0.996310 0.996310 0.996310
3610 16.597391 16.597391 16.597391 0.996310 0.996310 0.996310
3620 16.597391 16.597391 16.597391 0.996310 0.996310 0.996310
3630 16.597391 16.597391 16.597391 0.996310 0.996310 0.996310
3640 16.597391 16.597391 16.597391 0.996310 0.996310 0.996310
3650 16.597391 16.597391 16.597391 0.996310 0.996310 0.996310
3660 16.597391 16.597391 16.597391 0.996310 0.996310 0.996310
3670 16.597391 16.597391 16.597391 0.996310 0.996310 0.996310
3680 16.597391 16.597391 16.597391 0.996310 0.996310 0.996310
3690 16.597391 16.597391 16.597391 0.996310 0.996310 0.996310
3700 16.597391 16.597391 16.597391 0.996310 0.996310 0.996310
3710 16.597391 16.597391 16.597391 0.996310 0.996310 0.996310
3720 16.597391 16.597391 16.597391 0.996310 0.996310 0.996310
3730 16.597391 16.597391 16.597391 0.996310 0.996310 0.996310
3740 16.597391 16.597391 16.597391 0.996310 0.996310 0.996310
3750 16.597391 16.597391 16.597391 0.996310 0.996310 0.996310
3760 16.597391 16.597391 16.597391 0.996310 0.996310 0.996310
3770 16.597391 16.597391 16.597391 0.996310 0.996310 0.996310
3780 16.597391 16.597391 16.597391 0.996310 0.996310 0.996310
3790 16.597391 16.597391 16.597391 0.996310 0.996310 0.996310
3800 16.597391 16.597391 16.597391 0.996310 0.996310 0.996310
3810 16.597391 16.597391 16.597391 0.996310 0.996310 0.996310
3820 16.597391 16.597391 16.597391 0.996310 0.996310 0.996310
3830 16.597391 16.597391 16.597391 0.996310 0.996310 0.996310
3840 16.597391 16.597391 16.597391 0.996310 0.996310 0.996310
3850 16.597391 16.597391 16.597391 0.996310 0.996310 0.996310
3860 16.597391 16.597391 16.597391 0.996310 0.996310 0.996310
3870 16.597391 16.597391 16.597391 0.996310 0.996310 0.996310
3880 16.597391 16.597391 16.597391 0.996310 0.996310 0.996310
3890 16.597391 16.597391 16.597391 0.996310 0.996310 0.996310
3900 16.597391 16.597391 16.597391 0.996310 0.996310 0.996310
3910 16.597391 16.597391 16.597391 0.996310 0.996310 0.996310
3920 16.597391 16.597391 16.597391 0.996310 0.996310 0.996310
3930 16.597391 16.597391 16.597391 0.996310 0.996310 0.996310
3940 16.597391 16.597391 16.597391 0.996310 0.996310 0.996310
3950 16.597391 16.597391 16.597391 0.996310 0.996310 0.996310
3960 16.597391 16.597391 16.597391 0.996310 0.996310 0.996310
3970 16.597391 16.597391 16.597391 0.996310 0.996310 0.996310
3980 16.597391 16.597391 16.597391 0.996310 0.996310 0.996310
3990 16.597391 16.597391 16.597391 0.996310 0.996310 0.996310
4000 16.597391 16.597391 16.597391 0.996310 0.996310 0.996310
4010 16.597391 16.597391 16.597391 0.996310 0.996310 0.996310
4020 16.597391 16.597391 16.597391 0.996310 0.996310 0.996310
4030 16.597391 16.597391 16.597391 0.996310 0.996310 0.996310
4040 16.597391 16.597391 16.597391 0.996310 0.996310 0.996310
4050 16.597391 16.597391 16.597391 0.996310 0.996310 0.996310
4060 16.597391 16.597391 16.597391 0.996310 0.996310 0.996310
4070 16.597391 16.597391 16.597391 0.996310 0.996310 0.996310
4080 16.597391 16.597391 16.597391 0.996310 0.996310 0.996310
4090 16.597391 16.597391 16.597391 0.996310 0.996310 0.996310
4100 16.597391 16.597391 16.597391 0.996310 0.996310 0.996310
4110 16.597391 16.597391 16.597391 0.996310 0.996310 0.996310
4120 16.597391 16.597391 16.597391 0.996310 0.996310 0.996310
4130 16.597391 16.597391 16.597391 0.996310 0.996310 0.996310
4140 16.597391 16.597391 16.597391 0.996310 0.996310 0.996310
4150 16.597391 16.597391 16.597391 0.996310 0.996310 0.996310
4160 16.597391 16.597391 16.597391 0.996310 0.996310 0.996310
4170 16.597391 16.597391 16.597391 0.996310 0.996310 0.996310
4180 16.597391 16.597391 16.597391 0.996310 0.996310 0.996310
4190 16.597391 16.597391 16.597391 0.996310 0.996310 0.996310
4200 16.597391 16.597391 16.597391 0.996310 0.996310 0.996310
4210 16.597391 16.597391 16.597391 0.996310 0.996310 0.996310
4220 16.597391 16.597391 16.597391 0.996310 0.996310 0.996310
4230 16.597391 16.597391 16.597391 0.996310 0.996310 0.996310
4240 16.597391 16.597391 16.597391 0.996310 0.996310 0.996310
4250 16.597391 16.597391 16.597391 0.996310 0.996310 0.996310
4260 16.597391 16.597391 16.597391 0.996310 0.996310 0.996310
4270 16.597391 16.597391 16.597391 0.996310 0.996310 0.996310
4280 16.597391 16.597391 16.597391 0.996310 0.996310 0.996310
4290 16.597391 16.597391 16.597391 0.996310 0.996310 0.996310
4300 16.597391 16.597391 16.597391 0.996310 0.996310 0.996310
4310 16.597391 16.597391 16.597391 0.996310 0.996310 0.996310
4320 16.597391 16.597391 16.597391 0.996310 0.996310 0.996310
4330 16.597391 16.597391 16.597391 0.996310 0.996310 0.996310
4340 16.597391 16.597391 16.597391 0.996310 0.996310 0.996310
4350 16.597391 16.597391 16.597391 0.996310 0.996310 0.996310
4360 16.597391 16.597391 16.597391 0.996310 0.996310 0.996310
4370 16.597391 16.597391 16.597391 0.996310 0.996310 0.996310
4380 16.597391 16.597391 16.597391 0.996310 0.996310 0.996310
4390 16.597391 16.597391 16.597391 0.996310 0.996310 0.996310
4400 16.597391 16.597391 16.597391 0.996310 0.996310 0.996310
4410 16.597391 16.597391 16.597391 0.996310 0.996310 0.996310
4420 16.597391 16.597391 16.597391 0.996310 0.996310 0.996310
4430 16.597391 16.597391 16.597391 0.996310 0.996310 0.996310
4440 16.597391 16.597391 16.597391 0.996310 0.996310 0.996310
4450 16.597391 16.597391 16.597391 0.996310 0.996310 0.996310
4460 16.597391 16.597391 16.597391 0.996310 0.996310 0.996310
4470 16.597391 16.597391 16.597391 0.996310 0.996310 0.996310
4480 16.597391 16.597391 16.597391 0.996310 0.996310 0.996310
4490 16.597391 16.597391 16.597391 0.996310 0.996310 0.996310
4500 16.597391 16.597391 16.597391 0.996310 0.996310 0.996310
4510 16.597391 16.597391 16.597391 0.996310 0.996310 0.996310
4520 16.597391 16.597391 16.597391 0.996310 0.996310 0.996310
4530 16.597391 16.597391 16.597391 0.996310 0.996310 0.996310
4540 16.597391 16.597391 16.597391 0.996310 0.996310 0.996310
4550 16.597391 16.597391 16.597391 0.996310 0.996310 0.996310
4560 16.597391 16.597391 16.597391 0.996310 0.996310 0.996310
4570 16.597391 16.597391 16.597391 0.996310 0.996310 0.996310
4580 16.597391 16.597391 16.597391 0.996310 0.996310 0.996310
4590 16.597391 16.597391 16.597391 0.996310 0.996310 0.996310
4600 16.597391 16.597391 16.597391 0.996310 0.996310 0.996310
4610 16.597391 16.597391 16.597391 0.996310 0.996310 0.996310
4620 16.597391 16.597391 16.597391 0.996310 0.996310 0.996310
4630 16.597391 16.597391 16.597391 0.996310 0.996310 0.996310
4640 16.597391 16.597391 16.597391 0.996310 0.996310 0.996310
4650 16.597391 16.597391 16.597391 0.996310 0.996310 0.996310
4660 16.597391 16.597391 16.597391 0.996310 0.996310 0.996310
4670 16.597391 16.597391 16.597391 0.996310 0.996310 0.996310
4680 16.597391 16.597391 16.597391 0.996310 0.996310 0.996310
4690 16.597391 16.597391 16.597391 0.996310 0.996310 0.996310
4700 16.597391 16.597391 16.597391 0.996310 0.996310 0.996310
4710 16.597391 16.597391 16.597391 0.996310 0.996310 0.996310
4720 16.597391 16.597391 16.597391 0.996310 0.996310 0.996310
4730 16.597391 16.597391 16.597391 0.996310 0.996310 0.996310
4740 16.597391 16.597391 16.597391 0.996310 0.996310 0.996310
4750 16.597391 16.597391 16.597391 0.996310 0.996310 0.996310
4760 16.597391 16.597391 16.597391 0.996310 0.996310 0.996310
4770 16.597391 16.597391 16.597391 0.996310 0.996310 0.996310
4780 16.597391 16.597391 16.597391 0.996310 0.996310 0.996310
4790 16.597391 16.597391 16.597391 0.996310 0.996310 0.996310
4800 16.597391 16.597391 16.597391 0.996310 0.996310 0.996310
4810 16.597391 16.597391 16.597391 0.996310 0.996310 0.996310
4820 16.597391 16.597391 16.597391 0.996310 0.996310 0.996310
4830 16.597391 16.597391 16.597391 0.996310 0.996310 0.996310
4840 16.597391 16.597391 16.597391 0.996310 0.996310 0.996310
4850 16.597391 16.597391 16.597391 0.996310 0.996310 0.996310
4860 16.597391 16.597391 16.597391 0.996310 0.996310 0.996310
4870 16.597391 16.597391 16.597391 0.996310 0.996310 0.996310
4880 16.597391 16.597391 16.597391 0.996310 0.996310 0.996310
4890 16.597391 16.597391 16.597391 0.996310 0.996310 0.996310
4900 16.597391 16.597391 16.597391 0.996310 0.996310 0.996310
4910 16.597391 16.597391 16.597391 0.996310 0.996310 0.996310
4920 16.597391 16.597391 16.597391 0.996310 0.996310 0.996310
4930 16.597391 16.597391 16.597391 0.996310 0.996310 0.996310
4940 16.597391 16.597391 16.597391 0.996310 0.996310 0.996310
4950 16.597391 16.597391 16.597391 0.996310 0.996310 0.996310
4960 16.597391 16.597391 16.597391 0.996310 0.996310 0.996310
4970 16.597391 16.597391 16.597391 0.996310 0.996310 0.996310
4980 16.597391 16.597391 16.597391 0.996310 0.996310 0.996310
4990 16.597391 16.597391 16.597391 0.996310 0.996310 0.996310
5000 16.597391 16.597391 16.597391 0.996310 0.996310 0.996310
5010 16.597391 16.597391 16.597391 0.996310 0.996310 0.996310
5020 16.597391 16.597391 16.597391 0.996310 0.996310 0.996310
5030 16.597391 16.597391 16.597391 0.996310 0.996310 0.996310
5040 16.597391 16.597391 16.597391 0.996310 0.996310 0.996310
5050 16.597391 16.597391 16.597391 0.996310 0.996310 0.996310
5060 16.597391 16.597391 16.597391 0.996310 0.996310 0.996310
5070 16.597391 16.597391 16.597391 0.996310 0.996310 0.996310
5080 16.597391 16.597391 16.597391 0.996310 0.996310 0.996310
5090 16.597391 16.597391 16.597391 0.996310 0.996310 0.996310
5100 16.597391 16.597391 16.597391 0.996310 0.996310 0.996310
5110 16.597391 16.597391 16.597391 0.996310 0.996310 0.996310
5120 16.597391 16.597391 16.597391 0.996310 0.996310 0.996310
5130 16.597391 16.597391 16.597391 0.996310 0.996310 0.996310
5140 16.597391 16.597391 16.597391 0.996310 0.996310 0.996310
5150 16.597391 16.597391 16.597391 0.996310 0.996310 0.996310
5160 16.597391 16.597391 16.597391 0.996310 0.996310 0.996310
5170 16.597391 16.597391 16.597391 0.996310 0.996310 0.996310
5180 16.597391 16.597391 16.597391 0.996310 0.996310 0.996310
5190 16.597391 16.597391 16.597391 0.996310 0.996310 0.996310
5200 16.597391 16.597391 16.597391 0.996310 0.996310 0.996310
5210 16.597391 16.597391 16.597391 0.996310 0.996310 0.996310
5220 16.597391 16.597391 16.597391 0.996310 0.996310 0.996310
5230 16.597391 16.597391 16.597391 0.996310 0.996310 0.996310
5240 16.597391 16.597391 16.597391 0.996310 0.996310 0.996310
5250 16.597391 16.597391 16.597391 0.996310 0.996310 0.996310
5260 16.597391 16.597391 16.597391 0.996310 0.996310 0.996310
5270 16.597391 16.597391 16.597391 0.996310 0.996310 0.996310
5280 16.597391 16.597391 16.597391 0.996310 0.996310 0.996310
5290 16.597391 16.597391 16.597391 0.996310 0.996310 0.996310
5300 16.597391 16.597391 16.597391 0.996310 0.996310 0.996310
5310 16.597391 16.597391 16.597391 0.996310 0.996310 0.996310
5320 16.597391 16.597391 16.597391 0.996310 0.996310 0.996310
5330 16.597391 16.597391 16.597391 0.996310 0.996310 0.996310
5340 16.597391 16.597391 16.597391 0.996310 0.996310 0.996310
5350 16.597391 16.597391 16.597391 0.996310 0.996310 0.996310
5360 16.597391 16.597391 16.597391 0.996310 0.996310 0.996310
5370 16.597391 16.597391 16.597391 0.996310 0.996310 0.996310
5380 16.597391 16.597391 16.597391 0.996310 0.996310 0.996310
5390 16.597391 16.597391 16.597391 0.996310 0.996310 0.996310
5400 16.597391 16.597391 16.597391 0.996310 0.996310 0.996310
5410 16.597391 16.597391 16.597391 0.996310 0.996310 0.996310
5420 16.597391 16.597391 16.597391 0.996310 0.996310 0.996310
5430 16.597391 16.597391 16.597391 0.996310 0.996310 0.996310
5440 16.597391 16.597391 16.597391 0.996310 0.996310 0.996310
5450 16.597391 16.597391 16.597391 0.996310 0.996310 0.996310
5460 16.597391 16.597391 16.597391 0.996310 0.996310 0.996310
5470 16.597391 16.597391 16.597391 0.996310 0.996310 0.996310
5480 16.597391 16.597391 16.597391 0.996310 0.996310 0.996310
5490 16.597391 16.597391 16.597391 0.996310 0.996310 0.996310
5500 16.597391 16.597391 16.597391 0.996310 0.996310 0.996310
5510 16.597391 16.597391 16.597391 0.996310 0.996310 0.996310
5520 16.597391 16.597391 16.597391 0.996310 0.996310 0.996310
5530 16.597391 16.597391 16.597391 0.996310 0.996310 0.996310
5540 16.597391 16.597391 16.597391 0.996310 0.996310 0.996310
5550 16.597391 16.597391 16.597391 0.996310 0.996310 0.996310
5560 16.597391 16.597391 16.597391 0.996310 0.996310 0.996310
5570 16.597391 16.597391 16.597391 0.996310 0.996310 0.996310
5580 16.597391 16.597391 16.597391 0.996310 0.996310 0.996310
5590 16.597391 16.597391 16.597391 0.996310 0.996310 0.996310
5600 16.597391 16.597391 16.597391 0.996310 0.996310 0.996310
5610 16.597391 16.597391 16.597391 0.996310 0.996310 0.996310
5620 16.597391 16.597391 16.597391 0.996310 0.996310 0.996310
5630 16.597391 16.597391 16.597391 0.996310 0.996310 0.996310
5640 16.597391 16.597391 16.597391 0.996310 0.996310 0.996310
5650 16.597391 16.597391 16.597391 0.996310 0.996310 0.996310
5660 16.597391 16.597391 16.597391 0.996310 0.996310 0.996310
5670 16.597391 16.597391 16.597391 0.996310 0.996310 0.996310
5680 16.597391 16.597391 16.597391 0.996310 0.996310 0.996310
5690 16.597391 16.597391 16.597391 0.996310 0.996310 0.996310
5700 16.597391 16.597391 16.597391 0.996310 0.996310 0.996310
5710 16.597391 16.597391 16.597391 0.996310 0.996310 0.996310
5720 16.597391 16.597391 16.597391 0.996310 0.996310 0.996310
5730 16.597391 16.597391 16.597391 0.996310 0.996310 0.996310
5740 16.597391 16.597391 16.597391 0.996310 0.996310 0.996310
5750 16.597391 16.597391 16.597391 0.996310 0.996310 0.996310
5760 16.597391 16.597391 16.597391 0.996310 0.996310 0.996310
5770 16.597391 16.597391 16.597391 0.996310 0.996310 0.996310
5780 16.597391 16.597391 16.597391 0.996310 0.996310 0.996310
5790 16.597391 16.597391 16.597391 0.996310 0.996310 0.996310
5800 16.597391 16.597391 16.597391 0.996310 0.996310 0.996310
5810 16.597391 16.597391 16.597391 0.996310 0.996310 0.996310
5820 16.597391 16.597391 16.597391 0.996310 0.996310 0.996310
5830 16.597391 16.597391 16.597391 0.996310 0.996310 0.996310
5840 16.597391 16.597391 16.597391 0.996310 0.996310 0.996310
5850 16.597391 16.597391 16.597391 0.996310 0.996310 0.996310
5860 16.597391 16.597391 16.597391 0.996310 0.996310 0.996310
5870 16.597391 16.597391 16.597391 0.996310 0.996310 0.996310
5880 16.597391 16.597391 16.597391 0.996310 0.996310 0.996310
5890 16.597391 16.597391 16.597391 0.996310 0.996310 0.996310
5900 16.597391 16.597391 16.597391 0.996310 0.996310 0.996310
5910 16.597391 16.597391 16.597391 0.996310 0.996310 0.996310
5920 16.597391 16.597391 16.597391 0.996310 0.996310 0.996310
5930 16.597391 16.597391 16.597391 0.996310 0.996310 0.996310
5940 16.597391 16.597391 16.597391 0.996310 0.996310 0.996310
5950 16.597391 16.597391 16.597391 0.996310 0.996310 0.996310
5960 16.597391 16.597391 16.597391 0.996310 0.996310 0.996310
5970 16.597391 16.597391 16.597391 0.996310 0.996310 0.996310
5980 16.597391 16.597391 16.597391 0.996310 0.996310 0.996310
5990 16.597391 16.597391 16.597391 0.996310 0.996310 0.996310
6000 16.597391 16.597391 16.597391 0.996310 0.996310 0.996310
6010 16.597391 16.597391 16.597391 0.996310 0.996310 0.996310
6020 16.597391 16.597391 16.597391 0.996310 0.996310 0.996310
6030 16.597391 16.597391 16.597391 0.996310 0.996310 0.996310
6040 16.597391 16.597391 16.597391 0.996310 0.996310 0.996310
6050 16.597391 16.597391 16.597391 0.996310 0.996310 0.996310
6060 16.597391 16.597391 16.597391 0.996310 0.996310 0.996310
6070 16.597391 16.597391 16.597391 0.996310 0.996310 0.996310
6080 16.597391 16.597391 16.597391 0.996310 0.996310 0.996310
6090 16.597391 16.597391 16.597391 0.996310 0.996310 0.996310
6100 16.597391 16.597391 16.597391 0.996310 0.996310 0.996310
6110 16.597391 16.597391 16.597391 0.996310 0.996310 0.996310
6120 16.597391 16.597391 16.597391 0.996310 0.996310 0.996310
6130 16.597391 16.597391 16.597391 0.996310 0.996310 0.996310
6140 16.597391 16.597391 16.597391 0.996310 0.996310 0.996310
6150 16.597391 16.597391 16.597391 0.996310 0.996310 0.996310
6160 16.597391 16.597391 16.597391 0.996310 0.996310 0.996310
6170 16.597391 16.597391 16.597391 0.996310 0.996310 0.996310
6180 16.597391 16.597391 16.597391 0.996310 0.996310 0.996310
6190 16.597391 16.597391 16.597391 0.996310 0.996310 0.996310
6200 16.597391 16.597391 16.597391 0.996310 0.996310 0.996310
6210 16.597391 16.597391 16.597391 0.996310 0.996310 0.996310
6220 16.597391 16.597391 16.597391 0.996310 0.996310 0.996310
6230 16.597391 16.597391 16.597391 0.996310 0.996310 0.996310
6240 16.597391 16.597391 16.597391 0.996310 0.996310 0.996310
6250 16.597391 16.597391 16.597391 0.996310 0.996310 0.996310
6260 16.597391 16.597391 16.597391 0.996310 0.996310 0.996310
6270 16.597391 16.597391 16.597391 0.996310 0.996310 0.996310
6280 16.597391 16.597391 16.597391 0.996310 0.996310 0.996310
6290 16.597391 16.597391 16.597391 0.996310 0.996310 0.996310
6300 16.597391 16.597391 16.597391 0.996310 0.996310 0.996310
6310 16.597391 16.597391 16.597391 0.996310 0.996310 0.996310
6320 16.597391 16.597391 16.597391 0.996310 0.996310 0.996310
6330 16.597391 16.597391 16.597391 0.996310 0.996310 0.996310
6340 16.597391 16.597391 16.597391 0.996310 0.996310 0.996310
6350 16.597391 16.597391 16.597391 0.996310 0.996310 0.996310
6360 16.597391 16.597391 16.597391 0.996310 0.996310 0.996310
6370 16.597391 16.597391 16.597391 0.996310 0.996310 0.996310
6380 16.597391 16.597391 16.597391 0.996310 0.996310 0.996310
6390 16.597391 16.597391 16.597391 0.996310 0.996310 0.996310
6400 16.597391 16.597391 16.597391 0.996310 0.996310 0.996310
6410 16.597391 16.597391 16.597391 0.996310 0.996310 0.996310
6420 16.597391 16.597391 16.597391 0.996310 0.996310 0.996310
6430 16.597391 16.597391 16.597391 0.996310 0.996310 0.996310
6440 16.597391 16.597391 16.597391 0.996310 0.996310 0.996310
6450 16.597391 16.597391 16.597391 0.996310 0.996310 0.996310
6460 16.597391 16.597391 16.597391 0.996310 0.996310 0.996310
6470 16.597391 16.597391 16.597391 0.996310 0.996310 0.996310
6480 16.597391 16.597391 16.597391 0.996310 0.996310 0.996310
6490 16.597391 16.597391 16.597391 0.996310 0.996310 0.996310
6500 16.597391 16.597391 16.597391 0.996310 0.996310 0.996310
6510 16.597391 16.597391 16.597391 0.996310 0.996310 0.996310
6520 16.597391 16.597391 16.597391 0.996310 0.996310 0.996310
6530 16.597391 16.597391 16.597391 0.996310 0.996310 0.996310
6540 16.597391 16.597391 16.597391 0.996310 0.996310 0.996310
6550 16.597391 16.597391 16.597391 0.996310 0.996310 0.996310
6560 16.597391 16.597391 16.597391 0.996310 0.996310 0.996310
6570 16.597391 16.597391 16.597391 0.996310 0.996310 0.996310
6580 16.597391 16.597391 16.597391 0.996310 0.996310 0.996310
6590 16.597391 16.597391 16.597391 0.996310 0.996310 0.996310
6600 16.597391 16.597391 16.597391 0.996310 0.996310 0.996310
6610 16.597391 16.597391 16.597391 0.996310 0.996310 0.996310
6620 16.597391 16.597391 16.597391 0.996310 0.996310 0.996310
6630 16.597391 16.597391 16.597391 0.996310 0.996310 0.996310
6640 16.597391 16.597391 16.597391 0.996310 0.996310 0.996310
6650 16.597391 16.597391 16.597391 0.996310 0.996310 0.996310
6660 16.597391 16.597391 16.597391 0.996310 0.996310 0.996310
6670 16.597391 16.597391 16.597391 0.996310 0.996310 0.996310
6680 16.597391 16.597391 16.597391 0.996310 0.996310 0.996310
6690 16.597391 16.597391 16.597391 0.996310 0.996310 0.996310
6700 16.597391 16.597391 16.597391 0.996310 0.996310 0.996310
6710 16.597391 16.597391 16.597391 0.996310 0.996310 0.996310
6720 16.597391 16.597391 16.597391 0.996310 0.996310 0.996310
6730 16.597391 16.597391 16.597391 0.996310 0.996310 0.996310
6740 16.597391 16.597391 16.597391 0.996310 0.996310 0.996310
6750 16.597391 16.597391 16.597391 0.996310 0.996310 0.996310
6760 16.597391 16.597391 16.597391 0.996310 0.996310 0.996310
6770 16.597391 16.597391 16.597391 0.996310 0.996310 0.996310
6780 16.597391 16.597391 16.597391 0.996310 0.996310 0.996310
6790 16.597391 16.597391 16.597391 0.996310 0.996310 0.996310
6800 16.597391 16.597391 16.597391 0.996310 0.996310 0.996310
6810 16.597391 16.597391 16.597391 0.996310 0.996310 0.996310
6820 16.597391 16.597391 16.597391 0.996310 0.996310 0.996310
6830 16.597391 16.597391 16.597391 0.996310 0.996310 0.996310
6840 16.597391 16.597391 16.597391 0.996310 0.996310 0.996310
6850 16.597391 16.597391 16.597391 0.996310 0.996310 0.996310
6860 16.597391 16.597391 16.597391 0.996310 0.996310 0.996310
6870 16.597391 16.597391 16.597391 0.996310 0.996310 0.996310
6880 16.597391 16.597391 16.597391 0.996310 0.996310 0.996310
6890 16.597391 16.597391 16.597391 0.996310 0.996310 0.996310
6900 16.597391 16.597391 16.597391 0.996310 0.996310 0.996310
6910 16.597391 16.597391 16.597391 0.996310 0.996310 0.996310
6920 16.597391 16.597391 16.597391 0.996310 0.996310 0.996310
6930 16.597391 16.597391 16.597391 0.996310 0.996310 0.996310
6940 16.597391 16.597391 16.597391 0.996310 0.996310 0.996310
6950 16.597391 16.597391 16.597391 0.996310 0.996310 0.996310
6960 16.597391 16.597391 16.597391 0.996310 0.996310 0.996310
6970 16.597391 16.597391 16.597391 0.996310 0.996310 0.996310
6980 16.597391 16.597391 16.597391 0.996310 0.996310 0.996310
6990 16.597391 16.597391 16.597391 0.996310 0.996310 0.996310
7000 16.597391 16.597391 16.597391 0.996310 0.996310 0.996310
7010 16.597391 16.597391 16.597391 0.996310 0.996310 0.996310
7020 16.597391 16.597391 16.597391 0.996310 0.996310 0.996310
7030 16.597391 16.597391 16.597391 0.996310 0.996310 0.996310
7040 16.597391 16.597391 16.597391 0.996310 0.996310 0.996310
7050 16.597391 16.597391 16.597391 0.996310 0.996310 0.996310
7060 16.597391 16.597391 16.597391 0.996310 0.996310 0.996310
7070 16.597391 16.597391 16.597391 0.996310 0.996310 0.996310
7080 16.597391 16.597391 16.597391 0.996310 0.996310 0.996310
7090 16.597391 16.597391 16.597391 0.996310 0.996310 0.996310
7100 16.597391 16.597391 16.597391 0.996310 0.996310 0.996310
7110 16.597391 16.597391 16.597391 0.996310 0.996310 0.996310
7120 16.597391 16.597391 16.597391 0.996310 0.996310 0.996310
7130 16.597391 16.597391 16.597391 0.996310 0.996310 0.996310
7140 16.597391 16.597391 16.597391 0.996310 0.996310 0.996310
7150 16.597391 16.597391 16.597391 0.996310 0.996310 0.996310
7160 16.597391 16.597391 16.597391 0.996310 0.996310 0.996310
7170 16.597391 16.597391 16.597391 0.996310 0.996310 0.996310
7180 16.597391 16.597391 16.597391 0.996310 0.996310 0.996310
7190 16.597391 16.597391 16.597391 0.996310 0.996310 0.996310
7200 16.597391 16.597391 16.597391 0.996310 0.996310 0.996310
7210 16.597391 16.597391 16.597391 0.996310 0.996310 0.996310
7220 16.597391 16.597391 16.597391 0.996310 0.996310 0.996310
7230 16.597391 16.597391 16.597391 0.996310 0.996310 0.996310
7240 16.597391 16.597391 16.597391 0.996310 0.996310 0.996310
7250 16.597391 16.597391 16.597391 0.996310 0.996310 0.996310
7260 16.597391 16.597391 16.597391 0.996310 0.996310 0.996310
7270 16.597391 16.597391 16.597391 0.996310 0.996310 0.996310
7280 16.597391 16.597391 16.597391 0.996310 0.996310 0.996310
7290 16.597391 16.597391 16.597391 0.996310 0.996310 0.996310
7300 16.597391 16.597391 16.597391 0.996310 0.996310 0.996310
7310 16.597391 16.597391 16.597391 0.996310 0.996310 0.996310
7320 16.597391 16.597391 16.597391 0.996310 0.996310 0.996310
7330 16.597391 16.597391 16.597391 0.996310 0.996310 0.996310
7340 16.597391 16.597391 16.597391 0.996310 0.996310 0.996310
7350 16.597391 16.597391 16.597391 0.996310 0.996310 0.996310
7360 16.597391 16.597391 16.597391 0.996310 0.996310 0.996310
7370 16.597391 16.597391 16.597391 0.996310 0.996310 0.996310
7380 16.597391 16.597391 16.597391 0.996310 0.996310 0.996310
7390 16.597391 16.597391 16.597391 0.996310 0.996310 0.996310
7400 16.597391 16.597391 16.597391 0.996310 0.996310 0.996310
7410 16.597391 16.597391 16.597391 0.996310 0.996310 0.996310
7420 16.597391 16.597391 16.597391 0.996310 0.996310 0.996310
7430 16.597391 16.597391 16.597391 0.996310 0.996310 0.996310
7440 16.597391 16.597391 16.597391 0.996310 0.996310 0.996310
7450 16.597391 16.597391 16.597391 0.996310 0.996310 0.996310
7460 16.597391 16.597391 16.597391 0.996310 0.996310 0.996310
7470 16.597391 16.597391 16.597391 0.996310 0.996310 0.996310
7480 16.597391 16.597391 16.597391 0.996310 0.996310 0.996310
7490 16.597391 16.597391 16.597391 0.996310 0.996310 0.996310
7500 16.597391 16.597391 16.597391 0.996310 0.996310 0.996310
7510 16.597391 16.597391 16.597391 0.996310 0.996310 0.996310
7520 16.597391 16.597391 16.597391 0.996310 0.996310 0.996310
7530 16.597391 16.597391 16.597391 0.996310 0.996310 0.996310
7540 16.597391 16.597391 16.597391 0.996310 0.996310 0.996310
7550 16.597391 16.597391 16.597391 0.996310 0.996310 0.996310
7560 16.597391 16.597391 16.597391 0.996310 0.996310 0.996310
7570 16.597391 16.597391 16.597391 0.996310 0.996310 0.996310
7580 16.597391 16.597391 16.597391 0.996310 0.996310 0.996310
7590 16.597391 16.597391 16.597391 0.996310 0.996310 0.996310
7600 16.597391 16.597391 16.597391 0.996310 0.996310 0.996310
7610 16.597391 16.597391 16.597391 0.996310 0.996310 0.996310
7620 16.597391 16.597391 16.597391 0.996310 0.996310 0.996310
7630 16.597391 16.597391 16.597391 0.996310 0.996310 0.996310
7640 16.597391 16.597391 16.597391 0.996310 0.996310 0.996310
7650 16.597391 16.597391 16.597391 0.996310 0.996310 0.996310
7660 16.597391 16.597391 16.597391 0.996310 0.996310 0.996310
7670 16.597391 16.597391 16.597391 0.996310 0.996310 0.996310
7680 16.597391 16.597391 16.597391 0.996310 0.996310 0.996310
7690 16.597391 16.597391 16.597391 0.996310 0.996310 0.996310
7700 16.597391 16.597391 16.597391 0.996310 0.996310 0.996310
7710 16.597391 16.597391 16.597391 0.996310 0.996310 0.996310
7720 16.597391 16.597391 16.597391 0.996310 0.996310 0.996310
7730 16.597391 16.597391 16.597391 0.996310 0.996310 0.996310
7740 16.597391 16.597391 16.597391 0.996310 0.996310 0.996310
7750 16.597391 16.597391 16.597391 0.996310 0.996310 0.996310
7760 16.597391 16.597391 16.597391 0.996310 0.996310 0.996310
7770 16.597391 16.597391 16.597391 0.996310 0.996310 0.996310
7780 16.597391 16.597391 16.597391 0.996310 0.996310 0.996310
7790 16.597391 16.597391 16.597391 0.996310 0.996310 0.996310
7800 16.597391 16.597391 16.597391 0.996310 0.996310 0.996310
7810 16.597391 16.597391 16.597391 0.996310 0.996310 0.996310
7820 16.597391 16.597391 16.597391 0.996310 0.996310 0.996310
7830 16.597391 16.597391 16.597391 0.996310 0.996310 0.996310
7840 16.597391 16.597391 16.597391 0.996310 0.996310 0.996310
7850 16.597391 16.597391 16.597391 0.996310 0.996310 0.996310
7860 16.597391 16.597391 16.597391 0.996310 0.996310 0.996310
7870 16.597391 16.597391 16.597391 0.996310 0.996310 0.996310
7880 16.597391 16.597391 16.597391 0.996310 0.996310 0.996310
7890 16.597391 16.597391 16.597391 0.996310 0.996310 0.996310
7900 16.597391 16.597391 16.597391 0.996310 0.996310 0.996310
7910 16.597391 16.597391 16.597391 0.996310 0.996310 0.996310
7920 16.597391 16.597391 16.597391 0.996310 0.996310 0.996310
7930 16.597391 16.597391 16.597391 0.996310 0.996310 0.996310
7940 16.597391 16.597391 16.597391 0.996310 0.996310 0.996310
7950 16.597391 16.597391 16.597391 0.996310 0.996310 0.996310
7960 16.597391 16.597391 16.597391 0.996310 0.996310 0.996310
7970 16.597391 16.597391 16.597391 0.996310 0.996310 0.996310
7980 16.597391 16.597391 16.597391 0.996310 0.996310 0.996310
7990 16.597391 16.597391 16.597391 0.996310 0.996310 0.996310
8000 16.597391 16.597391 16.597391 0.996310 0.996310 0.996310
8010 16.597391 16.597391 16.597391 0.996310 0.996310 0.996310
8020 16.597391 16.597391 16.597391 0.996310 0.996310 0.996310
8030 16.597391 16.597391 16.597391 0.996310 0.996310 0.996310
8040 16.597391 16.597391 16.597391 0.996310 0.996310 0.996310
8050 16.597391 16.597391 16.597391 0.996310 0.996310 0.996310
8060 16.597391 16.597391 16.597391 0.996310 0.996310 0.996310
8070 16.597391 16.597391 16.597391 0.996310 0.996310 0.996310
8080 16.597391 16.597391 16.597391 0.996310 0.996310 0.996310
8090 16.597391 16.597391 16.597391 0.996310 0.996310 0.996310
8100 16.597391 16.597391 16.597391 0.996310 0.996310 0.996310
8110 16.597391 16.597391 16.597391 0.996310 0.996310 0.996310
8120 16.597391 16.597391 16.597391 0.996310 0.996310 0.996310
8130 16.597391 16.597391 16.597391 0.996310 0.996310 0.996310
8140 16.597391 16.597391 16.597391 0.996310 0.996310 0.996310
8150 16.597391 16.597391 16.597391 0.996310 0.996310 0.996310
8160 16.597391 16.597391 16.597391 0.996310 0.996310 0.996310
8170 16.597391 16.597391 16.597391 0.996310 0.996310 0.996310
8180 16.597391 16.597391 16.597391 0.996310 0.996310 0.996310
8190 16.597391 16.597391 16.597391 0.996310 0.996310 0.996310
8200 16.597391 16.597391 16.597391 0.996310 0.996310 0.996310
8210 16.597391 16.597391 16.597391 0.996310 0.996310 0.996310
8220 16.597391 16.597391 16.597391 0.996310 0.996310 0.996310
8230 16.597391 16.597391 16.597391 0.996310 0.996310 0.996310
8240 16.597391 16.597391 16.597391 0.996310 0.996310 0.996310
8250 16.597391 16.597391 16.597391 0.996310 0.996310 0.996310
8260 16.597391 16.597391 16.597391 0.996310 0.996310 0.996310
8270 16.597391 16.597391 16.597391 0.996310 0.996310 0.996310
8280 16.597391 16.597391 16.597391 0.996310 0.996310 0.996310
8290 16.597391 16.597391 16.597391 0.996310 0.996310 0.996310
8300 16.597391 16.597391 16.597391 0.996310 0.996310 0.996310
8310 16.597391 16.597391 16.597391 0.996310 0.996310 0.996310
8320 16.597391 16.597391 16.597391 0.996310 0.996310 0.996310
8330 16.597391 16.597391 16.597391 0.996310 0.996310 0.996310
8340 16.597391 16.597391 16.597391 0.996310 0.996310 0.996310
8350 16.597391 16.597391 16.597391 0.996310 0.996310 0.996310
8360 16.597391 16.597391 16.597391 0.996310 0.996310 0.996310
8370 16.597391 16.597391 16.597391 0.996310 0.996310 0.996310
8380 16.597391 16.597391 16.597391 0.996310 0.996310 0.996310
8390 16.597391 16.597391 16.597391 0.996310 0.996310 0.996310
8400 16.597391 16.597391 16.597391 0.996310 0.996310 0.996310
8410 16.597391 16.597391 16.597391 0.996310 0.996310 0.996310
8420 16.597391 16.597391 16.597391 0.996310 0.996310 0.996310
8430 16.597391 16.597391 16.597391 0.996310 0.996310 0.996310
8440 16.597391 16.597391 16.597391 0.996310 0.996310 0.996310
8450 16.597391 16.597391 16.597391 0.996310 0.996310 0.996310
8460 16.597391 16.597391 16.597391 0.996310 0.996310 0.996310
8470 16.597391 16.597391 16.597391 0.996310 0.996310 0.996310
8480 16.597391 16.597391 16.597391 0.996310 0.996310 0.996310
8490 16.597391 16.597391 16.597391 0.996310 0.996310 0.996310
8500 16.597391 16.597391 16.597391 0.996310 0.996310 0.996310
8510 16.597391 16.597391 16.597391 0.996310 0.996310 0.996310
8520 16.597391 16.597391 16.597391 0.996310 0.996310 0.996310
8530 16.597391 16.597391 16.597391 0.996310 0.996310 0.996310
8540 16.597391 16.597391 16.597391 0.996310 0.996310 0.996310
8550 16.597391 16.597391 16.597391 0.996310 0.996310 0.996310
8560 16.597391 16.597391 16.597391 0.996310 0.996310 0.996310
8570 16.597391 16.597391 16.597391 0.996310 0.996310 0.996310
8580 16.597391 16.597391 16.597391 0.996310 0.996310 0.996310
8590 16.597391 16.597391 16.597391 0.996310 0.996310 0.996310
8600 16.597391 16.597391 16.597391 0.996310 0.996310 0.996310
8610 16.597391 16.597391 16.597391 0.996310 0.996310 0.996310
8620 16.597391 16.597391 16.597391 0.996310 0.996310 0.996310
8630 16.597391 16.597391 16.597391 0.996310 0.996310 0.996310
8640 16.597391 16.597391 16.597391 0.996310 0.996310 0.996310
8650 16.597391 16.597391 16.597391 0.996310 0.996310 0.996310
8660 16.597391 16.597391 16.597391 0.996310 0.996310 0.996310
8670 16.597391 16.597391 16.597391 0.996310 0.996310 0.996310
8680 16.597391 16.597391 16.597391 0.996310 0.996310 0.996310
8690 16.597391 16.597391 16.597391 0.996310 0.996310 0.996310
8700 16.597391 16.597391 16.597391 0.996310 0.996310 0.996310
8710 16.597391 16.597391 16.597391 0.996310 0.996310 0.996310
8720 16.597391 16.597391 16.597391 0.996310 0.996310 0.996310
8730 16.597391 16.597391 16.597391 0.996310 0.996310 0.996310
8740 16.597391 16.597391 16.597391 0.996310 0.996310 0.996310
8750 16.597391 16.597391 16.597391 0.996310 0.996310 0.996310
8760 16.597391 16.597391 16.597391 0.996310 0.996310 0.996310
8770 16.597391 16.597391 16.597391 0.996310 0.996310 0.996310
8780 16.597391 16.597391 16.597391 0.996310 0.996310 0.996310
8790 16.597391 16.597391 16.597391 0.996310 0.996310 0.996310
8800 16.597391 16.597391 16.597391 0.996310 0.996310 0.996310
8810 16.597391 16.597391 16.597391 0.996310 0.996310 0.996310
8820 16.597391 16.597391 16.597391 0.996310 0.996310 0.996310
8830 16.597391 16.597391 16.597391 0.996310 0.996310 0.996310
8840 16.597391 16.597391 16.597391 0.996310 0.996310 0.996310
8850 16.597391 16.597391 16.597391 0.996310 0.996310 0.996310
8860 16.597391 16.597391 16.597391 0.996310 0.996310 0.996310
8870 16.597391 16.597391 16.597391 0.996310 0.996310 0.996310
8880 16.597391 16.597391 16.597391 0.996310 0.996310 0.996310
8890 16.597391 16.597391 16.597391 0.996310 0.996310 0.996310
8900 16.597391 16.597391 16.597391 0.996310 0.996310 0.996310
8910 16.597391 16.597391 16.597391 0.996310 0.996310 0.996310
8920 16.597391 16.597391 16.597391 0.996310 0.996310 0.996310
8930 16.597391 16.597391 16.597391 0.996310 0.996310 0.996310
8940 16.597391 16.597391 16.597391 0.996310 0.996310 0.996310
8950 16.597391 16.597391 16.597391 0.996310 0.996310 0.996310
8960 16.597391 16.597391 16.597391 0.996310 0.996310 0.996310
8970 16.597391 16.597391 16.597391 0.996310 0.996310 0.996310
8980 16.597391 16.597391 16.597391 0.996310 0.996310 0.996310
8990 16.597391 16.597391 16.597391 0.996310 0.996310 0.996310
9000 16.597391 16.597391 16.597391 0.996310 0.996310 0.996310
9010 16.597391 16.597391 16.597391 0.996310 0.996310 0.996310
9020 16.597391 16.597391 16.597391 0.996310 0.996310 0.996310
9030 16.597391 16.597391 16.597391 0.996310 0.996310 0.996310
9040 16.597391 16.597391 16.597391 0.996310 0.996310 0.996310
9050 16.597391 16.597391 16.597391 0.996310 0.996310 0.996310
9060 16.597391 16.597391 16.597391 0.996310 0.996310 0.996310
9070 16.597391 16.597391 16.597391 0.996310 0.996310 0.996310
9080 16.597391 16.597391 16.597391 0.996310 0.996310 0.996310
9090 16.597391 16.597391 16.597391 0.996310 0.996310 0.996310
9100 16.597391 16.597391 16.597391 0.996310 0.996310 0.996310
9110 16.597391 16.597391 16.597391 0.996310 0.996310 0.996310
9120 16.597391 16.597391 16.597391 0.996310 0.996310 0.996310
9130 16.597391 16.597391 16.597391 0.996310 0.996310 0.996310
9140 16.597391 16.597391 16.597391 0.996310 0.996310 0.996310
9150 16.597391 16.597391 16.597391 0.996310 0.996310 0.996310
9160 16.597391 16.597391 16.597391 0.996310 0.996310 0.996310
9170 16.597391 16.597391 16.597391 0.996310 0.996310 0.996310
9180 16.597391 16.597391 16.597391 0.996310 0.996310 0.996310
9190 16.597391 16.597391 16.597391 0.996310 0.996310 0.996310
9200 16.597391 16.597391 16.597391 0.996310 0.996310 0.996310
9210 16.597391 16.597391 16.597391 0.996310 0.996310 0.996310
9220 16.597391 16.597391 16.597391 0.996310 0.996310 0.996310
9230 16.597391 16.597391 16.597391 0.996310 0.996310 0.996310
9240 16.597391 16.597391 16.597391 0.996310 0.996310 0.996310
9250 16.597391 16.597391 16.597391 0.996310 0.996310 0.996310
9260 16.597391 16.597391 16.597391 0.996310 0.996310 0.996310
9270 16.597391 16.597391 16.597391 0.996310 0.996310 0.996310
9280 16.597391 16.597391 16.597391 0.996310 0.996310 0.996310
9290 16.597391 16.597391 16.597391 0.996310 0.996310 0.996310
9300 16.597391 16.597391 16.597391 0.996310 0.996310 0.996310
9310 16.597391 16.597391 16.597391 0.996310 0.996310 0.996310
9320 16.597391 16.597391 16.597391 0.996310 0.996310 0.996310
9330 16.597391 16.597391 16.597391 0.996310 0.996310 0.996310
9340 16.597391 16.597391 16.597391 0.996310 0.996310 0.996310
9350 16.597391 16.597391 16.597391 0.996310 0.996310 0.996310
9360 16.597391 16.597391 16.597391 0.996310 0.996310 0.996310
9370 16.597391 16.597391 16.597391 0.996310 0.996310 0.996310
9380 16.597391 16.597391 16.597391 0.996310 0.996310 0.996310
9390 16.597391 16.597391 16.597391 0.996310 0.996310 0.996310
9400 16.597391 16.597391 16.597391 0.996310 0.996310 0.996310
9410 16.597391 16.597391 16.597391 0.996310 0.996310 0.996310
9420 16.597391 16.597391 16.597391 0.996310 0.996310 0.996310
9430 16.597391 16.597391 16.597391 0.996310 0.996310 0.996310
9440 16.597391 16.597391 16.597391 0.996310 0.996310 0.996310
9450 16.597391 16.597391 16.597391 0.996310 0.996310 0.996310
9460 16.597391 16.597391 16.597391 0.996310 0.996310 0.996310
9470 16.597391 16.597391 16.597391 0.996310 0.996310 0.996310
9480 16.597391 16.597391 16.597391 0.996310 0.996310 0.996310
9490 16.597391 16.597391 16.597391 0.996310 0.996310 0.996310
9500 16.597391 16.597391 16.597391 0.996310 0.996310 0.996310
9510 16.597391 16.597391 16.597391 0.996310 0.996310 0.996310
9520 16.597391 16.597391 16.597391 0.996310 0.996310 0.996310
9530 16.597391 16.597391 16.597391 0.996310 0.996310 0.996310
9540 16.597391 16.597391 16.597391 0.996310 0.996310 0.996310
9550 16.597391 16.597391 16.597391 0.996310 0.996310 0.996310
9560 16.597391 16.597391 16.597391 0.996310 0.996310 0.996310
9570 16.597391 16.597391 16.597391 0.996310 0.996310 0.996310
9580 16.597391 16.597391 16.597391 0.996310 0.996310 0.996310
9590 16.597391 16.597391 16.597391 0.996310 0.996310 0.996310
9600 16.597391 16.597391 16.597391 0.996310 0.996310 0.996310
9610 16.597391 16.597391 16.597391 0.996310 0.996310 0.996310
9620 16.597391 16.597391 16.597391 0.996310 0.996310 0.996310
9630 16.597391 16.597391 16.597391 0.996310 0.996310 0.996310
9640 16.597391 16.597391 16.597391 0.996310 0.996310 0.996310
9650 16.597391 16.597391 16.597391 0.996310 0.996310 0.996310
9660 16.597391 16.597391 16.597391 0.996310 0.996310 0.996310
9670 16.597391 16.597391 16.597391 0.996310 0.996310 0.996310
9680 16.597391 16.597391 16.597391 0.996310 0.996310 0.996310
9690 16.597391 16.597391 16.597391 0.996310 0.996310 0.996310
9700 16.597391 16.597391 16.597391 0.996310 0.996310 0.996310
9710 16.597391 16.597391 16.597391 0.996310 0.996310 0.996310
9720 16.597391 16.597391 16.597391 0.996310 0.996310 0.996310
9730 16.597391 16.597391 16.597391 0.996310 0.996310 0.996310
9740 16.597391 16.597391 16.597391 0.996310 0.996310 0.996310
9750 16.597391 16.597391 16.597391 0.996310 0.996310 0.996310
9760 16.597391 16.597391 16.597391 0.996310 0.996310 0.996310
9770 16.597391 16.597391 16.597391 0.996310 0.996310 0.996310
9780 16.597391 16.597391 16.597391 0.996310 0.996310 0.996310
9790 16.597391 16.597391 16.597391 0.996310 0.996310 0.996310
9800 16.597391 16.597391 16.597391 0.996310 0.996310 0.996310
9810 16.597391 16.597391 16.597391 0.996310 0.996310 0.996310
9820 16.597391 16.597391 16.597391 0.996310 0.996310 0.996310
9830 16.597391 16.597391 16.597391 0.996310 0.996310 0.996310
9840 16.597391 16.597391 16.597391 0.996310 0.996310 0.996310
9850 16.597391 16.597391 16.597391 0.996310 0.996310 0.996310
9860 16.597391 16.597391 16.597391 0.996310 0.996310 0.996310
9870 16.597391 16.597391 16.597391 0.996310 0.996310 0.996310
9880 16.597391 16.597391 16.597391 0.996310 0.996310 0.996310
9890 16.597391 16.597391 16.597391 0.996310 0.996310 0.996310
9900 16.597391 16.597391 16.597391 0.996310 0.996310 0.996310
9910 16.597391 16.597391 16.597391 0.996310 0.996310 0.996310
9920 16.597391 16.597391 16.597391 0.996310 0.996310 0.996310
9930 16.597391 16.597391 16.597391 0.996310 0.996310 0.996310
9940 16.597391 16.597391 16.597391 0.996310 0.996310 0.996310
9950 16.597391 16.597391 16.597391 0.996310 0.996310 0.996310
9960 16.597391 16.597391 16.597391 0.996310 0.996310 0.996310
9970 16.597391 16.597391 16.597391 0.996310 0.996310 0.996310
9980 16.597391 16.597391 16.597391 0.996310 0.996310 0.996310
9990 16.597391 16.597391 16.597391 0.996310 0.996310 0.996310
10000 10.462982 10.462982 10.462982 1.001832 1.001832 1.001832
