699 313096 11 0.074200 4222 1300 1451 1
806 309990 8 0.094800 5333 3723 1042 0
600 400481 7 0.058000 5034 1271 1917 0
781 624393 11 0.094800 4869 3308 957 1
922 615741 7 0.116300 5174 3820 951 1
668 458462 14 0.102700 5870 2596 1236 1
1000 588419 10 0.112000 4416 3939 1989 1
934 645609 10 0.099200 4751 3230 1918 0
849 676614 14 0.062700 5474 3981 991 0
609 461046 8 0.069600 4223 2737 1603 1
521 343450 10 0.105300 4885 1537 1152 1
898 444990 10 0.194800 5409 1644 1323 0
692 468152 11 0.099100 5210 1878 1844 1
831 399617 10 0.066500 4993 3397 873 0
868 480022 12 0.123300 4600 3176 1731 0
641 504966 13 0.100500 5951 2732 1765 1
731 488821 8 0.109700 4491 2899 1455 0
964 615936 10 0.109600 4707 906 1345 0
863 454946 12 0.096400 5378 3878 1560 1
804 351201 13 0.051300 4540 3359 1810 1
732 341328 12 0.089900 5214 2387 1572 0
586 367655 13 0.157500 4206 1285 1283 0
695 434715 9 0.142200 5044 2904 1500 1
573 367942 11 0.161700 5220 2535 1749 1
839 475322 11 0.060600 5685 983 1762 0
773 561468 10 0.073900 4439 1923 1897 1
712 483799 13 0.132200 5714 3857 1977 0
880 397164 9 0.138600 5030 3932 1784 0
694 365446 9 0.070800 4574 3774 1954 1
982 478592 11 0.112400 5408 2852 1240 1
558 242883 10 0.097600 5811 2046 1548 0
677 303341 12 0.085600 4924 2411 1640 0
892 601785 12 0.119400 4364 3295 993 1
530 441343 11 0.071500 4861 967 1267 1
794 438654 11 0.150000 4906 1228 1354 0
724 415483 10 0.102500 5478 2836 1567 0
754 513661 12 0.129800 5816 1292 1066 1
653 418272 12 0.042800 5126 2423 1024 0
509 336576 11 0.054600 5106 3437 1962 1
651 268532 10 0.041500 4691 2749 1708 0
620 243861 14 0.076500 4925 1470 1300 1
590 293273 8 0.161800 4600 3759 1349 1
546 311998 13 0.120300 4015 3842 1105 0
635 502180 13 0.197800 4775 1801 1595 1
654 367785 8 0.083600 4316 3529 1086 1
570 266340 11 0.070900 4002 1556 1826 1
654 449467 9 0.110700 4389 1916 1747 0
608 241853 13 0.096800 5560 1892 1618 0
755 552908 13 0.131000 5094 1917 1097 0
679 364281 13 0.129400 4586 1393 1148 1
824 431117 12 0.168200 4741 3322 1927 0
872 533324 12 0.111800 4507 3651 1759 0
559 359049 9 0.103500 4674 2440 1255 0
989 426958 11 0.039500 4935 2568 1217 1
501 294887 13 0.130500 5327 1130 1278 0
661 302371 7 0.120200 5281 1878 1568 0
796 500079 8 0.070700 4674 1932 1138 0
624 330560 9 0.060000 5295 819 1848 0
828 474238 11 0.093600 5923 3886 1239 1
698 410937 13 0.094000 5070 1451 1467 0
715 372123 9 0.162700 4722 1130 1853 0
987 373697 14 0.160900 4233 3531 1540 0
628 257328 9 0.188700 5246 1879 985 1
600 198814 14 0.067500 4561 2320 1967 0
677 384239 13 0.037000 4628 1502 1247 1
660 432918 13 0.191000 5888 3128 1786 0
729 474607 8 0.170000 5659 3404 1221 1
579 310874 12 0.158100 5827 3071 1511 1
903 459079 10 0.105500 5662 3256 1055 1
582 242169 12 0.149900 5051 2420 1969 0
974 357222 7 0.144600 5396 1593 1303 1
687 248944 8 0.123000 5918 2110 1109 1
912 406381 12 0.027000 5803 2310 1770 0
593 344617 12 0.067300 4999 3591 1080 1
771 464264 11 0.100400 4291 2902 1552 0
883 401690 11 0.039700 4091 3697 1984 0
676 311855 7 0.125800 4466 3516 1193 1
534 331020 9 0.090100 4219 1944 981 1
715 503354 10 0.065500 5805 3218 919 1
863 596333 9 0.012300 4872 2125 1674 0
959 733128 13 0.049300 4643 2157 902 0
772 502825 10 0.008600 5909 3058 1209 1
831 609223 9 0.139000 4583 2053 1321 1
738 416370 10 0.141600 4812 3619 911 0
519 290505 13 0.145500 5714 3584 1455 1
616 429028 13 0.060700 4844 2077 801 1
880 592086 12 0.092600 4483 1014 846 0
759 546126 12 0.083300 5055 1635 1823 1
926 704150 12 0.063000 4801 2555 1558 0
553 331721 7 0.187700 5107 3868 1406 0
783 306718 9 0.052700 4547 3639 1570 0
850 414334 12 0.121800 4788 2115 1446 1
991 458901 7 0.060100 5395 3636 1290 1
621 324198 8 0.056500 5073 2173 1253 1
769 534811 11 0.090400 5318 816 1274 0
843 510777 8 0.129100 5161 2191 1757 1
916 540815 9 0.107200 4329 2244 1455 0
770 526334 8 0.097000 5509 2821 1401 1
799 357693 13 0.141800 5339 3511 1546 1
881 368588 14 0.026200 5918 2571 1173 0
