978 88925 15 0.120800 5815 3082 1097 1
867 91474 14 0.044400 5163 3614 1788 1
743 85206 8 0.060000 5352 1636 1746 1
820 95443 9 0.126500 5460 3097 1441 1
528 62159 12 0.075500 4352 2420 1845 1
915 102333 16 0.089900 4741 1265 1104 1
738 113151 16 0.069300 4779 1427 904 1
811 79909 16 0.133300 5854 954 1646 1
668 86267 9 0.103500 4203 1189 1260 1
804 112064 12 0.076600 4309 1160 1724 1
755 82593 14 0.017500 5025 1762 1478 1
793 57080 15 0.094300 5385 3185 1444 1
603 58741 13 0.098200 4300 2865 1047 1
543 43789 12 0.114400 4616 1979 853 1
621 60109 14 0.144900 5835 3690 1825 1
852 102308 13 0.160800 4090 946 1174 1
602 69061 13 0.114500 5817 2519 1178 1
667 61233 16 0.085000 5254 1609 1882 1
843 79348 11 0.166600 4287 1600 1683 1
970 84484 16 0.085000 4930 2121 1651 1
961 70722 9 0.086000 4063 2605 871 1
708 113530 15 0.160900 4061 3755 1707 1
526 62606 13 0.068000 4401 2923 1511 1
579 67613 9 0.074100 5764 1878 1199 1
869 79846 16 0.050300 5698 1775 825 1
976 113720 12 0.045100 5354 2803 805 1
620 81511 13 0.113100 5388 860 870 1
891 63895 14 0.112300 5117 1781 1446 1
667 85371 15 0.080500 4394 2379 1844 1
517 71608 11 0.115400 4161 3918 1700 1
577 72797 8 0.168300 5019 846 820 1
630 64654 18 0.134000 5568 2972 824 1
977 110319 13 0.138400 5708 3626 1981 1
992 122574 15 0.103700 5459 1978 965 1
625 49769 14 0.096200 5045 2812 1179 1
628 86660 13 0.088000 4879 2455 1454 1
978 74980 17 0.094900 5896 2172 1847 1
570 42845 12 0.120000 4841 1863 1634 1
566 58748 10 0.071800 4023 2836 1653 1
945 118364 12 0.113100 5228 3759 1525 1
793 101493 11 0.143200 5952 2607 1449 1
908 102857 11 0.133300 5242 3874 1989 1
759 99303 14 0.154100 4574 3848 1618 1
819 117254 15 0.096900 5158 2139 1499 1
967 76469 13 0.134900 5278 3800 1452 1
851 98165 14 0.054500 5780 984 1226 1
703 91600 14 0.106600 5085 3380 930 1
819 90507 11 0.033600 4169 3252 1304 1
883 76104 12 0.095200 4874 3630 1792 1
923 114674 18 0.194900 5871 3368 1092 1
761 78619 13 0.166800 5914 1208 1081 1
567 62372 11 0.089000 4929 3616 1711 1
800 107672 14 0.086300 5296 3731 1707 1
821 105299 10 0.169800 5692 3364 891 1
711 68717 14 0.108000 4032 3971 1370 1
763 89065 9 0.073000 4959 2065 816 1
810 69473 16 0.100600 5629 3984 1620 1
892 91273 14 0.101800 4257 3540 1446 1
616 49067 14 0.166100 5000 2389 1361 1
609 54492 13 0.072900 5497 3527 1169 1
976 109928 12 0.060000 4077 2727 1318 1
946 64757 14 0.086400 5696 2378 1507 1
653 62122 14 0.087400 5560 2339 1131 1
537 62854 14 0.075400 4596 2968 1407 1
899 90199 12 0.089800 4832 1076 833 1
989 133399 17 0.137200 4794 1100 1432 1
661 73819 12 0.084800 5565 2998 954 1
868 98687 10 0.061700 4283 2093 1889 1
863 97216 18 0.047400 4626 810 1076 1
886 94428 17 0.029700 5123 2205 1432 1
586 64663 11 0.071600 5002 811 1145 1
520 45651 15 0.145700 4956 3687 1461 1
698 71433 10 0.059100 5276 2827 1049 1
997 161770 9 0.104300 4061 814 804 1
606 56719 10 0.123700 4314 2068 1983 1
852 107554 17 0.147400 5114 3200 1799 1
613 44364 14 0.122900 5912 1154 1935 1
517 54332 10 0.153000 5774 1174 1906 1
786 98555 15 0.112900 5379 847 1078 1
624 65681 12 0.032500 4621 3646 1205 1
910 93131 10 0.150300 5493 1220 1190 1
897 104174 15 0.124500 5734 1764 1554 1
813 60332 17 0.033900 4385 1929 1612 1
806 113869 13 0.072500 4574 1242 1106 1
634 70940 15 0.040400 5981 1029 1742 1
761 81691 18 0.088900 4057 2354 1039 1
991 100928 13 0.140900 5052 3373 1536 1
993 99595 12 0.029800 4976 1706 924 1
974 96472 9 0.154900 5588 3321 1240 1
596 88057 15 0.124700 4049 3684 1274 1
551 70508 10 0.140600 5283 955 1346 1
985 107218 12 0.168200 5859 3881 1255 1
885 88392 11 0.146200 5487 1106 1976 1
893 131427 12 0.096000 4749 3838 1253 1
830 80635 14 0.130400 5812 2110 855 1
743 87444 18 0.053100 4408 2558 1865 1
723 83276 14 0.035400 5570 2822 1252 1
844 88067 9 0.110000 5347 2946 1271 1
546 55878 13 0.134000 4704 1821 1599 1
990 115805 10 0.098300 4132 3559 1951 1
