# generation power_min power_avg power_max util_min util_avg util_max
1 20.631197 21.540749 22.935094 0.316141 0.326403 0.335113
10 20.424923 21.412831 22.181380 0.320294 0.327367 0.335641
20 20.424923 21.297137 21.952850 0.321376 0.328262 0.335641
30 20.226196 21.181305 21.765768 0.323677 0.329150 0.336049
40 20.226196 21.082139 21.562422 0.324551 0.329960 0.336281
50 20.226196 20.980937 21.500971 0.325453 0.330790 0.337347
60 20.205414 20.890105 21.369500 0.326208 0.331488 0.337347
70 20.046588 20.795630 21.323081 0.326695 0.332236 0.338692
80 20.046588 20.700048 21.242165 0.328156 0.332984 0.338692
90 20.013296 20.613538 21.130726 0.328156 0.333680 0.338692
100 19.906594 20.521687 20.994538 0.329616 0.334462 0.339968
110 19.853188 20.435888 20.898983 0.330532 0.335082 0.339968
120 19.853188 20.356525 20.817132 0.331143 0.335703 0.340155
130 19.745856 20.279138 20.726633 0.331694 0.336328 0.341657
140 19.715608 20.210388 20.581591 0.332703 0.336865 0.341657
150 19.700228 20.152405 20.524894 0.333367 0.337374 0.341657
160 19.700228 20.095845 20.402644 0.333367 0.337767 0.341657
170 19.683154 20.042950 20.305357 0.335290 0.338144 0.341657
180 19.485528 19.983421 20.269939 0.335290 0.338586 0.342787
190 19.485528 19.927123 20.214609 0.335600 0.339033 0.342787
200 19.472929 19.879840 20.152647 0.336336 0.339434 0.342787
210 19.451053 19.832882 20.113779 0.336916 0.339828 0.344001
220 19.206670 19.782731 20.079827 0.336916 0.340216 0.345042
230 19.206670 19.735323 20.031647 0.337343 0.340621 0.345042
240 19.206670 19.688349 19.940127 0.338083 0.341005 0.345042
250 19.206670 19.640900 19.890968 0.338897 0.341385 0.345106
260 19.206670 19.594483 19.821665 0.339216 0.341767 0.345106
270 19.206670 19.560179 19.745856 0.339216 0.342043 0.345106
280 19.195700 19.521129 19.729277 0.339855 0.342337 0.345106
290 19.093127 19.469991 19.715608 0.339855 0.342801 0.346178
300 19.093127 19.428039 19.676581 0.339855 0.343148 0.346178
310 19.093127 19.378883 19.640014 0.340187 0.343581 0.346178
320 19.038190 19.332747 19.584263 0.340812 0.343958 0.346381
330 19.038190 19.292284 19.546250 0.342041 0.344314 0.346381
340 19.034643 19.253367 19.485528 0.342304 0.344628 0.346381
350 19.010624 19.219201 19.451053 0.342507 0.344941 0.346478
360 18.839729 19.182482 19.408333 0.342960 0.345189 0.347706
370 18.839729 19.147358 19.346135 0.343737 0.345468 0.347706
380 18.839729 19.120068 19.291560 0.344306 0.345649 0.347706
390 18.839729 19.098603 19.206670 0.344992 0.345802 0.347750
400 18.839729 19.075485 19.206670 0.344992 0.345979 0.347750
410 18.785154 19.055906 19.193596 0.345007 0.346124 0.348374
420 18.644440 19.024535 19.138939 0.345370 0.346345 0.349177
430 18.644440 18.999945 19.110436 0.345370 0.346518 0.349177
440 18.633470 18.967544 19.093127 0.345657 0.346782 0.349556
450 18.633470 18.942962 19.082157 0.345757 0.346960 0.349556
460 18.633470 18.913453 19.062367 0.345937 0.347211 0.349556
470 18.599696 18.880125 19.052828 0.345937 0.347455 0.349841
480 18.599128 18.849803 19.034643 0.346169 0.347696 0.349841
490 18.533583 18.818171 19.034643 0.346169 0.347946 0.350435
500 18.533583 18.784889 19.012911 0.346191 0.348187 0.350435
510 18.514432 18.756331 18.925155 0.346191 0.348441 0.350464
520 18.455064 18.729139 18.867089 0.346814 0.348627 0.350465
530 18.455064 18.702373 18.828759 0.347656 0.348863 0.350465
540 18.448318 18.681129 18.797751 0.347662 0.349040 0.351058
550 18.448318 18.660865 18.776949 0.347662 0.349158 0.351058
560 18.448318 18.635404 18.774184 0.347662 0.349346 0.351058
570 18.448318 18.609870 18.774184 0.347662 0.349553 0.351058
580 18.448318 18.579985 18.734259 0.347662 0.349778 0.351058
590 18.315224 18.553655 18.688919 0.348948 0.350039 0.351757
600 18.315224 18.531367 18.652751 0.348979 0.350231 0.351757
610 18.315224 18.508142 18.644440 0.348979 0.350426 0.351757
620 18.315224 18.485960 18.633470 0.348979 0.350632 0.351757
630 18.315224 18.464935 18.567356 0.349715 0.350801 0.351757
640 18.315224 18.450925 18.533583 0.350435 0.350934 0.351757
650 18.315224 18.436290 18.533583 0.350435 0.351025 0.351757
660 18.315224 18.419567 18.514432 0.350464 0.351128 0.351757
670 18.315224 18.404365 18.466034 0.350465 0.351247 0.351757
680 18.315224 18.391940 18.448318 0.351058 0.351339 0.351757
690 18.315224 18.379961 18.448318 0.351058 0.351402 0.351757
700 18.315224 18.366652 18.448318 0.351058 0.351472 0.351757
710 18.315224 18.353343 18.448318 0.351058 0.351542 0.351757
720 18.315224 18.340033 18.448318 0.351058 0.351612 0.351757
730 18.315224 18.326724 18.448318 0.351058 0.351682 0.351757
740 18.315224 18.315770 18.369800 0.351089 0.351751 0.351757
750 18.315224 18.315224 18.315224 0.351757 0.351757 0.351757
760 18.315224 18.315224 18.315224 0.351757 0.351757 0.351757
770 18.315224 18.315224 18.315224 0.351757 0.351757 0.351757
780 18.315224 18.315224 18.315224 0.351757 0.351757 0.351757
790 18.315224 18.315224 18.315224 0.351757 0.351757 0.351757
800 18.315224 18.315224 18.315224 0.351757 0.351757 0.351757
810 18.315224 18.315224 18.315224 0.351757 0.351757 0.351757
820 18.315224 18.315224 18.315224 0.351757 0.351757 0.351757
830 18.315224 18.315224 18.315224 0.351757 0.351757 0.351757
840 18.315224 18.315224 18.315224 0.351757 0.351757 0.351757
850 18.315224 18.315224 18.315224 0.351757 0.351757 0.351757
860 18.315224 18.315224 18.315224 0.351757 0.351757 0.351757
870 18.315224 18.315224 18.315224 0.351757 0.351757 0.351757
880 18.315224 18.315224 18.315224 0.351757 0.351757 0.351757
890 18.315224 18.315224 18.315224 0.351757 0.351757 0.351757
900 18.315224 18.315224 18.315224 0.351757 0.351757 0.351757
910 18.315224 18.315224 18.315224 0.351757 0.351757 0.351757
920 18.315224 18.315224 18.315224 0.351757 0.351757 0.351757
930 18.315224 18.315224 18.315224 0.351757 0.351757 0.351757
940 18.315224 18.315224 18.315224 0.351757 0.351757 0.351757
950 18.315224 18.315224 18.315224 0.351757 0.351757 0.351757
960 18.315224 18.315224 18.315224 0.351757 0.351757 0.351757
970 18.315224 18.315224 18.315224 0.351757 0.351757 0.351757
980 18.315224 18.315224 18.315224 0.351757 0.351757 0.351757
990 18.315224 18.315224 18.315224 0.351757 0.351757 0.351757
1000 18.315224 18.315224 18.315224 0.351757 0.351757 0.351757
1010 18.315224 18.315224 18.315224 0.351757 0.351757 0.351757
1020 18.315224 18.315224 18.315224 0.351757 0.351757 0.351757
1030 18.315224 18.315224 18.315224 0.351757 0.351757 0.351757
1040 18.315224 18.315224 18.315224 0.351757 0.351757 0.351757
1050 18.315224 18.315224 18.315224 0.351757 0.351757 0.351757
1060 18.315224 18.315224 18.315224 0.351757 0.351757 0.351757
1070 18.315224 18.315224 18.315224 0.351757 0.351757 0.351757
1080 18.315224 18.315224 18.315224 0.351757 0.351757 0.351757
1090 18.315224 18.315224 18.315224 0.351757 0.351757 0.351757
1100 18.315224 18.315224 18.315224 0.351757 0.351757 0.351757
1110 18.315224 18.315224 18.315224 0.351757 0.351757 0.351757
1120 18.315224 18.315224 18.315224 0.351757 0.351757 0.351757
1130 18.315224 18.315224 18.315224 0.351757 0.351757 0.351757
1140 18.315224 18.315224 18.315224 0.351757 0.351757 0.351757
1150 18.315224 18.315224 18.315224 0.351757 0.351757 0.351757
1160 18.315224 18.315224 18.315224 0.351757 0.351757 0.351757
1170 18.315224 18.315224 18.315224 0.351757 0.351757 0.351757
1180 18.315224 18.315224 18.315224 0.351757 0.351757 0.351757
1190 18.315224 18.315224 18.315224 0.351757 0.351757 0.351757
1200 18.315224 18.315224 18.315224 0.351757 0.351757 0.351757
1210 18.315224 18.315224 18.315224 0.351757 0.351757 0.351757
1220 18.315224 18.315224 18.315224 0.351757 0.351757 0.351757
1230 18.315224 18.315224 18.315224 0.351757 0.351757 0.351757
1240 18.315224 18.315224 18.315224 0.351757 0.351757 0.351757
1250 18.315224 18.315224 18.315224 0.351757 0.351757 0.351757
1260 18.315224 18.315224 18.315224 0.351757 0.351757 0.351757
1270 18.315224 18.315224 18.315224 0.351757 0.351757 0.351757
1280 18.315224 18.315224 18.315224 0.351757 0.351757 0.351757
1290 18.315224 18.315224 18.315224 0.351757 0.351757 0.351757
1300 18.315224 18.315224 18.315224 0.351757 0.351757 0.351757
1310 18.315224 18.315224 18.315224 0.351757 0.351757 0.351757
1320 18.315224 18.315224 18.315224 0.351757 0.351757 0.351757
1330 18.315224 18.315224 18.315224 0.351757 0.351757 0.351757
1340 18.315224 18.315224 18.315224 0.351757 0.351757 0.351757
1350 18.315224 18.315224 18.315224 0.351757 0.351757 0.351757
1360 18.315224 18.315224 18.315224 0.351757 0.351757 0.351757
1370 18.315224 18.315224 18.315224 0.351757 0.351757 0.351757
1380 18.315224 18.315224 18.315224 0.351757 0.351757 0.351757
1390 18.315224 18.315224 18.315224 0.351757 0.351757 0.351757
1400 18.315224 18.315224 18.315224 0.351757 0.351757 0.351757
1410 18.315224 18.315224 18.315224 0.351757 0.351757 0.351757
1420 18.315224 18.315224 18.315224 0.351757 0.351757 0.351757
1430 18.315224 18.315224 18.315224 0.351757 0.351757 0.351757
1440 18.315224 18.315224 18.315224 0.351757 0.351757 0.351757
1450 18.315224 18.315224 18.315224 0.351757 0.351757 0.351757
1460 18.315224 18.315224 18.315224 0.351757 0.351757 0.351757
1470 18.315224 18.315224 18.315224 0.351757 0.351757 0.351757
1480 18.315224 18.315224 18.315224 0.351757 0.351757 0.351757
1490 18.315224 18.315224 18.315224 0.351757 0.351757 0.351757
1500 18.315224 18.315224 18.315224 0.351757 0.351757 0.351757
1510 18.315224 18.315224 18.315224 0.351757 0.351757 0.351757
1520 18.315224 18.315224 18.315224 0.351757 0.351757 0.351757
1530 18.315224 18.315224 18.315224 0.351757 0.351757 0.351757
1540 18.315224 18.315224 18.315224 0.351757 0.351757 0.351757
1550 18.315224 18.315224 18.315224 0.351757 0.351757 0.351757
1560 18.315224 18.315224 18.315224 0.351757 0.351757 0.351757
1570 18.315224 18.315224 18.315224 0.351757 0.351757 0.351757
1580 18.315224 18.315224 18.315224 0.351757 0.351757 0.351757
1590 18.315224 18.315224 18.315224 0.351757 0.351757 0.351757
1600 18.315224 18.315224 18.315224 0.351757 0.351757 0.351757
1610 18.315224 18.315224 18.315224 0.351757 0.351757 0.351757
1620 18.315224 18.315224 18.315224 0.351757 0.351757 0.351757
1630 18.315224 18.315224 18.315224 0.351757 0.351757 0.351757
1640 18.315224 18.315224 18.315224 0.351757 0.351757 0.351757
1650 18.315224 18.315224 18.315224 0.351757 0.351757 0.351757
1660 18.315224 18.315224 18.315224 0.351757 0.351757 0.351757
1670 18.315224 18.315224 18.315224 0.351757 0.351757 0.351757
1680 18.315224 18.315224 18.315224 0.351757 0.351757 0.351757
1690 18.315224 18.315224 18.315224 0.351757 0.351757 0.351757
1700 18.315224 18.315224 18.315224 0.351757 0.351757 0.351757
1710 18.315224 18.315224 18.315224 0.351757 0.351757 0.351757
1720 18.315224 18.315224 18.315224 0.351757 0.351757 0.351757
1730 18.315224 18.315224 18.315224 0.351757 0.351757 0.351757
1740 18.315224 18.315224 18.315224 0.351757 0.351757 0.351757
1750 18.315224 18.315224 18.315224 0.351757 0.351757 0.351757
1760 18.315224 18.315224 18.315224 0.351757 0.351757 0.351757
1770 18.315224 18.315224 18.315224 0.351757 0.351757 0.351757
1780 18.315224 18.315224 18.315224 0.351757 0.351757 0.351757
1790 18.315224 18.315224 18.315224 0.351757 0.351757 0.351757
1800 18.315224 18.315224 18.315224 0.351757 0.351757 0.351757
1810 18.315224 18.315224 18.315224 0.351757 0.351757 0.351757
1820 18.315224 18.315224 18.315224 0.351757 0.351757 0.351757
1830 18.315224 18.315224 18.315224 0.351757 0.351757 0.351757
1840 18.315224 18.315224 18.315224 0.351757 0.351757 0.351757
1850 18.315224 18.315224 18.315224 0.351757 0.351757 0.351757
1860 18.315224 18.315224 18.315224 0.351757 0.351757 0.351757
1870 18.315224 18.315224 18.315224 0.351757 0.351757 0.351757
1880 18.315224 18.315224 18.315224 0.351757 0.351757 0.351757
1890 18.315224 18.315224 18.315224 0.351757 0.351757 0.351757
1900 18.315224 18.315224 18.315224 0.351757 0.351757 0.351757
1910 18.315224 18.315224 18.315224 0.351757 0.351757 0.351757
1920 18.315224 18.315224 18.315224 0.351757 0.351757 0.351757
1930 18.315224 18.315224 18.315224 0.351757 0.351757 0.351757
1940 18.315224 18.315224 18.315224 0.351757 0.351757 0.351757
1950 18.315224 18.315224 18.315224 0.351757 0.351757 0.351757
1960 18.315224 18.315224 18.315224 0.351757 0.351757 0.351757
1970 18.315224 18.315224 18.315224 0.351757 0.351757 0.351757
1980 18.315224 18.315224 18.315224 0.351757 0.351757 0.351757
1990 18.315224 18.315224 18.315224 0.351757 0.351757 0.351757
2000 18.315224 18.315224 18.315224 0.351757 0.351757 0.351757
2010 18.315224 18.315224 18.315224 0.351757 0.351757 0.351757
2020 18.315224 18.315224 18.315224 0.351757 0.351757 0.351757
2030 18.315224 18.315224 18.315224 0.351757 0.351757 0.351757
2040 18.315224 18.315224 18.315224 0.351757 0.351757 0.351757
2050 18.315224 18.315224 18.315224 0.351757 0.351757 0.351757
2060 18.315224 18.315224 18.315224 0.351757 0.351757 0.351757
2070 18.315224 18.315224 18.315224 0.351757 0.351757 0.351757
2080 18.315224 18.315224 18.315224 0.351757 0.351757 0.351757
2090 18.315224 18.315224 18.315224 0.351757 0.351757 0.351757
2100 18.315224 18.315224 18.315224 0.351757 0.351757 0.351757
2110 18.315224 18.315224 18.315224 0.351757 0.351757 0.351757
2120 18.315224 18.315224 18.315224 0.351757 0.351757 0.351757
2130 18.315224 18.315224 18.315224 0.351757 0.351757 0.351757
2140 18.315224 18.315224 18.315224 0.351757 0.351757 0.351757
2150 18.315224 18.315224 18.315224 0.351757 0.351757 0.351757
2160 18.315224 18.315224 18.315224 0.351757 0.351757 0.351757
2170 18.315224 18.315224 18.315224 0.351757 0.351757 0.351757
2180 18.315224 18.315224 18.315224 0.351757 0.351757 0.351757
2190 18.315224 18.315224 18.315224 0.351757 0.351757 0.351757
2200 18.315224 18.315224 18.315224 0.351757 0.351757 0.351757
2210 18.315224 18.315224 18.315224 0.351757 0.351757 0.351757
2220 18.315224 18.315224 18.315224 0.351757 0.351757 0.351757
2230 18.315224 18.315224 18.315224 0.351757 0.351757 0.351757
2240 18.315224 18.315224 18.315224 0.351757 0.351757 0.351757
2250 18.315224 18.315224 18.315224 0.351757 0.351757 0.351757
2260 18.315224 18.315224 18.315224 0.351757 0.351757 0.351757
2270 18.315224 18.315224 18.315224 0.351757 0.351757 0.351757
2280 18.315224 18.315224 18.315224 0.351757 0.351757 0.351757
2290 18.315224 18.315224 18.315224 0.351757 0.351757 0.351757
2300 18.315224 18.315224 18.315224 0.351757 0.351757 0.351757
2310 18.315224 18.315224 18.315224 0.351757 0.351757 0.351757
2320 18.315224 18.315224 18.315224 0.351757 0.351757 0.351757
2330 18.315224 18.315224 18.315224 0.351757 0.351757 0.351757
2340 18.315224 18.315224 18.315224 0.351757 0.351757 0.351757
2350 18.315224 18.315224 18.315224 0.351757 0.351757 0.351757
2360 18.315224 18.315224 18.315224 0.351757 0.351757 0.351757
2370 18.315224 18.315224 18.315224 0.351757 0.351757 0.351757
2380 18.315224 18.315224 18.315224 0.351757 0.351757 0.351757
2390 18.315224 18.315224 18.315224 0.351757 0.351757 0.351757
2400 18.315224 18.315224 18.315224 0.351757 0.351757 0.351757
2410 18.315224 18.315224 18.315224 0.351757 0.351757 0.351757
2420 18.315224 18.315224 18.315224 0.351757 0.351757 0.351757
2430 18.315224 18.315224 18.315224 0.351757 0.351757 0.351757
2440 18.315224 18.315224 18.315224 0.351757 0.351757 0.351757
2450 18.315224 18.315224 18.315224 0.351757 0.351757 0.351757
2460 18.315224 18.315224 18.315224 0.351757 0.351757 0.351757
2470 18.315224 18.315224 18.315224 0.351757 0.351757 0.351757
2480 18.315224 18.315224 18.315224 0.351757 0.351757 0.351757
2490 18.315224 18.315224 18.315224 0.351757 0.351757 0.351757
2500 18.315224 18.315224 18.315224 0.351757 0.351757 0.351757
2510 18.315224 18.315224 18.315224 0.351757 0.351757 0.351757
2520 18.315224 18.315224 18.315224 0.351757 0.351757 0.351757
2530 18.315224 18.315224 18.315224 0.351757 0.351757 0.351757
2540 18.315224 18.315224 18.315224 0.351757 0.351757 0.351757
2550 18.315224 18.315224 18.315224 0.351757 0.351757 0.351757
2560 18.315224 18.315224 18.315224 0.351757 0.351757 0.351757
2570 18.315224 18.315224 18.315224 0.351757 0.351757 0.351757
2580 18.315224 18.315224 18.315224 0.351757 0.351757 0.351757
2590 18.315224 18.315224 18.315224 0.351757 0.351757 0.351757
2600 18.315224 18.315224 18.315224 0.351757 0.351757 0.351757
2610 18.315224 18.315224 18.315224 0.351757 0.351757 0.351757
2620 18.315224 18.315224 18.315224 0.351757 0.351757 0.351757
2630 18.315224 18.315224 18.315224 0.351757 0.351757 0.351757
2640 18.315224 18.315224 18.315224 0.351757 0.351757 0.351757
2650 18.315224 18.315224 18.315224 0.351757 0.351757 0.351757
2660 18.315224 18.315224 18.315224 0.351757 0.351757 0.351757
2670 18.315224 18.315224 18.315224 0.351757 0.351757 0.351757
2680 18.315224 18.315224 18.315224 0.351757 0.351757 0.351757
2690 18.315224 18.315224 18.315224 0.351757 0.351757 0.351757
2700 18.315224 18.315224 18.315224 0.351757 0.351757 0.351757
2710 18.315224 18.315224 18.315224 0.351757 0.351757 0.351757
2720 18.315224 18.315224 18.315224 0.351757 0.351757 0.351757
2730 18.315224 18.315224 18.315224 0.351757 0.351757 0.351757
2740 18.315224 18.315224 18.315224 0.351757 0.351757 0.351757
2750 18.315224 18.315224 18.315224 0.351757 0.351757 0.351757
2760 18.315224 18.315224 18.315224 0.351757 0.351757 0.351757
2770 18.315224 18.315224 18.315224 0.351757 0.351757 0.351757
2780 18.315224 18.315224 18.315224 0.351757 0.351757 0.351757
2790 18.315224 18.315224 18.315224 0.351757 0.351757 0.351757
2800 18.315224 18.315224 18.315224 0.351757 0.351757 0.351757
2810 18.315224 18.315224 18.315224 0.351757 0.351757 0.351757
2820 18.315224 18.315224 18.315224 0.351757 0.351757 0.351757
2830 18.315224 18.315224 18.315224 0.351757 0.351757 0.351757
2840 18.315224 18.315224 18.315224 0.351757 0.351757 0.351757
2850 18.315224 18.315224 18.315224 0.351757 0.351757 0.351757
2860 18.315224 18.315224 18.315224 0.351757 0.351757 0.351757
2870 18.315224 18.315224 18.315224 0.351757 0.351757 0.351757
2880 18.315224 18.315224 18.315224 0.351757 0.351757 0.351757
2890 18.315224 18.315224 18.315224 0.351757 0.351757 0.351757
2900 18.315224 18.315224 18.315224 0.351757 0.351757 0.351757
2910 18.315224 18.315224 18.315224 0.351757 0.351757 0.351757
2920 18.315224 18.315224 18.315224 0.351757 0.351757 0.351757
2930 18.315224 18.315224 18.315224 0.351757 0.351757 0.351757
2940 18.315224 18.315224 18.315224 0.351757 0.351757 0.351757
2950 18.315224 18.315224 18.315224 0.351757 0.351757 0.351757
2960 18.315224 18.315224 18.315224 0.351757 0.351757 0.351757
2970 18.315224 18.315224 18.315224 0.351757 0.351757 0.351757
2980 18.315224 18.315224 18.315224 0.351757 0.351757 0.351757
2990 18.315224 18.315224 18.315224 0.351757 0.351757 0.351757
3000 18.315224 18.315224 18.315224 0.351757 0.351757 0.351757
3010 18.315224 18.315224 18.315224 0.351757 0.351757 0.351757
3020 18.315224 18.315224 18.315224 0.351757 0.351757 0.351757
3030 18.315224 18.315224 18.315224 0.351757 0.351757 0.351757
3040 18.315224 18.315224 18.315224 0.351757 0.351757 0.351757
3050 18.315224 18.315224 18.315224 0.351757 0.351757 0.351757
3060 18.315224 18.315224 18.315224 0.351757 0.351757 0.351757
3070 18.315224 18.315224 18.315224 0.351757 0.351757 0.351757
3080 18.315224 18.315224 18.315224 0.351757 0.351757 0.351757
3090 18.315224 18.315224 18.315224 0.351757 0.351757 0.351757
3100 18.315224 18.315224 18.315224 0.351757 0.351757 0.351757
3110 18.315224 18.315224 18.315224 0.351757 0.351757 0.351757
3120 18.315224 18.315224 18.315224 0.351757 0.351757 0.351757
3130 18.315224 18.315224 18.315224 0.351757 0.351757 0.351757
3140 18.315224 18.315224 18.315224 0.351757 0.351757 0.351757
3150 18.315224 18.315224 18.315224 0.351757 0.351757 0.351757
3160 18.315224 18.315224 18.315224 0.351757 0.351757 0.351757
3170 18.315224 18.315224 18.315224 0.351757 0.351757 0.351757
3180 18.315224 18.315224 18.315224 0.351757 0.351757 0.351757
3190 18.315224 18.315224 18.315224 0.351757 0.351757 0.351757
3200 18.315224 18.315224 18.315224 0.351757 0.351757 0.351757
3210 18.315224 18.315224 18.315224 0.351757 0.351757 0.351757
3220 18.315224 18.315224 18.315224 0.351757 0.351757 0.351757
3230 18.315224 18.315224 18.315224 0.351757 0.351757 0.351757
3240 18.315224 18.315224 18.315224 0.351757 0.351757 0.351757
3250 18.315224 18.315224 18.315224 0.351757 0.351757 0.351757
3260 18.315224 18.315224 18.315224 0.351757 0.351757 0.351757
3270 18.315224 18.315224 18.315224 0.351757 0.351757 0.351757
3280 18.315224 18.315224 18.315224 0.351757 0.351757 0.351757
3290 18.315224 18.315224 18.315224 0.351757 0.351757 0.351757
3300 18.315224 18.315224 18.315224 0.351757 0.351757 0.351757
3310 18.315224 18.315224 18.315224 0.351757 0.351757 0.351757
3320 18.315224 18.315224 18.315224 0.351757 0.351757 0.351757
3330 18.315224 18.315224 18.315224 0.351757 0.351757 0.351757
3340 18.315224 18.315224 18.315224 0.351757 0.351757 0.351757
3350 18.315224 18.315224 18.315224 0.351757 0.351757 0.351757
3360 18.315224 18.315224 18.315224 0.351757 0.351757 0.351757
3370 18.315224 18.315224 18.315224 0.351757 0.351757 0.351757
3380 18.315224 18.315224 18.315224 0.351757 0.351757 0.351757
3390 18.315224 18.315224 18.315224 0.351757 0.351757 0.351757
3400 18.315224 18.315224 18.315224 0.351757 0.351757 0.351757
3410 18.315224 18.315224 18.315224 0.351757 0.351757 0.351757
3420 18.315224 18.315224 18.315224 0.351757 0.351757 0.351757
3430 18.315224 18.315224 18.315224 0.351757 0.351757 0.351757
3440 18.315224 18.315224 18.315224 0.351757 0.351757 0.351757
3450 18.315224 18.315224 18.315224 0.351757 0.351757 0.351757
3460 18.315224 18.315224 18.315224 0.351757 0.351757 0.351757
3470 18.315224 18.315224 18.315224 0.351757 0.351757 0.351757
3480 18.315224 18.315224 18.315224 0.351757 0.351757 0.351757
3490 18.315224 18.315224 18.315224 0.351757 0.351757 0.351757
3500 18.315224 18.315224 18.315224 0.351757 0.351757 0.351757
3510 18.315224 18.315224 18.315224 0.351757 0.351757 0.351757
3520 18.315224 18.315224 18.315224 0.351757 0.351757 0.351757
3530 18.315224 18.315224 18.315224 0.351757 0.351757 0.351757
3540 18.315224 18.315224 18.315224 0.351757 0.351757 0.351757
3550 18.315224 18.315224 18.315224 0.351757 0.351757 0.351757
3560 18.315224 18.315224 18.315224 0.351757 0.351757 0.351757
3570 18.315224 18.315224 18.315224 0.351757 0.351757 0.351757
3580 18.315224 18.315224 18.315224 0.351757 0.351757 0.351757
3590 18.315224 18.315224 18.315224 0.351757 0.351757 0.351757
3600 18.315224 18.315224 18.315224 0.351757 0.351757 0.351757
3610 18.315224 18.315224 18.315224 0.351757 0.351757 0.351757
3620 18.315224 18.315224 18.315224 0.351757 0.351757 0.351757
3630 18.315224 18.315224 18.315224 0.351757 0.351757 0.351757
3640 18.315224 18.315224 18.315224 0.351757 0.351757 0.351757
3650 18.315224 18.315224 18.315224 0.351757 0.351757 0.351757
3660 18.315224 18.315224 18.315224 0.351757 0.351757 0.351757
3670 18.315224 18.315224 18.315224 0.351757 0.351757 0.351757
3680 18.315224 18.315224 18.315224 0.351757 0.351757 0.351757
3690 18.315224 18.315224 18.315224 0.351757 0.351757 0.351757
3700 18.315224 18.315224 18.315224 0.351757 0.351757 0.351757
3710 18.315224 18.315224 18.315224 0.351757 0.351757 0.351757
3720 18.315224 18.315224 18.315224 0.351757 0.351757 0.351757
3730 18.315224 18.315224 18.315224 0.351757 0.351757 0.351757
3740 18.315224 18.315224 18.315224 0.351757 0.351757 0.351757
3750 18.315224 18.315224 18.315224 0.351757 0.351757 0.351757
3760 18.315224 18.315224 18.315224 0.351757 0.351757 0.351757
3770 18.315224 18.315224 18.315224 0.351757 0.351757 0.351757
3780 18.315224 18.315224 18.315224 0.351757 0.351757 0.351757
3790 18.315224 18.315224 18.315224 0.351757 0.351757 0.351757
3800 18.315224 18.315224 18.315224 0.351757 0.351757 0.351757
3810 18.315224 18.315224 18.315224 0.351757 0.351757 0.351757
3820 18.315224 18.315224 18.315224 0.351757 0.351757 0.351757
3830 18.315224 18.315224 18.315224 0.351757 0.351757 0.351757
3840 18.315224 18.315224 18.315224 0.351757 0.351757 0.351757
3850 18.315224 18.315224 18.315224 0.351757 0.351757 0.351757
3860 18.315224 18.315224 18.315224 0.351757 0.351757 0.351757
3870 18.315224 18.315224 18.315224 0.351757 0.351757 0.351757
3880 18.315224 18.315224 18.315224 0.351757 0.351757 0.351757
3890 18.315224 18.315224 18.315224 0.351757 0.351757 0.351757
3900 18.315224 18.315224 18.315224 0.351757 0.351757 0.351757
3910 18.315224 18.315224 18.315224 0.351757 0.351757 0.351757
3920 18.315224 18.315224 18.315224 0.351757 0.351757 0.351757
3930 18.315224 18.315224 18.315224 0.351757 0.351757 0.351757
3940 18.315224 18.315224 18.315224 0.351757 0.351757 0.351757
3950 18.315224 18.315224 18.315224 0.351757 0.351757 0.351757
3960 18.315224 18.315224 18.315224 0.351757 0.351757 0.351757
3970 18.315224 18.315224 18.315224 0.351757 0.351757 0.351757
3980 18.315224 18.315224 18.315224 0.351757 0.351757 0.351757
3990 18.315224 18.315224 18.315224 0.351757 0.351757 0.351757
4000 18.315224 18.315224 18.315224 0.351757 0.351757 0.351757
4010 18.315224 18.315224 18.315224 0.351757 0.351757 0.351757
4020 18.315224 18.315224 18.315224 0.351757 0.351757 0.351757
4030 18.315224 18.315224 18.315224 0.351757 0.351757 0.351757
4040 18.315224 18.315224 18.315224 0.351757 0.351757 0.351757
4050 18.315224 18.315224 18.315224 0.351757 0.351757 0.351757
4060 18.315224 18.315224 18.315224 0.351757 0.351757 0.351757
4070 18.315224 18.315224 18.315224 0.351757 0.351757 0.351757
4080 18.315224 18.315224 18.315224 0.351757 0.351757 0.351757
4090 18.315224 18.315224 18.315224 0.351757 0.351757 0.351757
4100 18.315224 18.315224 18.315224 0.351757 0.351757 0.351757
4110 18.315224 18.315224 18.315224 0.351757 0.351757 0.351757
4120 18.315224 18.315224 18.315224 0.351757 0.351757 0.351757
4130 18.315224 18.315224 18.315224 0.351757 0.351757 0.351757
4140 18.315224 18.315224 18.315224 0.351757 0.351757 0.351757
4150 18.315224 18.315224 18.315224 0.351757 0.351757 0.351757
4160 18.315224 18.315224 18.315224 0.351757 0.351757 0.351757
4170 18.315224 18.315224 18.315224 0.351757 0.351757 0.351757
4180 18.315224 18.315224 18.315224 0.351757 0.351757 0.351757
4190 18.315224 18.315224 18.315224 0.351757 0.351757 0.351757
4200 18.315224 18.315224 18.315224 0.351757 0.351757 0.351757
4210 18.315224 18.315224 18.315224 0.351757 0.351757 0.351757
4220 18.315224 18.315224 18.315224 0.351757 0.351757 0.351757
4230 18.315224 18.315224 18.315224 0.351757 0.351757 0.351757
4240 18.315224 18.315224 18.315224 0.351757 0.351757 0.351757
4250 18.315224 18.315224 18.315224 0.351757 0.351757 0.351757
4260 18.315224 18.315224 18.315224 0.351757 0.351757 0.351757
4270 18.315224 18.315224 18.315224 0.351757 0.351757 0.351757
4280 18.315224 18.315224 18.315224 0.351757 0.351757 0.351757
4290 18.315224 18.315224 18.315224 0.351757 0.351757 0.351757
4300 18.315224 18.315224 18.315224 0.351757 0.351757 0.351757
4310 18.315224 18.315224 18.315224 0.351757 0.351757 0.351757
4320 18.315224 18.315224 18.315224 0.351757 0.351757 0.351757
4330 18.315224 18.315224 18.315224 0.351757 0.351757 0.351757
4340 18.315224 18.315224 18.315224 0.351757 0.351757 0.351757
4350 18.315224 18.315224 18.315224 0.351757 0.351757 0.351757
4360 18.315224 18.315224 18.315224 0.351757 0.351757 0.351757
4370 18.315224 18.315224 18.315224 0.351757 0.351757 0.351757
4380 18.315224 18.315224 18.315224 0.351757 0.351757 0.351757
4390 18.315224 18.315224 18.315224 0.351757 0.351757 0.351757
4400 18.315224 18.315224 18.315224 0.351757 0.351757 0.351757
4410 18.315224 18.315224 18.315224 0.351757 0.351757 0.351757
4420 18.315224 18.315224 18.315224 0.351757 0.351757 0.351757
4430 18.315224 18.315224 18.315224 0.351757 0.351757 0.351757
4440 18.315224 18.315224 18.315224 0.351757 0.351757 0.351757
4450 18.315224 18.315224 18.315224 0.351757 0.351757 0.351757
4460 18.315224 18.315224 18.315224 0.351757 0.351757 0.351757
4470 18.315224 18.315224 18.315224 0.351757 0.351757 0.351757
4480 18.315224 18.315224 18.315224 0.351757 0.351757 0.351757
4490 18.315224 18.315224 18.315224 0.351757 0.351757 0.351757
4500 18.315224 18.315224 18.315224 0.351757 0.351757 0.351757
4510 18.315224 18.315224 18.315224 0.351757 0.351757 0.351757
4520 18.315224 18.315224 18.315224 0.351757 0.351757 0.351757
4530 18.315224 18.315224 18.315224 0.351757 0.351757 0.351757
4540 18.315224 18.315224 18.315224 0.351757 0.351757 0.351757
4550 18.315224 18.315224 18.315224 0.351757 0.351757 0.351757
4560 18.315224 18.315224 18.315224 0.351757 0.351757 0.351757
4570 18.315224 18.315224 18.315224 0.351757 0.351757 0.351757
4580 18.315224 18.315224 18.315224 0.351757 0.351757 0.351757
4590 18.315224 18.315224 18.315224 0.351757 0.351757 0.351757
4600 18.315224 18.315224 18.315224 0.351757 0.351757 0.351757
4610 18.315224 18.315224 18.315224 0.351757 0.351757 0.351757
4620 18.315224 18.315224 18.315224 0.351757 0.351757 0.351757
4630 18.315224 18.315224 18.315224 0.351757 0.351757 0.351757
4640 18.315224 18.315224 18.315224 0.351757 0.351757 0.351757
4650 18.315224 18.315224 18.315224 0.351757 0.351757 0.351757
4660 18.315224 18.315224 18.315224 0.351757 0.351757 0.351757
4670 18.315224 18.315224 18.315224 0.351757 0.351757 0.351757
4680 18.315224 18.315224 18.315224 0.351757 0.351757 0.351757
4690 18.315224 18.315224 18.315224 0.351757 0.351757 0.351757
4700 18.315224 18.315224 18.315224 0.351757 0.351757 0.351757
4710 18.315224 18.315224 18.315224 0.351757 0.351757 0.351757
4720 18.315224 18.315224 18.315224 0.351757 0.351757 0.351757
4730 18.315224 18.315224 18.315224 0.351757 0.351757 0.351757
4740 18.315224 18.315224 18.315224 0.351757 0.351757 0.351757
4750 18.315224 18.315224 18.315224 0.351757 0.351757 0.351757
4760 18.315224 18.315224 18.315224 0.351757 0.351757 0.351757
4770 18.315224 18.315224 18.315224 0.351757 0.351757 0.351757
4780 18.315224 18.315224 18.315224 0.351757 0.351757 0.351757
4790 18.315224 18.315224 18.315224 0.351757 0.351757 0.351757
4800 18.315224 18.315224 18.315224 0.351757 0.351757 0.351757
4810 18.315224 18.315224 18.315224 0.351757 0.351757 0.351757
4820 18.315224 18.315224 18.315224 0.351757 0.351757 0.351757
4830 18.315224 18.315224 18.315224 0.351757 0.351757 0.351757
4840 18.315224 18.315224 18.315224 0.351757 0.351757 0.351757
4850 18.315224 18.315224 18.315224 0.351757 0.351757 0.351757
4860 18.315224 18.315224 18.315224 0.351757 0.351757 0.351757
4870 18.315224 18.315224 18.315224 0.351757 0.351757 0.351757
4880 18.315224 18.315224 18.315224 0.351757 0.351757 0.351757
4890 18.315224 18.315224 18.315224 0.351757 0.351757 0.351757
4900 18.315224 18.315224 18.315224 0.351757 0.351757 0.351757
4910 18.315224 18.315224 18.315224 0.351757 0.351757 0.351757
4920 18.315224 18.315224 18.315224 0.351757 0.351757 0.351757
4930 18.315224 18.315224 18.315224 0.351757 0.351757 0.351757
4940 18.315224 18.315224 18.315224 0.351757 0.351757 0.351757
4950 18.315224 18.315224 18.315224 0.351757 0.351757 0.351757
4960 18.315224 18.315224 18.315224 0.351757 0.351757 0.351757
4970 18.315224 18.315224 18.315224 0.351757 0.351757 0.351757
4980 18.315224 18.315224 18.315224 0.351757 0.351757 0.351757
4990 18.315224 18.315224 18.315224 0.351757 0.351757 0.351757
5000 18.315224 18.315224 18.315224 0.351757 0.351757 0.351757
5010 18.315224 18.315224 18.315224 0.351757 0.351757 0.351757
5020 18.315224 18.315224 18.315224 0.351757 0.351757 0.351757
5030 18.315224 18.315224 18.315224 0.351757 0.351757 0.351757
5040 18.315224 18.315224 18.315224 0.351757 0.351757 0.351757
5050 18.315224 18.315224 18.315224 0.351757 0.351757 0.351757
5060 18.315224 18.315224 18.315224 0.351757 0.351757 0.351757
5070 18.315224 18.315224 18.315224 0.351757 0.351757 0.351757
5080 18.315224 18.315224 18.315224 0.351757 0.351757 0.351757
5090 18.315224 18.315224 18.315224 0.351757 0.351757 0.351757
5100 18.315224 18.315224 18.315224 0.351757 0.351757 0.351757
5110 18.315224 18.315224 18.315224 0.351757 0.351757 0.351757
5120 18.315224 18.315224 18.315224 0.351757 0.351757 0.351757
5130 18.315224 18.315224 18.315224 0.351757 0.351757 0.351757
5140 18.315224 18.315224 18.315224 0.351757 0.351757 0.351757
5150 18.315224 18.315224 18.315224 0.351757 0.351757 0.351757
5160 18.315224 18.315224 18.315224 0.351757 0.351757 0.351757
5170 18.315224 18.315224 18.315224 0.351757 0.351757 0.351757
5180 18.315224 18.315224 18.315224 0.351757 0.351757 0.351757
5190 18.315224 18.315224 18.315224 0.351757 0.351757 0.351757
5200 18.315224 18.315224 18.315224 0.351757 0.351757 0.351757
5210 18.315224 18.315224 18.315224 0.351757 0.351757 0.351757
5220 18.315224 18.315224 18.315224 0.351757 0.351757 0.351757
5230 18.315224 18.315224 18.315224 0.351757 0.351757 0.351757
5240 18.315224 18.315224 18.315224 0.351757 0.351757 0.351757
5250 18.315224 18.315224 18.315224 0.351757 0.351757 0.351757
5260 18.315224 18.315224 18.315224 0.351757 0.351757 0.351757
5270 18.315224 18.315224 18.315224 0.351757 0.351757 0.351757
5280 18.315224 18.315224 18.315224 0.351757 0.351757 0.351757
5290 18.315224 18.315224 18.315224 0.351757 0.351757 0.351757
5300 18.315224 18.315224 18.315224 0.351757 0.351757 0.351757
5310 18.315224 18.315224 18.315224 0.351757 0.351757 0.351757
5320 18.315224 18.315224 18.315224 0.351757 0.351757 0.351757
5330 18.315224 18.315224 18.315224 0.351757 0.351757 0.351757
5340 18.315224 18.315224 18.315224 0.351757 0.351757 0.351757
5350 18.315224 18.315224 18.315224 0.351757 0.351757 0.351757
5360 18.315224 18.315224 18.315224 0.351757 0.351757 0.351757
5370 18.315224 18.315224 18.315224 0.351757 0.351757 0.351757
5380 18.315224 18.315224 18.315224 0.351757 0.351757 0.351757
5390 18.315224 18.315224 18.315224 0.351757 0.351757 0.351757
5400 18.315224 18.315224 18.315224 0.351757 0.351757 0.351757
5410 18.315224 18.315224 18.315224 0.351757 0.351757 0.351757
5420 18.315224 18.315224 18.315224 0.351757 0.351757 0.351757
5430 18.315224 18.315224 18.315224 0.351757 0.351757 0.351757
5440 18.315224 18.315224 18.315224 0.351757 0.351757 0.351757
5450 18.315224 18.315224 18.315224 0.351757 0.351757 0.351757
5460 18.315224 18.315224 18.315224 0.351757 0.351757 0.351757
5470 18.315224 18.315224 18.315224 0.351757 0.351757 0.351757
5480 18.315224 18.315224 18.315224 0.351757 0.351757 0.351757
5490 18.315224 18.315224 18.315224 0.351757 0.351757 0.351757
5500 18.315224 18.315224 18.315224 0.351757 0.351757 0.351757
5510 18.315224 18.315224 18.315224 0.351757 0.351757 0.351757
5520 18.315224 18.315224 18.315224 0.351757 0.351757 0.351757
5530 18.315224 18.315224 18.315224 0.351757 0.351757 0.351757
5540 18.315224 18.315224 18.315224 0.351757 0.351757 0.351757
5550 18.315224 18.315224 18.315224 0.351757 0.351757 0.351757
5560 18.315224 18.315224 18.315224 0.351757 0.351757 0.351757
5570 18.315224 18.315224 18.315224 0.351757 0.351757 0.351757
5580 18.315224 18.315224 18.315224 0.351757 0.351757 0.351757
5590 18.315224 18.315224 18.315224 0.351757 0.351757 0.351757
5600 18.315224 18.315224 18.315224 0.351757 0.351757 0.351757
5610 18.315224 18.315224 18.315224 0.351757 0.351757 0.351757
5620 18.315224 18.315224 18.315224 0.351757 0.351757 0.351757
5630 18.315224 18.315224 18.315224 0.351757 0.351757 0.351757
5640 18.315224 18.315224 18.315224 0.351757 0.351757 0.351757
5650 18.315224 18.315224 18.315224 0.351757 0.351757 0.351757
5660 18.315224 18.315224 18.315224 0.351757 0.351757 0.351757
5670 18.315224 18.315224 18.315224 0.351757 0.351757 0.351757
5680 18.315224 18.315224 18.315224 0.351757 0.351757 0.351757
5690 18.315224 18.315224 18.315224 0.351757 0.351757 0.351757
5700 18.315224 18.315224 18.315224 0.351757 0.351757 0.351757
5710 18.315224 18.315224 18.315224 0.351757 0.351757 0.351757
5720 18.315224 18.315224 18.315224 0.351757 0.351757 0.351757
5730 18.315224 18.315224 18.315224 0.351757 0.351757 0.351757
5740 18.315224 18.315224 18.315224 0.351757 0.351757 0.351757
5750 18.315224 18.315224 18.315224 0.351757 0.351757 0.351757
5760 18.315224 18.315224 18.315224 0.351757 0.351757 0.351757
5770 18.315224 18.315224 18.315224 0.351757 0.351757 0.351757
5780 18.315224 18.315224 18.315224 0.351757 0.351757 0.351757
5790 18.315224 18.315224 18.315224 0.351757 0.351757 0.351757
5800 18.315224 18.315224 18.315224 0.351757 0.351757 0.351757
5810 18.315224 18.315224 18.315224 0.351757 0.351757 0.351757
5820 18.315224 18.315224 18.315224 0.351757 0.351757 0.351757
5830 18.315224 18.315224 18.315224 0.351757 0.351757 0.351757
5840 18.315224 18.315224 18.315224 0.351757 0.351757 0.351757
5850 18.315224 18.315224 18.315224 0.351757 0.351757 0.351757
5860 18.315224 18.315224 18.315224 0.351757 0.351757 0.351757
5870 18.315224 18.315224 18.315224 0.351757 0.351757 0.351757
5880 18.315224 18.315224 18.315224 0.351757 0.351757 0.351757
5890 18.315224 18.315224 18.315224 0.351757 0.351757 0.351757
5900 18.315224 18.315224 18.315224 0.351757 0.351757 0.351757
5910 18.315224 18.315224 18.315224 0.351757 0.351757 0.351757
5920 18.315224 18.315224 18.315224 0.351757 0.351757 0.351757
5930 18.315224 18.315224 18.315224 0.351757 0.351757 0.351757
5940 18.315224 18.315224 18.315224 0.351757 0.351757 0.351757
5950 18.315224 18.315224 18.315224 0.351757 0.351757 0.351757
5960 18.315224 18.315224 18.315224 0.351757 0.351757 0.351757
5970 18.315224 18.315224 18.315224 0.351757 0.351757 0.351757
5980 18.315224 18.315224 18.315224 0.351757 0.351757 0.351757
5990 18.315224 18.315224 18.315224 0.351757 0.351757 0.351757
6000 18.315224 18.315224 18.315224 0.351757 0.351757 0.351757
6010 18.315224 18.315224 18.315224 0.351757 0.351757 0.351757
6020 18.315224 18.315224 18.315224 0.351757 0.351757 0.351757
6030 18.315224 18.315224 18.315224 0.351757 0.351757 0.351757
6040 18.315224 18.315224 18.315224 0.351757 0.351757 0.351757
6050 18.315224 18.315224 18.315224 0.351757 0.351757 0.351757
6060 18.315224 18.315224 18.315224 0.351757 0.351757 0.351757
6070 18.315224 18.315224 18.315224 0.351757 0.351757 0.351757
6080 18.315224 18.315224 18.315224 0.351757 0.351757 0.351757
6090 18.315224 18.315224 18.315224 0.351757 0.351757 0.351757
6100 18.315224 18.315224 18.315224 0.351757 0.351757 0.351757
6110 18.315224 18.315224 18.315224 0.351757 0.351757 0.351757
6120 18.315224 18.315224 18.315224 0.351757 0.351757 0.351757
6130 18.315224 18.315224 18.315224 0.351757 0.351757 0.351757
6140 18.315224 18.315224 18.315224 0.351757 0.351757 0.351757
6150 18.315224 18.315224 18.315224 0.351757 0.351757 0.351757
6160 18.315224 18.315224 18.315224 0.351757 0.351757 0.351757
6170 18.315224 18.315224 18.315224 0.351757 0.351757 0.351757
6180 18.315224 18.315224 18.315224 0.351757 0.351757 0.351757
6190 18.315224 18.315224 18.315224 0.351757 0.351757 0.351757
6200 18.315224 18.315224 18.315224 0.351757 0.351757 0.351757
6210 18.315224 18.315224 18.315224 0.351757 0.351757 0.351757
6220 18.315224 18.315224 18.315224 0.351757 0.351757 0.351757
6230 18.315224 18.315224 18.315224 0.351757 0.351757 0.351757
6240 18.315224 18.315224 18.315224 0.351757 0.351757 0.351757
6250 18.315224 18.315224 18.315224 0.351757 0.351757 0.351757
6260 18.315224 18.315224 18.315224 0.351757 0.351757 0.351757
6270 18.315224 18.315224 18.315224 0.351757 0.351757 0.351757
6280 18.315224 18.315224 18.315224 0.351757 0.351757 0.351757
6290 18.315224 18.315224 18.315224 0.351757 0.351757 0.351757
6300 18.315224 18.315224 18.315224 0.351757 0.351757 0.351757
6310 18.315224 18.315224 18.315224 0.351757 0.351757 0.351757
6320 18.315224 18.315224 18.315224 0.351757 0.351757 0.351757
6330 18.315224 18.315224 18.315224 0.351757 0.351757 0.351757
6340 18.315224 18.315224 18.315224 0.351757 0.351757 0.351757
6350 18.315224 18.315224 18.315224 0.351757 0.351757 0.351757
6360 18.315224 18.315224 18.315224 0.351757 0.351757 0.351757
6370 18.315224 18.315224 18.315224 0.351757 0.351757 0.351757
6380 18.315224 18.315224 18.315224 0.351757 0.351757 0.351757
6390 18.315224 18.315224 18.315224 0.351757 0.351757 0.351757
6400 18.315224 18.315224 18.315224 0.351757 0.351757 0.351757
6410 18.315224 18.315224 18.315224 0.351757 0.351757 0.351757
6420 18.315224 18.315224 18.315224 0.351757 0.351757 0.351757
6430 18.315224 18.315224 18.315224 0.351757 0.351757 0.351757
6440 18.315224 18.315224 18.315224 0.351757 0.351757 0.351757
6450 18.315224 18.315224 18.315224 0.351757 0.351757 0.351757
6460 18.315224 18.315224 18.315224 0.351757 0.351757 0.351757
6470 18.315224 18.315224 18.315224 0.351757 0.351757 0.351757
6480 18.315224 18.315224 18.315224 0.351757 0.351757 0.351757
6490 18.315224 18.315224 18.315224 0.351757 0.351757 0.351757
6500 18.315224 18.315224 18.315224 0.351757 0.351757 0.351757
6510 18.315224 18.315224 18.315224 0.351757 0.351757 0.351757
6520 18.315224 18.315224 18.315224 0.351757 0.351757 0.351757
6530 18.315224 18.315224 18.315224 0.351757 0.351757 0.351757
6540 18.315224 18.315224 18.315224 0.351757 0.351757 0.351757
6550 18.315224 18.315224 18.315224 0.351757 0.351757 0.351757
6560 18.315224 18.315224 18.315224 0.351757 0.351757 0.351757
6570 18.315224 18.315224 18.315224 0.351757 0.351757 0.351757
6580 18.315224 18.315224 18.315224 0.351757 0.351757 0.351757
6590 18.315224 18.315224 18.315224 0.351757 0.351757 0.351757
6600 18.315224 18.315224 18.315224 0.351757 0.351757 0.351757
6610 18.315224 18.315224 18.315224 0.351757 0.351757 0.351757
6620 18.315224 18.315224 18.315224 0.351757 0.351757 0.351757
6630 18.315224 18.315224 18.315224 0.351757 0.351757 0.351757
6640 18.315224 18.315224 18.315224 0.351757 0.351757 0.351757
6650 18.315224 18.315224 18.315224 0.351757 0.351757 0.351757
6660 18.315224 18.315224 18.315224 0.351757 0.351757 0.351757
6670 18.315224 18.315224 18.315224 0.351757 0.351757 0.351757
6680 18.315224 18.315224 18.315224 0.351757 0.351757 0.351757
6690 18.315224 18.315224 18.315224 0.351757 0.351757 0.351757
6700 18.315224 18.315224 18.315224 0.351757 0.351757 0.351757
6710 18.315224 18.315224 18.315224 0.351757 0.351757 0.351757
6720 18.315224 18.315224 18.315224 0.351757 0.351757 0.351757
6730 18.315224 18.315224 18.315224 0.351757 0.351757 0.351757
6740 18.315224 18.315224 18.315224 0.351757 0.351757 0.351757
6750 18.315224 18.315224 18.315224 0.351757 0.351757 0.351757
6760 18.315224 18.315224 18.315224 0.351757 0.351757 0.351757
6770 18.315224 18.315224 18.315224 0.351757 0.351757 0.351757
6780 18.315224 18.315224 18.315224 0.351757 0.351757 0.351757
6790 18.315224 18.315224 18.315224 0.351757 0.351757 0.351757
6800 18.315224 18.315224 18.315224 0.351757 0.351757 0.351757
6810 18.315224 18.315224 18.315224 0.351757 0.351757 0.351757
6820 18.315224 18.315224 18.315224 0.351757 0.351757 0.351757
6830 18.315224 18.315224 18.315224 0.351757 0.351757 0.351757
6840 18.315224 18.315224 18.315224 0.351757 0.351757 0.351757
6850 18.315224 18.315224 18.315224 0.351757 0.351757 0.351757
6860 18.315224 18.315224 18.315224 0.351757 0.351757 0.351757
6870 18.315224 18.315224 18.315224 0.351757 0.351757 0.351757
6880 18.315224 18.315224 18.315224 0.351757 0.351757 0.351757
6890 18.315224 18.315224 18.315224 0.351757 0.351757 0.351757
6900 18.315224 18.315224 18.315224 0.351757 0.351757 0.351757
6910 18.315224 18.315224 18.315224 0.351757 0.351757 0.351757
6920 18.315224 18.315224 18.315224 0.351757 0.351757 0.351757
6930 18.315224 18.315224 18.315224 0.351757 0.351757 0.351757
6940 18.315224 18.315224 18.315224 0.351757 0.351757 0.351757
6950 18.315224 18.315224 18.315224 0.351757 0.351757 0.351757
6960 18.315224 18.315224 18.315224 0.351757 0.351757 0.351757
6970 18.315224 18.315224 18.315224 0.351757 0.351757 0.351757
6980 18.315224 18.315224 18.315224 0.351757 0.351757 0.351757
6990 18.315224 18.315224 18.315224 0.351757 0.351757 0.351757
7000 18.315224 18.315224 18.315224 0.351757 0.351757 0.351757
7010 18.315224 18.315224 18.315224 0.351757 0.351757 0.351757
7020 18.315224 18.315224 18.315224 0.351757 0.351757 0.351757
7030 18.315224 18.315224 18.315224 0.351757 0.351757 0.351757
7040 18.315224 18.315224 18.315224 0.351757 0.351757 0.351757
7050 18.315224 18.315224 18.315224 0.351757 0.351757 0.351757
7060 18.315224 18.315224 18.315224 0.351757 0.351757 0.351757
7070 18.315224 18.315224 18.315224 0.351757 0.351757 0.351757
7080 18.315224 18.315224 18.315224 0.351757 0.351757 0.351757
7090 18.315224 18.315224 18.315224 0.351757 0.351757 0.351757
7100 18.315224 18.315224 18.315224 0.351757 0.351757 0.351757
7110 18.315224 18.315224 18.315224 0.351757 0.351757 0.351757
7120 18.315224 18.315224 18.315224 0.351757 0.351757 0.351757
7130 18.315224 18.315224 18.315224 0.351757 0.351757 0.351757
7140 18.315224 18.315224 18.315224 0.351757 0.351757 0.351757
7150 18.315224 18.315224 18.315224 0.351757 0.351757 0.351757
7160 18.315224 18.315224 18.315224 0.351757 0.351757 0.351757
7170 18.315224 18.315224 18.315224 0.351757 0.351757 0.351757
7180 18.315224 18.315224 18.315224 0.351757 0.351757 0.351757
7190 18.315224 18.315224 18.315224 0.351757 0.351757 0.351757
7200 18.315224 18.315224 18.315224 0.351757 0.351757 0.351757
7210 18.315224 18.315224 18.315224 0.351757 0.351757 0.351757
7220 18.315224 18.315224 18.315224 0.351757 0.351757 0.351757
7230 18.315224 18.315224 18.315224 0.351757 0.351757 0.351757
7240 18.315224 18.315224 18.315224 0.351757 0.351757 0.351757
7250 18.315224 18.315224 18.315224 0.351757 0.351757 0.351757
7260 18.315224 18.315224 18.315224 0.351757 0.351757 0.351757
7270 18.315224 18.315224 18.315224 0.351757 0.351757 0.351757
7280 18.315224 18.315224 18.315224 0.351757 0.351757 0.351757
7290 18.315224 18.315224 18.315224 0.351757 0.351757 0.351757
7300 18.315224 18.315224 18.315224 0.351757 0.351757 0.351757
7310 18.315224 18.315224 18.315224 0.351757 0.351757 0.351757
7320 18.315224 18.315224 18.315224 0.351757 0.351757 0.351757
7330 18.315224 18.315224 18.315224 0.351757 0.351757 0.351757
7340 18.315224 18.315224 18.315224 0.351757 0.351757 0.351757
7350 18.315224 18.315224 18.315224 0.351757 0.351757 0.351757
7360 18.315224 18.315224 18.315224 0.351757 0.351757 0.351757
7370 18.315224 18.315224 18.315224 0.351757 0.351757 0.351757
7380 18.315224 18.315224 18.315224 0.351757 0.351757 0.351757
7390 18.315224 18.315224 18.315224 0.351757 0.351757 0.351757
7400 18.315224 18.315224 18.315224 0.351757 0.351757 0.351757
7410 18.315224 18.315224 18.315224 0.351757 0.351757 0.351757
7420 18.315224 18.315224 18.315224 0.351757 0.351757 0.351757
7430 18.315224 18.315224 18.315224 0.351757 0.351757 0.351757
7440 18.315224 18.315224 18.315224 0.351757 0.351757 0.351757
7450 18.315224 18.315224 18.315224 0.351757 0.351757 0.351757
7460 18.315224 18.315224 18.315224 0.351757 0.351757 0.351757
7470 18.315224 18.315224 18.315224 0.351757 0.351757 0.351757
7480 18.315224 18.315224 18.315224 0.351757 0.351757 0.351757
7490 18.315224 18.315224 18.315224 0.351757 0.351757 0.351757
7500 18.315224 18.315224 18.315224 0.351757 0.351757 0.351757
7510 18.315224 18.315224 18.315224 0.351757 0.351757 0.351757
7520 18.315224 18.315224 18.315224 0.351757 0.351757 0.351757
7530 18.315224 18.315224 18.315224 0.351757 0.351757 0.351757
7540 18.315224 18.315224 18.315224 0.351757 0.351757 0.351757
7550 18.315224 18.315224 18.315224 0.351757 0.351757 0.351757
7560 18.315224 18.315224 18.315224 0.351757 0.351757 0.351757
7570 18.315224 18.315224 18.315224 0.351757 0.351757 0.351757
7580 18.315224 18.315224 18.315224 0.351757 0.351757 0.351757
7590 18.315224 18.315224 18.315224 0.351757 0.351757 0.351757
7600 18.315224 18.315224 18.315224 0.351757 0.351757 0.351757
7610 18.315224 18.315224 18.315224 0.351757 0.351757 0.351757
7620 18.315224 18.315224 18.315224 0.351757 0.351757 0.351757
7630 18.315224 18.315224 18.315224 0.351757 0.351757 0.351757
7640 18.315224 18.315224 18.315224 0.351757 0.351757 0.351757
7650 18.315224 18.315224 18.315224 0.351757 0.351757 0.351757
7660 18.315224 18.315224 18.315224 0.351757 0.351757 0.351757
7670 18.315224 18.315224 18.315224 0.351757 0.351757 0.351757
7680 18.315224 18.315224 18.315224 0.351757 0.351757 0.351757
7690 18.315224 18.315224 18.315224 0.351757 0.351757 0.351757
7700 18.315224 18.315224 18.315224 0.351757 0.351757 0.351757
7710 18.315224 18.315224 18.315224 0.351757 0.351757 0.351757
7720 18.315224 18.315224 18.315224 0.351757 0.351757 0.351757
7730 18.315224 18.315224 18.315224 0.351757 0.351757 0.351757
7740 18.315224 18.315224 18.315224 0.351757 0.351757 0.351757
7750 18.315224 18.315224 18.315224 0.351757 0.351757 0.351757
7760 18.315224 18.315224 18.315224 0.351757 0.351757 0.351757
7770 18.315224 18.315224 18.315224 0.351757 0.351757 0.351757
7780 18.315224 18.315224 18.315224 0.351757 0.351757 0.351757
7790 18.315224 18.315224 18.315224 0.351757 0.351757 0.351757
7800 18.315224 18.315224 18.315224 0.351757 0.351757 0.351757
7810 18.315224 18.315224 18.315224 0.351757 0.351757 0.351757
7820 18.315224 18.315224 18.315224 0.351757 0.351757 0.351757
7830 18.315224 18.315224 18.315224 0.351757 0.351757 0.351757
7840 18.315224 18.315224 18.315224 0.351757 0.351757 0.351757
7850 18.315224 18.315224 18.315224 0.351757 0.351757 0.351757
7860 18.315224 18.315224 18.315224 0.351757 0.351757 0.351757
7870 18.315224 18.315224 18.315224 0.351757 0.351757 0.351757
7880 18.315224 18.315224 18.315224 0.351757 0.351757 0.351757
7890 18.315224 18.315224 18.315224 0.351757 0.351757 0.351757
7900 18.315224 18.315224 18.315224 0.351757 0.351757 0.351757
7910 18.315224 18.315224 18.315224 0.351757 0.351757 0.351757
7920 18.315224 18.315224 18.315224 0.351757 0.351757 0.351757
7930 18.315224 18.315224 18.315224 0.351757 0.351757 0.351757
7940 18.315224 18.315224 18.315224 0.351757 0.351757 0.351757
7950 18.315224 18.315224 18.315224 0.351757 0.351757 0.351757
7960 18.315224 18.315224 18.315224 0.351757 0.351757 0.351757
7970 18.315224 18.315224 18.315224 0.351757 0.351757 0.351757
7980 18.315224 18.315224 18.315224 0.351757 0.351757 0.351757
7990 18.315224 18.315224 18.315224 0.351757 0.351757 0.351757
8000 18.315224 18.315224 18.315224 0.351757 0.351757 0.351757
8010 18.315224 18.315224 18.315224 0.351757 0.351757 0.351757
8020 18.315224 18.315224 18.315224 0.351757 0.351757 0.351757
8030 18.315224 18.315224 18.315224 0.351757 0.351757 0.351757
8040 18.315224 18.315224 18.315224 0.351757 0.351757 0.351757
8050 18.315224 18.315224 18.315224 0.351757 0.351757 0.351757
8060 18.315224 18.315224 18.315224 0.351757 0.351757 0.351757
8070 18.315224 18.315224 18.315224 0.351757 0.351757 0.351757
8080 18.315224 18.315224 18.315224 0.351757 0.351757 0.351757
8090 18.315224 18.315224 18.315224 0.351757 0.351757 0.351757
8100 18.315224 18.315224 18.315224 0.351757 0.351757 0.351757
8110 18.315224 18.315224 18.315224 0.351757 0.351757 0.351757
8120 18.315224 18.315224 18.315224 0.351757 0.351757 0.351757
8130 18.315224 18.315224 18.315224 0.351757 0.351757 0.351757
8140 18.315224 18.315224 18.315224 0.351757 0.351757 0.351757
8150 18.315224 18.315224 18.315224 0.351757 0.351757 0.351757
8160 18.315224 18.315224 18.315224 0.351757 0.351757 0.351757
8170 18.315224 18.315224 18.315224 0.351757 0.351757 0.351757
8180 18.315224 18.315224 18.315224 0.351757 0.351757 0.351757
8190 18.315224 18.315224 18.315224 0.351757 0.351757 0.351757
8200 18.315224 18.315224 18.315224 0.351757 0.351757 0.351757
8210 18.315224 18.315224 18.315224 0.351757 0.351757 0.351757
8220 18.315224 18.315224 18.315224 0.351757 0.351757 0.351757
8230 18.315224 18.315224 18.315224 0.351757 0.351757 0.351757
8240 18.315224 18.315224 18.315224 0.351757 0.351757 0.351757
8250 18.315224 18.315224 18.315224 0.351757 0.351757 0.351757
8260 18.315224 18.315224 18.315224 0.351757 0.351757 0.351757
8270 18.315224 18.315224 18.315224 0.351757 0.351757 0.351757
8280 18.315224 18.315224 18.315224 0.351757 0.351757 0.351757
8290 18.315224 18.315224 18.315224 0.351757 0.351757 0.351757
8300 18.315224 18.315224 18.315224 0.351757 0.351757 0.351757
8310 18.315224 18.315224 18.315224 0.351757 0.351757 0.351757
8320 18.315224 18.315224 18.315224 0.351757 0.351757 0.351757
8330 18.315224 18.315224 18.315224 0.351757 0.351757 0.351757
8340 18.315224 18.315224 18.315224 0.351757 0.351757 0.351757
8350 18.315224 18.315224 18.315224 0.351757 0.351757 0.351757
8360 18.315224 18.315224 18.315224 0.351757 0.351757 0.351757
8370 18.315224 18.315224 18.315224 0.351757 0.351757 0.351757
8380 18.315224 18.315224 18.315224 0.351757 0.351757 0.351757
8390 18.315224 18.315224 18.315224 0.351757 0.351757 0.351757
8400 18.315224 18.315224 18.315224 0.351757 0.351757 0.351757
8410 18.315224 18.315224 18.315224 0.351757 0.351757 0.351757
8420 18.315224 18.315224 18.315224 0.351757 0.351757 0.351757
8430 18.315224 18.315224 18.315224 0.351757 0.351757 0.351757
8440 18.315224 18.315224 18.315224 0.351757 0.351757 0.351757
8450 18.315224 18.315224 18.315224 0.351757 0.351757 0.351757
8460 18.315224 18.315224 18.315224 0.351757 0.351757 0.351757
8470 18.315224 18.315224 18.315224 0.351757 0.351757 0.351757
8480 18.315224 18.315224 18.315224 0.351757 0.351757 0.351757
8490 18.315224 18.315224 18.315224 0.351757 0.351757 0.351757
8500 18.315224 18.315224 18.315224 0.351757 0.351757 0.351757
8510 18.315224 18.315224 18.315224 0.351757 0.351757 0.351757
8520 18.315224 18.315224 18.315224 0.351757 0.351757 0.351757
8530 18.315224 18.315224 18.315224 0.351757 0.351757 0.351757
8540 18.315224 18.315224 18.315224 0.351757 0.351757 0.351757
8550 18.315224 18.315224 18.315224 0.351757 0.351757 0.351757
8560 18.315224 18.315224 18.315224 0.351757 0.351757 0.351757
8570 18.315224 18.315224 18.315224 0.351757 0.351757 0.351757
8580 18.315224 18.315224 18.315224 0.351757 0.351757 0.351757
8590 18.315224 18.315224 18.315224 0.351757 0.351757 0.351757
8600 18.315224 18.315224 18.315224 0.351757 0.351757 0.351757
8610 18.315224 18.315224 18.315224 0.351757 0.351757 0.351757
8620 18.315224 18.315224 18.315224 0.351757 0.351757 0.351757
8630 18.315224 18.315224 18.315224 0.351757 0.351757 0.351757
8640 18.315224 18.315224 18.315224 0.351757 0.351757 0.351757
8650 18.315224 18.315224 18.315224 0.351757 0.351757 0.351757
8660 18.315224 18.315224 18.315224 0.351757 0.351757 0.351757
8670 18.315224 18.315224 18.315224 0.351757 0.351757 0.351757
8680 18.315224 18.315224 18.315224 0.351757 0.351757 0.351757
8690 18.315224 18.315224 18.315224 0.351757 0.351757 0.351757
8700 18.315224 18.315224 18.315224 0.351757 0.351757 0.351757
8710 18.315224 18.315224 18.315224 0.351757 0.351757 0.351757
8720 18.315224 18.315224 18.315224 0.351757 0.351757 0.351757
8730 18.315224 18.315224 18.315224 0.351757 0.351757 0.351757
8740 18.315224 18.315224 18.315224 0.351757 0.351757 0.351757
8750 18.315224 18.315224 18.315224 0.351757 0.351757 0.351757
8760 18.315224 18.315224 18.315224 0.351757 0.351757 0.351757
8770 18.315224 18.315224 18.315224 0.351757 0.351757 0.351757
8780 18.315224 18.315224 18.315224 0.351757 0.351757 0.351757
8790 18.315224 18.315224 18.315224 0.351757 0.351757 0.351757
8800 18.315224 18.315224 18.315224 0.351757 0.351757 0.351757
8810 18.315224 18.315224 18.315224 0.351757 0.351757 0.351757
8820 18.315224 18.315224 18.315224 0.351757 0.351757 0.351757
8830 18.315224 18.315224 18.315224 0.351757 0.351757 0.351757
8840 18.315224 18.315224 18.315224 0.351757 0.351757 0.351757
8850 18.315224 18.315224 18.315224 0.351757 0.351757 0.351757
8860 18.315224 18.315224 18.315224 0.351757 0.351757 0.351757
8870 18.315224 18.315224 18.315224 0.351757 0.351757 0.351757
8880 18.315224 18.315224 18.315224 0.351757 0.351757 0.351757
8890 18.315224 18.315224 18.315224 0.351757 0.351757 0.351757
8900 18.315224 18.315224 18.315224 0.351757 0.351757 0.351757
8910 18.315224 18.315224 18.315224 0.351757 0.351757 0.351757
8920 18.315224 18.315224 18.315224 0.351757 0.351757 0.351757
8930 18.315224 18.315224 18.315224 0.351757 0.351757 0.351757
8940 18.315224 18.315224 18.315224 0.351757 0.351757 0.351757
8950 18.315224 18.315224 18.315224 0.351757 0.351757 0.351757
8960 18.315224 18.315224 18.315224 0.351757 0.351757 0.351757
8970 18.315224 18.315224 18.315224 0.351757 0.351757 0.351757
8980 18.315224 18.315224 18.315224 0.351757 0.351757 0.351757
8990 18.315224 18.315224 18.315224 0.351757 0.351757 0.351757
9000 18.315224 18.315224 18.315224 0.351757 0.351757 0.351757
9010 18.315224 18.315224 18.315224 0.351757 0.351757 0.351757
9020 18.315224 18.315224 18.315224 0.351757 0.351757 0.351757
9030 18.315224 18.315224 18.315224 0.351757 0.351757 0.351757
9040 18.315224 18.315224 18.315224 0.351757 0.351757 0.351757
9050 18.315224 18.315224 18.315224 0.351757 0.351757 0.351757
9060 18.315224 18.315224 18.315224 0.351757 0.351757 0.351757
9070 18.315224 18.315224 18.315224 0.351757 0.351757 0.351757
9080 18.315224 18.315224 18.315224 0.351757 0.351757 0.351757
9090 18.315224 18.315224 18.315224 0.351757 0.351757 0.351757
9100 18.315224 18.315224 18.315224 0.351757 0.351757 0.351757
9110 18.315224 18.315224 18.315224 0.351757 0.351757 0.351757
9120 18.315224 18.315224 18.315224 0.351757 0.351757 0.351757
9130 18.315224 18.315224 18.315224 0.351757 0.351757 0.351757
9140 18.315224 18.315224 18.315224 0.351757 0.351757 0.351757
9150 18.315224 18.315224 18.315224 0.351757 0.351757 0.351757
9160 18.315224 18.315224 18.315224 0.351757 0.351757 0.351757
9170 18.315224 18.315224 18.315224 0.351757 0.351757 0.351757
9180 18.315224 18.315224 18.315224 0.351757 0.351757 0.351757
9190 18.315224 18.315224 18.315224 0.351757 0.351757 0.351757
9200 18.315224 18.315224 18.315224 0.351757 0.351757 0.351757
9210 18.315224 18.315224 18.315224 0.351757 0.351757 0.351757
9220 18.315224 18.315224 18.315224 0.351757 0.351757 0.351757
9230 18.315224 18.315224 18.315224 0.351757 0.351757 0.351757
9240 18.315224 18.315224 18.315224 0.351757 0.351757 0.351757
9250 18.315224 18.315224 18.315224 0.351757 0.351757 0.351757
9260 18.315224 18.315224 18.315224 0.351757 0.351757 0.351757
9270 18.315224 18.315224 18.315224 0.351757 0.351757 0.351757
9280 18.315224 18.315224 18.315224 0.351757 0.351757 0.351757
9290 18.315224 18.315224 18.315224 0.351757 0.351757 0.351757
9300 18.315224 18.315224 18.315224 0.351757 0.351757 0.351757
9310 18.315224 18.315224 18.315224 0.351757 0.351757 0.351757
9320 18.315224 18.315224 18.315224 0.351757 0.351757 0.351757
9330 18.315224 18.315224 18.315224 0.351757 0.351757 0.351757
9340 18.315224 18.315224 18.315224 0.351757 0.351757 0.351757
9350 18.315224 18.315224 18.315224 0.351757 0.351757 0.351757
9360 18.315224 18.315224 18.315224 0.351757 0.351757 0.351757
9370 18.315224 18.315224 18.315224 0.351757 0.351757 0.351757
9380 18.315224 18.315224 18.315224 0.351757 0.351757 0.351757
9390 18.315224 18.315224 18.315224 0.351757 0.351757 0.351757
9400 18.315224 18.315224 18.315224 0.351757 0.351757 0.351757
9410 18.315224 18.315224 18.315224 0.351757 0.351757 0.351757
9420 18.315224 18.315224 18.315224 0.351757 0.351757 0.351757
9430 18.315224 18.315224 18.315224 0.351757 0.351757 0.351757
9440 18.315224 18.315224 18.315224 0.351757 0.351757 0.351757
9450 18.315224 18.315224 18.315224 0.351757 0.351757 0.351757
9460 18.315224 18.315224 18.315224 0.351757 0.351757 0.351757
9470 18.315224 18.315224 18.315224 0.351757 0.351757 0.351757
9480 18.315224 18.315224 18.315224 0.351757 0.351757 0.351757
9490 18.315224 18.315224 18.315224 0.351757 0.351757 0.351757
9500 18.315224 18.315224 18.315224 0.351757 0.351757 0.351757
9510 18.315224 18.315224 18.315224 0.351757 0.351757 0.351757
9520 18.315224 18.315224 18.315224 0.351757 0.351757 0.351757
9530 18.315224 18.315224 18.315224 0.351757 0.351757 0.351757
9540 18.315224 18.315224 18.315224 0.351757 0.351757 0.351757
9550 18.315224 18.315224 18.315224 0.351757 0.351757 0.351757
9560 18.315224 18.315224 18.315224 0.351757 0.351757 0.351757
9570 18.315224 18.315224 18.315224 0.351757 0.351757 0.351757
9580 18.315224 18.315224 18.315224 0.351757 0.351757 0.351757
9590 18.315224 18.315224 18.315224 0.351757 0.351757 0.351757
9600 18.315224 18.315224 18.315224 0.351757 0.351757 0.351757
9610 18.315224 18.315224 18.315224 0.351757 0.351757 0.351757
9620 18.315224 18.315224 18.315224 0.351757 0.351757 0.351757
9630 18.315224 18.315224 18.315224 0.351757 0.351757 0.351757
9640 18.315224 18.315224 18.315224 0.351757 0.351757 0.351757
9650 18.315224 18.315224 18.315224 0.351757 0.351757 0.351757
9660 18.315224 18.315224 18.315224 0.351757 0.351757 0.351757
9670 18.315224 18.315224 18.315224 0.351757 0.351757 0.351757
9680 18.315224 18.315224 18.315224 0.351757 0.351757 0.351757
9690 18.315224 18.315224 18.315224 0.351757 0.351757 0.351757
9700 18.315224 18.315224 18.315224 0.351757 0.351757 0.351757
9710 18.315224 18.315224 18.315224 0.351757 0.351757 0.351757
9720 18.315224 18.315224 18.315224 0.351757 0.351757 0.351757
9730 18.315224 18.315224 18.315224 0.351757 0.351757 0.351757
9740 18.315224 18.315224 18.315224 0.351757 0.351757 0.351757
9750 18.315224 18.315224 18.315224 0.351757 0.351757 0.351757
9760 18.315224 18.315224 18.315224 0.351757 0.351757 0.351757
9770 18.315224 18.315224 18.315224 0.351757 0.351757 0.351757
9780 18.315224 18.315224 18.315224 0.351757 0.351757 0.351757
9790 18.315224 18.315224 18.315224 0.351757 0.351757 0.351757
9800 18.315224 18.315224 18.315224 0.351757 0.351757 0.351757
9810 18.315224 18.315224 18.315224 0.351757 0.351757 0.351757
9820 18.315224 18.315224 18.315224 0.351757 0.351757 0.351757
9830 18.315224 18.315224 18.315224 0.351757 0.351757 0.351757
9840 18.315224 18.315224 18.315224 0.351757 0.351757 0.351757
9850 18.315224 18.315224 18.315224 0.351757 0.351757 0.351757
9860 18.315224 18.315224 18.315224 0.351757 0.351757 0.351757
9870 18.315224 18.315224 18.315224 0.351757 0.351757 0.351757
9880 18.315224 18.315224 18.315224 0.351757 0.351757 0.351757
9890 18.315224 18.315224 18.315224 0.351757 0.351757 0.351757
9900 18.315224 18.315224 18.315224 0.351757 0.351757 0.351757
9910 18.315224 18.315224 18.315224 0.351757 0.351757 0.351757
9920 18.315224 18.315224 18.315224 0.351757 0.351757 0.351757
9930 18.315224 18.315224 18.315224 0.351757 0.351757 0.351757
9940 18.315224 18.315224 18.315224 0.351757 0.351757 0.351757
9950 18.315224 18.315224 18.315224 0.351757 0.351757 0.351757
9960 18.315224 18.315224 18.315224 0.351757 0.351757 0.351757
9970 18.315224 18.315224 18.315224 0.351757 0.351757 0.351757
9980 18.315224 18.315224 18.315224 0.351757 0.351757 0.351757
9990 18.315224 18.315224 18.315224 0.351757 0.351757 0.351757
10000 18.315224 18.315224 18.315224 0.351757 0.351757 0.351757
