# generation power_min power_avg power_max util_min util_avg util_max
1 43.934297 43.934297 43.934297 1.173101 1.474194 1.499677
10 44.105183 26.123783 44.105183 0.901251 1.453541 1.499677
20 44.105183 24.459278 44.105183 0.866910 1.415865 1.499677
30 44.105183 24.150811 44.105183 0.843078 1.383880 1.499677
40 44.105183 23.905314 44.105183 0.728103 1.345141 1.499677
50 44.105183 23.407132 44.105183 0.728103 1.304810 1.499677
60 44.105183 22.847118 44.105183 0.728103 1.259790 1.499677
70 38.698243 22.102239 38.698243 0.728103 1.212621 1.499609
80 37.303841 21.795844 37.303841 0.715129 1.159453 1.499497
90 33.836531 21.210384 33.836531 0.715129 1.110417 1.499497
100 32.417405 20.874282 32.417405 0.710132 1.073940 1.498935
110 14.554562 20.533039 31.182305 0.710132 1.033712 1.497963
120 14.554562 20.164352 26.948611 0.710132 0.998280 1.481544
130 14.554562 19.785918 26.948611 0.684585 0.961984 1.426645
140 14.554562 19.284757 23.986812 0.644018 0.939199 1.340375
150 14.293387 18.774325 23.000374 0.644018 0.919845 1.173101
160 14.293387 18.188993 21.678905 0.644018 0.912278 1.164006
170 14.293387 17.613666 20.898739 0.644018 0.900749 1.164006
180 14.216022 17.228337 20.015917 0.644018 0.882564 1.164006
190 19.145644 16.802184 19.145644 0.644018 0.880363 1.082599
200 12.682551 16.463746 18.864220 0.644018 0.871712 1.040351
210 12.682551 16.122039 18.152825 0.644018 0.863957 1.040351
220 12.682551 15.780829 17.843743 0.644018 0.862178 1.040351
230 17.648309 15.438966 17.648309 0.644018 0.864483 1.082218
240 17.324186 15.057320 17.324186 0.644018 0.865348 1.082218
250 16.675615 14.736614 16.675615 0.644018 0.872711 1.082218
260 16.321433 14.413214 16.321433 0.672391 0.874779 1.082218
270 12.209573 14.102320 15.911776 0.672391 0.874876 1.082218
280 12.188363 13.836781 15.450620 0.672391 0.885264 1.082218
290 11.620144 13.594864 14.819641 0.672391 0.887518 1.082218
300 11.620144 13.393046 14.465294 0.701227 0.889155 1.082218
310 11.620144 13.237793 14.203939 0.701227 0.883537 1.082218
320 11.620144 13.073756 14.033822 0.701227 0.882475 1.022561
330 11.520262 12.919334 13.843957 0.701227 0.883809 1.022561
340 11.030958 12.739473 13.714412 0.701227 0.881444 1.022561
350 11.030958 12.563277 13.492616 0.706951 0.882538 1.022561
360 11.030958 12.431123 13.258447 0.706951 0.878304 1.016080
370 10.899631 12.271755 13.093816 0.706951 0.881994 1.016080
380 10.899631 12.115792 12.995432 0.706951 0.879179 1.016080
390 10.595049 11.963767 12.794131 0.706951 0.877675 1.016080
400 10.595049 11.829759 12.659775 0.706951 0.875351 1.016080
410 10.595049 11.683484 12.496873 0.706951 0.875082 1.016080
420 10.595049 11.558678 12.370886 0.711028 0.877488 1.004468
430 10.495605 11.414966 12.117899 0.698940 0.873667 1.004468
440 10.019470 11.277708 11.878544 0.698940 0.868472 1.004468
450 10.019470 11.180601 11.788774 0.698940 0.863716 1.004468
460 10.019470 11.078647 11.680919 0.698940 0.858149 1.003547
470 10.019470 10.983464 11.607849 0.698940 0.854074 1.003547
480 9.932642 10.878274 11.487448 0.698940 0.853758 1.003547
490 9.809330 10.757030 11.371640 0.698940 0.852311 1.003547
500 9.504224 10.645262 11.204557 0.698940 0.844425 0.975126
510 9.504224 10.559702 11.079235 0.698940 0.841548 0.958853
520 9.504224 10.444816 11.019822 0.725770 0.840089 0.958853
530 9.417028 10.328766 10.930120 0.725770 0.840316 0.958853
540 9.417028 10.209782 10.805894 0.725770 0.837955 0.964354
550 9.152159 10.087830 10.698001 0.725770 0.839089 0.964354
560 9.150748 9.964451 10.580875 0.725770 0.839301 0.964354
570 9.098569 9.853784 10.495605 0.725770 0.840419 0.964354
580 9.062363 9.748507 10.394020 0.725770 0.839727 0.964354
590 9.062363 9.648771 10.235812 0.725770 0.841157 0.964354
600 8.947676 9.546300 10.115926 0.725770 0.843903 0.964354
610 8.947676 9.470003 9.997826 0.743090 0.848267 0.964354
620 8.921332 9.387962 9.841794 0.749163 0.849701 0.964354
630 8.865400 9.324465 9.722023 0.757806 0.851764 0.964354
640 8.865400 9.271117 9.601282 0.781151 0.858185 0.945289
650 8.865400 9.222032 9.482499 0.781151 0.861337 0.945289
660 8.682288 9.173416 9.448380 0.797438 0.863990 0.948057
670 8.682288 9.120119 9.383224 0.797438 0.862365 0.948057
680 8.682288 9.077683 9.314207 0.797438 0.866313 0.948643
690 8.614515 9.032861 9.273058 0.797438 0.868233 0.948643
700 8.525326 8.983637 9.237443 0.797438 0.869786 0.948643
710 8.525326 8.937900 9.181555 0.797438 0.870902 0.948643
720 8.497490 8.895389 9.150843 0.797438 0.870459 0.948643
730 8.492240 8.849565 9.098569 0.797438 0.870745 0.948643
740 8.492240 8.806844 9.062363 0.832440 0.871997 0.948643
750 8.492240 8.766909 8.975386 0.832440 0.869045 0.948643
760 8.409501 8.726836 8.947676 0.832440 0.867994 0.948643
770 8.395670 8.681707 8.919856 0.832440 0.866709 0.948643
780 8.395670 8.643395 8.881507 0.832440 0.867080 0.948643
790 8.395670 8.608463 8.811380 0.832440 0.864593 0.948057
800 8.395670 8.578205 8.779743 0.832440 0.862518 0.948057
810 8.395670 8.548937 8.699483 0.832440 0.859664 0.944993
820 8.240494 8.522419 8.665787 0.832440 0.860435 0.944993
830 8.240494 8.496960 8.637946 0.832440 0.857911 0.944993
840 8.240494 8.474441 8.597315 0.832761 0.858099 0.944993
850 8.233146 8.452746 8.575092 0.832761 0.858841 0.944993
860 8.233146 8.434790 8.564210 0.832761 0.858050 0.944993
870 8.231628 8.416049 8.535694 0.832761 0.855163 0.883509
880 8.220833 8.395585 8.508126 0.844210 0.856743 0.883509
890 8.220833 8.386099 8.481097 0.844210 0.856250 0.883509
900 8.220833 8.379548 8.419077 0.844210 0.856384 0.879895
910 8.220833 8.372133 8.409501 0.844210 0.857997 0.880694
920 8.220833 8.362873 8.409501 0.844210 0.859548 0.880694
930 8.220833 8.351319 8.409501 0.844210 0.861660 0.880694
940 8.217156 8.335758 8.407983 0.844210 0.863878 0.880694
950 8.217156 8.323696 8.397188 0.844210 0.865869 0.880694
960 8.202271 8.306426 8.397188 0.844210 0.868295 0.880694
970 8.202271 8.291620 8.395670 0.844210 0.870744 0.881985
980 8.202271 8.274754 8.395670 0.844210 0.873161 0.881985
990 8.202271 8.257781 8.393511 0.844210 0.875564 0.881985
1000 8.202271 8.241612 8.370159 0.869132 0.876340 0.881985
1010 8.202271 8.228891 8.300081 0.869132 0.876442 0.881985
1020 8.202271 8.225507 8.233146 0.869132 0.876505 0.878794
1030 8.202271 8.224171 8.231628 0.869132 0.876493 0.878794
1040 8.202271 8.222671 8.231628 0.869132 0.876506 0.878794
1050 8.202271 8.221098 8.231628 0.869132 0.876505 0.878794
1060 8.202271 8.219279 8.231628 0.869132 0.876485 0.878794
1070 8.202271 8.217741 8.231628 0.869132 0.876608 0.878794
1080 8.202271 8.216477 8.220833 0.869132 0.876633 0.878794
1090 8.202271 8.215445 8.219315 0.869132 0.876400 0.878794
1100 8.200753 8.214449 8.219315 0.869132 0.876180 0.878794
1110 8.200753 8.212729 8.219315 0.869132 0.875608 0.878794
1120 8.129295 8.210570 8.219315 0.869132 0.875243 0.878794
1130 8.128576 8.207506 8.219315 0.869132 0.874882 0.878794
1140 8.128576 8.204527 8.216743 0.870273 0.874748 0.878794
1150 8.128576 8.202967 8.216743 0.870273 0.874069 0.878794
1160 8.128576 8.201474 8.216743 0.870273 0.873374 0.878794
1170 8.128576 8.197769 8.216743 0.870273 0.872886 0.878794
1180 8.128576 8.194793 8.216025 0.870273 0.872330 0.878794
1190 8.128576 8.191459 8.202271 0.871563 0.872639 0.878452
1200 8.127777 8.188427 8.202271 0.871563 0.872933 0.878614
1210 8.127777 8.184712 8.202271 0.871563 0.873284 0.878614
1220 8.127777 8.179536 8.202271 0.871563 0.873769 0.878614
1230 8.127777 8.172939 8.202271 0.871563 0.874380 0.878614
1240 8.127777 8.168485 8.202271 0.871563 0.874800 0.878614
1250 8.127058 8.161197 8.200753 0.871905 0.875470 0.878794
1260 8.127058 8.154030 8.200753 0.871905 0.876112 0.878794
1270 8.127058 8.146841 8.200753 0.871905 0.876759 0.878794
1280 8.127058 8.139652 8.200753 0.871905 0.877407 0.878794
1290 8.127058 8.132484 8.200034 0.872085 0.878049 0.878794
1300 8.127058 8.128890 8.129295 0.878272 0.878373 0.878794
1310 8.127058 8.128803 8.129295 0.878272 0.878394 0.878794
1320 8.127058 8.128716 8.129295 0.878272 0.878415 0.878794
1330 8.127058 8.128636 8.129295 0.878272 0.878435 0.878794
1340 8.127058 8.128518 8.129295 0.878272 0.878463 0.878794
1350 8.127058 8.128416 8.128576 0.878452 0.878488 0.878794
1360 8.127058 8.128371 8.128576 0.878452 0.878498 0.878794
1370 8.127058 8.128340 8.128576 0.878452 0.878505 0.878794
1380 8.127058 8.128280 8.128576 0.878452 0.878519 0.878794
1390 8.127058 8.128234 8.128576 0.878452 0.878529 0.878794
1400 8.127058 8.128113 8.128576 0.878452 0.878556 0.878794
1410 8.127058 8.127991 8.128576 0.878452 0.878584 0.878794
1420 8.127058 8.127839 8.128576 0.878452 0.878618 0.878794
1430 8.127058 8.127688 8.128576 0.878452 0.878652 0.878794
1440 8.127058 8.127536 8.128576 0.878452 0.878686 0.878794
1450 8.127058 8.127384 8.128576 0.878452 0.878720 0.878794
1460 8.127058 8.127232 8.128576 0.878452 0.878755 0.878794
1470 8.127058 8.127080 8.128576 0.878452 0.878789 0.878794
1480 8.127058 8.127058 8.127058 0.878794 0.878794 0.878794
1490 8.127058 8.127058 8.127058 0.878794 0.878794 0.878794
1500 8.127058 8.127058 8.127058 0.878794 0.878794 0.878794
1510 8.127058 8.127058 8.127058 0.878794 0.878794 0.878794
1520 8.127058 8.127058 8.127058 0.878794 0.878794 0.878794
1530 8.127058 8.127058 8.127058 0.878794 0.878794 0.878794
1540 8.127058 8.127058 8.127058 0.878794 0.878794 0.878794
1550 8.127058 8.127058 8.127058 0.878794 0.878794 0.878794
1560 8.127058 8.127058 8.127058 0.878794 0.878794 0.878794
1570 8.127058 8.127058 8.127058 0.878794 0.878794 0.878794
1580 8.127058 8.127058 8.127058 0.878794 0.878794 0.878794
1590 8.127058 8.127058 8.127058 0.878794 0.878794 0.878794
1600 8.127058 8.127058 8.127058 0.878794 0.878794 0.878794
1610 8.127058 8.127058 8.127058 0.878794 0.878794 0.878794
1620 8.127058 8.127058 8.127058 0.878794 0.878794 0.878794
1630 8.127058 8.127058 8.127058 0.878794 0.878794 0.878794
1640 8.127058 8.127058 8.127058 0.878794 0.878794 0.878794
1650 8.127058 8.127058 8.127058 0.878794 0.878794 0.878794
1660 8.127058 8.127058 8.127058 0.878794 0.878794 0.878794
1670 8.127058 8.127058 8.127058 0.878794 0.878794 0.878794
1680 8.127058 8.127058 8.127058 0.878794 0.878794 0.878794
1690 8.127058 8.127058 8.127058 0.878794 0.878794 0.878794
1700 8.127058 8.127058 8.127058 0.878794 0.878794 0.878794
1710 8.127058 8.127058 8.127058 0.878794 0.878794 0.878794
1720 8.127058 8.127058 8.127058 0.878794 0.878794 0.878794
1730 8.127058 8.127058 8.127058 0.878794 0.878794 0.878794
1740 8.127058 8.127058 8.127058 0.878794 0.878794 0.878794
1750 8.127058 8.127058 8.127058 0.878794 0.878794 0.878794
1760 8.127058 8.127058 8.127058 0.878794 0.878794 0.878794
1770 8.127058 8.127058 8.127058 0.878794 0.878794 0.878794
1780 8.127058 8.127058 8.127058 0.878794 0.878794 0.878794
1790 8.127058 8.127058 8.127058 0.878794 0.878794 0.878794
1800 8.127058 8.127058 8.127058 0.878794 0.878794 0.878794
1810 8.127058 8.127058 8.127058 0.878794 0.878794 0.878794
1820 8.127058 8.127058 8.127058 0.878794 0.878794 0.878794
1830 8.127058 8.127058 8.127058 0.878794 0.878794 0.878794
1840 8.127058 8.127058 8.127058 0.878794 0.878794 0.878794
1850 8.127058 8.127058 8.127058 0.878794 0.878794 0.878794
1860 8.127058 8.127058 8.127058 0.878794 0.878794 0.878794
1870 8.127058 8.127058 8.127058 0.878794 0.878794 0.878794
1880 8.127058 8.127058 8.127058 0.878794 0.878794 0.878794
1890 8.127058 8.127058 8.127058 0.878794 0.878794 0.878794
1900 8.127058 8.127058 8.127058 0.878794 0.878794 0.878794
1910 8.127058 8.127058 8.127058 0.878794 0.878794 0.878794
1920 8.127058 8.127058 8.127058 0.878794 0.878794 0.878794
1930 8.127058 8.127058 8.127058 0.878794 0.878794 0.878794
1940 8.127058 8.127058 8.127058 0.878794 0.878794 0.878794
1950 8.127058 8.127058 8.127058 0.878794 0.878794 0.878794
1960 8.127058 8.127058 8.127058 0.878794 0.878794 0.878794
1970 8.127058 8.127058 8.127058 0.878794 0.878794 0.878794
1980 8.127058 8.127058 8.127058 0.878794 0.878794 0.878794
1990 8.127058 8.127058 8.127058 0.878794 0.878794 0.878794
2000 8.127058 8.127058 8.127058 0.878794 0.878794 0.878794
2010 8.127058 8.127058 8.127058 0.878794 0.878794 0.878794
2020 8.127058 8.127058 8.127058 0.878794 0.878794 0.878794
2030 8.127058 8.127058 8.127058 0.878794 0.878794 0.878794
2040 8.127058 8.127058 8.127058 0.878794 0.878794 0.878794
2050 8.127058 8.127058 8.127058 0.878794 0.878794 0.878794
2060 8.127058 8.127058 8.127058 0.878794 0.878794 0.878794
2070 8.127058 8.127058 8.127058 0.878794 0.878794 0.878794
2080 8.127058 8.127058 8.127058 0.878794 0.878794 0.878794
2090 8.127058 8.127058 8.127058 0.878794 0.878794 0.878794
2100 8.127058 8.127058 8.127058 0.878794 0.878794 0.878794
2110 8.127058 8.127058 8.127058 0.878794 0.878794 0.878794
2120 8.127058 8.127058 8.127058 0.878794 0.878794 0.878794
2130 8.127058 8.127058 8.127058 0.878794 0.878794 0.878794
2140 8.127058 8.127058 8.127058 0.878794 0.878794 0.878794
2150 8.127058 8.127058 8.127058 0.878794 0.878794 0.878794
2160 8.127058 8.127058 8.127058 0.878794 0.878794 0.878794
2170 8.127058 8.127058 8.127058 0.878794 0.878794 0.878794
2180 8.127058 8.127058 8.127058 0.878794 0.878794 0.878794
2190 8.127058 8.127058 8.127058 0.878794 0.878794 0.878794
2200 8.127058 8.127058 8.127058 0.878794 0.878794 0.878794
2210 8.127058 8.127058 8.127058 0.878794 0.878794 0.878794
2220 8.127058 8.127058 8.127058 0.878794 0.878794 0.878794
2230 8.127058 8.127058 8.127058 0.878794 0.878794 0.878794
2240 8.127058 8.127058 8.127058 0.878794 0.878794 0.878794
2250 8.127058 8.127058 8.127058 0.878794 0.878794 0.878794
2260 8.127058 8.127058 8.127058 0.878794 0.878794 0.878794
2270 8.127058 8.127058 8.127058 0.878794 0.878794 0.878794
2280 8.127058 8.127058 8.127058 0.878794 0.878794 0.878794
2290 8.127058 8.127058 8.127058 0.878794 0.878794 0.878794
2300 8.127058 8.127058 8.127058 0.878794 0.878794 0.878794
2310 8.127058 8.127058 8.127058 0.878794 0.878794 0.878794
2320 8.127058 8.127058 8.127058 0.878794 0.878794 0.878794
2330 8.127058 8.127058 8.127058 0.878794 0.878794 0.878794
2340 8.127058 8.127058 8.127058 0.878794 0.878794 0.878794
2350 8.127058 8.127058 8.127058 0.878794 0.878794 0.878794
2360 8.127058 8.127058 8.127058 0.878794 0.878794 0.878794
2370 8.127058 8.127058 8.127058 0.878794 0.878794 0.878794
2380 8.127058 8.127058 8.127058 0.878794 0.878794 0.878794
2390 8.127058 8.127058 8.127058 0.878794 0.878794 0.878794
2400 8.127058 8.127058 8.127058 0.878794 0.878794 0.878794
2410 8.127058 8.127058 8.127058 0.878794 0.878794 0.878794
2420 8.127058 8.127058 8.127058 0.878794 0.878794 0.878794
2430 8.127058 8.127058 8.127058 0.878794 0.878794 0.878794
2440 8.127058 8.127058 8.127058 0.878794 0.878794 0.878794
2450 8.127058 8.127058 8.127058 0.878794 0.878794 0.878794
2460 8.127058 8.127058 8.127058 0.878794 0.878794 0.878794
2470 8.127058 8.127058 8.127058 0.878794 0.878794 0.878794
2480 8.127058 8.127058 8.127058 0.878794 0.878794 0.878794
2490 8.127058 8.127058 8.127058 0.878794 0.878794 0.878794
2500 8.127058 8.127058 8.127058 0.878794 0.878794 0.878794
2510 8.127058 8.127058 8.127058 0.878794 0.878794 0.878794
2520 8.127058 8.127058 8.127058 0.878794 0.878794 0.878794
2530 8.127058 8.127058 8.127058 0.878794 0.878794 0.878794
2540 8.127058 8.127058 8.127058 0.878794 0.878794 0.878794
2550 8.127058 8.127058 8.127058 0.878794 0.878794 0.878794
2560 8.127058 8.127058 8.127058 0.878794 0.878794 0.878794
2570 8.127058 8.127058 8.127058 0.878794 0.878794 0.878794
2580 8.127058 8.127058 8.127058 0.878794 0.878794 0.878794
2590 8.127058 8.127058 8.127058 0.878794 0.878794 0.878794
2600 8.127058 8.127058 8.127058 0.878794 0.878794 0.878794
2610 8.127058 8.127058 8.127058 0.878794 0.878794 0.878794
2620 8.127058 8.127058 8.127058 0.878794 0.878794 0.878794
2630 8.127058 8.127058 8.127058 0.878794 0.878794 0.878794
2640 8.127058 8.127058 8.127058 0.878794 0.878794 0.878794
2650 8.127058 8.127058 8.127058 0.878794 0.878794 0.878794
2660 8.127058 8.127058 8.127058 0.878794 0.878794 0.878794
2670 8.127058 8.127058 8.127058 0.878794 0.878794 0.878794
2680 8.127058 8.127058 8.127058 0.878794 0.878794 0.878794
2690 8.127058 8.127058 8.127058 0.878794 0.878794 0.878794
2700 8.127058 8.127058 8.127058 0.878794 0.878794 0.878794
2710 8.127058 8.127058 8.127058 0.878794 0.878794 0.878794
2720 8.127058 8.127058 8.127058 0.878794 0.878794 0.878794
2730 8.127058 8.127058 8.127058 0.878794 0.878794 0.878794
2740 8.127058 8.127058 8.127058 0.878794 0.878794 0.878794
2750 8.127058 8.127058 8.127058 0.878794 0.878794 0.878794
2760 8.127058 8.127058 8.127058 0.878794 0.878794 0.878794
2770 8.127058 8.127058 8.127058 0.878794 0.878794 0.878794
2780 8.127058 8.127058 8.127058 0.878794 0.878794 0.878794
2790 8.127058 8.127058 8.127058 0.878794 0.878794 0.878794
2800 8.127058 8.127058 8.127058 0.878794 0.878794 0.878794
2810 8.127058 8.127058 8.127058 0.878794 0.878794 0.878794
2820 8.127058 8.127058 8.127058 0.878794 0.878794 0.878794
2830 8.127058 8.127058 8.127058 0.878794 0.878794 0.878794
2840 8.127058 8.127058 8.127058 0.878794 0.878794 0.878794
2850 8.127058 8.127058 8.127058 0.878794 0.878794 0.878794
2860 8.127058 8.127058 8.127058 0.878794 0.878794 0.878794
2870 8.127058 8.127058 8.127058 0.878794 0.878794 0.878794
2880 8.127058 8.127058 8.127058 0.878794 0.878794 0.878794
2890 8.127058 8.127058 8.127058 0.878794 0.878794 0.878794
2900 8.127058 8.127058 8.127058 0.878794 0.878794 0.878794
2910 8.127058 8.127058 8.127058 0.878794 0.878794 0.878794
2920 8.127058 8.127058 8.127058 0.878794 0.878794 0.878794
2930 8.127058 8.127058 8.127058 0.878794 0.878794 0.878794
2940 8.127058 8.127058 8.127058 0.878794 0.878794 0.878794
2950 8.127058 8.127058 8.127058 0.878794 0.878794 0.878794
2960 8.127058 8.127058 8.127058 0.878794 0.878794 0.878794
2970 8.127058 8.127058 8.127058 0.878794 0.878794 0.878794
2980 8.127058 8.127058 8.127058 0.878794 0.878794 0.878794
2990 8.127058 8.127058 8.127058 0.878794 0.878794 0.878794
3000 8.127058 8.127058 8.127058 0.878794 0.878794 0.878794
3010 8.127058 8.127058 8.127058 0.878794 0.878794 0.878794
3020 8.127058 8.127058 8.127058 0.878794 0.878794 0.878794
3030 8.127058 8.127058 8.127058 0.878794 0.878794 0.878794
3040 8.127058 8.127058 8.127058 0.878794 0.878794 0.878794
3050 8.127058 8.127058 8.127058 0.878794 0.878794 0.878794
3060 8.127058 8.127058 8.127058 0.878794 0.878794 0.878794
3070 8.127058 8.127058 8.127058 0.878794 0.878794 0.878794
3080 8.127058 8.127058 8.127058 0.878794 0.878794 0.878794
3090 8.127058 8.127058 8.127058 0.878794 0.878794 0.878794
3100 8.127058 8.127058 8.127058 0.878794 0.878794 0.878794
3110 8.127058 8.127058 8.127058 0.878794 0.878794 0.878794
3120 8.127058 8.127058 8.127058 0.878794 0.878794 0.878794
3130 8.127058 8.127058 8.127058 0.878794 0.878794 0.878794
3140 8.127058 8.127058 8.127058 0.878794 0.878794 0.878794
3150 8.127058 8.127058 8.127058 0.878794 0.878794 0.878794
3160 8.127058 8.127058 8.127058 0.878794 0.878794 0.878794
3170 8.127058 8.127058 8.127058 0.878794 0.878794 0.878794
3180 8.127058 8.127058 8.127058 0.878794 0.878794 0.878794
3190 8.127058 8.127058 8.127058 0.878794 0.878794 0.878794
3200 8.127058 8.127058 8.127058 0.878794 0.878794 0.878794
3210 8.127058 8.127058 8.127058 0.878794 0.878794 0.878794
3220 8.127058 8.127058 8.127058 0.878794 0.878794 0.878794
3230 8.127058 8.127058 8.127058 0.878794 0.878794 0.878794
3240 8.127058 8.127058 8.127058 0.878794 0.878794 0.878794
3250 8.127058 8.127058 8.127058 0.878794 0.878794 0.878794
3260 8.127058 8.127058 8.127058 0.878794 0.878794 0.878794
3270 8.127058 8.127058 8.127058 0.878794 0.878794 0.878794
3280 8.127058 8.127058 8.127058 0.878794 0.878794 0.878794
3290 8.127058 8.127058 8.127058 0.878794 0.878794 0.878794
3300 8.127058 8.127058 8.127058 0.878794 0.878794 0.878794
3310 8.127058 8.127058 8.127058 0.878794 0.878794 0.878794
3320 8.127058 8.127058 8.127058 0.878794 0.878794 0.878794
3330 8.127058 8.127058 8.127058 0.878794 0.878794 0.878794
3340 8.127058 8.127058 8.127058 0.878794 0.878794 0.878794
3350 8.127058 8.127058 8.127058 0.878794 0.878794 0.878794
3360 8.127058 8.127058 8.127058 0.878794 0.878794 0.878794
3370 8.127058 8.127058 8.127058 0.878794 0.878794 0.878794
3380 8.127058 8.127058 8.127058 0.878794 0.878794 0.878794
3390 8.127058 8.127058 8.127058 0.878794 0.878794 0.878794
3400 8.127058 8.127058 8.127058 0.878794 0.878794 0.878794
3410 8.127058 8.127058 8.127058 0.878794 0.878794 0.878794
3420 8.127058 8.127058 8.127058 0.878794 0.878794 0.878794
3430 8.127058 8.127058 8.127058 0.878794 0.878794 0.878794
3440 8.127058 8.127058 8.127058 0.878794 0.878794 0.878794
3450 8.127058 8.127058 8.127058 0.878794 0.878794 0.878794
3460 8.127058 8.127058 8.127058 0.878794 0.878794 0.878794
3470 8.127058 8.127058 8.127058 0.878794 0.878794 0.878794
3480 8.127058 8.127058 8.127058 0.878794 0.878794 0.878794
3490 8.127058 8.127058 8.127058 0.878794 0.878794 0.878794
3500 8.127058 8.127058 8.127058 0.878794 0.878794 0.878794
3510 8.127058 8.127058 8.127058 0.878794 0.878794 0.878794
3520 8.127058 8.127058 8.127058 0.878794 0.878794 0.878794
3530 8.127058 8.127058 8.127058 0.878794 0.878794 0.878794
3540 8.127058 8.127058 8.127058 0.878794 0.878794 0.878794
3550 8.127058 8.127058 8.127058 0.878794 0.878794 0.878794
3560 8.127058 8.127058 8.127058 0.878794 0.878794 0.878794
3570 8.127058 8.127058 8.127058 0.878794 0.878794 0.878794
3580 8.127058 8.127058 8.127058 0.878794 0.878794 0.878794
3590 8.127058 8.127058 8.127058 0.878794 0.878794 0.878794
3600 8.127058 8.127058 8.127058 0.878794 0.878794 0.878794
3610 8.127058 8.127058 8.127058 0.878794 0.878794 0.878794
3620 8.127058 8.127058 8.127058 0.878794 0.878794 0.878794
3630 8.127058 8.127058 8.127058 0.878794 0.878794 0.878794
3640 8.127058 8.127058 8.127058 0.878794 0.878794 0.878794
3650 8.127058 8.127058 8.127058 0.878794 0.878794 0.878794
3660 8.127058 8.127058 8.127058 0.878794 0.878794 0.878794
3670 8.127058 8.127058 8.127058 0.878794 0.878794 0.878794
3680 8.127058 8.127058 8.127058 0.878794 0.878794 0.878794
3690 8.127058 8.127058 8.127058 0.878794 0.878794 0.878794
3700 8.127058 8.127058 8.127058 0.878794 0.878794 0.878794
3710 8.127058 8.127058 8.127058 0.878794 0.878794 0.878794
3720 8.127058 8.127058 8.127058 0.878794 0.878794 0.878794
3730 8.127058 8.127058 8.127058 0.878794 0.878794 0.878794
3740 8.127058 8.127058 8.127058 0.878794 0.878794 0.878794
3750 8.127058 8.127058 8.127058 0.878794 0.878794 0.878794
3760 8.127058 8.127058 8.127058 0.878794 0.878794 0.878794
3770 8.127058 8.127058 8.127058 0.878794 0.878794 0.878794
3780 8.127058 8.127058 8.127058 0.878794 0.878794 0.878794
3790 8.127058 8.127058 8.127058 0.878794 0.878794 0.878794
3800 8.127058 8.127058 8.127058 0.878794 0.878794 0.878794
3810 8.127058 8.127058 8.127058 0.878794 0.878794 0.878794
3820 8.127058 8.127058 8.127058 0.878794 0.878794 0.878794
3830 8.127058 8.127058 8.127058 0.878794 0.878794 0.878794
3840 8.127058 8.127058 8.127058 0.878794 0.878794 0.878794
3850 8.127058 8.127058 8.127058 0.878794 0.878794 0.878794
3860 8.127058 8.127058 8.127058 0.878794 0.878794 0.878794
3870 8.127058 8.127058 8.127058 0.878794 0.878794 0.878794
3880 8.127058 8.127058 8.127058 0.878794 0.878794 0.878794
3890 8.127058 8.127058 8.127058 0.878794 0.878794 0.878794
3900 8.127058 8.127058 8.127058 0.878794 0.878794 0.878794
3910 8.127058 8.127058 8.127058 0.878794 0.878794 0.878794
3920 8.127058 8.127058 8.127058 0.878794 0.878794 0.878794
3930 8.127058 8.127058 8.127058 0.878794 0.878794 0.878794
3940 8.127058 8.127058 8.127058 0.878794 0.878794 0.878794
3950 8.127058 8.127058 8.127058 0.878794 0.878794 0.878794
3960 8.127058 8.127058 8.127058 0.878794 0.878794 0.878794
3970 8.127058 8.127058 8.127058 0.878794 0.878794 0.878794
3980 8.127058 8.127058 8.127058 0.878794 0.878794 0.878794
3990 8.127058 8.127058 8.127058 0.878794 0.878794 0.878794
4000 8.127058 8.127058 8.127058 0.878794 0.878794 0.878794
4010 8.127058 8.127058 8.127058 0.878794 0.878794 0.878794
4020 8.127058 8.127058 8.127058 0.878794 0.878794 0.878794
4030 8.127058 8.127058 8.127058 0.878794 0.878794 0.878794
4040 8.127058 8.127058 8.127058 0.878794 0.878794 0.878794
4050 8.127058 8.127058 8.127058 0.878794 0.878794 0.878794
4060 8.127058 8.127058 8.127058 0.878794 0.878794 0.878794
4070 8.127058 8.127058 8.127058 0.878794 0.878794 0.878794
4080 8.127058 8.127058 8.127058 0.878794 0.878794 0.878794
4090 8.127058 8.127058 8.127058 0.878794 0.878794 0.878794
4100 8.127058 8.127058 8.127058 0.878794 0.878794 0.878794
4110 8.127058 8.127058 8.127058 0.878794 0.878794 0.878794
4120 8.127058 8.127058 8.127058 0.878794 0.878794 0.878794
4130 8.127058 8.127058 8.127058 0.878794 0.878794 0.878794
4140 8.127058 8.127058 8.127058 0.878794 0.878794 0.878794
4150 8.127058 8.127058 8.127058 0.878794 0.878794 0.878794
4160 8.127058 8.127058 8.127058 0.878794 0.878794 0.878794
4170 8.127058 8.127058 8.127058 0.878794 0.878794 0.878794
4180 8.127058 8.127058 8.127058 0.878794 0.878794 0.878794
4190 8.127058 8.127058 8.127058 0.878794 0.878794 0.878794
4200 8.127058 8.127058 8.127058 0.878794 0.878794 0.878794
4210 8.127058 8.127058 8.127058 0.878794 0.878794 0.878794
4220 8.127058 8.127058 8.127058 0.878794 0.878794 0.878794
4230 8.127058 8.127058 8.127058 0.878794 0.878794 0.878794
4240 8.127058 8.127058 8.127058 0.878794 0.878794 0.878794
4250 8.127058 8.127058 8.127058 0.878794 0.878794 0.878794
4260 8.127058 8.127058 8.127058 0.878794 0.878794 0.878794
4270 8.127058 8.127058 8.127058 0.878794 0.878794 0.878794
4280 8.127058 8.127058 8.127058 0.878794 0.878794 0.878794
4290 8.127058 8.127058 8.127058 0.878794 0.878794 0.878794
4300 8.127058 8.127058 8.127058 0.878794 0.878794 0.878794
4310 8.127058 8.127058 8.127058 0.878794 0.878794 0.878794
4320 8.127058 8.127058 8.127058 0.878794 0.878794 0.878794
4330 8.127058 8.127058 8.127058 0.878794 0.878794 0.878794
4340 8.127058 8.127058 8.127058 0.878794 0.878794 0.878794
4350 8.127058 8.127058 8.127058 0.878794 0.878794 0.878794
4360 8.127058 8.127058 8.127058 0.878794 0.878794 0.878794
4370 8.127058 8.127058 8.127058 0.878794 0.878794 0.878794
4380 8.127058 8.127058 8.127058 0.878794 0.878794 0.878794
4390 8.127058 8.127058 8.127058 0.878794 0.878794 0.878794
4400 8.127058 8.127058 8.127058 0.878794 0.878794 0.878794
4410 8.127058 8.127058 8.127058 0.878794 0.878794 0.878794
4420 8.127058 8.127058 8.127058 0.878794 0.878794 0.878794
4430 8.127058 8.127058 8.127058 0.878794 0.878794 0.878794
4440 8.127058 8.127058 8.127058 0.878794 0.878794 0.878794
4450 8.127058 8.127058 8.127058 0.878794 0.878794 0.878794
4460 8.127058 8.127058 8.127058 0.878794 0.878794 0.878794
4470 8.127058 8.127058 8.127058 0.878794 0.878794 0.878794
4480 8.127058 8.127058 8.127058 0.878794 0.878794 0.878794
4490 8.127058 8.127058 8.127058 0.878794 0.878794 0.878794
4500 8.127058 8.127058 8.127058 0.878794 0.878794 0.878794
4510 8.127058 8.127058 8.127058 0.878794 0.878794 0.878794
4520 8.127058 8.127058 8.127058 0.878794 0.878794 0.878794
4530 8.127058 8.127058 8.127058 0.878794 0.878794 0.878794
4540 8.127058 8.127058 8.127058 0.878794 0.878794 0.878794
4550 8.127058 8.127058 8.127058 0.878794 0.878794 0.878794
4560 8.127058 8.127058 8.127058 0.878794 0.878794 0.878794
4570 8.127058 8.127058 8.127058 0.878794 0.878794 0.878794
4580 8.127058 8.127058 8.127058 0.878794 0.878794 0.878794
4590 8.127058 8.127058 8.127058 0.878794 0.878794 0.878794
4600 8.127058 8.127058 8.127058 0.878794 0.878794 0.878794
4610 8.127058 8.127058 8.127058 0.878794 0.878794 0.878794
4620 8.127058 8.127058 8.127058 0.878794 0.878794 0.878794
4630 8.127058 8.127058 8.127058 0.878794 0.878794 0.878794
4640 8.127058 8.127058 8.127058 0.878794 0.878794 0.878794
4650 8.127058 8.127058 8.127058 0.878794 0.878794 0.878794
4660 8.127058 8.127058 8.127058 0.878794 0.878794 0.878794
4670 8.127058 8.127058 8.127058 0.878794 0.878794 0.878794
4680 8.127058 8.127058 8.127058 0.878794 0.878794 0.878794
4690 8.127058 8.127058 8.127058 0.878794 0.878794 0.878794
4700 8.127058 8.127058 8.127058 0.878794 0.878794 0.878794
4710 8.127058 8.127058 8.127058 0.878794 0.878794 0.878794
4720 8.127058 8.127058 8.127058 0.878794 0.878794 0.878794
4730 8.127058 8.127058 8.127058 0.878794 0.878794 0.878794
4740 8.127058 8.127058 8.127058 0.878794 0.878794 0.878794
4750 8.127058 8.127058 8.127058 0.878794 0.878794 0.878794
4760 8.127058 8.127058 8.127058 0.878794 0.878794 0.878794
4770 8.127058 8.127058 8.127058 0.878794 0.878794 0.878794
4780 8.127058 8.127058 8.127058 0.878794 0.878794 0.878794
4790 8.127058 8.127058 8.127058 0.878794 0.878794 0.878794
4800 8.127058 8.127058 8.127058 0.878794 0.878794 0.878794
4810 8.127058 8.127058 8.127058 0.878794 0.878794 0.878794
4820 8.127058 8.127058 8.127058 0.878794 0.878794 0.878794
4830 8.127058 8.127058 8.127058 0.878794 0.878794 0.878794
4840 8.127058 8.127058 8.127058 0.878794 0.878794 0.878794
4850 8.127058 8.127058 8.127058 0.878794 0.878794 0.878794
4860 8.127058 8.127058 8.127058 0.878794 0.878794 0.878794
4870 8.127058 8.127058 8.127058 0.878794 0.878794 0.878794
4880 8.127058 8.127058 8.127058 0.878794 0.878794 0.878794
4890 8.127058 8.127058 8.127058 0.878794 0.878794 0.878794
4900 8.127058 8.127058 8.127058 0.878794 0.878794 0.878794
4910 8.127058 8.127058 8.127058 0.878794 0.878794 0.878794
4920 8.127058 8.127058 8.127058 0.878794 0.878794 0.878794
4930 8.127058 8.127058 8.127058 0.878794 0.878794 0.878794
4940 8.127058 8.127058 8.127058 0.878794 0.878794 0.878794
4950 8.127058 8.127058 8.127058 0.878794 0.878794 0.878794
4960 8.127058 8.127058 8.127058 0.878794 0.878794 0.878794
4970 8.127058 8.127058 8.127058 0.878794 0.878794 0.878794
4980 8.127058 8.127058 8.127058 0.878794 0.878794 0.878794
4990 8.127058 8.127058 8.127058 0.878794 0.878794 0.878794
5000 8.127058 8.127058 8.127058 0.878794 0.878794 0.878794
5010 8.127058 8.127058 8.127058 0.878794 0.878794 0.878794
5020 8.127058 8.127058 8.127058 0.878794 0.878794 0.878794
5030 8.127058 8.127058 8.127058 0.878794 0.878794 0.878794
5040 8.127058 8.127058 8.127058 0.878794 0.878794 0.878794
5050 8.127058 8.127058 8.127058 0.878794 0.878794 0.878794
5060 8.127058 8.127058 8.127058 0.878794 0.878794 0.878794
5070 8.127058 8.127058 8.127058 0.878794 0.878794 0.878794
5080 8.127058 8.127058 8.127058 0.878794 0.878794 0.878794
5090 8.127058 8.127058 8.127058 0.878794 0.878794 0.878794
5100 8.127058 8.127058 8.127058 0.878794 0.878794 0.878794
5110 8.127058 8.127058 8.127058 0.878794 0.878794 0.878794
5120 8.127058 8.127058 8.127058 0.878794 0.878794 0.878794
5130 8.127058 8.127058 8.127058 0.878794 0.878794 0.878794
5140 8.127058 8.127058 8.127058 0.878794 0.878794 0.878794
5150 8.127058 8.127058 8.127058 0.878794 0.878794 0.878794
5160 8.127058 8.127058 8.127058 0.878794 0.878794 0.878794
5170 8.127058 8.127058 8.127058 0.878794 0.878794 0.878794
5180 8.127058 8.127058 8.127058 0.878794 0.878794 0.878794
5190 8.127058 8.127058 8.127058 0.878794 0.878794 0.878794
5200 8.127058 8.127058 8.127058 0.878794 0.878794 0.878794
5210 8.127058 8.127058 8.127058 0.878794 0.878794 0.878794
5220 8.127058 8.127058 8.127058 0.878794 0.878794 0.878794
5230 8.127058 8.127058 8.127058 0.878794 0.878794 0.878794
5240 8.127058 8.127058 8.127058 0.878794 0.878794 0.878794
5250 8.127058 8.127058 8.127058 0.878794 0.878794 0.878794
5260 8.127058 8.127058 8.127058 0.878794 0.878794 0.878794
5270 8.127058 8.127058 8.127058 0.878794 0.878794 0.878794
5280 8.127058 8.127058 8.127058 0.878794 0.878794 0.878794
5290 8.127058 8.127058 8.127058 0.878794 0.878794 0.878794
5300 8.127058 8.127058 8.127058 0.878794 0.878794 0.878794
5310 8.127058 8.127058 8.127058 0.878794 0.878794 0.878794
5320 8.127058 8.127058 8.127058 0.878794 0.878794 0.878794
5330 8.127058 8.127058 8.127058 0.878794 0.878794 0.878794
5340 8.127058 8.127058 8.127058 0.878794 0.878794 0.878794
5350 8.127058 8.127058 8.127058 0.878794 0.878794 0.878794
5360 8.127058 8.127058 8.127058 0.878794 0.878794 0.878794
5370 8.127058 8.127058 8.127058 0.878794 0.878794 0.878794
5380 8.127058 8.127058 8.127058 0.878794 0.878794 0.878794
5390 8.127058 8.127058 8.127058 0.878794 0.878794 0.878794
5400 8.127058 8.127058 8.127058 0.878794 0.878794 0.878794
5410 8.127058 8.127058 8.127058 0.878794 0.878794 0.878794
5420 8.127058 8.127058 8.127058 0.878794 0.878794 0.878794
5430 8.127058 8.127058 8.127058 0.878794 0.878794 0.878794
5440 8.127058 8.127058 8.127058 0.878794 0.878794 0.878794
5450 8.127058 8.127058 8.127058 0.878794 0.878794 0.878794
5460 8.127058 8.127058 8.127058 0.878794 0.878794 0.878794
5470 8.127058 8.127058 8.127058 0.878794 0.878794 0.878794
5480 8.127058 8.127058 8.127058 0.878794 0.878794 0.878794
5490 8.127058 8.127058 8.127058 0.878794 0.878794 0.878794
5500 8.127058 8.127058 8.127058 0.878794 0.878794 0.878794
5510 8.127058 8.127058 8.127058 0.878794 0.878794 0.878794
5520 8.127058 8.127058 8.127058 0.878794 0.878794 0.878794
5530 8.127058 8.127058 8.127058 0.878794 0.878794 0.878794
5540 8.127058 8.127058 8.127058 0.878794 0.878794 0.878794
5550 8.127058 8.127058 8.127058 0.878794 0.878794 0.878794
5560 8.127058 8.127058 8.127058 0.878794 0.878794 0.878794
5570 8.127058 8.127058 8.127058 0.878794 0.878794 0.878794
5580 8.127058 8.127058 8.127058 0.878794 0.878794 0.878794
5590 8.127058 8.127058 8.127058 0.878794 0.878794 0.878794
5600 8.127058 8.127058 8.127058 0.878794 0.878794 0.878794
5610 8.127058 8.127058 8.127058 0.878794 0.878794 0.878794
5620 8.127058 8.127058 8.127058 0.878794 0.878794 0.878794
5630 8.127058 8.127058 8.127058 0.878794 0.878794 0.878794
5640 8.127058 8.127058 8.127058 0.878794 0.878794 0.878794
5650 8.127058 8.127058 8.127058 0.878794 0.878794 0.878794
5660 8.127058 8.127058 8.127058 0.878794 0.878794 0.878794
5670 8.127058 8.127058 8.127058 0.878794 0.878794 0.878794
5680 8.127058 8.127058 8.127058 0.878794 0.878794 0.878794
5690 8.127058 8.127058 8.127058 0.878794 0.878794 0.878794
5700 8.127058 8.127058 8.127058 0.878794 0.878794 0.878794
5710 8.127058 8.127058 8.127058 0.878794 0.878794 0.878794
5720 8.127058 8.127058 8.127058 0.878794 0.878794 0.878794
5730 8.127058 8.127058 8.127058 0.878794 0.878794 0.878794
5740 8.127058 8.127058 8.127058 0.878794 0.878794 0.878794
5750 8.127058 8.127058 8.127058 0.878794 0.878794 0.878794
5760 8.127058 8.127058 8.127058 0.878794 0.878794 0.878794
5770 8.127058 8.127058 8.127058 0.878794 0.878794 0.878794
5780 8.127058 8.127058 8.127058 0.878794 0.878794 0.878794
5790 8.127058 8.127058 8.127058 0.878794 0.878794 0.878794
5800 8.127058 8.127058 8.127058 0.878794 0.878794 0.878794
5810 8.127058 8.127058 8.127058 0.878794 0.878794 0.878794
5820 8.127058 8.127058 8.127058 0.878794 0.878794 0.878794
5830 8.127058 8.127058 8.127058 0.878794 0.878794 0.878794
5840 8.127058 8.127058 8.127058 0.878794 0.878794 0.878794
5850 8.127058 8.127058 8.127058 0.878794 0.878794 0.878794
5860 8.127058 8.127058 8.127058 0.878794 0.878794 0.878794
5870 8.127058 8.127058 8.127058 0.878794 0.878794 0.878794
5880 8.127058 8.127058 8.127058 0.878794 0.878794 0.878794
5890 8.127058 8.127058 8.127058 0.878794 0.878794 0.878794
5900 8.127058 8.127058 8.127058 0.878794 0.878794 0.878794
5910 8.127058 8.127058 8.127058 0.878794 0.878794 0.878794
5920 8.127058 8.127058 8.127058 0.878794 0.878794 0.878794
5930 8.127058 8.127058 8.127058 0.878794 0.878794 0.878794
5940 8.127058 8.127058 8.127058 0.878794 0.878794 0.878794
5950 8.127058 8.127058 8.127058 0.878794 0.878794 0.878794
5960 8.127058 8.127058 8.127058 0.878794 0.878794 0.878794
5970 8.127058 8.127058 8.127058 0.878794 0.878794 0.878794
5980 8.127058 8.127058 8.127058 0.878794 0.878794 0.878794
5990 8.127058 8.127058 8.127058 0.878794 0.878794 0.878794
6000 8.127058 8.127058 8.127058 0.878794 0.878794 0.878794
6010 8.127058 8.127058 8.127058 0.878794 0.878794 0.878794
6020 8.127058 8.127058 8.127058 0.878794 0.878794 0.878794
6030 8.127058 8.127058 8.127058 0.878794 0.878794 0.878794
6040 8.127058 8.127058 8.127058 0.878794 0.878794 0.878794
6050 8.127058 8.127058 8.127058 0.878794 0.878794 0.878794
6060 8.127058 8.127058 8.127058 0.878794 0.878794 0.878794
6070 8.127058 8.127058 8.127058 0.878794 0.878794 0.878794
6080 8.127058 8.127058 8.127058 0.878794 0.878794 0.878794
6090 8.127058 8.127058 8.127058 0.878794 0.878794 0.878794
6100 8.127058 8.127058 8.127058 0.878794 0.878794 0.878794
6110 8.127058 8.127058 8.127058 0.878794 0.878794 0.878794
6120 8.127058 8.127058 8.127058 0.878794 0.878794 0.878794
6130 8.127058 8.127058 8.127058 0.878794 0.878794 0.878794
6140 8.127058 8.127058 8.127058 0.878794 0.878794 0.878794
6150 8.127058 8.127058 8.127058 0.878794 0.878794 0.878794
6160 8.127058 8.127058 8.127058 0.878794 0.878794 0.878794
6170 8.127058 8.127058 8.127058 0.878794 0.878794 0.878794
6180 8.127058 8.127058 8.127058 0.878794 0.878794 0.878794
6190 8.127058 8.127058 8.127058 0.878794 0.878794 0.878794
6200 8.127058 8.127058 8.127058 0.878794 0.878794 0.878794
6210 8.127058 8.127058 8.127058 0.878794 0.878794 0.878794
6220 8.127058 8.127058 8.127058 0.878794 0.878794 0.878794
6230 8.127058 8.127058 8.127058 0.878794 0.878794 0.878794
6240 8.127058 8.127058 8.127058 0.878794 0.878794 0.878794
6250 8.127058 8.127058 8.127058 0.878794 0.878794 0.878794
6260 8.127058 8.127058 8.127058 0.878794 0.878794 0.878794
6270 8.127058 8.127058 8.127058 0.878794 0.878794 0.878794
6280 8.127058 8.127058 8.127058 0.878794 0.878794 0.878794
6290 8.127058 8.127058 8.127058 0.878794 0.878794 0.878794
6300 8.127058 8.127058 8.127058 0.878794 0.878794 0.878794
6310 8.127058 8.127058 8.127058 0.878794 0.878794 0.878794
6320 8.127058 8.127058 8.127058 0.878794 0.878794 0.878794
6330 8.127058 8.127058 8.127058 0.878794 0.878794 0.878794
6340 8.127058 8.127058 8.127058 0.878794 0.878794 0.878794
6350 8.127058 8.127058 8.127058 0.878794 0.878794 0.878794
6360 8.127058 8.127058 8.127058 0.878794 0.878794 0.878794
6370 8.127058 8.127058 8.127058 0.878794 0.878794 0.878794
6380 8.127058 8.127058 8.127058 0.878794 0.878794 0.878794
6390 8.127058 8.127058 8.127058 0.878794 0.878794 0.878794
6400 8.127058 8.127058 8.127058 0.878794 0.878794 0.878794
6410 8.127058 8.127058 8.127058 0.878794 0.878794 0.878794
6420 8.127058 8.127058 8.127058 0.878794 0.878794 0.878794
6430 8.127058 8.127058 8.127058 0.878794 0.878794 0.878794
6440 8.127058 8.127058 8.127058 0.878794 0.878794 0.878794
6450 8.127058 8.127058 8.127058 0.878794 0.878794 0.878794
6460 8.127058 8.127058 8.127058 0.878794 0.878794 0.878794
6470 8.127058 8.127058 8.127058 0.878794 0.878794 0.878794
6480 8.127058 8.127058 8.127058 0.878794 0.878794 0.878794
6490 8.127058 8.127058 8.127058 0.878794 0.878794 0.878794
6500 8.127058 8.127058 8.127058 0.878794 0.878794 0.878794
6510 8.127058 8.127058 8.127058 0.878794 0.878794 0.878794
6520 8.127058 8.127058 8.127058 0.878794 0.878794 0.878794
6530 8.127058 8.127058 8.127058 0.878794 0.878794 0.878794
6540 8.127058 8.127058 8.127058 0.878794 0.878794 0.878794
6550 8.127058 8.127058 8.127058 0.878794 0.878794 0.878794
6560 8.127058 8.127058 8.127058 0.878794 0.878794 0.878794
6570 8.127058 8.127058 8.127058 0.878794 0.878794 0.878794
6580 8.127058 8.127058 8.127058 0.878794 0.878794 0.878794
6590 8.127058 8.127058 8.127058 0.878794 0.878794 0.878794
6600 8.127058 8.127058 8.127058 0.878794 0.878794 0.878794
6610 8.127058 8.127058 8.127058 0.878794 0.878794 0.878794
6620 8.127058 8.127058 8.127058 0.878794 0.878794 0.878794
6630 8.127058 8.127058 8.127058 0.878794 0.878794 0.878794
6640 8.127058 8.127058 8.127058 0.878794 0.878794 0.878794
6650 8.127058 8.127058 8.127058 0.878794 0.878794 0.878794
6660 8.127058 8.127058 8.127058 0.878794 0.878794 0.878794
6670 8.127058 8.127058 8.127058 0.878794 0.878794 0.878794
6680 8.127058 8.127058 8.127058 0.878794 0.878794 0.878794
6690 8.127058 8.127058 8.127058 0.878794 0.878794 0.878794
6700 8.127058 8.127058 8.127058 0.878794 0.878794 0.878794
6710 8.127058 8.127058 8.127058 0.878794 0.878794 0.878794
6720 8.127058 8.127058 8.127058 0.878794 0.878794 0.878794
6730 8.127058 8.127058 8.127058 0.878794 0.878794 0.878794
6740 8.127058 8.127058 8.127058 0.878794 0.878794 0.878794
6750 8.127058 8.127058 8.127058 0.878794 0.878794 0.878794
6760 8.127058 8.127058 8.127058 0.878794 0.878794 0.878794
6770 8.127058 8.127058 8.127058 0.878794 0.878794 0.878794
6780 8.127058 8.127058 8.127058 0.878794 0.878794 0.878794
6790 8.127058 8.127058 8.127058 0.878794 0.878794 0.878794
6800 8.127058 8.127058 8.127058 0.878794 0.878794 0.878794
6810 8.127058 8.127058 8.127058 0.878794 0.878794 0.878794
6820 8.127058 8.127058 8.127058 0.878794 0.878794 0.878794
6830 8.127058 8.127058 8.127058 0.878794 0.878794 0.878794
6840 8.127058 8.127058 8.127058 0.878794 0.878794 0.878794
6850 8.127058 8.127058 8.127058 0.878794 0.878794 0.878794
6860 8.127058 8.127058 8.127058 0.878794 0.878794 0.878794
6870 8.127058 8.127058 8.127058 0.878794 0.878794 0.878794
6880 8.127058 8.127058 8.127058 0.878794 0.878794 0.878794
6890 8.127058 8.127058 8.127058 0.878794 0.878794 0.878794
6900 8.127058 8.127058 8.127058 0.878794 0.878794 0.878794
6910 8.127058 8.127058 8.127058 0.878794 0.878794 0.878794
6920 8.127058 8.127058 8.127058 0.878794 0.878794 0.878794
6930 8.127058 8.127058 8.127058 0.878794 0.878794 0.878794
6940 8.127058 8.127058 8.127058 0.878794 0.878794 0.878794
6950 8.127058 8.127058 8.127058 0.878794 0.878794 0.878794
6960 8.127058 8.127058 8.127058 0.878794 0.878794 0.878794
6970 8.127058 8.127058 8.127058 0.878794 0.878794 0.878794
6980 8.127058 8.127058 8.127058 0.878794 0.878794 0.878794
6990 8.127058 8.127058 8.127058 0.878794 0.878794 0.878794
7000 8.127058 8.127058 8.127058 0.878794 0.878794 0.878794
7010 8.127058 8.127058 8.127058 0.878794 0.878794 0.878794
7020 8.127058 8.127058 8.127058 0.878794 0.878794 0.878794
7030 8.127058 8.127058 8.127058 0.878794 0.878794 0.878794
7040 8.127058 8.127058 8.127058 0.878794 0.878794 0.878794
7050 8.127058 8.127058 8.127058 0.878794 0.878794 0.878794
7060 8.127058 8.127058 8.127058 0.878794 0.878794 0.878794
7070 8.127058 8.127058 8.127058 0.878794 0.878794 0.878794
7080 8.127058 8.127058 8.127058 0.878794 0.878794 0.878794
7090 8.127058 8.127058 8.127058 0.878794 0.878794 0.878794
7100 8.127058 8.127058 8.127058 0.878794 0.878794 0.878794
7110 8.127058 8.127058 8.127058 0.878794 0.878794 0.878794
7120 8.127058 8.127058 8.127058 0.878794 0.878794 0.878794
7130 8.127058 8.127058 8.127058 0.878794 0.878794 0.878794
7140 8.127058 8.127058 8.127058 0.878794 0.878794 0.878794
7150 8.127058 8.127058 8.127058 0.878794 0.878794 0.878794
7160 8.127058 8.127058 8.127058 0.878794 0.878794 0.878794
7170 8.127058 8.127058 8.127058 0.878794 0.878794 0.878794
7180 8.127058 8.127058 8.127058 0.878794 0.878794 0.878794
7190 8.127058 8.127058 8.127058 0.878794 0.878794 0.878794
7200 8.127058 8.127058 8.127058 0.878794 0.878794 0.878794
7210 8.127058 8.127058 8.127058 0.878794 0.878794 0.878794
7220 8.127058 8.127058 8.127058 0.878794 0.878794 0.878794
7230 8.127058 8.127058 8.127058 0.878794 0.878794 0.878794
7240 8.127058 8.127058 8.127058 0.878794 0.878794 0.878794
7250 8.127058 8.127058 8.127058 0.878794 0.878794 0.878794
7260 8.127058 8.127058 8.127058 0.878794 0.878794 0.878794
7270 8.127058 8.127058 8.127058 0.878794 0.878794 0.878794
7280 8.127058 8.127058 8.127058 0.878794 0.878794 0.878794
7290 8.127058 8.127058 8.127058 0.878794 0.878794 0.878794
7300 8.127058 8.127058 8.127058 0.878794 0.878794 0.878794
7310 8.127058 8.127058 8.127058 0.878794 0.878794 0.878794
7320 8.127058 8.127058 8.127058 0.878794 0.878794 0.878794
7330 8.127058 8.127058 8.127058 0.878794 0.878794 0.878794
7340 8.127058 8.127058 8.127058 0.878794 0.878794 0.878794
7350 8.127058 8.127058 8.127058 0.878794 0.878794 0.878794
7360 8.127058 8.127058 8.127058 0.878794 0.878794 0.878794
7370 8.127058 8.127058 8.127058 0.878794 0.878794 0.878794
7380 8.127058 8.127058 8.127058 0.878794 0.878794 0.878794
7390 8.127058 8.127058 8.127058 0.878794 0.878794 0.878794
7400 8.127058 8.127058 8.127058 0.878794 0.878794 0.878794
7410 8.127058 8.127058 8.127058 0.878794 0.878794 0.878794
7420 8.127058 8.127058 8.127058 0.878794 0.878794 0.878794
7430 8.127058 8.127058 8.127058 0.878794 0.878794 0.878794
7440 8.127058 8.127058 8.127058 0.878794 0.878794 0.878794
7450 8.127058 8.127058 8.127058 0.878794 0.878794 0.878794
7460 8.127058 8.127058 8.127058 0.878794 0.878794 0.878794
7470 8.127058 8.127058 8.127058 0.878794 0.878794 0.878794
7480 8.127058 8.127058 8.127058 0.878794 0.878794 0.878794
7490 8.127058 8.127058 8.127058 0.878794 0.878794 0.878794
7500 8.127058 8.127058 8.127058 0.878794 0.878794 0.878794
7510 8.127058 8.127058 8.127058 0.878794 0.878794 0.878794
7520 8.127058 8.127058 8.127058 0.878794 0.878794 0.878794
7530 8.127058 8.127058 8.127058 0.878794 0.878794 0.878794
7540 8.127058 8.127058 8.127058 0.878794 0.878794 0.878794
7550 8.127058 8.127058 8.127058 0.878794 0.878794 0.878794
7560 8.127058 8.127058 8.127058 0.878794 0.878794 0.878794
7570 8.127058 8.127058 8.127058 0.878794 0.878794 0.878794
7580 8.127058 8.127058 8.127058 0.878794 0.878794 0.878794
7590 8.127058 8.127058 8.127058 0.878794 0.878794 0.878794
7600 8.127058 8.127058 8.127058 0.878794 0.878794 0.878794
7610 8.127058 8.127058 8.127058 0.878794 0.878794 0.878794
7620 8.127058 8.127058 8.127058 0.878794 0.878794 0.878794
7630 8.127058 8.127058 8.127058 0.878794 0.878794 0.878794
7640 8.127058 8.127058 8.127058 0.878794 0.878794 0.878794
7650 8.127058 8.127058 8.127058 0.878794 0.878794 0.878794
7660 8.127058 8.127058 8.127058 0.878794 0.878794 0.878794
7670 8.127058 8.127058 8.127058 0.878794 0.878794 0.878794
7680 8.127058 8.127058 8.127058 0.878794 0.878794 0.878794
7690 8.127058 8.127058 8.127058 0.878794 0.878794 0.878794
7700 8.127058 8.127058 8.127058 0.878794 0.878794 0.878794
7710 8.127058 8.127058 8.127058 0.878794 0.878794 0.878794
7720 8.127058 8.127058 8.127058 0.878794 0.878794 0.878794
7730 8.127058 8.127058 8.127058 0.878794 0.878794 0.878794
7740 8.127058 8.127058 8.127058 0.878794 0.878794 0.878794
7750 8.127058 8.127058 8.127058 0.878794 0.878794 0.878794
7760 8.127058 8.127058 8.127058 0.878794 0.878794 0.878794
7770 8.127058 8.127058 8.127058 0.878794 0.878794 0.878794
7780 8.127058 8.127058 8.127058 0.878794 0.878794 0.878794
7790 8.127058 8.127058 8.127058 0.878794 0.878794 0.878794
7800 8.127058 8.127058 8.127058 0.878794 0.878794 0.878794
7810 8.127058 8.127058 8.127058 0.878794 0.878794 0.878794
7820 8.127058 8.127058 8.127058 0.878794 0.878794 0.878794
7830 8.127058 8.127058 8.127058 0.878794 0.878794 0.878794
7840 8.127058 8.127058 8.127058 0.878794 0.878794 0.878794
7850 8.127058 8.127058 8.127058 0.878794 0.878794 0.878794
7860 8.127058 8.127058 8.127058 0.878794 0.878794 0.878794
7870 8.127058 8.127058 8.127058 0.878794 0.878794 0.878794
7880 8.127058 8.127058 8.127058 0.878794 0.878794 0.878794
7890 8.127058 8.127058 8.127058 0.878794 0.878794 0.878794
7900 8.127058 8.127058 8.127058 0.878794 0.878794 0.878794
7910 8.127058 8.127058 8.127058 0.878794 0.878794 0.878794
7920 8.127058 8.127058 8.127058 0.878794 0.878794 0.878794
7930 8.127058 8.127058 8.127058 0.878794 0.878794 0.878794
7940 8.127058 8.127058 8.127058 0.878794 0.878794 0.878794
7950 8.127058 8.127058 8.127058 0.878794 0.878794 0.878794
7960 8.127058 8.127058 8.127058 0.878794 0.878794 0.878794
7970 8.127058 8.127058 8.127058 0.878794 0.878794 0.878794
7980 8.127058 8.127058 8.127058 0.878794 0.878794 0.878794
7990 8.127058 8.127058 8.127058 0.878794 0.878794 0.878794
8000 8.127058 8.127058 8.127058 0.878794 0.878794 0.878794
8010 8.127058 8.127058 8.127058 0.878794 0.878794 0.878794
8020 8.127058 8.127058 8.127058 0.878794 0.878794 0.878794
8030 8.127058 8.127058 8.127058 0.878794 0.878794 0.878794
8040 8.127058 8.127058 8.127058 0.878794 0.878794 0.878794
8050 8.127058 8.127058 8.127058 0.878794 0.878794 0.878794
8060 8.127058 8.127058 8.127058 0.878794 0.878794 0.878794
8070 8.127058 8.127058 8.127058 0.878794 0.878794 0.878794
8080 8.127058 8.127058 8.127058 0.878794 0.878794 0.878794
8090 8.127058 8.127058 8.127058 0.878794 0.878794 0.878794
8100 8.127058 8.127058 8.127058 0.878794 0.878794 0.878794
8110 8.127058 8.127058 8.127058 0.878794 0.878794 0.878794
8120 8.127058 8.127058 8.127058 0.878794 0.878794 0.878794
8130 8.127058 8.127058 8.127058 0.878794 0.878794 0.878794
8140 8.127058 8.127058 8.127058 0.878794 0.878794 0.878794
8150 8.127058 8.127058 8.127058 0.878794 0.878794 0.878794
8160 8.127058 8.127058 8.127058 0.878794 0.878794 0.878794
8170 8.127058 8.127058 8.127058 0.878794 0.878794 0.878794
8180 8.127058 8.127058 8.127058 0.878794 0.878794 0.878794
8190 8.127058 8.127058 8.127058 0.878794 0.878794 0.878794
8200 8.127058 8.127058 8.127058 0.878794 0.878794 0.878794
8210 8.127058 8.127058 8.127058 0.878794 0.878794 0.878794
8220 8.127058 8.127058 8.127058 0.878794 0.878794 0.878794
8230 8.127058 8.127058 8.127058 0.878794 0.878794 0.878794
8240 8.127058 8.127058 8.127058 0.878794 0.878794 0.878794
8250 8.127058 8.127058 8.127058 0.878794 0.878794 0.878794
8260 8.127058 8.127058 8.127058 0.878794 0.878794 0.878794
8270 8.127058 8.127058 8.127058 0.878794 0.878794 0.878794
8280 8.127058 8.127058 8.127058 0.878794 0.878794 0.878794
8290 8.127058 8.127058 8.127058 0.878794 0.878794 0.878794
8300 8.127058 8.127058 8.127058 0.878794 0.878794 0.878794
8310 8.127058 8.127058 8.127058 0.878794 0.878794 0.878794
8320 8.127058 8.127058 8.127058 0.878794 0.878794 0.878794
8330 8.127058 8.127058 8.127058 0.878794 0.878794 0.878794
8340 8.127058 8.127058 8.127058 0.878794 0.878794 0.878794
8350 8.127058 8.127058 8.127058 0.878794 0.878794 0.878794
8360 8.127058 8.127058 8.127058 0.878794 0.878794 0.878794
8370 8.127058 8.127058 8.127058 0.878794 0.878794 0.878794
8380 8.127058 8.127058 8.127058 0.878794 0.878794 0.878794
8390 8.127058 8.127058 8.127058 0.878794 0.878794 0.878794
8400 8.127058 8.127058 8.127058 0.878794 0.878794 0.878794
8410 8.127058 8.127058 8.127058 0.878794 0.878794 0.878794
8420 8.127058 8.127058 8.127058 0.878794 0.878794 0.878794
8430 8.127058 8.127058 8.127058 0.878794 0.878794 0.878794
8440 8.127058 8.127058 8.127058 0.878794 0.878794 0.878794
8450 8.127058 8.127058 8.127058 0.878794 0.878794 0.878794
8460 8.127058 8.127058 8.127058 0.878794 0.878794 0.878794
8470 8.127058 8.127058 8.127058 0.878794 0.878794 0.878794
8480 8.127058 8.127058 8.127058 0.878794 0.878794 0.878794
8490 8.127058 8.127058 8.127058 0.878794 0.878794 0.878794
8500 8.127058 8.127058 8.127058 0.878794 0.878794 0.878794
8510 8.127058 8.127058 8.127058 0.878794 0.878794 0.878794
8520 8.127058 8.127058 8.127058 0.878794 0.878794 0.878794
8530 8.127058 8.127058 8.127058 0.878794 0.878794 0.878794
8540 8.127058 8.127058 8.127058 0.878794 0.878794 0.878794
8550 8.127058 8.127058 8.127058 0.878794 0.878794 0.878794
8560 8.127058 8.127058 8.127058 0.878794 0.878794 0.878794
8570 8.127058 8.127058 8.127058 0.878794 0.878794 0.878794
8580 8.127058 8.127058 8.127058 0.878794 0.878794 0.878794
8590 8.127058 8.127058 8.127058 0.878794 0.878794 0.878794
8600 8.127058 8.127058 8.127058 0.878794 0.878794 0.878794
8610 8.127058 8.127058 8.127058 0.878794 0.878794 0.878794
8620 8.127058 8.127058 8.127058 0.878794 0.878794 0.878794
8630 8.127058 8.127058 8.127058 0.878794 0.878794 0.878794
8640 8.127058 8.127058 8.127058 0.878794 0.878794 0.878794
8650 8.127058 8.127058 8.127058 0.878794 0.878794 0.878794
8660 8.127058 8.127058 8.127058 0.878794 0.878794 0.878794
8670 8.127058 8.127058 8.127058 0.878794 0.878794 0.878794
8680 8.127058 8.127058 8.127058 0.878794 0.878794 0.878794
8690 8.127058 8.127058 8.127058 0.878794 0.878794 0.878794
8700 8.127058 8.127058 8.127058 0.878794 0.878794 0.878794
8710 8.127058 8.127058 8.127058 0.878794 0.878794 0.878794
8720 8.127058 8.127058 8.127058 0.878794 0.878794 0.878794
8730 8.127058 8.127058 8.127058 0.878794 0.878794 0.878794
8740 8.127058 8.127058 8.127058 0.878794 0.878794 0.878794
8750 8.127058 8.127058 8.127058 0.878794 0.878794 0.878794
8760 8.127058 8.127058 8.127058 0.878794 0.878794 0.878794
8770 8.127058 8.127058 8.127058 0.878794 0.878794 0.878794
8780 8.127058 8.127058 8.127058 0.878794 0.878794 0.878794
8790 8.127058 8.127058 8.127058 0.878794 0.878794 0.878794
8800 8.127058 8.127058 8.127058 0.878794 0.878794 0.878794
8810 8.127058 8.127058 8.127058 0.878794 0.878794 0.878794
8820 8.127058 8.127058 8.127058 0.878794 0.878794 0.878794
8830 8.127058 8.127058 8.127058 0.878794 0.878794 0.878794
8840 8.127058 8.127058 8.127058 0.878794 0.878794 0.878794
8850 8.127058 8.127058 8.127058 0.878794 0.878794 0.878794
8860 8.127058 8.127058 8.127058 0.878794 0.878794 0.878794
8870 8.127058 8.127058 8.127058 0.878794 0.878794 0.878794
8880 8.127058 8.127058 8.127058 0.878794 0.878794 0.878794
8890 8.127058 8.127058 8.127058 0.878794 0.878794 0.878794
8900 8.127058 8.127058 8.127058 0.878794 0.878794 0.878794
8910 8.127058 8.127058 8.127058 0.878794 0.878794 0.878794
8920 8.127058 8.127058 8.127058 0.878794 0.878794 0.878794
8930 8.127058 8.127058 8.127058 0.878794 0.878794 0.878794
8940 8.127058 8.127058 8.127058 0.878794 0.878794 0.878794
8950 8.127058 8.127058 8.127058 0.878794 0.878794 0.878794
8960 8.127058 8.127058 8.127058 0.878794 0.878794 0.878794
8970 8.127058 8.127058 8.127058 0.878794 0.878794 0.878794
8980 8.127058 8.127058 8.127058 0.878794 0.878794 0.878794
8990 8.127058 8.127058 8.127058 0.878794 0.878794 0.878794
9000 8.127058 8.127058 8.127058 0.878794 0.878794 0.878794
9010 8.127058 8.127058 8.127058 0.878794 0.878794 0.878794
9020 8.127058 8.127058 8.127058 0.878794 0.878794 0.878794
9030 8.127058 8.127058 8.127058 0.878794 0.878794 0.878794
9040 8.127058 8.127058 8.127058 0.878794 0.878794 0.878794
9050 8.127058 8.127058 8.127058 0.878794 0.878794 0.878794
9060 8.127058 8.127058 8.127058 0.878794 0.878794 0.878794
9070 8.127058 8.127058 8.127058 0.878794 0.878794 0.878794
9080 8.127058 8.127058 8.127058 0.878794 0.878794 0.878794
9090 8.127058 8.127058 8.127058 0.878794 0.878794 0.878794
9100 8.127058 8.127058 8.127058 0.878794 0.878794 0.878794
9110 8.127058 8.127058 8.127058 0.878794 0.878794 0.878794
9120 8.127058 8.127058 8.127058 0.878794 0.878794 0.878794
9130 8.127058 8.127058 8.127058 0.878794 0.878794 0.878794
9140 8.127058 8.127058 8.127058 0.878794 0.878794 0.878794
9150 8.127058 8.127058 8.127058 0.878794 0.878794 0.878794
9160 8.127058 8.127058 8.127058 0.878794 0.878794 0.878794
9170 8.127058 8.127058 8.127058 0.878794 0.878794 0.878794
9180 8.127058 8.127058 8.127058 0.878794 0.878794 0.878794
9190 8.127058 8.127058 8.127058 0.878794 0.878794 0.878794
9200 8.127058 8.127058 8.127058 0.878794 0.878794 0.878794
9210 8.127058 8.127058 8.127058 0.878794 0.878794 0.878794
9220 8.127058 8.127058 8.127058 0.878794 0.878794 0.878794
9230 8.127058 8.127058 8.127058 0.878794 0.878794 0.878794
9240 8.127058 8.127058 8.127058 0.878794 0.878794 0.878794
9250 8.127058 8.127058 8.127058 0.878794 0.878794 0.878794
9260 8.127058 8.127058 8.127058 0.878794 0.878794 0.878794
9270 8.127058 8.127058 8.127058 0.878794 0.878794 0.878794
9280 8.127058 8.127058 8.127058 0.878794 0.878794 0.878794
9290 8.127058 8.127058 8.127058 0.878794 0.878794 0.878794
9300 8.127058 8.127058 8.127058 0.878794 0.878794 0.878794
9310 8.127058 8.127058 8.127058 0.878794 0.878794 0.878794
9320 8.127058 8.127058 8.127058 0.878794 0.878794 0.878794
9330 8.127058 8.127058 8.127058 0.878794 0.878794 0.878794
9340 8.127058 8.127058 8.127058 0.878794 0.878794 0.878794
9350 8.127058 8.127058 8.127058 0.878794 0.878794 0.878794
9360 8.127058 8.127058 8.127058 0.878794 0.878794 0.878794
9370 8.127058 8.127058 8.127058 0.878794 0.878794 0.878794
9380 8.127058 8.127058 8.127058 0.878794 0.878794 0.878794
9390 8.127058 8.127058 8.127058 0.878794 0.878794 0.878794
9400 8.127058 8.127058 8.127058 0.878794 0.878794 0.878794
9410 8.127058 8.127058 8.127058 0.878794 0.878794 0.878794
9420 8.127058 8.127058 8.127058 0.878794 0.878794 0.878794
9430 8.127058 8.127058 8.127058 0.878794 0.878794 0.878794
9440 8.127058 8.127058 8.127058 0.878794 0.878794 0.878794
9450 8.127058 8.127058 8.127058 0.878794 0.878794 0.878794
9460 8.127058 8.127058 8.127058 0.878794 0.878794 0.878794
9470 8.127058 8.127058 8.127058 0.878794 0.878794 0.878794
9480 8.127058 8.127058 8.127058 0.878794 0.878794 0.878794
9490 8.127058 8.127058 8.127058 0.878794 0.878794 0.878794
9500 8.127058 8.127058 8.127058 0.878794 0.878794 0.878794
9510 8.127058 8.127058 8.127058 0.878794 0.878794 0.878794
9520 8.127058 8.127058 8.127058 0.878794 0.878794 0.878794
9530 8.127058 8.127058 8.127058 0.878794 0.878794 0.878794
9540 8.127058 8.127058 8.127058 0.878794 0.878794 0.878794
9550 8.127058 8.127058 8.127058 0.878794 0.878794 0.878794
9560 8.127058 8.127058 8.127058 0.878794 0.878794 0.878794
9570 8.127058 8.127058 8.127058 0.878794 0.878794 0.878794
9580 8.127058 8.127058 8.127058 0.878794 0.878794 0.878794
9590 8.127058 8.127058 8.127058 0.878794 0.878794 0.878794
9600 8.127058 8.127058 8.127058 0.878794 0.878794 0.878794
9610 8.127058 8.127058 8.127058 0.878794 0.878794 0.878794
9620 8.127058 8.127058 8.127058 0.878794 0.878794 0.878794
9630 8.127058 8.127058 8.127058 0.878794 0.878794 0.878794
9640 8.127058 8.127058 8.127058 0.878794 0.878794 0.878794
9650 8.127058 8.127058 8.127058 0.878794 0.878794 0.878794
9660 8.127058 8.127058 8.127058 0.878794 0.878794 0.878794
9670 8.127058 8.127058 8.127058 0.878794 0.878794 0.878794
9680 8.127058 8.127058 8.127058 0.878794 0.878794 0.878794
9690 8.127058 8.127058 8.127058 0.878794 0.878794 0.878794
9700 8.127058 8.127058 8.127058 0.878794 0.878794 0.878794
9710 8.127058 8.127058 8.127058 0.878794 0.878794 0.878794
9720 8.127058 8.127058 8.127058 0.878794 0.878794 0.878794
9730 8.127058 8.127058 8.127058 0.878794 0.878794 0.878794
9740 8.127058 8.127058 8.127058 0.878794 0.878794 0.878794
9750 8.127058 8.127058 8.127058 0.878794 0.878794 0.878794
9760 8.127058 8.127058 8.127058 0.878794 0.878794 0.878794
9770 8.127058 8.127058 8.127058 0.878794 0.878794 0.878794
9780 8.127058 8.127058 8.127058 0.878794 0.878794 0.878794
9790 8.127058 8.127058 8.127058 0.878794 0.878794 0.878794
9800 8.127058 8.127058 8.127058 0.878794 0.878794 0.878794
9810 8.127058 8.127058 8.127058 0.878794 0.878794 0.878794
9820 8.127058 8.127058 8.127058 0.878794 0.878794 0.878794
9830 8.127058 8.127058 8.127058 0.878794 0.878794 0.878794
9840 8.127058 8.127058 8.127058 0.878794 0.878794 0.878794
9850 8.127058 8.127058 8.127058 0.878794 0.878794 0.878794
9860 8.127058 8.127058 8.127058 0.878794 0.878794 0.878794
9870 8.127058 8.127058 8.127058 0.878794 0.878794 0.878794
9880 8.127058 8.127058 8.127058 0.878794 0.878794 0.878794
9890 8.127058 8.127058 8.127058 0.878794 0.878794 0.878794
9900 8.127058 8.127058 8.127058 0.878794 0.878794 0.878794
9910 8.127058 8.127058 8.127058 0.878794 0.878794 0.878794
9920 8.127058 8.127058 8.127058 0.878794 0.878794 0.878794
9930 8.127058 8.127058 8.127058 0.878794 0.878794 0.878794
9940 8.127058 8.127058 8.127058 0.878794 0.878794 0.878794
9950 8.127058 8.127058 8.127058 0.878794 0.878794 0.878794
9960 8.127058 8.127058 8.127058 0.878794 0.878794 0.878794
9970 8.127058 8.127058 8.127058 0.878794 0.878794 0.878794
9980 8.127058 8.127058 8.127058 0.878794 0.878794 0.878794
9990 8.127058 8.127058 8.127058 0.878794 0.878794 0.878794
10000 8.127058 8.127058 8.127058 0.878794 0.878794 0.878794
