# generation power_min power_avg power_max util_min util_avg util_max
1 29.921335 18.281291 29.921335 0.873186 1.236530 1.498267
10 19.862726 18.175237 19.862726 0.873186 1.203769 1.497246
20 19.862726 17.857020 19.862726 0.806345 1.156379 1.442450
30 14.780922 17.422275 19.660476 0.759517 1.116516 1.442450
40 14.780922 17.448012 19.660476 0.759517 1.079744 1.376775
50 14.780922 17.325673 19.660476 0.729593 1.046513 1.352929
60 14.780922 17.175684 19.660476 0.729593 1.018376 1.275196
70 14.495865 17.038431 19.660476 0.729593 0.992667 1.209607
80 14.495865 16.898967 19.660476 0.671997 0.966588 1.172585
90 14.377346 16.692931 19.364386 0.671997 0.956868 1.172585
100 13.855247 16.461031 18.522609 0.671997 0.942650 1.166899
110 13.855247 16.246885 18.224572 0.671997 0.932114 1.050941
120 13.855247 16.025674 17.770331 0.670687 0.926636 1.045185
130 13.790293 15.675102 17.441458 0.670687 0.923431 1.045185
140 17.021504 15.457176 17.021504 0.670687 0.922819 1.045185
150 16.616462 15.238899 16.616462 0.663424 0.915990 1.045185
160 16.474538 14.999431 16.474538 0.663424 0.905906 1.037672
170 13.276595 14.713322 16.161196 0.663424 0.902340 1.037672
180 12.712778 14.519541 15.728879 0.663424 0.899755 1.034684
190 12.612764 14.290391 15.438988 0.663424 0.897569 1.034684
200 12.547359 14.065295 15.163547 0.663424 0.889905 1.034684
210 12.506385 13.848965 15.004371 0.663424 0.882235 1.034684
220 11.684707 13.587017 14.815420 0.627369 0.871498 1.034684
230 11.684707 13.426404 14.588958 0.627369 0.852983 1.034684
240 11.675309 13.260545 14.234155 0.627369 0.845373 1.046989
250 11.675309 13.104342 14.038180 0.627369 0.839084 1.046989
260 11.303645 12.910378 13.855247 0.627369 0.833738 1.046989
270 11.303645 12.735961 13.740641 0.627369 0.836024 1.046989
280 11.303645 12.569570 13.630600 0.627369 0.835707 1.046989
290 11.303645 12.400269 13.438112 0.627369 0.830357 1.046989
300 11.250852 12.244102 13.170092 0.627369 0.826744 1.046989
310 11.250852 12.109309 12.967327 0.676439 0.833946 1.046989
320 11.167304 11.993946 12.712778 0.676439 0.830665 0.985930
330 10.977618 11.867274 12.547359 0.676439 0.831134 0.985930
340 10.977618 11.766489 12.303835 0.691717 0.841374 1.005035
350 10.977618 11.672448 12.165162 0.691717 0.840669 1.005035
360 10.792571 11.579506 12.052921 0.691717 0.840999 1.005035
370 10.615917 11.491636 11.984533 0.691717 0.843158 1.005035
380 10.317640 11.394912 11.880074 0.691717 0.844121 1.005035
390 10.317640 11.291144 11.761614 0.691717 0.841010 1.005035
400 10.044968 11.202358 11.684707 0.701591 0.838753 1.005035
410 10.044968 11.114736 11.602638 0.701591 0.845002 1.005035
420 10.044968 11.020496 11.498636 0.708689 0.849994 1.005035
430 10.044968 10.917842 11.421221 0.708689 0.853683 1.005035
440 10.044968 10.822866 11.323858 0.721223 0.854569 1.005035
450 10.044968 10.726800 11.236231 0.721223 0.854116 1.005035
460 9.972698 10.640507 11.157005 0.721223 0.857049 1.005035
470 9.925573 10.566726 11.064374 0.721223 0.857125 0.997416
480 10.977618 10.501541 10.977618 0.721223 0.862772 1.006619
490 10.832725 10.409096 10.832725 0.721223 0.865502 1.006619
500 10.725696 10.328543 10.725696 0.721223 0.871390 1.006619
510 9.573407 10.251131 10.683400 0.721223 0.872631 1.006619
520 9.573407 10.185230 10.624913 0.721223 0.877313 1.006619
530 9.573407 10.114406 10.497145 0.721223 0.882627 1.006619
540 9.573407 10.033219 10.437605 0.721223 0.885817 1.006619
550 9.363214 9.956550 10.379264 0.721223 0.889346 1.006619
560 9.363214 9.880548 10.247851 0.721223 0.892882 1.006619
570 9.243683 9.802678 10.167062 0.737573 0.900801 1.006619
580 9.243683 9.735592 10.089533 0.737573 0.899123 1.006619
590 9.103613 9.669715 10.044968 0.737573 0.896583 1.006619
600 9.103613 9.620208 9.945193 0.737573 0.901331 1.006619
610 9.036133 9.569277 9.874432 0.747645 0.902144 1.006619
620 9.036133 9.530416 9.826213 0.747645 0.896606 0.998209
630 9.036133 9.479306 9.763992 0.747645 0.892774 0.998209
640 8.994988 9.424689 9.702258 0.779960 0.895747 0.998209
650 8.973246 9.370720 9.655111 0.779960 0.890125 0.998209
660 8.916661 9.318659 9.616639 0.779960 0.887391 0.998209
670 8.916661 9.269694 9.577232 0.779960 0.886621 0.998209
680 8.904813 9.221031 9.504816 0.779960 0.884752 0.998209
690 8.833314 9.174522 9.422441 0.779960 0.881656 0.990543
700 8.796223 9.136522 9.349267 0.779960 0.880344 0.990543
710 8.796223 9.098096 9.298158 0.779960 0.877712 0.990543
720 8.796223 9.065451 9.264249 0.800475 0.878406 0.990543
730 8.796223 9.032572 9.243230 0.800475 0.877890 0.988772
740 8.796223 9.000010 9.174081 0.800475 0.875435 0.988772
750 8.751583 8.974639 9.127679 0.800475 0.872926 0.988772
760 8.751583 8.948682 9.082893 0.800475 0.866406 0.988112
770 8.679427 8.922473 9.070762 0.800475 0.863769 0.988112
780 8.679427 8.895270 9.052178 0.800475 0.863092 0.988112
790 8.679427 8.868715 9.005487 0.802485 0.863530 0.988112
800 8.679427 8.846275 8.987243 0.802485 0.863082 0.988112
810 8.673524 8.823618 8.955708 0.807646 0.861378 0.908148
820 8.673524 8.804008 8.904813 0.807646 0.863231 0.908148
830 8.673524 8.789489 8.886227 0.807646 0.864244 0.901350
840 8.670073 8.770980 8.869080 0.807646 0.862383 0.901645
850 8.670073 8.758076 8.833314 0.813389 0.862585 0.901645
860 8.670073 8.744563 8.829238 0.813389 0.859723 0.901732
870 8.670073 8.729990 8.826943 0.813389 0.855805 0.901732
880 8.670073 8.715717 8.797029 0.814463 0.856859 0.901732
890 8.670073 8.704880 8.768270 0.820977 0.855718 0.901732
900 8.670073 8.696363 8.749821 0.836269 0.856013 0.901732
910 8.670073 8.688871 8.746762 0.836269 0.850755 0.901732
920 8.670073 8.683885 8.713905 0.846566 0.849342 0.901732
930 8.670073 8.679728 8.712297 0.846566 0.848918 0.901645
940 8.670073 8.675741 8.709415 0.846566 0.849022 0.901645
950 8.669013 8.673812 8.678265 0.847425 0.847979 0.848426
960 8.669013 8.672982 8.678265 0.847425 0.848015 0.848426
970 8.669011 8.672110 8.678265 0.847425 0.848056 0.848426
980 8.669011 8.671295 8.676445 0.847425 0.848084 0.848426
990 8.669011 8.670674 8.675206 0.847425 0.848088 0.848426
1000 8.669011 8.670263 8.673524 0.847425 0.848134 0.848426
1010 8.669011 8.670024 8.671545 0.847425 0.848167 0.848291
1020 8.669011 8.669849 8.670833 0.847425 0.848214 0.848291
1030 8.669011 8.669753 8.670073 0.848227 0.848248 0.848291
1040 8.668663 8.669697 8.670073 0.848227 0.848252 0.848325
1050 8.668663 8.669626 8.670073 0.848227 0.848255 0.848325
1060 8.668663 8.669552 8.670073 0.848227 0.848257 0.848325
1070 8.668663 8.669453 8.670073 0.848227 0.848258 0.848325
1080 8.668663 8.669347 8.670073 0.848227 0.848258 0.848325
1090 8.668663 8.669273 8.669725 0.848227 0.848254 0.848325
1100 8.668663 8.669201 8.669725 0.848227 0.848249 0.848325
1110 8.668663 8.669130 8.669725 0.848227 0.848243 0.848325
1120 8.668663 8.669059 8.669725 0.848227 0.848239 0.848325
1130 8.668663 8.669005 8.669013 0.848227 0.848238 0.848325
1140 8.668663 8.669005 8.669013 0.848227 0.848240 0.848325
1150 8.668663 8.669001 8.669013 0.848227 0.848244 0.848325
1160 8.668663 8.668998 8.669013 0.848227 0.848248 0.848325
1170 8.668663 8.668994 8.669013 0.848227 0.848252 0.848325
1180 8.668663 8.668987 8.669013 0.848227 0.848257 0.848325
1190 8.668663 8.668987 8.669013 0.848227 0.848261 0.848325
1200 8.668663 8.668976 8.669013 0.848227 0.848267 0.848325
1210 8.668663 8.668969 8.669013 0.848227 0.848272 0.848325
1220 8.668663 8.668962 8.669011 0.848266 0.848274 0.848325
1230 8.668663 8.668945 8.669011 0.848266 0.848277 0.848325
1240 8.668663 8.668934 8.669011 0.848266 0.848279 0.848325
1250 8.668663 8.668917 8.669011 0.848266 0.848282 0.848325
1260 8.668663 8.668900 8.669011 0.848266 0.848285 0.848325
1270 8.668663 8.668879 8.669011 0.848266 0.848288 0.848325
1280 8.668663 8.668851 8.669011 0.848266 0.848293 0.848325
1290 8.668663 8.668816 8.669011 0.848266 0.848299 0.848325
1300 8.668663 8.668781 8.669011 0.848266 0.848305 0.848325
1310 8.668663 8.668747 8.669011 0.848266 0.848311 0.848325
1320 8.668663 8.668712 8.669011 0.848266 0.848317 0.848325
1330 8.668663 8.668677 8.669011 0.848266 0.848323 0.848325
1340 8.668663 8.668663 8.668663 0.848325 0.848325 0.848325
1350 8.668663 8.668663 8.668663 0.848325 0.848325 0.848325
1360 8.668663 8.668663 8.668663 0.848325 0.848325 0.848325
1370 8.668663 8.668663 8.668663 0.848325 0.848325 0.848325
1380 8.668663 8.668663 8.668663 0.848325 0.848325 0.848325
1390 8.668663 8.668663 8.668663 0.848325 0.848325 0.848325
1400 8.668663 8.668663 8.668663 0.848325 0.848325 0.848325
1410 8.668663 8.668663 8.668663 0.848325 0.848325 0.848325
1420 8.668663 8.668663 8.668663 0.848325 0.848325 0.848325
1430 8.668663 8.668663 8.668663 0.848325 0.848325 0.848325
1440 8.668663 8.668663 8.668663 0.848325 0.848325 0.848325
1450 8.668663 8.668663 8.668663 0.848325 0.848325 0.848325
1460 8.668663 8.668663 8.668663 0.848325 0.848325 0.848325
1470 8.668663 8.668663 8.668663 0.848325 0.848325 0.848325
1480 8.668663 8.668663 8.668663 0.848325 0.848325 0.848325
1490 8.668663 8.668663 8.668663 0.848325 0.848325 0.848325
1500 8.668663 8.668663 8.668663 0.848325 0.848325 0.848325
1510 8.668663 8.668663 8.668663 0.848325 0.848325 0.848325
1520 8.668663 8.668663 8.668663 0.848325 0.848325 0.848325
1530 8.668663 8.668663 8.668663 0.848325 0.848325 0.848325
1540 8.668663 8.668663 8.668663 0.848325 0.848325 0.848325
1550 8.668663 8.668663 8.668663 0.848325 0.848325 0.848325
1560 8.668663 8.668663 8.668663 0.848325 0.848325 0.848325
1570 8.668663 8.668663 8.668663 0.848325 0.848325 0.848325
1580 8.668663 8.668663 8.668663 0.848325 0.848325 0.848325
1590 8.668663 8.668663 8.668663 0.848325 0.848325 0.848325
1600 8.668663 8.668663 8.668663 0.848325 0.848325 0.848325
1610 8.668663 8.668663 8.668663 0.848325 0.848325 0.848325
1620 8.668663 8.668663 8.668663 0.848325 0.848325 0.848325
1630 8.668663 8.668663 8.668663 0.848325 0.848325 0.848325
1640 8.668663 8.668663 8.668663 0.848325 0.848325 0.848325
1650 8.668663 8.668663 8.668663 0.848325 0.848325 0.848325
1660 8.668663 8.668663 8.668663 0.848325 0.848325 0.848325
1670 8.668663 8.668663 8.668663 0.848325 0.848325 0.848325
1680 8.668663 8.668663 8.668663 0.848325 0.848325 0.848325
1690 8.668663 8.668663 8.668663 0.848325 0.848325 0.848325
1700 8.668663 8.668663 8.668663 0.848325 0.848325 0.848325
1710 8.668663 8.668663 8.668663 0.848325 0.848325 0.848325
1720 8.668663 8.668663 8.668663 0.848325 0.848325 0.848325
1730 8.668663 8.668663 8.668663 0.848325 0.848325 0.848325
1740 8.668663 8.668663 8.668663 0.848325 0.848325 0.848325
1750 8.668663 8.668663 8.668663 0.848325 0.848325 0.848325
1760 8.668663 8.668663 8.668663 0.848325 0.848325 0.848325
1770 8.668663 8.668663 8.668663 0.848325 0.848325 0.848325
1780 8.668663 8.668663 8.668663 0.848325 0.848325 0.848325
1790 8.668663 8.668663 8.668663 0.848325 0.848325 0.848325
1800 8.668663 8.668663 8.668663 0.848325 0.848325 0.848325
1810 8.668663 8.668663 8.668663 0.848325 0.848325 0.848325
1820 8.668663 8.668663 8.668663 0.848325 0.848325 0.848325
1830 8.668663 8.668663 8.668663 0.848325 0.848325 0.848325
1840 8.668663 8.668663 8.668663 0.848325 0.848325 0.848325
1850 8.668663 8.668663 8.668663 0.848325 0.848325 0.848325
1860 8.668663 8.668663 8.668663 0.848325 0.848325 0.848325
1870 8.668663 8.668663 8.668663 0.848325 0.848325 0.848325
1880 8.668663 8.668663 8.668663 0.848325 0.848325 0.848325
1890 8.668663 8.668663 8.668663 0.848325 0.848325 0.848325
1900 8.668663 8.668663 8.668663 0.848325 0.848325 0.848325
1910 8.668663 8.668663 8.668663 0.848325 0.848325 0.848325
1920 8.668663 8.668663 8.668663 0.848325 0.848325 0.848325
1930 8.668663 8.668663 8.668663 0.848325 0.848325 0.848325
1940 8.668663 8.668663 8.668663 0.848325 0.848325 0.848325
1950 8.668663 8.668663 8.668663 0.848325 0.848325 0.848325
1960 8.668663 8.668663 8.668663 0.848325 0.848325 0.848325
1970 8.668663 8.668663 8.668663 0.848325 0.848325 0.848325
1980 8.668663 8.668663 8.668663 0.848325 0.848325 0.848325
1990 8.668663 8.668663 8.668663 0.848325 0.848325 0.848325
2000 8.668663 8.668663 8.668663 0.848325 0.848325 0.848325
2010 8.668663 8.668663 8.668663 0.848325 0.848325 0.848325
2020 8.668663 8.668663 8.668663 0.848325 0.848325 0.848325
2030 8.668663 8.668663 8.668663 0.848325 0.848325 0.848325
2040 8.668663 8.668663 8.668663 0.848325 0.848325 0.848325
2050 8.668663 8.668663 8.668663 0.848325 0.848325 0.848325
2060 8.668663 8.668663 8.668663 0.848325 0.848325 0.848325
2070 8.668663 8.668663 8.668663 0.848325 0.848325 0.848325
2080 8.668663 8.668663 8.668663 0.848325 0.848325 0.848325
2090 8.668663 8.668663 8.668663 0.848325 0.848325 0.848325
2100 8.668663 8.668663 8.668663 0.848325 0.848325 0.848325
2110 8.668663 8.668663 8.668663 0.848325 0.848325 0.848325
2120 8.668663 8.668663 8.668663 0.848325 0.848325 0.848325
2130 8.668663 8.668663 8.668663 0.848325 0.848325 0.848325
2140 8.668663 8.668663 8.668663 0.848325 0.848325 0.848325
2150 8.668663 8.668663 8.668663 0.848325 0.848325 0.848325
2160 8.668663 8.668663 8.668663 0.848325 0.848325 0.848325
2170 8.668663 8.668663 8.668663 0.848325 0.848325 0.848325
2180 8.668663 8.668663 8.668663 0.848325 0.848325 0.848325
2190 8.668663 8.668663 8.668663 0.848325 0.848325 0.848325
2200 8.668663 8.668663 8.668663 0.848325 0.848325 0.848325
2210 8.668663 8.668663 8.668663 0.848325 0.848325 0.848325
2220 8.668663 8.668663 8.668663 0.848325 0.848325 0.848325
2230 8.668663 8.668663 8.668663 0.848325 0.848325 0.848325
2240 8.668663 8.668663 8.668663 0.848325 0.848325 0.848325
2250 8.668663 8.668663 8.668663 0.848325 0.848325 0.848325
2260 8.668663 8.668663 8.668663 0.848325 0.848325 0.848325
2270 8.668663 8.668663 8.668663 0.848325 0.848325 0.848325
2280 8.668663 8.668663 8.668663 0.848325 0.848325 0.848325
2290 8.668663 8.668663 8.668663 0.848325 0.848325 0.848325
2300 8.668663 8.668663 8.668663 0.848325 0.848325 0.848325
2310 8.668663 8.668663 8.668663 0.848325 0.848325 0.848325
2320 8.668663 8.668663 8.668663 0.848325 0.848325 0.848325
2330 8.668663 8.668663 8.668663 0.848325 0.848325 0.848325
2340 8.668663 8.668663 8.668663 0.848325 0.848325 0.848325
2350 8.668663 8.668663 8.668663 0.848325 0.848325 0.848325
2360 8.668663 8.668663 8.668663 0.848325 0.848325 0.848325
2370 8.668663 8.668663 8.668663 0.848325 0.848325 0.848325
2380 8.668663 8.668663 8.668663 0.848325 0.848325 0.848325
2390 8.668663 8.668663 8.668663 0.848325 0.848325 0.848325
2400 8.668663 8.668663 8.668663 0.848325 0.848325 0.848325
2410 8.668663 8.668663 8.668663 0.848325 0.848325 0.848325
2420 8.668663 8.668663 8.668663 0.848325 0.848325 0.848325
2430 8.668663 8.668663 8.668663 0.848325 0.848325 0.848325
2440 8.668663 8.668663 8.668663 0.848325 0.848325 0.848325
2450 8.668663 8.668663 8.668663 0.848325 0.848325 0.848325
2460 8.668663 8.668663 8.668663 0.848325 0.848325 0.848325
2470 8.668663 8.668663 8.668663 0.848325 0.848325 0.848325
2480 8.668663 8.668663 8.668663 0.848325 0.848325 0.848325
2490 8.668663 8.668663 8.668663 0.848325 0.848325 0.848325
2500 8.668663 8.668663 8.668663 0.848325 0.848325 0.848325
2510 8.668663 8.668663 8.668663 0.848325 0.848325 0.848325
2520 8.668663 8.668663 8.668663 0.848325 0.848325 0.848325
2530 8.668663 8.668663 8.668663 0.848325 0.848325 0.848325
2540 8.668663 8.668663 8.668663 0.848325 0.848325 0.848325
2550 8.668663 8.668663 8.668663 0.848325 0.848325 0.848325
2560 8.668663 8.668663 8.668663 0.848325 0.848325 0.848325
2570 8.668663 8.668663 8.668663 0.848325 0.848325 0.848325
2580 8.668663 8.668663 8.668663 0.848325 0.848325 0.848325
2590 8.668663 8.668663 8.668663 0.848325 0.848325 0.848325
2600 8.668663 8.668663 8.668663 0.848325 0.848325 0.848325
2610 8.668663 8.668663 8.668663 0.848325 0.848325 0.848325
2620 8.668663 8.668663 8.668663 0.848325 0.848325 0.848325
2630 8.668663 8.668663 8.668663 0.848325 0.848325 0.848325
2640 8.668663 8.668663 8.668663 0.848325 0.848325 0.848325
2650 8.668663 8.668663 8.668663 0.848325 0.848325 0.848325
2660 8.668663 8.668663 8.668663 0.848325 0.848325 0.848325
2670 8.668663 8.668663 8.668663 0.848325 0.848325 0.848325
2680 8.668663 8.668663 8.668663 0.848325 0.848325 0.848325
2690 8.668663 8.668663 8.668663 0.848325 0.848325 0.848325
2700 8.668663 8.668663 8.668663 0.848325 0.848325 0.848325
2710 8.668663 8.668663 8.668663 0.848325 0.848325 0.848325
2720 8.668663 8.668663 8.668663 0.848325 0.848325 0.848325
2730 8.668663 8.668663 8.668663 0.848325 0.848325 0.848325
2740 8.668663 8.668663 8.668663 0.848325 0.848325 0.848325
2750 8.668663 8.668663 8.668663 0.848325 0.848325 0.848325
2760 8.668663 8.668663 8.668663 0.848325 0.848325 0.848325
2770 8.668663 8.668663 8.668663 0.848325 0.848325 0.848325
2780 8.668663 8.668663 8.668663 0.848325 0.848325 0.848325
2790 8.668663 8.668663 8.668663 0.848325 0.848325 0.848325
2800 8.668663 8.668663 8.668663 0.848325 0.848325 0.848325
2810 8.668663 8.668663 8.668663 0.848325 0.848325 0.848325
2820 8.668663 8.668663 8.668663 0.848325 0.848325 0.848325
2830 8.668663 8.668663 8.668663 0.848325 0.848325 0.848325
2840 8.668663 8.668663 8.668663 0.848325 0.848325 0.848325
2850 8.668663 8.668663 8.668663 0.848325 0.848325 0.848325
2860 8.668663 8.668663 8.668663 0.848325 0.848325 0.848325
2870 8.668663 8.668663 8.668663 0.848325 0.848325 0.848325
2880 8.668663 8.668663 8.668663 0.848325 0.848325 0.848325
2890 8.668663 8.668663 8.668663 0.848325 0.848325 0.848325
2900 8.668663 8.668663 8.668663 0.848325 0.848325 0.848325
2910 8.668663 8.668663 8.668663 0.848325 0.848325 0.848325
2920 8.668663 8.668663 8.668663 0.848325 0.848325 0.848325
2930 8.668663 8.668663 8.668663 0.848325 0.848325 0.848325
2940 8.668663 8.668663 8.668663 0.848325 0.848325 0.848325
2950 8.668663 8.668663 8.668663 0.848325 0.848325 0.848325
2960 8.668663 8.668663 8.668663 0.848325 0.848325 0.848325
2970 8.668663 8.668663 8.668663 0.848325 0.848325 0.848325
2980 8.668663 8.668663 8.668663 0.848325 0.848325 0.848325
2990 8.668663 8.668663 8.668663 0.848325 0.848325 0.848325
3000 8.668663 8.668663 8.668663 0.848325 0.848325 0.848325
3010 8.668663 8.668663 8.668663 0.848325 0.848325 0.848325
3020 8.668663 8.668663 8.668663 0.848325 0.848325 0.848325
3030 8.668663 8.668663 8.668663 0.848325 0.848325 0.848325
3040 8.668663 8.668663 8.668663 0.848325 0.848325 0.848325
3050 8.668663 8.668663 8.668663 0.848325 0.848325 0.848325
3060 8.668663 8.668663 8.668663 0.848325 0.848325 0.848325
3070 8.668663 8.668663 8.668663 0.848325 0.848325 0.848325
3080 8.668663 8.668663 8.668663 0.848325 0.848325 0.848325
3090 8.668663 8.668663 8.668663 0.848325 0.848325 0.848325
3100 8.668663 8.668663 8.668663 0.848325 0.848325 0.848325
3110 8.668663 8.668663 8.668663 0.848325 0.848325 0.848325
3120 8.668663 8.668663 8.668663 0.848325 0.848325 0.848325
3130 8.668663 8.668663 8.668663 0.848325 0.848325 0.848325
3140 8.668663 8.668663 8.668663 0.848325 0.848325 0.848325
3150 8.668663 8.668663 8.668663 0.848325 0.848325 0.848325
3160 8.668663 8.668663 8.668663 0.848325 0.848325 0.848325
3170 8.668663 8.668663 8.668663 0.848325 0.848325 0.848325
3180 8.668663 8.668663 8.668663 0.848325 0.848325 0.848325
3190 8.668663 8.668663 8.668663 0.848325 0.848325 0.848325
3200 8.668663 8.668663 8.668663 0.848325 0.848325 0.848325
3210 8.668663 8.668663 8.668663 0.848325 0.848325 0.848325
3220 8.668663 8.668663 8.668663 0.848325 0.848325 0.848325
3230 8.668663 8.668663 8.668663 0.848325 0.848325 0.848325
3240 8.668663 8.668663 8.668663 0.848325 0.848325 0.848325
3250 8.668663 8.668663 8.668663 0.848325 0.848325 0.848325
3260 8.668663 8.668663 8.668663 0.848325 0.848325 0.848325
3270 8.668663 8.668663 8.668663 0.848325 0.848325 0.848325
3280 8.668663 8.668663 8.668663 0.848325 0.848325 0.848325
3290 8.668663 8.668663 8.668663 0.848325 0.848325 0.848325
3300 8.668663 8.668663 8.668663 0.848325 0.848325 0.848325
3310 8.668663 8.668663 8.668663 0.848325 0.848325 0.848325
3320 8.668663 8.668663 8.668663 0.848325 0.848325 0.848325
3330 8.668663 8.668663 8.668663 0.848325 0.848325 0.848325
3340 8.668663 8.668663 8.668663 0.848325 0.848325 0.848325
3350 8.668663 8.668663 8.668663 0.848325 0.848325 0.848325
3360 8.668663 8.668663 8.668663 0.848325 0.848325 0.848325
3370 8.668663 8.668663 8.668663 0.848325 0.848325 0.848325
3380 8.668663 8.668663 8.668663 0.848325 0.848325 0.848325
3390 8.668663 8.668663 8.668663 0.848325 0.848325 0.848325
3400 8.668663 8.668663 8.668663 0.848325 0.848325 0.848325
3410 8.668663 8.668663 8.668663 0.848325 0.848325 0.848325
3420 8.668663 8.668663 8.668663 0.848325 0.848325 0.848325
3430 8.668663 8.668663 8.668663 0.848325 0.848325 0.848325
3440 8.668663 8.668663 8.668663 0.848325 0.848325 0.848325
3450 8.668663 8.668663 8.668663 0.848325 0.848325 0.848325
3460 8.668663 8.668663 8.668663 0.848325 0.848325 0.848325
3470 8.668663 8.668663 8.668663 0.848325 0.848325 0.848325
3480 8.668663 8.668663 8.668663 0.848325 0.848325 0.848325
3490 8.668663 8.668663 8.668663 0.848325 0.848325 0.848325
3500 8.668663 8.668663 8.668663 0.848325 0.848325 0.848325
3510 8.668663 8.668663 8.668663 0.848325 0.848325 0.848325
3520 8.668663 8.668663 8.668663 0.848325 0.848325 0.848325
3530 8.668663 8.668663 8.668663 0.848325 0.848325 0.848325
3540 8.668663 8.668663 8.668663 0.848325 0.848325 0.848325
3550 8.668663 8.668663 8.668663 0.848325 0.848325 0.848325
3560 8.668663 8.668663 8.668663 0.848325 0.848325 0.848325
3570 8.668663 8.668663 8.668663 0.848325 0.848325 0.848325
3580 8.668663 8.668663 8.668663 0.848325 0.848325 0.848325
3590 8.668663 8.668663 8.668663 0.848325 0.848325 0.848325
3600 8.668663 8.668663 8.668663 0.848325 0.848325 0.848325
3610 8.668663 8.668663 8.668663 0.848325 0.848325 0.848325
3620 8.668663 8.668663 8.668663 0.848325 0.848325 0.848325
3630 8.668663 8.668663 8.668663 0.848325 0.848325 0.848325
3640 8.668663 8.668663 8.668663 0.848325 0.848325 0.848325
3650 8.668663 8.668663 8.668663 0.848325 0.848325 0.848325
3660 8.668663 8.668663 8.668663 0.848325 0.848325 0.848325
3670 8.668663 8.668663 8.668663 0.848325 0.848325 0.848325
3680 8.668663 8.668663 8.668663 0.848325 0.848325 0.848325
3690 8.668663 8.668663 8.668663 0.848325 0.848325 0.848325
3700 8.668663 8.668663 8.668663 0.848325 0.848325 0.848325
3710 8.668663 8.668663 8.668663 0.848325 0.848325 0.848325
3720 8.668663 8.668663 8.668663 0.848325 0.848325 0.848325
3730 8.668663 8.668663 8.668663 0.848325 0.848325 0.848325
3740 8.668663 8.668663 8.668663 0.848325 0.848325 0.848325
3750 8.668663 8.668663 8.668663 0.848325 0.848325 0.848325
3760 8.668663 8.668663 8.668663 0.848325 0.848325 0.848325
3770 8.668663 8.668663 8.668663 0.848325 0.848325 0.848325
3780 8.668663 8.668663 8.668663 0.848325 0.848325 0.848325
3790 8.668663 8.668663 8.668663 0.848325 0.848325 0.848325
3800 8.668663 8.668663 8.668663 0.848325 0.848325 0.848325
3810 8.668663 8.668663 8.668663 0.848325 0.848325 0.848325
3820 8.668663 8.668663 8.668663 0.848325 0.848325 0.848325
3830 8.668663 8.668663 8.668663 0.848325 0.848325 0.848325
3840 8.668663 8.668663 8.668663 0.848325 0.848325 0.848325
3850 8.668663 8.668663 8.668663 0.848325 0.848325 0.848325
3860 8.668663 8.668663 8.668663 0.848325 0.848325 0.848325
3870 8.668663 8.668663 8.668663 0.848325 0.848325 0.848325
3880 8.668663 8.668663 8.668663 0.848325 0.848325 0.848325
3890 8.668663 8.668663 8.668663 0.848325 0.848325 0.848325
3900 8.668663 8.668663 8.668663 0.848325 0.848325 0.848325
3910 8.668663 8.668663 8.668663 0.848325 0.848325 0.848325
3920 8.668663 8.668663 8.668663 0.848325 0.848325 0.848325
3930 8.668663 8.668663 8.668663 0.848325 0.848325 0.848325
3940 8.668663 8.668663 8.668663 0.848325 0.848325 0.848325
3950 8.668663 8.668663 8.668663 0.848325 0.848325 0.848325
3960 8.668663 8.668663 8.668663 0.848325 0.848325 0.848325
3970 8.668663 8.668663 8.668663 0.848325 0.848325 0.848325
3980 8.668663 8.668663 8.668663 0.848325 0.848325 0.848325
3990 8.668663 8.668663 8.668663 0.848325 0.848325 0.848325
4000 8.668663 8.668663 8.668663 0.848325 0.848325 0.848325
4010 8.668663 8.668663 8.668663 0.848325 0.848325 0.848325
4020 8.668663 8.668663 8.668663 0.848325 0.848325 0.848325
4030 8.668663 8.668663 8.668663 0.848325 0.848325 0.848325
4040 8.668663 8.668663 8.668663 0.848325 0.848325 0.848325
4050 8.668663 8.668663 8.668663 0.848325 0.848325 0.848325
4060 8.668663 8.668663 8.668663 0.848325 0.848325 0.848325
4070 8.668663 8.668663 8.668663 0.848325 0.848325 0.848325
4080 8.668663 8.668663 8.668663 0.848325 0.848325 0.848325
4090 8.668663 8.668663 8.668663 0.848325 0.848325 0.848325
4100 8.668663 8.668663 8.668663 0.848325 0.848325 0.848325
4110 8.668663 8.668663 8.668663 0.848325 0.848325 0.848325
4120 8.668663 8.668663 8.668663 0.848325 0.848325 0.848325
4130 8.668663 8.668663 8.668663 0.848325 0.848325 0.848325
4140 8.668663 8.668663 8.668663 0.848325 0.848325 0.848325
4150 8.668663 8.668663 8.668663 0.848325 0.848325 0.848325
4160 8.668663 8.668663 8.668663 0.848325 0.848325 0.848325
4170 8.668663 8.668663 8.668663 0.848325 0.848325 0.848325
4180 8.668663 8.668663 8.668663 0.848325 0.848325 0.848325
4190 8.668663 8.668663 8.668663 0.848325 0.848325 0.848325
4200 8.668663 8.668663 8.668663 0.848325 0.848325 0.848325
4210 8.668663 8.668663 8.668663 0.848325 0.848325 0.848325
4220 8.668663 8.668663 8.668663 0.848325 0.848325 0.848325
4230 8.668663 8.668663 8.668663 0.848325 0.848325 0.848325
4240 8.668663 8.668663 8.668663 0.848325 0.848325 0.848325
4250 8.668663 8.668663 8.668663 0.848325 0.848325 0.848325
4260 8.668663 8.668663 8.668663 0.848325 0.848325 0.848325
4270 8.668663 8.668663 8.668663 0.848325 0.848325 0.848325
4280 8.668663 8.668663 8.668663 0.848325 0.848325 0.848325
4290 8.668663 8.668663 8.668663 0.848325 0.848325 0.848325
4300 8.668663 8.668663 8.668663 0.848325 0.848325 0.848325
4310 8.668663 8.668663 8.668663 0.848325 0.848325 0.848325
4320 8.668663 8.668663 8.668663 0.848325 0.848325 0.848325
4330 8.668663 8.668663 8.668663 0.848325 0.848325 0.848325
4340 8.668663 8.668663 8.668663 0.848325 0.848325 0.848325
4350 8.668663 8.668663 8.668663 0.848325 0.848325 0.848325
4360 8.668663 8.668663 8.668663 0.848325 0.848325 0.848325
4370 8.668663 8.668663 8.668663 0.848325 0.848325 0.848325
4380 8.668663 8.668663 8.668663 0.848325 0.848325 0.848325
4390 8.668663 8.668663 8.668663 0.848325 0.848325 0.848325
4400 8.668663 8.668663 8.668663 0.848325 0.848325 0.848325
4410 8.668663 8.668663 8.668663 0.848325 0.848325 0.848325
4420 8.668663 8.668663 8.668663 0.848325 0.848325 0.848325
4430 8.668663 8.668663 8.668663 0.848325 0.848325 0.848325
4440 8.668663 8.668663 8.668663 0.848325 0.848325 0.848325
4450 8.668663 8.668663 8.668663 0.848325 0.848325 0.848325
4460 8.668663 8.668663 8.668663 0.848325 0.848325 0.848325
4470 8.668663 8.668663 8.668663 0.848325 0.848325 0.848325
4480 8.668663 8.668663 8.668663 0.848325 0.848325 0.848325
4490 8.668663 8.668663 8.668663 0.848325 0.848325 0.848325
4500 8.668663 8.668663 8.668663 0.848325 0.848325 0.848325
4510 8.668663 8.668663 8.668663 0.848325 0.848325 0.848325
4520 8.668663 8.668663 8.668663 0.848325 0.848325 0.848325
4530 8.668663 8.668663 8.668663 0.848325 0.848325 0.848325
4540 8.668663 8.668663 8.668663 0.848325 0.848325 0.848325
4550 8.668663 8.668663 8.668663 0.848325 0.848325 0.848325
4560 8.668663 8.668663 8.668663 0.848325 0.848325 0.848325
4570 8.668663 8.668663 8.668663 0.848325 0.848325 0.848325
4580 8.668663 8.668663 8.668663 0.848325 0.848325 0.848325
4590 8.668663 8.668663 8.668663 0.848325 0.848325 0.848325
4600 8.668663 8.668663 8.668663 0.848325 0.848325 0.848325
4610 8.668663 8.668663 8.668663 0.848325 0.848325 0.848325
4620 8.668663 8.668663 8.668663 0.848325 0.848325 0.848325
4630 8.668663 8.668663 8.668663 0.848325 0.848325 0.848325
4640 8.668663 8.668663 8.668663 0.848325 0.848325 0.848325
4650 8.668663 8.668663 8.668663 0.848325 0.848325 0.848325
4660 8.668663 8.668663 8.668663 0.848325 0.848325 0.848325
4670 8.668663 8.668663 8.668663 0.848325 0.848325 0.848325
4680 8.668663 8.668663 8.668663 0.848325 0.848325 0.848325
4690 8.668663 8.668663 8.668663 0.848325 0.848325 0.848325
4700 8.668663 8.668663 8.668663 0.848325 0.848325 0.848325
4710 8.668663 8.668663 8.668663 0.848325 0.848325 0.848325
4720 8.668663 8.668663 8.668663 0.848325 0.848325 0.848325
4730 8.668663 8.668663 8.668663 0.848325 0.848325 0.848325
4740 8.668663 8.668663 8.668663 0.848325 0.848325 0.848325
4750 8.668663 8.668663 8.668663 0.848325 0.848325 0.848325
4760 8.668663 8.668663 8.668663 0.848325 0.848325 0.848325
4770 8.668663 8.668663 8.668663 0.848325 0.848325 0.848325
4780 8.668663 8.668663 8.668663 0.848325 0.848325 0.848325
4790 8.668663 8.668663 8.668663 0.848325 0.848325 0.848325
4800 8.668663 8.668663 8.668663 0.848325 0.848325 0.848325
4810 8.668663 8.668663 8.668663 0.848325 0.848325 0.848325
4820 8.668663 8.668663 8.668663 0.848325 0.848325 0.848325
4830 8.668663 8.668663 8.668663 0.848325 0.848325 0.848325
4840 8.668663 8.668663 8.668663 0.848325 0.848325 0.848325
4850 8.668663 8.668663 8.668663 0.848325 0.848325 0.848325
4860 8.668663 8.668663 8.668663 0.848325 0.848325 0.848325
4870 8.668663 8.668663 8.668663 0.848325 0.848325 0.848325
4880 8.668663 8.668663 8.668663 0.848325 0.848325 0.848325
4890 8.668663 8.668663 8.668663 0.848325 0.848325 0.848325
4900 8.668663 8.668663 8.668663 0.848325 0.848325 0.848325
4910 8.668663 8.668663 8.668663 0.848325 0.848325 0.848325
4920 8.668663 8.668663 8.668663 0.848325 0.848325 0.848325
4930 8.668663 8.668663 8.668663 0.848325 0.848325 0.848325
4940 8.668663 8.668663 8.668663 0.848325 0.848325 0.848325
4950 8.668663 8.668663 8.668663 0.848325 0.848325 0.848325
4960 8.668663 8.668663 8.668663 0.848325 0.848325 0.848325
4970 8.668663 8.668663 8.668663 0.848325 0.848325 0.848325
4980 8.668663 8.668663 8.668663 0.848325 0.848325 0.848325
4990 8.668663 8.668663 8.668663 0.848325 0.848325 0.848325
5000 8.668663 8.668663 8.668663 0.848325 0.848325 0.848325
5010 8.668663 8.668663 8.668663 0.848325 0.848325 0.848325
5020 8.668663 8.668663 8.668663 0.848325 0.848325 0.848325
5030 8.668663 8.668663 8.668663 0.848325 0.848325 0.848325
5040 8.668663 8.668663 8.668663 0.848325 0.848325 0.848325
5050 8.668663 8.668663 8.668663 0.848325 0.848325 0.848325
5060 8.668663 8.668663 8.668663 0.848325 0.848325 0.848325
5070 8.668663 8.668663 8.668663 0.848325 0.848325 0.848325
5080 8.668663 8.668663 8.668663 0.848325 0.848325 0.848325
5090 8.668663 8.668663 8.668663 0.848325 0.848325 0.848325
5100 8.668663 8.668663 8.668663 0.848325 0.848325 0.848325
5110 8.668663 8.668663 8.668663 0.848325 0.848325 0.848325
5120 8.668663 8.668663 8.668663 0.848325 0.848325 0.848325
5130 8.668663 8.668663 8.668663 0.848325 0.848325 0.848325
5140 8.668663 8.668663 8.668663 0.848325 0.848325 0.848325
5150 8.668663 8.668663 8.668663 0.848325 0.848325 0.848325
5160 8.668663 8.668663 8.668663 0.848325 0.848325 0.848325
5170 8.668663 8.668663 8.668663 0.848325 0.848325 0.848325
5180 8.668663 8.668663 8.668663 0.848325 0.848325 0.848325
5190 8.668663 8.668663 8.668663 0.848325 0.848325 0.848325
5200 8.668663 8.668663 8.668663 0.848325 0.848325 0.848325
5210 8.668663 8.668663 8.668663 0.848325 0.848325 0.848325
5220 8.668663 8.668663 8.668663 0.848325 0.848325 0.848325
5230 8.668663 8.668663 8.668663 0.848325 0.848325 0.848325
5240 8.668663 8.668663 8.668663 0.848325 0.848325 0.848325
5250 8.668663 8.668663 8.668663 0.848325 0.848325 0.848325
5260 8.668663 8.668663 8.668663 0.848325 0.848325 0.848325
5270 8.668663 8.668663 8.668663 0.848325 0.848325 0.848325
5280 8.668663 8.668663 8.668663 0.848325 0.848325 0.848325
5290 8.668663 8.668663 8.668663 0.848325 0.848325 0.848325
5300 8.668663 8.668663 8.668663 0.848325 0.848325 0.848325
5310 8.668663 8.668663 8.668663 0.848325 0.848325 0.848325
5320 8.668663 8.668663 8.668663 0.848325 0.848325 0.848325
5330 8.668663 8.668663 8.668663 0.848325 0.848325 0.848325
5340 8.668663 8.668663 8.668663 0.848325 0.848325 0.848325
5350 8.668663 8.668663 8.668663 0.848325 0.848325 0.848325
5360 8.668663 8.668663 8.668663 0.848325 0.848325 0.848325
5370 8.668663 8.668663 8.668663 0.848325 0.848325 0.848325
5380 8.668663 8.668663 8.668663 0.848325 0.848325 0.848325
5390 8.668663 8.668663 8.668663 0.848325 0.848325 0.848325
5400 8.668663 8.668663 8.668663 0.848325 0.848325 0.848325
5410 8.668663 8.668663 8.668663 0.848325 0.848325 0.848325
5420 8.668663 8.668663 8.668663 0.848325 0.848325 0.848325
5430 8.668663 8.668663 8.668663 0.848325 0.848325 0.848325
5440 8.668663 8.668663 8.668663 0.848325 0.848325 0.848325
5450 8.668663 8.668663 8.668663 0.848325 0.848325 0.848325
5460 8.668663 8.668663 8.668663 0.848325 0.848325 0.848325
5470 8.668663 8.668663 8.668663 0.848325 0.848325 0.848325
5480 8.668663 8.668663 8.668663 0.848325 0.848325 0.848325
5490 8.668663 8.668663 8.668663 0.848325 0.848325 0.848325
5500 8.668663 8.668663 8.668663 0.848325 0.848325 0.848325
5510 8.668663 8.668663 8.668663 0.848325 0.848325 0.848325
5520 8.668663 8.668663 8.668663 0.848325 0.848325 0.848325
5530 8.668663 8.668663 8.668663 0.848325 0.848325 0.848325
5540 8.668663 8.668663 8.668663 0.848325 0.848325 0.848325
5550 8.668663 8.668663 8.668663 0.848325 0.848325 0.848325
5560 8.668663 8.668663 8.668663 0.848325 0.848325 0.848325
5570 8.668663 8.668663 8.668663 0.848325 0.848325 0.848325
5580 8.668663 8.668663 8.668663 0.848325 0.848325 0.848325
5590 8.668663 8.668663 8.668663 0.848325 0.848325 0.848325
5600 8.668663 8.668663 8.668663 0.848325 0.848325 0.848325
5610 8.668663 8.668663 8.668663 0.848325 0.848325 0.848325
5620 8.668663 8.668663 8.668663 0.848325 0.848325 0.848325
5630 8.668663 8.668663 8.668663 0.848325 0.848325 0.848325
5640 8.668663 8.668663 8.668663 0.848325 0.848325 0.848325
5650 8.668663 8.668663 8.668663 0.848325 0.848325 0.848325
5660 8.668663 8.668663 8.668663 0.848325 0.848325 0.848325
5670 8.668663 8.668663 8.668663 0.848325 0.848325 0.848325
5680 8.668663 8.668663 8.668663 0.848325 0.848325 0.848325
5690 8.668663 8.668663 8.668663 0.848325 0.848325 0.848325
5700 8.668663 8.668663 8.668663 0.848325 0.848325 0.848325
5710 8.668663 8.668663 8.668663 0.848325 0.848325 0.848325
5720 8.668663 8.668663 8.668663 0.848325 0.848325 0.848325
5730 8.668663 8.668663 8.668663 0.848325 0.848325 0.848325
5740 8.668663 8.668663 8.668663 0.848325 0.848325 0.848325
5750 8.668663 8.668663 8.668663 0.848325 0.848325 0.848325
5760 8.668663 8.668663 8.668663 0.848325 0.848325 0.848325
5770 8.668663 8.668663 8.668663 0.848325 0.848325 0.848325
5780 8.668663 8.668663 8.668663 0.848325 0.848325 0.848325
5790 8.668663 8.668663 8.668663 0.848325 0.848325 0.848325
5800 8.668663 8.668663 8.668663 0.848325 0.848325 0.848325
5810 8.668663 8.668663 8.668663 0.848325 0.848325 0.848325
5820 8.668663 8.668663 8.668663 0.848325 0.848325 0.848325
5830 8.668663 8.668663 8.668663 0.848325 0.848325 0.848325
5840 8.668663 8.668663 8.668663 0.848325 0.848325 0.848325
5850 8.668663 8.668663 8.668663 0.848325 0.848325 0.848325
5860 8.668663 8.668663 8.668663 0.848325 0.848325 0.848325
5870 8.668663 8.668663 8.668663 0.848325 0.848325 0.848325
5880 8.668663 8.668663 8.668663 0.848325 0.848325 0.848325
5890 8.668663 8.668663 8.668663 0.848325 0.848325 0.848325
5900 8.668663 8.668663 8.668663 0.848325 0.848325 0.848325
5910 8.668663 8.668663 8.668663 0.848325 0.848325 0.848325
5920 8.668663 8.668663 8.668663 0.848325 0.848325 0.848325
5930 8.668663 8.668663 8.668663 0.848325 0.848325 0.848325
5940 8.668663 8.668663 8.668663 0.848325 0.848325 0.848325
5950 8.668663 8.668663 8.668663 0.848325 0.848325 0.848325
5960 8.668663 8.668663 8.668663 0.848325 0.848325 0.848325
5970 8.668663 8.668663 8.668663 0.848325 0.848325 0.848325
5980 8.668663 8.668663 8.668663 0.848325 0.848325 0.848325
5990 8.668663 8.668663 8.668663 0.848325 0.848325 0.848325
6000 8.668663 8.668663 8.668663 0.848325 0.848325 0.848325
6010 8.668663 8.668663 8.668663 0.848325 0.848325 0.848325
6020 8.668663 8.668663 8.668663 0.848325 0.848325 0.848325
6030 8.668663 8.668663 8.668663 0.848325 0.848325 0.848325
6040 8.668663 8.668663 8.668663 0.848325 0.848325 0.848325
6050 8.668663 8.668663 8.668663 0.848325 0.848325 0.848325
6060 8.668663 8.668663 8.668663 0.848325 0.848325 0.848325
6070 8.668663 8.668663 8.668663 0.848325 0.848325 0.848325
6080 8.668663 8.668663 8.668663 0.848325 0.848325 0.848325
6090 8.668663 8.668663 8.668663 0.848325 0.848325 0.848325
6100 8.668663 8.668663 8.668663 0.848325 0.848325 0.848325
6110 8.668663 8.668663 8.668663 0.848325 0.848325 0.848325
6120 8.668663 8.668663 8.668663 0.848325 0.848325 0.848325
6130 8.668663 8.668663 8.668663 0.848325 0.848325 0.848325
6140 8.668663 8.668663 8.668663 0.848325 0.848325 0.848325
6150 8.668663 8.668663 8.668663 0.848325 0.848325 0.848325
6160 8.668663 8.668663 8.668663 0.848325 0.848325 0.848325
6170 8.668663 8.668663 8.668663 0.848325 0.848325 0.848325
6180 8.668663 8.668663 8.668663 0.848325 0.848325 0.848325
6190 8.668663 8.668663 8.668663 0.848325 0.848325 0.848325
6200 8.668663 8.668663 8.668663 0.848325 0.848325 0.848325
6210 8.668663 8.668663 8.668663 0.848325 0.848325 0.848325
6220 8.668663 8.668663 8.668663 0.848325 0.848325 0.848325
6230 8.668663 8.668663 8.668663 0.848325 0.848325 0.848325
6240 8.668663 8.668663 8.668663 0.848325 0.848325 0.848325
6250 8.668663 8.668663 8.668663 0.848325 0.848325 0.848325
6260 8.668663 8.668663 8.668663 0.848325 0.848325 0.848325
6270 8.668663 8.668663 8.668663 0.848325 0.848325 0.848325
6280 8.668663 8.668663 8.668663 0.848325 0.848325 0.848325
6290 8.668663 8.668663 8.668663 0.848325 0.848325 0.848325
6300 8.668663 8.668663 8.668663 0.848325 0.848325 0.848325
6310 8.668663 8.668663 8.668663 0.848325 0.848325 0.848325
6320 8.668663 8.668663 8.668663 0.848325 0.848325 0.848325
6330 8.668663 8.668663 8.668663 0.848325 0.848325 0.848325
6340 8.668663 8.668663 8.668663 0.848325 0.848325 0.848325
6350 8.668663 8.668663 8.668663 0.848325 0.848325 0.848325
6360 8.668663 8.668663 8.668663 0.848325 0.848325 0.848325
6370 8.668663 8.668663 8.668663 0.848325 0.848325 0.848325
6380 8.668663 8.668663 8.668663 0.848325 0.848325 0.848325
6390 8.668663 8.668663 8.668663 0.848325 0.848325 0.848325
6400 8.668663 8.668663 8.668663 0.848325 0.848325 0.848325
6410 8.668663 8.668663 8.668663 0.848325 0.848325 0.848325
6420 8.668663 8.668663 8.668663 0.848325 0.848325 0.848325
6430 8.668663 8.668663 8.668663 0.848325 0.848325 0.848325
6440 8.668663 8.668663 8.668663 0.848325 0.848325 0.848325
6450 8.668663 8.668663 8.668663 0.848325 0.848325 0.848325
6460 8.668663 8.668663 8.668663 0.848325 0.848325 0.848325
6470 8.668663 8.668663 8.668663 0.848325 0.848325 0.848325
6480 8.668663 8.668663 8.668663 0.848325 0.848325 0.848325
6490 8.668663 8.668663 8.668663 0.848325 0.848325 0.848325
6500 8.668663 8.668663 8.668663 0.848325 0.848325 0.848325
6510 8.668663 8.668663 8.668663 0.848325 0.848325 0.848325
6520 8.668663 8.668663 8.668663 0.848325 0.848325 0.848325
6530 8.668663 8.668663 8.668663 0.848325 0.848325 0.848325
6540 8.668663 8.668663 8.668663 0.848325 0.848325 0.848325
6550 8.668663 8.668663 8.668663 0.848325 0.848325 0.848325
6560 8.668663 8.668663 8.668663 0.848325 0.848325 0.848325
6570 8.668663 8.668663 8.668663 0.848325 0.848325 0.848325
6580 8.668663 8.668663 8.668663 0.848325 0.848325 0.848325
6590 8.668663 8.668663 8.668663 0.848325 0.848325 0.848325
6600 8.668663 8.668663 8.668663 0.848325 0.848325 0.848325
6610 8.668663 8.668663 8.668663 0.848325 0.848325 0.848325
6620 8.668663 8.668663 8.668663 0.848325 0.848325 0.848325
6630 8.668663 8.668663 8.668663 0.848325 0.848325 0.848325
6640 8.668663 8.668663 8.668663 0.848325 0.848325 0.848325
6650 8.668663 8.668663 8.668663 0.848325 0.848325 0.848325
6660 8.668663 8.668663 8.668663 0.848325 0.848325 0.848325
6670 8.668663 8.668663 8.668663 0.848325 0.848325 0.848325
6680 8.668663 8.668663 8.668663 0.848325 0.848325 0.848325
6690 8.668663 8.668663 8.668663 0.848325 0.848325 0.848325
6700 8.668663 8.668663 8.668663 0.848325 0.848325 0.848325
6710 8.668663 8.668663 8.668663 0.848325 0.848325 0.848325
6720 8.668663 8.668663 8.668663 0.848325 0.848325 0.848325
6730 8.668663 8.668663 8.668663 0.848325 0.848325 0.848325
6740 8.668663 8.668663 8.668663 0.848325 0.848325 0.848325
6750 8.668663 8.668663 8.668663 0.848325 0.848325 0.848325
6760 8.668663 8.668663 8.668663 0.848325 0.848325 0.848325
6770 8.668663 8.668663 8.668663 0.848325 0.848325 0.848325
6780 8.668663 8.668663 8.668663 0.848325 0.848325 0.848325
6790 8.668663 8.668663 8.668663 0.848325 0.848325 0.848325
6800 8.668663 8.668663 8.668663 0.848325 0.848325 0.848325
6810 8.668663 8.668663 8.668663 0.848325 0.848325 0.848325
6820 8.668663 8.668663 8.668663 0.848325 0.848325 0.848325
6830 8.668663 8.668663 8.668663 0.848325 0.848325 0.848325
6840 8.668663 8.668663 8.668663 0.848325 0.848325 0.848325
6850 8.668663 8.668663 8.668663 0.848325 0.848325 0.848325
6860 8.668663 8.668663 8.668663 0.848325 0.848325 0.848325
6870 8.668663 8.668663 8.668663 0.848325 0.848325 0.848325
6880 8.668663 8.668663 8.668663 0.848325 0.848325 0.848325
6890 8.668663 8.668663 8.668663 0.848325 0.848325 0.848325
6900 8.668663 8.668663 8.668663 0.848325 0.848325 0.848325
6910 8.668663 8.668663 8.668663 0.848325 0.848325 0.848325
6920 8.668663 8.668663 8.668663 0.848325 0.848325 0.848325
6930 8.668663 8.668663 8.668663 0.848325 0.848325 0.848325
6940 8.668663 8.668663 8.668663 0.848325 0.848325 0.848325
6950 8.668663 8.668663 8.668663 0.848325 0.848325 0.848325
6960 8.668663 8.668663 8.668663 0.848325 0.848325 0.848325
6970 8.668663 8.668663 8.668663 0.848325 0.848325 0.848325
6980 8.668663 8.668663 8.668663 0.848325 0.848325 0.848325
6990 8.668663 8.668663 8.668663 0.848325 0.848325 0.848325
7000 8.668663 8.668663 8.668663 0.848325 0.848325 0.848325
7010 8.668663 8.668663 8.668663 0.848325 0.848325 0.848325
7020 8.668663 8.668663 8.668663 0.848325 0.848325 0.848325
7030 8.668663 8.668663 8.668663 0.848325 0.848325 0.848325
7040 8.668663 8.668663 8.668663 0.848325 0.848325 0.848325
7050 8.668663 8.668663 8.668663 0.848325 0.848325 0.848325
7060 8.668663 8.668663 8.668663 0.848325 0.848325 0.848325
7070 8.668663 8.668663 8.668663 0.848325 0.848325 0.848325
7080 8.668663 8.668663 8.668663 0.848325 0.848325 0.848325
7090 8.668663 8.668663 8.668663 0.848325 0.848325 0.848325
7100 8.668663 8.668663 8.668663 0.848325 0.848325 0.848325
7110 8.668663 8.668663 8.668663 0.848325 0.848325 0.848325
7120 8.668663 8.668663 8.668663 0.848325 0.848325 0.848325
7130 8.668663 8.668663 8.668663 0.848325 0.848325 0.848325
7140 8.668663 8.668663 8.668663 0.848325 0.848325 0.848325
7150 8.668663 8.668663 8.668663 0.848325 0.848325 0.848325
7160 8.668663 8.668663 8.668663 0.848325 0.848325 0.848325
7170 8.668663 8.668663 8.668663 0.848325 0.848325 0.848325
7180 8.668663 8.668663 8.668663 0.848325 0.848325 0.848325
7190 8.668663 8.668663 8.668663 0.848325 0.848325 0.848325
7200 8.668663 8.668663 8.668663 0.848325 0.848325 0.848325
7210 8.668663 8.668663 8.668663 0.848325 0.848325 0.848325
7220 8.668663 8.668663 8.668663 0.848325 0.848325 0.848325
7230 8.668663 8.668663 8.668663 0.848325 0.848325 0.848325
7240 8.668663 8.668663 8.668663 0.848325 0.848325 0.848325
7250 8.668663 8.668663 8.668663 0.848325 0.848325 0.848325
7260 8.668663 8.668663 8.668663 0.848325 0.848325 0.848325
7270 8.668663 8.668663 8.668663 0.848325 0.848325 0.848325
7280 8.668663 8.668663 8.668663 0.848325 0.848325 0.848325
7290 8.668663 8.668663 8.668663 0.848325 0.848325 0.848325
7300 8.668663 8.668663 8.668663 0.848325 0.848325 0.848325
7310 8.668663 8.668663 8.668663 0.848325 0.848325 0.848325
7320 8.668663 8.668663 8.668663 0.848325 0.848325 0.848325
7330 8.668663 8.668663 8.668663 0.848325 0.848325 0.848325
7340 8.668663 8.668663 8.668663 0.848325 0.848325 0.848325
7350 8.668663 8.668663 8.668663 0.848325 0.848325 0.848325
7360 8.668663 8.668663 8.668663 0.848325 0.848325 0.848325
7370 8.668663 8.668663 8.668663 0.848325 0.848325 0.848325
7380 8.668663 8.668663 8.668663 0.848325 0.848325 0.848325
7390 8.668663 8.668663 8.668663 0.848325 0.848325 0.848325
7400 8.668663 8.668663 8.668663 0.848325 0.848325 0.848325
7410 8.668663 8.668663 8.668663 0.848325 0.848325 0.848325
7420 8.668663 8.668663 8.668663 0.848325 0.848325 0.848325
7430 8.668663 8.668663 8.668663 0.848325 0.848325 0.848325
7440 8.668663 8.668663 8.668663 0.848325 0.848325 0.848325
7450 8.668663 8.668663 8.668663 0.848325 0.848325 0.848325
7460 8.668663 8.668663 8.668663 0.848325 0.848325 0.848325
7470 8.668663 8.668663 8.668663 0.848325 0.848325 0.848325
7480 8.668663 8.668663 8.668663 0.848325 0.848325 0.848325
7490 8.668663 8.668663 8.668663 0.848325 0.848325 0.848325
7500 8.668663 8.668663 8.668663 0.848325 0.848325 0.848325
7510 8.668663 8.668663 8.668663 0.848325 0.848325 0.848325
7520 8.668663 8.668663 8.668663 0.848325 0.848325 0.848325
7530 8.668663 8.668663 8.668663 0.848325 0.848325 0.848325
7540 8.668663 8.668663 8.668663 0.848325 0.848325 0.848325
7550 8.668663 8.668663 8.668663 0.848325 0.848325 0.848325
7560 8.668663 8.668663 8.668663 0.848325 0.848325 0.848325
7570 8.668663 8.668663 8.668663 0.848325 0.848325 0.848325
7580 8.668663 8.668663 8.668663 0.848325 0.848325 0.848325
7590 8.668663 8.668663 8.668663 0.848325 0.848325 0.848325
7600 8.668663 8.668663 8.668663 0.848325 0.848325 0.848325
7610 8.668663 8.668663 8.668663 0.848325 0.848325 0.848325
7620 8.668663 8.668663 8.668663 0.848325 0.848325 0.848325
7630 8.668663 8.668663 8.668663 0.848325 0.848325 0.848325
7640 8.668663 8.668663 8.668663 0.848325 0.848325 0.848325
7650 8.668663 8.668663 8.668663 0.848325 0.848325 0.848325
7660 8.668663 8.668663 8.668663 0.848325 0.848325 0.848325
7670 8.668663 8.668663 8.668663 0.848325 0.848325 0.848325
7680 8.668663 8.668663 8.668663 0.848325 0.848325 0.848325
7690 8.668663 8.668663 8.668663 0.848325 0.848325 0.848325
7700 8.668663 8.668663 8.668663 0.848325 0.848325 0.848325
7710 8.668663 8.668663 8.668663 0.848325 0.848325 0.848325
7720 8.668663 8.668663 8.668663 0.848325 0.848325 0.848325
7730 8.668663 8.668663 8.668663 0.848325 0.848325 0.848325
7740 8.668663 8.668663 8.668663 0.848325 0.848325 0.848325
7750 8.668663 8.668663 8.668663 0.848325 0.848325 0.848325
7760 8.668663 8.668663 8.668663 0.848325 0.848325 0.848325
7770 8.668663 8.668663 8.668663 0.848325 0.848325 0.848325
7780 8.668663 8.668663 8.668663 0.848325 0.848325 0.848325
7790 8.668663 8.668663 8.668663 0.848325 0.848325 0.848325
7800 8.668663 8.668663 8.668663 0.848325 0.848325 0.848325
7810 8.668663 8.668663 8.668663 0.848325 0.848325 0.848325
7820 8.668663 8.668663 8.668663 0.848325 0.848325 0.848325
7830 8.668663 8.668663 8.668663 0.848325 0.848325 0.848325
7840 8.668663 8.668663 8.668663 0.848325 0.848325 0.848325
7850 8.668663 8.668663 8.668663 0.848325 0.848325 0.848325
7860 8.668663 8.668663 8.668663 0.848325 0.848325 0.848325
7870 8.668663 8.668663 8.668663 0.848325 0.848325 0.848325
7880 8.668663 8.668663 8.668663 0.848325 0.848325 0.848325
7890 8.668663 8.668663 8.668663 0.848325 0.848325 0.848325
7900 8.668663 8.668663 8.668663 0.848325 0.848325 0.848325
7910 8.668663 8.668663 8.668663 0.848325 0.848325 0.848325
7920 8.668663 8.668663 8.668663 0.848325 0.848325 0.848325
7930 8.668663 8.668663 8.668663 0.848325 0.848325 0.848325
7940 8.668663 8.668663 8.668663 0.848325 0.848325 0.848325
7950 8.668663 8.668663 8.668663 0.848325 0.848325 0.848325
7960 8.668663 8.668663 8.668663 0.848325 0.848325 0.848325
7970 8.668663 8.668663 8.668663 0.848325 0.848325 0.848325
7980 8.668663 8.668663 8.668663 0.848325 0.848325 0.848325
7990 8.668663 8.668663 8.668663 0.848325 0.848325 0.848325
8000 8.668663 8.668663 8.668663 0.848325 0.848325 0.848325
8010 8.668663 8.668663 8.668663 0.848325 0.848325 0.848325
8020 8.668663 8.668663 8.668663 0.848325 0.848325 0.848325
8030 8.668663 8.668663 8.668663 0.848325 0.848325 0.848325
8040 8.668663 8.668663 8.668663 0.848325 0.848325 0.848325
8050 8.668663 8.668663 8.668663 0.848325 0.848325 0.848325
8060 8.668663 8.668663 8.668663 0.848325 0.848325 0.848325
8070 8.668663 8.668663 8.668663 0.848325 0.848325 0.848325
8080 8.668663 8.668663 8.668663 0.848325 0.848325 0.848325
8090 8.668663 8.668663 8.668663 0.848325 0.848325 0.848325
8100 8.668663 8.668663 8.668663 0.848325 0.848325 0.848325
8110 8.668663 8.668663 8.668663 0.848325 0.848325 0.848325
8120 8.668663 8.668663 8.668663 0.848325 0.848325 0.848325
8130 8.668663 8.668663 8.668663 0.848325 0.848325 0.848325
8140 8.668663 8.668663 8.668663 0.848325 0.848325 0.848325
8150 8.668663 8.668663 8.668663 0.848325 0.848325 0.848325
8160 8.668663 8.668663 8.668663 0.848325 0.848325 0.848325
8170 8.668663 8.668663 8.668663 0.848325 0.848325 0.848325
8180 8.668663 8.668663 8.668663 0.848325 0.848325 0.848325
8190 8.668663 8.668663 8.668663 0.848325 0.848325 0.848325
8200 8.668663 8.668663 8.668663 0.848325 0.848325 0.848325
8210 8.668663 8.668663 8.668663 0.848325 0.848325 0.848325
8220 8.668663 8.668663 8.668663 0.848325 0.848325 0.848325
8230 8.668663 8.668663 8.668663 0.848325 0.848325 0.848325
8240 8.668663 8.668663 8.668663 0.848325 0.848325 0.848325
8250 8.668663 8.668663 8.668663 0.848325 0.848325 0.848325
8260 8.668663 8.668663 8.668663 0.848325 0.848325 0.848325
8270 8.668663 8.668663 8.668663 0.848325 0.848325 0.848325
8280 8.668663 8.668663 8.668663 0.848325 0.848325 0.848325
8290 8.668663 8.668663 8.668663 0.848325 0.848325 0.848325
8300 8.668663 8.668663 8.668663 0.848325 0.848325 0.848325
8310 8.668663 8.668663 8.668663 0.848325 0.848325 0.848325
8320 8.668663 8.668663 8.668663 0.848325 0.848325 0.848325
8330 8.668663 8.668663 8.668663 0.848325 0.848325 0.848325
8340 8.668663 8.668663 8.668663 0.848325 0.848325 0.848325
8350 8.668663 8.668663 8.668663 0.848325 0.848325 0.848325
8360 8.668663 8.668663 8.668663 0.848325 0.848325 0.848325
8370 8.668663 8.668663 8.668663 0.848325 0.848325 0.848325
8380 8.668663 8.668663 8.668663 0.848325 0.848325 0.848325
8390 8.668663 8.668663 8.668663 0.848325 0.848325 0.848325
8400 8.668663 8.668663 8.668663 0.848325 0.848325 0.848325
8410 8.668663 8.668663 8.668663 0.848325 0.848325 0.848325
8420 8.668663 8.668663 8.668663 0.848325 0.848325 0.848325
8430 8.668663 8.668663 8.668663 0.848325 0.848325 0.848325
8440 8.668663 8.668663 8.668663 0.848325 0.848325 0.848325
8450 8.668663 8.668663 8.668663 0.848325 0.848325 0.848325
8460 8.668663 8.668663 8.668663 0.848325 0.848325 0.848325
8470 8.668663 8.668663 8.668663 0.848325 0.848325 0.848325
8480 8.668663 8.668663 8.668663 0.848325 0.848325 0.848325
8490 8.668663 8.668663 8.668663 0.848325 0.848325 0.848325
8500 8.668663 8.668663 8.668663 0.848325 0.848325 0.848325
8510 8.668663 8.668663 8.668663 0.848325 0.848325 0.848325
8520 8.668663 8.668663 8.668663 0.848325 0.848325 0.848325
8530 8.668663 8.668663 8.668663 0.848325 0.848325 0.848325
8540 8.668663 8.668663 8.668663 0.848325 0.848325 0.848325
8550 8.668663 8.668663 8.668663 0.848325 0.848325 0.848325
8560 8.668663 8.668663 8.668663 0.848325 0.848325 0.848325
8570 8.668663 8.668663 8.668663 0.848325 0.848325 0.848325
8580 8.668663 8.668663 8.668663 0.848325 0.848325 0.848325
8590 8.668663 8.668663 8.668663 0.848325 0.848325 0.848325
8600 8.668663 8.668663 8.668663 0.848325 0.848325 0.848325
8610 8.668663 8.668663 8.668663 0.848325 0.848325 0.848325
8620 8.668663 8.668663 8.668663 0.848325 0.848325 0.848325
8630 8.668663 8.668663 8.668663 0.848325 0.848325 0.848325
8640 8.668663 8.668663 8.668663 0.848325 0.848325 0.848325
8650 8.668663 8.668663 8.668663 0.848325 0.848325 0.848325
8660 8.668663 8.668663 8.668663 0.848325 0.848325 0.848325
8670 8.668663 8.668663 8.668663 0.848325 0.848325 0.848325
8680 8.668663 8.668663 8.668663 0.848325 0.848325 0.848325
8690 8.668663 8.668663 8.668663 0.848325 0.848325 0.848325
8700 8.668663 8.668663 8.668663 0.848325 0.848325 0.848325
8710 8.668663 8.668663 8.668663 0.848325 0.848325 0.848325
8720 8.668663 8.668663 8.668663 0.848325 0.848325 0.848325
8730 8.668663 8.668663 8.668663 0.848325 0.848325 0.848325
8740 8.668663 8.668663 8.668663 0.848325 0.848325 0.848325
8750 8.668663 8.668663 8.668663 0.848325 0.848325 0.848325
8760 8.668663 8.668663 8.668663 0.848325 0.848325 0.848325
8770 8.668663 8.668663 8.668663 0.848325 0.848325 0.848325
8780 8.668663 8.668663 8.668663 0.848325 0.848325 0.848325
8790 8.668663 8.668663 8.668663 0.848325 0.848325 0.848325
8800 8.668663 8.668663 8.668663 0.848325 0.848325 0.848325
8810 8.668663 8.668663 8.668663 0.848325 0.848325 0.848325
8820 8.668663 8.668663 8.668663 0.848325 0.848325 0.848325
8830 8.668663 8.668663 8.668663 0.848325 0.848325 0.848325
8840 8.668663 8.668663 8.668663 0.848325 0.848325 0.848325
8850 8.668663 8.668663 8.668663 0.848325 0.848325 0.848325
8860 8.668663 8.668663 8.668663 0.848325 0.848325 0.848325
8870 8.668663 8.668663 8.668663 0.848325 0.848325 0.848325
8880 8.668663 8.668663 8.668663 0.848325 0.848325 0.848325
8890 8.668663 8.668663 8.668663 0.848325 0.848325 0.848325
8900 8.668663 8.668663 8.668663 0.848325 0.848325 0.848325
8910 8.668663 8.668663 8.668663 0.848325 0.848325 0.848325
8920 8.668663 8.668663 8.668663 0.848325 0.848325 0.848325
8930 8.668663 8.668663 8.668663 0.848325 0.848325 0.848325
8940 8.668663 8.668663 8.668663 0.848325 0.848325 0.848325
8950 8.668663 8.668663 8.668663 0.848325 0.848325 0.848325
8960 8.668663 8.668663 8.668663 0.848325 0.848325 0.848325
8970 8.668663 8.668663 8.668663 0.848325 0.848325 0.848325
8980 8.668663 8.668663 8.668663 0.848325 0.848325 0.848325
8990 8.668663 8.668663 8.668663 0.848325 0.848325 0.848325
9000 8.668663 8.668663 8.668663 0.848325 0.848325 0.848325
9010 8.668663 8.668663 8.668663 0.848325 0.848325 0.848325
9020 8.668663 8.668663 8.668663 0.848325 0.848325 0.848325
9030 8.668663 8.668663 8.668663 0.848325 0.848325 0.848325
9040 8.668663 8.668663 8.668663 0.848325 0.848325 0.848325
9050 8.668663 8.668663 8.668663 0.848325 0.848325 0.848325
9060 8.668663 8.668663 8.668663 0.848325 0.848325 0.848325
9070 8.668663 8.668663 8.668663 0.848325 0.848325 0.848325
9080 8.668663 8.668663 8.668663 0.848325 0.848325 0.848325
9090 8.668663 8.668663 8.668663 0.848325 0.848325 0.848325
9100 8.668663 8.668663 8.668663 0.848325 0.848325 0.848325
9110 8.668663 8.668663 8.668663 0.848325 0.848325 0.848325
9120 8.668663 8.668663 8.668663 0.848325 0.848325 0.848325
9130 8.668663 8.668663 8.668663 0.848325 0.848325 0.848325
9140 8.668663 8.668663 8.668663 0.848325 0.848325 0.848325
9150 8.668663 8.668663 8.668663 0.848325 0.848325 0.848325
9160 8.668663 8.668663 8.668663 0.848325 0.848325 0.848325
9170 8.668663 8.668663 8.668663 0.848325 0.848325 0.848325
9180 8.668663 8.668663 8.668663 0.848325 0.848325 0.848325
9190 8.668663 8.668663 8.668663 0.848325 0.848325 0.848325
9200 8.668663 8.668663 8.668663 0.848325 0.848325 0.848325
9210 8.668663 8.668663 8.668663 0.848325 0.848325 0.848325
9220 8.668663 8.668663 8.668663 0.848325 0.848325 0.848325
9230 8.668663 8.668663 8.668663 0.848325 0.848325 0.848325
9240 8.668663 8.668663 8.668663 0.848325 0.848325 0.848325
9250 8.668663 8.668663 8.668663 0.848325 0.848325 0.848325
9260 8.668663 8.668663 8.668663 0.848325 0.848325 0.848325
9270 8.668663 8.668663 8.668663 0.848325 0.848325 0.848325
9280 8.668663 8.668663 8.668663 0.848325 0.848325 0.848325
9290 8.668663 8.668663 8.668663 0.848325 0.848325 0.848325
9300 8.668663 8.668663 8.668663 0.848325 0.848325 0.848325
9310 8.668663 8.668663 8.668663 0.848325 0.848325 0.848325
9320 8.668663 8.668663 8.668663 0.848325 0.848325 0.848325
9330 8.668663 8.668663 8.668663 0.848325 0.848325 0.848325
9340 8.668663 8.668663 8.668663 0.848325 0.848325 0.848325
9350 8.668663 8.668663 8.668663 0.848325 0.848325 0.848325
9360 8.668663 8.668663 8.668663 0.848325 0.848325 0.848325
9370 8.668663 8.668663 8.668663 0.848325 0.848325 0.848325
9380 8.668663 8.668663 8.668663 0.848325 0.848325 0.848325
9390 8.668663 8.668663 8.668663 0.848325 0.848325 0.848325
9400 8.668663 8.668663 8.668663 0.848325 0.848325 0.848325
9410 8.668663 8.668663 8.668663 0.848325 0.848325 0.848325
9420 8.668663 8.668663 8.668663 0.848325 0.848325 0.848325
9430 8.668663 8.668663 8.668663 0.848325 0.848325 0.848325
9440 8.668663 8.668663 8.668663 0.848325 0.848325 0.848325
9450 8.668663 8.668663 8.668663 0.848325 0.848325 0.848325
9460 8.668663 8.668663 8.668663 0.848325 0.848325 0.848325
9470 8.668663 8.668663 8.668663 0.848325 0.848325 0.848325
9480 8.668663 8.668663 8.668663 0.848325 0.848325 0.848325
9490 8.668663 8.668663 8.668663 0.848325 0.848325 0.848325
9500 8.668663 8.668663 8.668663 0.848325 0.848325 0.848325
9510 8.668663 8.668663 8.668663 0.848325 0.848325 0.848325
9520 8.668663 8.668663 8.668663 0.848325 0.848325 0.848325
9530 8.668663 8.668663 8.668663 0.848325 0.848325 0.848325
9540 8.668663 8.668663 8.668663 0.848325 0.848325 0.848325
9550 8.668663 8.668663 8.668663 0.848325 0.848325 0.848325
9560 8.668663 8.668663 8.668663 0.848325 0.848325 0.848325
9570 8.668663 8.668663 8.668663 0.848325 0.848325 0.848325
9580 8.668663 8.668663 8.668663 0.848325 0.848325 0.848325
9590 8.668663 8.668663 8.668663 0.848325 0.848325 0.848325
9600 8.668663 8.668663 8.668663 0.848325 0.848325 0.848325
9610 8.668663 8.668663 8.668663 0.848325 0.848325 0.848325
9620 8.668663 8.668663 8.668663 0.848325 0.848325 0.848325
9630 8.668663 8.668663 8.668663 0.848325 0.848325 0.848325
9640 8.668663 8.668663 8.668663 0.848325 0.848325 0.848325
9650 8.668663 8.668663 8.668663 0.848325 0.848325 0.848325
9660 8.668663 8.668663 8.668663 0.848325 0.848325 0.848325
9670 8.668663 8.668663 8.668663 0.848325 0.848325 0.848325
9680 8.668663 8.668663 8.668663 0.848325 0.848325 0.848325
9690 8.668663 8.668663 8.668663 0.848325 0.848325 0.848325
9700 8.668663 8.668663 8.668663 0.848325 0.848325 0.848325
9710 8.668663 8.668663 8.668663 0.848325 0.848325 0.848325
9720 8.668663 8.668663 8.668663 0.848325 0.848325 0.848325
9730 8.668663 8.668663 8.668663 0.848325 0.848325 0.848325
9740 8.668663 8.668663 8.668663 0.848325 0.848325 0.848325
9750 8.668663 8.668663 8.668663 0.848325 0.848325 0.848325
9760 8.668663 8.668663 8.668663 0.848325 0.848325 0.848325
9770 8.668663 8.668663 8.668663 0.848325 0.848325 0.848325
9780 8.668663 8.668663 8.668663 0.848325 0.848325 0.848325
9790 8.668663 8.668663 8.668663 0.848325 0.848325 0.848325
9800 8.668663 8.668663 8.668663 0.848325 0.848325 0.848325
9810 8.668663 8.668663 8.668663 0.848325 0.848325 0.848325
9820 8.668663 8.668663 8.668663 0.848325 0.848325 0.848325
9830 8.668663 8.668663 8.668663 0.848325 0.848325 0.848325
9840 8.668663 8.668663 8.668663 0.848325 0.848325 0.848325
9850 8.668663 8.668663 8.668663 0.848325 0.848325 0.848325
9860 8.668663 8.668663 8.668663 0.848325 0.848325 0.848325
9870 8.668663 8.668663 8.668663 0.848325 0.848325 0.848325
9880 8.668663 8.668663 8.668663 0.848325 0.848325 0.848325
9890 8.668663 8.668663 8.668663 0.848325 0.848325 0.848325
9900 8.668663 8.668663 8.668663 0.848325 0.848325 0.848325
9910 8.668663 8.668663 8.668663 0.848325 0.848325 0.848325
9920 8.668663 8.668663 8.668663 0.848325 0.848325 0.848325
9930 8.668663 8.668663 8.668663 0.848325 0.848325 0.848325
9940 8.668663 8.668663 8.668663 0.848325 0.848325 0.848325
9950 8.668663 8.668663 8.668663 0.848325 0.848325 0.848325
9960 8.668663 8.668663 8.668663 0.848325 0.848325 0.848325
9970 8.668663 8.668663 8.668663 0.848325 0.848325 0.848325
9980 8.668663 8.668663 8.668663 0.848325 0.848325 0.848325
9990 8.668663 8.668663 8.668663 0.848325 0.848325 0.848325
10000 8.668663 8.668663 8.668663 0.848325 0.848325 0.848325
