# generation power_min power_avg power_max util_min util_avg util_max
1 129.149344 129.149344 129.149344 1.346005 1.478273 1.499027
100 127.912865 99.233336 127.912865 0.596605 1.032148 1.498221
200 85.096286 91.075964 94.850628 0.596605 0.859298 1.014432
300 82.097883 85.684098 88.103740 0.632568 0.871776 1.003126
400 78.730108 81.120020 82.799056 0.644588 0.905497 1.003067
500 76.768905 78.222856 79.373545 0.726630 0.903486 0.993758
600 75.812094 76.582959 77.508887 0.791688 0.904844 0.993758
700 75.290276 75.876985 76.293370 0.848854 0.898698 0.994712
800 75.156929 75.512534 75.695971 0.873290 0.927604 0.995670
900 75.137117 75.278311 75.350020 0.937564 0.988939 0.996637
1000 75.137117 75.167169 75.259012 0.937564 0.952620 0.996637
1100 75.137117 75.137117 75.137117 0.939705 0.939705 0.939705
1200 75.137117 75.137117 75.137117 0.939705 0.939705 0.939705
1300 75.137117 75.137117 75.137117 0.939705 0.939705 0.939705
1400 75.137117 75.137117 75.137117 0.939705 0.939705 0.939705
1500 75.137117 75.137117 75.137117 0.939705 0.939705 0.939705
1600 75.137117 75.137117 75.137117 0.939705 0.939705 0.939705
1700 75.137117 75.137117 75.137117 0.939705 0.939705 0.939705
1800 75.137117 75.137117 75.137117 0.939705 0.939705 0.939705
1900 75.137117 75.137117 75.137117 0.939705 0.939705 0.939705
2000 75.137117 75.137117 75.137117 0.939705 0.939705 0.939705
2100 75.137117 75.137117 75.137117 0.939705 0.939705 0.939705
2200 75.137117 75.137117 75.137117 0.939705 0.939705 0.939705
2300 75.137117 75.137117 75.137117 0.939705 0.939705 0.939705
2400 75.137117 75.137117 75.137117 0.939705 0.939705 0.939705
2500 75.137117 75.137117 75.137117 0.939705 0.939705 0.939705
2600 75.137117 75.137117 75.137117 0.939705 0.939705 0.939705
2700 75.137117 75.137117 75.137117 0.939705 0.939705 0.939705
2800 75.137117 75.137117 75.137117 0.939705 0.939705 0.939705
2900 75.137117 75.137117 75.137117 0.939705 0.939705 0.939705
3000 75.137117 75.137117 75.137117 0.939705 0.939705 0.939705
3100 75.137117 75.137117 75.137117 0.939705 0.939705 0.939705
3200 75.137117 75.137117 75.137117 0.939705 0.939705 0.939705
3300 75.137117 75.137117 75.137117 0.939705 0.939705 0.939705
3400 75.137117 75.137117 75.137117 0.939705 0.939705 0.939705
3500 75.137117 75.137117 75.137117 0.939705 0.939705 0.939705
3600 75.137117 75.137117 75.137117 0.939705 0.939705 0.939705
3700 75.137117 75.137117 75.137117 0.939705 0.939705 0.939705
3800 75.137117 75.137117 75.137117 0.939705 0.939705 0.939705
3900 75.137117 75.137117 75.137117 0.939705 0.939705 0.939705
4000 75.137117 75.137117 75.137117 0.939705 0.939705 0.939705
4100 75.137117 75.137117 75.137117 0.939705 0.939705 0.939705
4200 75.137117 75.137117 75.137117 0.939705 0.939705 0.939705
4300 75.137117 75.137117 75.137117 0.939705 0.939705 0.939705
4400 75.137117 75.137117 75.137117 0.939705 0.939705 0.939705
4500 75.137117 75.137117 75.137117 0.939705 0.939705 0.939705
4600 75.137117 75.137117 75.137117 0.939705 0.939705 0.939705
4700 75.137117 75.137117 75.137117 0.939705 0.939705 0.939705
4800 75.137117 75.137117 75.137117 0.939705 0.939705 0.939705
4900 75.137117 75.137117 75.137117 0.939705 0.939705 0.939705
5000 75.137117 75.137117 75.137117 0.939705 0.939705 0.939705
5100 75.137117 75.137117 75.137117 0.939705 0.939705 0.939705
5200 75.137117 75.137117 75.137117 0.939705 0.939705 0.939705
5300 75.137117 75.137117 75.137117 0.939705 0.939705 0.939705
5400 75.137117 75.137117 75.137117 0.939705 0.939705 0.939705
5500 75.137117 75.137117 75.137117 0.939705 0.939705 0.939705
5600 75.137117 75.137117 75.137117 0.939705 0.939705 0.939705
5700 75.137117 75.137117 75.137117 0.939705 0.939705 0.939705
5800 75.137117 75.137117 75.137117 0.939705 0.939705 0.939705
5900 75.137117 75.137117 75.137117 0.939705 0.939705 0.939705
6000 75.137117 75.137117 75.137117 0.939705 0.939705 0.939705
6100 75.137117 75.137117 75.137117 0.939705 0.939705 0.939705
6200 75.137117 75.137117 75.137117 0.939705 0.939705 0.939705
6300 75.137117 75.137117 75.137117 0.939705 0.939705 0.939705
6400 75.137117 75.137117 75.137117 0.939705 0.939705 0.939705
6500 75.137117 75.137117 75.137117 0.939705 0.939705 0.939705
6600 75.137117 75.137117 75.137117 0.939705 0.939705 0.939705
6700 75.137117 75.137117 75.137117 0.939705 0.939705 0.939705
6800 75.137117 75.137117 75.137117 0.939705 0.939705 0.939705
6900 75.137117 75.137117 75.137117 0.939705 0.939705 0.939705
7000 75.137117 75.137117 75.137117 0.939705 0.939705 0.939705
7100 75.137117 75.137117 75.137117 0.939705 0.939705 0.939705
7200 75.137117 75.137117 75.137117 0.939705 0.939705 0.939705
7300 75.137117 75.137117 75.137117 0.939705 0.939705 0.939705
7400 75.137117 75.137117 75.137117 0.939705 0.939705 0.939705
7500 75.137117 75.137117 75.137117 0.939705 0.939705 0.939705
7600 75.137117 75.137117 75.137117 0.939705 0.939705 0.939705
7700 75.137117 75.137117 75.137117 0.939705 0.939705 0.939705
7800 75.137117 75.137117 75.137117 0.939705 0.939705 0.939705
7900 75.137117 75.137117 75.137117 0.939705 0.939705 0.939705
8000 75.137117 75.137117 75.137117 0.939705 0.939705 0.939705
8100 75.137117 75.137117 75.137117 0.939705 0.939705 0.939705
8200 75.137117 75.137117 75.137117 0.939705 0.939705 0.939705
8300 75.137117 75.137117 75.137117 0.939705 0.939705 0.939705
8400 75.137117 75.137117 75.137117 0.939705 0.939705 0.939705
8500 75.137117 75.137117 75.137117 0.939705 0.939705 0.939705
8600 75.137117 75.137117 75.137117 0.939705 0.939705 0.939705
8700 75.137117 75.137117 75.137117 0.939705 0.939705 0.939705
8800 75.137117 75.137117 75.137117 0.939705 0.939705 0.939705
8900 75.137117 75.137117 75.137117 0.939705 0.939705 0.939705
9000 75.137117 75.137117 75.137117 0.939705 0.939705 0.939705
9100 75.137117 75.137117 75.137117 0.939705 0.939705 0.939705
9200 75.137117 75.137117 75.137117 0.939705 0.939705 0.939705
9300 75.137117 75.137117 75.137117 0.939705 0.939705 0.939705
9400 75.137117 75.137117 75.137117 0.939705 0.939705 0.939705
9500 75.137117 75.137117 75.137117 0.939705 0.939705 0.939705
9600 75.137117 75.137117 75.137117 0.939705 0.939705 0.939705
9700 75.137117 75.137117 75.137117 0.939705 0.939705 0.939705
9800 75.137117 75.137117 75.137117 0.939705 0.939705 0.939705
9900 75.137117 75.137117 75.137117 0.939705 0.939705 0.939705
10000 75.137117 75.137117 75.137117 0.939705 0.939705 0.939705
10100 75.137117 75.137117 75.137117 0.939705 0.939705 0.939705
10200 75.137117 75.137117 75.137117 0.939705 0.939705 0.939705
10300 75.137117 75.137117 75.137117 0.939705 0.939705 0.939705
10400 75.137117 75.137117 75.137117 0.939705 0.939705 0.939705
10500 75.137117 75.137117 75.137117 0.939705 0.939705 0.939705
10600 75.137117 75.137117 75.137117 0.939705 0.939705 0.939705
10700 75.137117 75.137117 75.137117 0.939705 0.939705 0.939705
10800 75.137117 75.137117 75.137117 0.939705 0.939705 0.939705
10900 75.137117 75.137117 75.137117 0.939705 0.939705 0.939705
11000 75.137117 75.137117 75.137117 0.939705 0.939705 0.939705
11100 75.137117 75.137117 75.137117 0.939705 0.939705 0.939705
11200 75.137117 75.137117 75.137117 0.939705 0.939705 0.939705
11300 75.137117 75.137117 75.137117 0.939705 0.939705 0.939705
11400 75.137117 75.137117 75.137117 0.939705 0.939705 0.939705
11500 75.137117 75.137117 75.137117 0.939705 0.939705 0.939705
11600 75.137117 75.137117 75.137117 0.939705 0.939705 0.939705
11700 75.137117 75.137117 75.137117 0.939705 0.939705 0.939705
11800 75.137117 75.137117 75.137117 0.939705 0.939705 0.939705
11900 75.137117 75.137117 75.137117 0.939705 0.939705 0.939705
12000 75.137117 75.137117 75.137117 0.939705 0.939705 0.939705
12100 75.137117 75.137117 75.137117 0.939705 0.939705 0.939705
12200 75.137117 75.137117 75.137117 0.939705 0.939705 0.939705
12300 75.137117 75.137117 75.137117 0.939705 0.939705 0.939705
12400 75.137117 75.137117 75.137117 0.939705 0.939705 0.939705
12500 75.137117 75.137117 75.137117 0.939705 0.939705 0.939705
12600 75.137117 75.137117 75.137117 0.939705 0.939705 0.939705
12700 75.137117 75.137117 75.137117 0.939705 0.939705 0.939705
12800 75.137117 75.137117 75.137117 0.939705 0.939705 0.939705
12900 75.137117 75.137117 75.137117 0.939705 0.939705 0.939705
13000 75.137117 75.137117 75.137117 0.939705 0.939705 0.939705
13100 75.137117 75.137117 75.137117 0.939705 0.939705 0.939705
13200 75.137117 75.137117 75.137117 0.939705 0.939705 0.939705
13300 75.137117 75.137117 75.137117 0.939705 0.939705 0.939705
13400 75.137117 75.137117 75.137117 0.939705 0.939705 0.939705
13500 75.137117 75.137117 75.137117 0.939705 0.939705 0.939705
13600 75.137117 75.137117 75.137117 0.939705 0.939705 0.939705
13700 75.137117 75.137117 75.137117 0.939705 0.939705 0.939705
13800 75.137117 75.137117 75.137117 0.939705 0.939705 0.939705
13900 75.137117 75.137117 75.137117 0.939705 0.939705 0.939705
14000 75.137117 75.137117 75.137117 0.939705 0.939705 0.939705
14100 75.137117 75.137117 75.137117 0.939705 0.939705 0.939705
14200 75.137117 75.137117 75.137117 0.939705 0.939705 0.939705
14300 75.137117 75.137117 75.137117 0.939705 0.939705 0.939705
14400 75.137117 75.137117 75.137117 0.939705 0.939705 0.939705
14500 75.137117 75.137117 75.137117 0.939705 0.939705 0.939705
14600 75.137117 75.137117 75.137117 0.939705 0.939705 0.939705
14700 75.137117 75.137117 75.137117 0.939705 0.939705 0.939705
14800 75.137117 75.137117 75.137117 0.939705 0.939705 0.939705
14900 75.137117 75.137117 75.137117 0.939705 0.939705 0.939705
15000 75.137117 75.137117 75.137117 0.939705 0.939705 0.939705
15100 75.137117 75.137117 75.137117 0.939705 0.939705 0.939705
15200 75.137117 75.137117 75.137117 0.939705 0.939705 0.939705
15300 75.137117 75.137117 75.137117 0.939705 0.939705 0.939705
15400 75.137117 75.137117 75.137117 0.939705 0.939705 0.939705
15500 75.137117 75.137117 75.137117 0.939705 0.939705 0.939705
15600 75.137117 75.137117 75.137117 0.939705 0.939705 0.939705
15700 75.137117 75.137117 75.137117 0.939705 0.939705 0.939705
15800 75.137117 75.137117 75.137117 0.939705 0.939705 0.939705
15900 75.137117 75.137117 75.137117 0.939705 0.939705 0.939705
16000 75.137117 75.137117 75.137117 0.939705 0.939705 0.939705
16100 75.137117 75.137117 75.137117 0.939705 0.939705 0.939705
16200 75.137117 75.137117 75.137117 0.939705 0.939705 0.939705
16300 75.137117 75.137117 75.137117 0.939705 0.939705 0.939705
16400 75.137117 75.137117 75.137117 0.939705 0.939705 0.939705
16500 75.137117 75.137117 75.137117 0.939705 0.939705 0.939705
16600 75.137117 75.137117 75.137117 0.939705 0.939705 0.939705
16700 75.137117 75.137117 75.137117 0.939705 0.939705 0.939705
16800 75.137117 75.137117 75.137117 0.939705 0.939705 0.939705
16900 75.137117 75.137117 75.137117 0.939705 0.939705 0.939705
17000 75.137117 75.137117 75.137117 0.939705 0.939705 0.939705
17100 75.137117 75.137117 75.137117 0.939705 0.939705 0.939705
17200 75.137117 75.137117 75.137117 0.939705 0.939705 0.939705
17300 75.137117 75.137117 75.137117 0.939705 0.939705 0.939705
17400 75.137117 75.137117 75.137117 0.939705 0.939705 0.939705
17500 75.137117 75.137117 75.137117 0.939705 0.939705 0.939705
17600 75.137117 75.137117 75.137117 0.939705 0.939705 0.939705
17700 75.137117 75.137117 75.137117 0.939705 0.939705 0.939705
17800 75.137117 75.137117 75.137117 0.939705 0.939705 0.939705
17900 75.137117 75.137117 75.137117 0.939705 0.939705 0.939705
18000 75.137117 75.137117 75.137117 0.939705 0.939705 0.939705
18100 75.137117 75.137117 75.137117 0.939705 0.939705 0.939705
18200 75.137117 75.137117 75.137117 0.939705 0.939705 0.939705
18300 75.137117 75.137117 75.137117 0.939705 0.939705 0.939705
18400 75.137117 75.137117 75.137117 0.939705 0.939705 0.939705
18500 75.137117 75.137117 75.137117 0.939705 0.939705 0.939705
18600 75.137117 75.137117 75.137117 0.939705 0.939705 0.939705
18700 75.137117 75.137117 75.137117 0.939705 0.939705 0.939705
18800 75.137117 75.137117 75.137117 0.939705 0.939705 0.939705
18900 75.137117 75.137117 75.137117 0.939705 0.939705 0.939705
19000 75.137117 75.137117 75.137117 0.939705 0.939705 0.939705
19100 75.137117 75.137117 75.137117 0.939705 0.939705 0.939705
19200 75.137117 75.137117 75.137117 0.939705 0.939705 0.939705
19300 75.137117 75.137117 75.137117 0.939705 0.939705 0.939705
19400 75.137117 75.137117 75.137117 0.939705 0.939705 0.939705
19500 75.137117 75.137117 75.137117 0.939705 0.939705 0.939705
19600 75.137117 75.137117 75.137117 0.939705 0.939705 0.939705
19700 75.137117 75.137117 75.137117 0.939705 0.939705 0.939705
19800 75.137117 75.137117 75.137117 0.939705 0.939705 0.939705
19900 75.137117 75.137117 75.137117 0.939705 0.939705 0.939705
20000 75.137117 75.137117 75.137117 0.939705 0.939705 0.939705
20100 75.137117 75.137117 75.137117 0.939705 0.939705 0.939705
20200 75.137117 75.137117 75.137117 0.939705 0.939705 0.939705
20300 75.137117 75.137117 75.137117 0.939705 0.939705 0.939705
20400 75.137117 75.137117 75.137117 0.939705 0.939705 0.939705
20500 75.137117 75.137117 75.137117 0.939705 0.939705 0.939705
20600 75.137117 75.137117 75.137117 0.939705 0.939705 0.939705
20700 75.137117 75.137117 75.137117 0.939705 0.939705 0.939705
20800 75.137117 75.137117 75.137117 0.939705 0.939705 0.939705
20900 75.137117 75.137117 75.137117 0.939705 0.939705 0.939705
21000 75.137117 75.137117 75.137117 0.939705 0.939705 0.939705
21100 75.137117 75.137117 75.137117 0.939705 0.939705 0.939705
21200 75.137117 75.137117 75.137117 0.939705 0.939705 0.939705
21300 75.137117 75.137117 75.137117 0.939705 0.939705 0.939705
21400 75.137117 75.137117 75.137117 0.939705 0.939705 0.939705
21500 75.137117 75.137117 75.137117 0.939705 0.939705 0.939705
21600 75.137117 75.137117 75.137117 0.939705 0.939705 0.939705
21700 75.137117 75.137117 75.137117 0.939705 0.939705 0.939705
21800 75.137117 75.137117 75.137117 0.939705 0.939705 0.939705
21900 75.137117 75.137117 75.137117 0.939705 0.939705 0.939705
22000 75.137117 75.137117 75.137117 0.939705 0.939705 0.939705
22100 75.137117 75.137117 75.137117 0.939705 0.939705 0.939705
22200 75.137117 75.137117 75.137117 0.939705 0.939705 0.939705
22300 75.137117 75.137117 75.137117 0.939705 0.939705 0.939705
22400 75.137117 75.137117 75.137117 0.939705 0.939705 0.939705
22500 75.137117 75.137117 75.137117 0.939705 0.939705 0.939705
22600 75.137117 75.137117 75.137117 0.939705 0.939705 0.939705
22700 75.137117 75.137117 75.137117 0.939705 0.939705 0.939705
22800 75.137117 75.137117 75.137117 0.939705 0.939705 0.939705
22900 75.137117 75.137117 75.137117 0.939705 0.939705 0.939705
23000 75.137117 75.137117 75.137117 0.939705 0.939705 0.939705
23100 75.137117 75.137117 75.137117 0.939705 0.939705 0.939705
23200 75.137117 75.137117 75.137117 0.939705 0.939705 0.939705
23300 75.137117 75.137117 75.137117 0.939705 0.939705 0.939705
23400 75.137117 75.137117 75.137117 0.939705 0.939705 0.939705
23500 75.137117 75.137117 75.137117 0.939705 0.939705 0.939705
23600 75.137117 75.137117 75.137117 0.939705 0.939705 0.939705
23700 75.137117 75.137117 75.137117 0.939705 0.939705 0.939705
23800 75.137117 75.137117 75.137117 0.939705 0.939705 0.939705
23900 75.137117 75.137117 75.137117 0.939705 0.939705 0.939705
24000 75.137117 75.137117 75.137117 0.939705 0.939705 0.939705
24100 75.137117 75.137117 75.137117 0.939705 0.939705 0.939705
24200 75.137117 75.137117 75.137117 0.939705 0.939705 0.939705
24300 75.137117 75.137117 75.137117 0.939705 0.939705 0.939705
24400 75.137117 75.137117 75.137117 0.939705 0.939705 0.939705
24500 75.137117 75.137117 75.137117 0.939705 0.939705 0.939705
24600 75.137117 75.137117 75.137117 0.939705 0.939705 0.939705
24700 75.137117 75.137117 75.137117 0.939705 0.939705 0.939705
24800 75.137117 75.137117 75.137117 0.939705 0.939705 0.939705
24900 75.137117 75.137117 75.137117 0.939705 0.939705 0.939705
25000 75.137117 75.137117 75.137117 0.939705 0.939705 0.939705
25100 75.137117 75.137117 75.137117 0.939705 0.939705 0.939705
25200 75.137117 75.137117 75.137117 0.939705 0.939705 0.939705
25300 75.137117 75.137117 75.137117 0.939705 0.939705 0.939705
25400 75.137117 75.137117 75.137117 0.939705 0.939705 0.939705
25500 75.137117 75.137117 75.137117 0.939705 0.939705 0.939705
25600 75.137117 75.137117 75.137117 0.939705 0.939705 0.939705
25700 75.137117 75.137117 75.137117 0.939705 0.939705 0.939705
25800 75.137117 75.137117 75.137117 0.939705 0.939705 0.939705
25900 75.137117 75.137117 75.137117 0.939705 0.939705 0.939705
26000 75.137117 75.137117 75.137117 0.939705 0.939705 0.939705
26100 75.137117 75.137117 75.137117 0.939705 0.939705 0.939705
26200 75.137117 75.137117 75.137117 0.939705 0.939705 0.939705
26300 75.137117 75.137117 75.137117 0.939705 0.939705 0.939705
26400 75.137117 75.137117 75.137117 0.939705 0.939705 0.939705
26500 75.137117 75.137117 75.137117 0.939705 0.939705 0.939705
26600 75.137117 75.137117 75.137117 0.939705 0.939705 0.939705
26700 75.137117 75.137117 75.137117 0.939705 0.939705 0.939705
26800 75.137117 75.137117 75.137117 0.939705 0.939705 0.939705
26900 75.137117 75.137117 75.137117 0.939705 0.939705 0.939705
27000 75.137117 75.137117 75.137117 0.939705 0.939705 0.939705
27100 75.137117 75.137117 75.137117 0.939705 0.939705 0.939705
27200 75.137117 75.137117 75.137117 0.939705 0.939705 0.939705
27300 75.137117 75.137117 75.137117 0.939705 0.939705 0.939705
27400 75.137117 75.137117 75.137117 0.939705 0.939705 0.939705
27500 75.137117 75.137117 75.137117 0.939705 0.939705 0.939705
27600 75.137117 75.137117 75.137117 0.939705 0.939705 0.939705
27700 75.137117 75.137117 75.137117 0.939705 0.939705 0.939705
27800 75.137117 75.137117 75.137117 0.939705 0.939705 0.939705
27900 75.137117 75.137117 75.137117 0.939705 0.939705 0.939705
28000 75.137117 75.137117 75.137117 0.939705 0.939705 0.939705
28100 75.137117 75.137117 75.137117 0.939705 0.939705 0.939705
28200 75.137117 75.137117 75.137117 0.939705 0.939705 0.939705
28300 75.137117 75.137117 75.137117 0.939705 0.939705 0.939705
28400 75.137117 75.137117 75.137117 0.939705 0.939705 0.939705
28500 75.137117 75.137117 75.137117 0.939705 0.939705 0.939705
28600 75.137117 75.137117 75.137117 0.939705 0.939705 0.939705
28700 75.137117 75.137117 75.137117 0.939705 0.939705 0.939705
28800 75.137117 75.137117 75.137117 0.939705 0.939705 0.939705
28900 75.137117 75.137117 75.137117 0.939705 0.939705 0.939705
29000 75.137117 75.137117 75.137117 0.939705 0.939705 0.939705
29100 75.137117 75.137117 75.137117 0.939705 0.939705 0.939705
29200 75.137117 75.137117 75.137117 0.939705 0.939705 0.939705
29300 75.137117 75.137117 75.137117 0.939705 0.939705 0.939705
29400 75.137117 75.137117 75.137117 0.939705 0.939705 0.939705
29500 75.137117 75.137117 75.137117 0.939705 0.939705 0.939705
29600 75.137117 75.137117 75.137117 0.939705 0.939705 0.939705
29700 75.137117 75.137117 75.137117 0.939705 0.939705 0.939705
29800 75.137117 75.137117 75.137117 0.939705 0.939705 0.939705
29900 75.137117 75.137117 75.137117 0.939705 0.939705 0.939705
30000 75.137117 75.137117 75.137117 0.939705 0.939705 0.939705
30100 75.137117 75.137117 75.137117 0.939705 0.939705 0.939705
30200 75.137117 75.137117 75.137117 0.939705 0.939705 0.939705
30300 75.137117 75.137117 75.137117 0.939705 0.939705 0.939705
30400 75.137117 75.137117 75.137117 0.939705 0.939705 0.939705
30500 75.137117 75.137117 75.137117 0.939705 0.939705 0.939705
30600 75.137117 75.137117 75.137117 0.939705 0.939705 0.939705
30700 75.137117 75.137117 75.137117 0.939705 0.939705 0.939705
30800 75.137117 75.137117 75.137117 0.939705 0.939705 0.939705
30900 75.137117 75.137117 75.137117 0.939705 0.939705 0.939705
31000 75.137117 75.137117 75.137117 0.939705 0.939705 0.939705
31100 75.137117 75.137117 75.137117 0.939705 0.939705 0.939705
31200 75.137117 75.137117 75.137117 0.939705 0.939705 0.939705
31300 75.137117 75.137117 75.137117 0.939705 0.939705 0.939705
31400 75.137117 75.137117 75.137117 0.939705 0.939705 0.939705
31500 75.137117 75.137117 75.137117 0.939705 0.939705 0.939705
31600 75.137117 75.137117 75.137117 0.939705 0.939705 0.939705
31700 75.137117 75.137117 75.137117 0.939705 0.939705 0.939705
31800 75.137117 75.137117 75.137117 0.939705 0.939705 0.939705
31900 75.137117 75.137117 75.137117 0.939705 0.939705 0.939705
32000 75.137117 75.137117 75.137117 0.939705 0.939705 0.939705
32100 75.137117 75.137117 75.137117 0.939705 0.939705 0.939705
32200 75.137117 75.137117 75.137117 0.939705 0.939705 0.939705
32300 75.137117 75.137117 75.137117 0.939705 0.939705 0.939705
32400 75.137117 75.137117 75.137117 0.939705 0.939705 0.939705
32500 75.137117 75.137117 75.137117 0.939705 0.939705 0.939705
32600 75.137117 75.137117 75.137117 0.939705 0.939705 0.939705
32700 75.137117 75.137117 75.137117 0.939705 0.939705 0.939705
32800 75.137117 75.137117 75.137117 0.939705 0.939705 0.939705
32900 75.137117 75.137117 75.137117 0.939705 0.939705 0.939705
33000 75.137117 75.137117 75.137117 0.939705 0.939705 0.939705
33100 75.137117 75.137117 75.137117 0.939705 0.939705 0.939705
33200 75.137117 75.137117 75.137117 0.939705 0.939705 0.939705
33300 75.137117 75.137117 75.137117 0.939705 0.939705 0.939705
33400 75.137117 75.137117 75.137117 0.939705 0.939705 0.939705
33500 75.137117 75.137117 75.137117 0.939705 0.939705 0.939705
33600 75.137117 75.137117 75.137117 0.939705 0.939705 0.939705
33700 75.137117 75.137117 75.137117 0.939705 0.939705 0.939705
33800 75.137117 75.137117 75.137117 0.939705 0.939705 0.939705
33900 75.137117 75.137117 75.137117 0.939705 0.939705 0.939705
34000 75.137117 75.137117 75.137117 0.939705 0.939705 0.939705
34100 75.137117 75.137117 75.137117 0.939705 0.939705 0.939705
34200 75.137117 75.137117 75.137117 0.939705 0.939705 0.939705
34300 75.137117 75.137117 75.137117 0.939705 0.939705 0.939705
34400 75.137117 75.137117 75.137117 0.939705 0.939705 0.939705
34500 75.137117 75.137117 75.137117 0.939705 0.939705 0.939705
34600 75.137117 75.137117 75.137117 0.939705 0.939705 0.939705
34700 75.137117 75.137117 75.137117 0.939705 0.939705 0.939705
34800 75.137117 75.137117 75.137117 0.939705 0.939705 0.939705
34900 75.137117 75.137117 75.137117 0.939705 0.939705 0.939705
35000 75.137117 75.137117 75.137117 0.939705 0.939705 0.939705
35100 75.137117 75.137117 75.137117 0.939705 0.939705 0.939705
35200 75.137117 75.137117 75.137117 0.939705 0.939705 0.939705
35300 75.137117 75.137117 75.137117 0.939705 0.939705 0.939705
35400 75.137117 75.137117 75.137117 0.939705 0.939705 0.939705
35500 75.137117 75.137117 75.137117 0.939705 0.939705 0.939705
35600 75.137117 75.137117 75.137117 0.939705 0.939705 0.939705
35700 75.137117 75.137117 75.137117 0.939705 0.939705 0.939705
35800 75.137117 75.137117 75.137117 0.939705 0.939705 0.939705
35900 75.137117 75.137117 75.137117 0.939705 0.939705 0.939705
36000 75.137117 75.137117 75.137117 0.939705 0.939705 0.939705
36100 75.137117 75.137117 75.137117 0.939705 0.939705 0.939705
36200 75.137117 75.137117 75.137117 0.939705 0.939705 0.939705
36300 75.137117 75.137117 75.137117 0.939705 0.939705 0.939705
36400 75.137117 75.137117 75.137117 0.939705 0.939705 0.939705
36500 75.137117 75.137117 75.137117 0.939705 0.939705 0.939705
36600 75.137117 75.137117 75.137117 0.939705 0.939705 0.939705
36700 75.137117 75.137117 75.137117 0.939705 0.939705 0.939705
36800 75.137117 75.137117 75.137117 0.939705 0.939705 0.939705
36900 75.137117 75.137117 75.137117 0.939705 0.939705 0.939705
37000 75.137117 75.137117 75.137117 0.939705 0.939705 0.939705
37100 75.137117 75.137117 75.137117 0.939705 0.939705 0.939705
37200 75.137117 75.137117 75.137117 0.939705 0.939705 0.939705
37300 75.137117 75.137117 75.137117 0.939705 0.939705 0.939705
37400 75.137117 75.137117 75.137117 0.939705 0.939705 0.939705
37500 75.137117 75.137117 75.137117 0.939705 0.939705 0.939705
37600 75.137117 75.137117 75.137117 0.939705 0.939705 0.939705
37700 75.137117 75.137117 75.137117 0.939705 0.939705 0.939705
37800 75.137117 75.137117 75.137117 0.939705 0.939705 0.939705
37900 75.137117 75.137117 75.137117 0.939705 0.939705 0.939705
38000 75.137117 75.137117 75.137117 0.939705 0.939705 0.939705
38100 75.137117 75.137117 75.137117 0.939705 0.939705 0.939705
38200 75.137117 75.137117 75.137117 0.939705 0.939705 0.939705
38300 75.137117 75.137117 75.137117 0.939705 0.939705 0.939705
38400 75.137117 75.137117 75.137117 0.939705 0.939705 0.939705
38500 75.137117 75.137117 75.137117 0.939705 0.939705 0.939705
38600 75.137117 75.137117 75.137117 0.939705 0.939705 0.939705
38700 75.137117 75.137117 75.137117 0.939705 0.939705 0.939705
38800 75.137117 75.137117 75.137117 0.939705 0.939705 0.939705
38900 75.137117 75.137117 75.137117 0.939705 0.939705 0.939705
39000 75.137117 75.137117 75.137117 0.939705 0.939705 0.939705
39100 75.137117 75.137117 75.137117 0.939705 0.939705 0.939705
39200 75.137117 75.137117 75.137117 0.939705 0.939705 0.939705
39300 75.137117 75.137117 75.137117 0.939705 0.939705 0.939705
39400 75.137117 75.137117 75.137117 0.939705 0.939705 0.939705
39500 75.137117 75.137117 75.137117 0.939705 0.939705 0.939705
39600 75.137117 75.137117 75.137117 0.939705 0.939705 0.939705
39700 75.137117 75.137117 75.137117 0.939705 0.939705 0.939705
39800 75.137117 75.137117 75.137117 0.939705 0.939705 0.939705
39900 75.137117 75.137117 75.137117 0.939705 0.939705 0.939705
40000 75.137117 75.137117 75.137117 0.939705 0.939705 0.939705
40100 75.137117 75.137117 75.137117 0.939705 0.939705 0.939705
40200 75.137117 75.137117 75.137117 0.939705 0.939705 0.939705
40300 75.137117 75.137117 75.137117 0.939705 0.939705 0.939705
40400 75.137117 75.137117 75.137117 0.939705 0.939705 0.939705
40500 75.137117 75.137117 75.137117 0.939705 0.939705 0.939705
40600 75.137117 75.137117 75.137117 0.939705 0.939705 0.939705
40700 75.137117 75.137117 75.137117 0.939705 0.939705 0.939705
40800 75.137117 75.137117 75.137117 0.939705 0.939705 0.939705
40900 75.137117 75.137117 75.137117 0.939705 0.939705 0.939705
41000 75.137117 75.137117 75.137117 0.939705 0.939705 0.939705
41100 75.137117 75.137117 75.137117 0.939705 0.939705 0.939705
41200 75.137117 75.137117 75.137117 0.939705 0.939705 0.939705
41300 75.137117 75.137117 75.137117 0.939705 0.939705 0.939705
41400 75.137117 75.137117 75.137117 0.939705 0.939705 0.939705
41500 75.137117 75.137117 75.137117 0.939705 0.939705 0.939705
41600 75.137117 75.137117 75.137117 0.939705 0.939705 0.939705
41700 75.137117 75.137117 75.137117 0.939705 0.939705 0.939705
41800 75.137117 75.137117 75.137117 0.939705 0.939705 0.939705
41900 75.137117 75.137117 75.137117 0.939705 0.939705 0.939705
42000 75.137117 75.137117 75.137117 0.939705 0.939705 0.939705
42100 75.137117 75.137117 75.137117 0.939705 0.939705 0.939705
42200 75.137117 75.137117 75.137117 0.939705 0.939705 0.939705
42300 75.137117 75.137117 75.137117 0.939705 0.939705 0.939705
42400 75.137117 75.137117 75.137117 0.939705 0.939705 0.939705
42500 75.137117 75.137117 75.137117 0.939705 0.939705 0.939705
42600 75.137117 75.137117 75.137117 0.939705 0.939705 0.939705
42700 75.137117 75.137117 75.137117 0.939705 0.939705 0.939705
42800 75.137117 75.137117 75.137117 0.939705 0.939705 0.939705
42900 75.137117 75.137117 75.137117 0.939705 0.939705 0.939705
43000 75.137117 75.137117 75.137117 0.939705 0.939705 0.939705
43100 75.137117 75.137117 75.137117 0.939705 0.939705 0.939705
43200 75.137117 75.137117 75.137117 0.939705 0.939705 0.939705
43300 75.137117 75.137117 75.137117 0.939705 0.939705 0.939705
43400 75.137117 75.137117 75.137117 0.939705 0.939705 0.939705
43500 75.137117 75.137117 75.137117 0.939705 0.939705 0.939705
43600 75.137117 75.137117 75.137117 0.939705 0.939705 0.939705
43700 75.137117 75.137117 75.137117 0.939705 0.939705 0.939705
43800 75.137117 75.137117 75.137117 0.939705 0.939705 0.939705
43900 75.137117 75.137117 75.137117 0.939705 0.939705 0.939705
44000 75.137117 75.137117 75.137117 0.939705 0.939705 0.939705
44100 75.137117 75.137117 75.137117 0.939705 0.939705 0.939705
44200 75.137117 75.137117 75.137117 0.939705 0.939705 0.939705
44300 75.137117 75.137117 75.137117 0.939705 0.939705 0.939705
44400 75.137117 75.137117 75.137117 0.939705 0.939705 0.939705
44500 75.137117 75.137117 75.137117 0.939705 0.939705 0.939705
44600 75.137117 75.137117 75.137117 0.939705 0.939705 0.939705
44700 75.137117 75.137117 75.137117 0.939705 0.939705 0.939705
44800 75.137117 75.137117 75.137117 0.939705 0.939705 0.939705
44900 75.137117 75.137117 75.137117 0.939705 0.939705 0.939705
45000 75.137117 75.137117 75.137117 0.939705 0.939705 0.939705
45100 75.137117 75.137117 75.137117 0.939705 0.939705 0.939705
45200 75.137117 75.137117 75.137117 0.939705 0.939705 0.939705
45300 75.137117 75.137117 75.137117 0.939705 0.939705 0.939705
45400 75.137117 75.137117 75.137117 0.939705 0.939705 0.939705
45500 75.137117 75.137117 75.137117 0.939705 0.939705 0.939705
45600 75.137117 75.137117 75.137117 0.939705 0.939705 0.939705
45700 75.137117 75.137117 75.137117 0.939705 0.939705 0.939705
45800 75.137117 75.137117 75.137117 0.939705 0.939705 0.939705
45900 75.137117 75.137117 75.137117 0.939705 0.939705 0.939705
46000 75.137117 75.137117 75.137117 0.939705 0.939705 0.939705
46100 75.137117 75.137117 75.137117 0.939705 0.939705 0.939705
46200 75.137117 75.137117 75.137117 0.939705 0.939705 0.939705
46300 75.137117 75.137117 75.137117 0.939705 0.939705 0.939705
46400 75.137117 75.137117 75.137117 0.939705 0.939705 0.939705
46500 75.137117 75.137117 75.137117 0.939705 0.939705 0.939705
46600 75.137117 75.137117 75.137117 0.939705 0.939705 0.939705
46700 75.137117 75.137117 75.137117 0.939705 0.939705 0.939705
46800 75.137117 75.137117 75.137117 0.939705 0.939705 0.939705
46900 75.137117 75.137117 75.137117 0.939705 0.939705 0.939705
47000 75.137117 75.137117 75.137117 0.939705 0.939705 0.939705
47100 75.137117 75.137117 75.137117 0.939705 0.939705 0.939705
47200 75.137117 75.137117 75.137117 0.939705 0.939705 0.939705
47300 75.137117 75.137117 75.137117 0.939705 0.939705 0.939705
47400 75.137117 75.137117 75.137117 0.939705 0.939705 0.939705
47500 75.137117 75.137117 75.137117 0.939705 0.939705 0.939705
47600 75.137117 75.137117 75.137117 0.939705 0.939705 0.939705
47700 75.137117 75.137117 75.137117 0.939705 0.939705 0.939705
47800 75.137117 75.137117 75.137117 0.939705 0.939705 0.939705
47900 75.137117 75.137117 75.137117 0.939705 0.939705 0.939705
48000 75.137117 75.137117 75.137117 0.939705 0.939705 0.939705
48100 75.137117 75.137117 75.137117 0.939705 0.939705 0.939705
48200 75.137117 75.137117 75.137117 0.939705 0.939705 0.939705
48300 75.137117 75.137117 75.137117 0.939705 0.939705 0.939705
48400 75.137117 75.137117 75.137117 0.939705 0.939705 0.939705
48500 75.137117 75.137117 75.137117 0.939705 0.939705 0.939705
48600 75.137117 75.137117 75.137117 0.939705 0.939705 0.939705
48700 75.137117 75.137117 75.137117 0.939705 0.939705 0.939705
48800 75.137117 75.137117 75.137117 0.939705 0.939705 0.939705
48900 75.137117 75.137117 75.137117 0.939705 0.939705 0.939705
49000 75.137117 75.137117 75.137117 0.939705 0.939705 0.939705
49100 75.137117 75.137117 75.137117 0.939705 0.939705 0.939705
49200 75.137117 75.137117 75.137117 0.939705 0.939705 0.939705
49300 75.137117 75.137117 75.137117 0.939705 0.939705 0.939705
49400 75.137117 75.137117 75.137117 0.939705 0.939705 0.939705
49500 75.137117 75.137117 75.137117 0.939705 0.939705 0.939705
49600 75.137117 75.137117 75.137117 0.939705 0.939705 0.939705
49700 75.137117 75.137117 75.137117 0.939705 0.939705 0.939705
49800 75.137117 75.137117 75.137117 0.939705 0.939705 0.939705
49900 75.137117 75.137117 75.137117 0.939705 0.939705 0.939705
50000 75.137117 75.137117 75.137117 0.939705 0.939705 0.939705
50100 75.137117 75.137117 75.137117 0.939705 0.939705 0.939705
50200 75.137117 75.137117 75.137117 0.939705 0.939705 0.939705
50300 75.137117 75.137117 75.137117 0.939705 0.939705 0.939705
50400 75.137117 75.137117 75.137117 0.939705 0.939705 0.939705
50500 75.137117 75.137117 75.137117 0.939705 0.939705 0.939705
50600 75.137117 75.137117 75.137117 0.939705 0.939705 0.939705
50700 75.137117 75.137117 75.137117 0.939705 0.939705 0.939705
50800 75.137117 75.137117 75.137117 0.939705 0.939705 0.939705
50900 75.137117 75.137117 75.137117 0.939705 0.939705 0.939705
51000 75.137117 75.137117 75.137117 0.939705 0.939705 0.939705
51100 75.137117 75.137117 75.137117 0.939705 0.939705 0.939705
51200 75.137117 75.137117 75.137117 0.939705 0.939705 0.939705
51300 75.137117 75.137117 75.137117 0.939705 0.939705 0.939705
51400 75.137117 75.137117 75.137117 0.939705 0.939705 0.939705
51500 75.137117 75.137117 75.137117 0.939705 0.939705 0.939705
51600 75.137117 75.137117 75.137117 0.939705 0.939705 0.939705
51700 75.137117 75.137117 75.137117 0.939705 0.939705 0.939705
51800 75.137117 75.137117 75.137117 0.939705 0.939705 0.939705
51900 75.137117 75.137117 75.137117 0.939705 0.939705 0.939705
52000 75.137117 75.137117 75.137117 0.939705 0.939705 0.939705
52100 75.137117 75.137117 75.137117 0.939705 0.939705 0.939705
52200 75.137117 75.137117 75.137117 0.939705 0.939705 0.939705
52300 75.137117 75.137117 75.137117 0.939705 0.939705 0.939705
52400 75.137117 75.137117 75.137117 0.939705 0.939705 0.939705
52500 75.137117 75.137117 75.137117 0.939705 0.939705 0.939705
52600 75.137117 75.137117 75.137117 0.939705 0.939705 0.939705
52700 75.137117 75.137117 75.137117 0.939705 0.939705 0.939705
52800 75.137117 75.137117 75.137117 0.939705 0.939705 0.939705
52900 75.137117 75.137117 75.137117 0.939705 0.939705 0.939705
53000 75.137117 75.137117 75.137117 0.939705 0.939705 0.939705
53100 75.137117 75.137117 75.137117 0.939705 0.939705 0.939705
53200 75.137117 75.137117 75.137117 0.939705 0.939705 0.939705
53300 75.137117 75.137117 75.137117 0.939705 0.939705 0.939705
53400 75.137117 75.137117 75.137117 0.939705 0.939705 0.939705
53500 75.137117 75.137117 75.137117 0.939705 0.939705 0.939705
53600 75.137117 75.137117 75.137117 0.939705 0.939705 0.939705
53700 75.137117 75.137117 75.137117 0.939705 0.939705 0.939705
53800 75.137117 75.137117 75.137117 0.939705 0.939705 0.939705
53900 75.137117 75.137117 75.137117 0.939705 0.939705 0.939705
54000 75.137117 75.137117 75.137117 0.939705 0.939705 0.939705
54100 75.137117 75.137117 75.137117 0.939705 0.939705 0.939705
54200 75.137117 75.137117 75.137117 0.939705 0.939705 0.939705
54300 75.137117 75.137117 75.137117 0.939705 0.939705 0.939705
54400 75.137117 75.137117 75.137117 0.939705 0.939705 0.939705
54500 75.137117 75.137117 75.137117 0.939705 0.939705 0.939705
54600 75.137117 75.137117 75.137117 0.939705 0.939705 0.939705
54700 75.137117 75.137117 75.137117 0.939705 0.939705 0.939705
54800 75.137117 75.137117 75.137117 0.939705 0.939705 0.939705
54900 75.137117 75.137117 75.137117 0.939705 0.939705 0.939705
55000 75.137117 75.137117 75.137117 0.939705 0.939705 0.939705
55100 75.137117 75.137117 75.137117 0.939705 0.939705 0.939705
55200 75.137117 75.137117 75.137117 0.939705 0.939705 0.939705
55300 75.137117 75.137117 75.137117 0.939705 0.939705 0.939705
55400 75.137117 75.137117 75.137117 0.939705 0.939705 0.939705
55500 75.137117 75.137117 75.137117 0.939705 0.939705 0.939705
55600 75.137117 75.137117 75.137117 0.939705 0.939705 0.939705
55700 75.137117 75.137117 75.137117 0.939705 0.939705 0.939705
55800 75.137117 75.137117 75.137117 0.939705 0.939705 0.939705
55900 75.137117 75.137117 75.137117 0.939705 0.939705 0.939705
56000 75.137117 75.137117 75.137117 0.939705 0.939705 0.939705
56100 75.137117 75.137117 75.137117 0.939705 0.939705 0.939705
56200 75.137117 75.137117 75.137117 0.939705 0.939705 0.939705
56300 75.137117 75.137117 75.137117 0.939705 0.939705 0.939705
56400 75.137117 75.137117 75.137117 0.939705 0.939705 0.939705
56500 75.137117 75.137117 75.137117 0.939705 0.939705 0.939705
56600 75.137117 75.137117 75.137117 0.939705 0.939705 0.939705
56700 75.137117 75.137117 75.137117 0.939705 0.939705 0.939705
56800 75.137117 75.137117 75.137117 0.939705 0.939705 0.939705
56900 75.137117 75.137117 75.137117 0.939705 0.939705 0.939705
57000 75.137117 75.137117 75.137117 0.939705 0.939705 0.939705
57100 75.137117 75.137117 75.137117 0.939705 0.939705 0.939705
57200 75.137117 75.137117 75.137117 0.939705 0.939705 0.939705
57300 75.137117 75.137117 75.137117 0.939705 0.939705 0.939705
57400 75.137117 75.137117 75.137117 0.939705 0.939705 0.939705
57500 75.137117 75.137117 75.137117 0.939705 0.939705 0.939705
57600 75.137117 75.137117 75.137117 0.939705 0.939705 0.939705
57700 75.137117 75.137117 75.137117 0.939705 0.939705 0.939705
57800 75.137117 75.137117 75.137117 0.939705 0.939705 0.939705
57900 75.137117 75.137117 75.137117 0.939705 0.939705 0.939705
58000 75.137117 75.137117 75.137117 0.939705 0.939705 0.939705
58100 75.137117 75.137117 75.137117 0.939705 0.939705 0.939705
58200 75.137117 75.137117 75.137117 0.939705 0.939705 0.939705
58300 75.137117 75.137117 75.137117 0.939705 0.939705 0.939705
58400 75.137117 75.137117 75.137117 0.939705 0.939705 0.939705
58500 75.137117 75.137117 75.137117 0.939705 0.939705 0.939705
58600 75.137117 75.137117 75.137117 0.939705 0.939705 0.939705
58700 75.137117 75.137117 75.137117 0.939705 0.939705 0.939705
58800 75.137117 75.137117 75.137117 0.939705 0.939705 0.939705
58900 75.137117 75.137117 75.137117 0.939705 0.939705 0.939705
59000 75.137117 75.137117 75.137117 0.939705 0.939705 0.939705
59100 75.137117 75.137117 75.137117 0.939705 0.939705 0.939705
59200 75.137117 75.137117 75.137117 0.939705 0.939705 0.939705
59300 75.137117 75.137117 75.137117 0.939705 0.939705 0.939705
59400 75.137117 75.137117 75.137117 0.939705 0.939705 0.939705
59500 75.137117 75.137117 75.137117 0.939705 0.939705 0.939705
59600 75.137117 75.137117 75.137117 0.939705 0.939705 0.939705
59700 75.137117 75.137117 75.137117 0.939705 0.939705 0.939705
59800 75.137117 75.137117 75.137117 0.939705 0.939705 0.939705
59900 75.137117 75.137117 75.137117 0.939705 0.939705 0.939705
60000 75.137117 75.137117 75.137117 0.939705 0.939705 0.939705
60100 75.137117 75.137117 75.137117 0.939705 0.939705 0.939705
60200 75.137117 75.137117 75.137117 0.939705 0.939705 0.939705
60300 75.137117 75.137117 75.137117 0.939705 0.939705 0.939705
60400 75.137117 75.137117 75.137117 0.939705 0.939705 0.939705
60500 75.137117 75.137117 75.137117 0.939705 0.939705 0.939705
60600 75.137117 75.137117 75.137117 0.939705 0.939705 0.939705
60700 75.137117 75.137117 75.137117 0.939705 0.939705 0.939705
60800 75.137117 75.137117 75.137117 0.939705 0.939705 0.939705
60900 75.137117 75.137117 75.137117 0.939705 0.939705 0.939705
61000 75.137117 75.137117 75.137117 0.939705 0.939705 0.939705
61100 75.137117 75.137117 75.137117 0.939705 0.939705 0.939705
61200 75.137117 75.137117 75.137117 0.939705 0.939705 0.939705
61300 75.137117 75.137117 75.137117 0.939705 0.939705 0.939705
61400 75.137117 75.137117 75.137117 0.939705 0.939705 0.939705
61500 75.137117 75.137117 75.137117 0.939705 0.939705 0.939705
61600 75.137117 75.137117 75.137117 0.939705 0.939705 0.939705
61700 75.137117 75.137117 75.137117 0.939705 0.939705 0.939705
61800 75.137117 75.137117 75.137117 0.939705 0.939705 0.939705
61900 75.137117 75.137117 75.137117 0.939705 0.939705 0.939705
62000 75.137117 75.137117 75.137117 0.939705 0.939705 0.939705
62100 75.137117 75.137117 75.137117 0.939705 0.939705 0.939705
62200 75.137117 75.137117 75.137117 0.939705 0.939705 0.939705
62300 75.137117 75.137117 75.137117 0.939705 0.939705 0.939705
62400 75.137117 75.137117 75.137117 0.939705 0.939705 0.939705
62500 75.137117 75.137117 75.137117 0.939705 0.939705 0.939705
62600 75.137117 75.137117 75.137117 0.939705 0.939705 0.939705
62700 75.137117 75.137117 75.137117 0.939705 0.939705 0.939705
62800 75.137117 75.137117 75.137117 0.939705 0.939705 0.939705
62900 75.137117 75.137117 75.137117 0.939705 0.939705 0.939705
63000 75.137117 75.137117 75.137117 0.939705 0.939705 0.939705
63100 75.137117 75.137117 75.137117 0.939705 0.939705 0.939705
63200 75.137117 75.137117 75.137117 0.939705 0.939705 0.939705
63300 75.137117 75.137117 75.137117 0.939705 0.939705 0.939705
63400 75.137117 75.137117 75.137117 0.939705 0.939705 0.939705
63500 75.137117 75.137117 75.137117 0.939705 0.939705 0.939705
63600 75.137117 75.137117 75.137117 0.939705 0.939705 0.939705
63700 75.137117 75.137117 75.137117 0.939705 0.939705 0.939705
63800 75.137117 75.137117 75.137117 0.939705 0.939705 0.939705
63900 75.137117 75.137117 75.137117 0.939705 0.939705 0.939705
64000 75.137117 75.137117 75.137117 0.939705 0.939705 0.939705
64100 75.137117 75.137117 75.137117 0.939705 0.939705 0.939705
64200 75.137117 75.137117 75.137117 0.939705 0.939705 0.939705
64300 75.137117 75.137117 75.137117 0.939705 0.939705 0.939705
64400 75.137117 75.137117 75.137117 0.939705 0.939705 0.939705
64500 75.137117 75.137117 75.137117 0.939705 0.939705 0.939705
64600 75.137117 75.137117 75.137117 0.939705 0.939705 0.939705
64700 75.137117 75.137117 75.137117 0.939705 0.939705 0.939705
64800 75.137117 75.137117 75.137117 0.939705 0.939705 0.939705
64900 75.137117 75.137117 75.137117 0.939705 0.939705 0.939705
65000 75.137117 75.137117 75.137117 0.939705 0.939705 0.939705
65100 75.137117 75.137117 75.137117 0.939705 0.939705 0.939705
65200 75.137117 75.137117 75.137117 0.939705 0.939705 0.939705
65300 75.137117 75.137117 75.137117 0.939705 0.939705 0.939705
65400 75.137117 75.137117 75.137117 0.939705 0.939705 0.939705
65500 75.137117 75.137117 75.137117 0.939705 0.939705 0.939705
65600 75.137117 75.137117 75.137117 0.939705 0.939705 0.939705
65700 75.137117 75.137117 75.137117 0.939705 0.939705 0.939705
65800 75.137117 75.137117 75.137117 0.939705 0.939705 0.939705
65900 75.137117 75.137117 75.137117 0.939705 0.939705 0.939705
66000 75.137117 75.137117 75.137117 0.939705 0.939705 0.939705
66100 75.137117 75.137117 75.137117 0.939705 0.939705 0.939705
66200 75.137117 75.137117 75.137117 0.939705 0.939705 0.939705
66300 75.137117 75.137117 75.137117 0.939705 0.939705 0.939705
66400 75.137117 75.137117 75.137117 0.939705 0.939705 0.939705
66500 75.137117 75.137117 75.137117 0.939705 0.939705 0.939705
66600 75.137117 75.137117 75.137117 0.939705 0.939705 0.939705
66700 75.137117 75.137117 75.137117 0.939705 0.939705 0.939705
66800 75.137117 75.137117 75.137117 0.939705 0.939705 0.939705
66900 75.137117 75.137117 75.137117 0.939705 0.939705 0.939705
67000 75.137117 75.137117 75.137117 0.939705 0.939705 0.939705
67100 75.137117 75.137117 75.137117 0.939705 0.939705 0.939705
67200 75.137117 75.137117 75.137117 0.939705 0.939705 0.939705
67300 75.137117 75.137117 75.137117 0.939705 0.939705 0.939705
67400 75.137117 75.137117 75.137117 0.939705 0.939705 0.939705
67500 75.137117 75.137117 75.137117 0.939705 0.939705 0.939705
67600 75.137117 75.137117 75.137117 0.939705 0.939705 0.939705
67700 75.137117 75.137117 75.137117 0.939705 0.939705 0.939705
67800 75.137117 75.137117 75.137117 0.939705 0.939705 0.939705
67900 75.137117 75.137117 75.137117 0.939705 0.939705 0.939705
68000 75.137117 75.137117 75.137117 0.939705 0.939705 0.939705
68100 75.137117 75.137117 75.137117 0.939705 0.939705 0.939705
68200 75.137117 75.137117 75.137117 0.939705 0.939705 0.939705
68300 75.137117 75.137117 75.137117 0.939705 0.939705 0.939705
68400 75.137117 75.137117 75.137117 0.939705 0.939705 0.939705
68500 75.137117 75.137117 75.137117 0.939705 0.939705 0.939705
68600 75.137117 75.137117 75.137117 0.939705 0.939705 0.939705
68700 75.137117 75.137117 75.137117 0.939705 0.939705 0.939705
68800 75.137117 75.137117 75.137117 0.939705 0.939705 0.939705
68900 75.137117 75.137117 75.137117 0.939705 0.939705 0.939705
69000 75.137117 75.137117 75.137117 0.939705 0.939705 0.939705
69100 75.137117 75.137117 75.137117 0.939705 0.939705 0.939705
69200 75.137117 75.137117 75.137117 0.939705 0.939705 0.939705
69300 75.137117 75.137117 75.137117 0.939705 0.939705 0.939705
69400 75.137117 75.137117 75.137117 0.939705 0.939705 0.939705
69500 75.137117 75.137117 75.137117 0.939705 0.939705 0.939705
69600 75.137117 75.137117 75.137117 0.939705 0.939705 0.939705
69700 75.137117 75.137117 75.137117 0.939705 0.939705 0.939705
69800 75.137117 75.137117 75.137117 0.939705 0.939705 0.939705
69900 75.137117 75.137117 75.137117 0.939705 0.939705 0.939705
70000 75.137117 75.137117 75.137117 0.939705 0.939705 0.939705
70100 75.137117 75.137117 75.137117 0.939705 0.939705 0.939705
70200 75.137117 75.137117 75.137117 0.939705 0.939705 0.939705
70300 75.137117 75.137117 75.137117 0.939705 0.939705 0.939705
70400 75.137117 75.137117 75.137117 0.939705 0.939705 0.939705
70500 75.137117 75.137117 75.137117 0.939705 0.939705 0.939705
70600 75.137117 75.137117 75.137117 0.939705 0.939705 0.939705
70700 75.137117 75.137117 75.137117 0.939705 0.939705 0.939705
70800 75.137117 75.137117 75.137117 0.939705 0.939705 0.939705
70900 75.137117 75.137117 75.137117 0.939705 0.939705 0.939705
71000 75.137117 75.137117 75.137117 0.939705 0.939705 0.939705
71100 75.137117 75.137117 75.137117 0.939705 0.939705 0.939705
71200 75.137117 75.137117 75.137117 0.939705 0.939705 0.939705
71300 75.137117 75.137117 75.137117 0.939705 0.939705 0.939705
71400 75.137117 75.137117 75.137117 0.939705 0.939705 0.939705
71500 75.137117 75.137117 75.137117 0.939705 0.939705 0.939705
71600 75.137117 75.137117 75.137117 0.939705 0.939705 0.939705
71700 75.137117 75.137117 75.137117 0.939705 0.939705 0.939705
71800 75.137117 75.137117 75.137117 0.939705 0.939705 0.939705
71900 75.137117 75.137117 75.137117 0.939705 0.939705 0.939705
72000 75.137117 75.137117 75.137117 0.939705 0.939705 0.939705
72100 75.137117 75.137117 75.137117 0.939705 0.939705 0.939705
72200 75.137117 75.137117 75.137117 0.939705 0.939705 0.939705
72300 75.137117 75.137117 75.137117 0.939705 0.939705 0.939705
72400 75.137117 75.137117 75.137117 0.939705 0.939705 0.939705
72500 75.137117 75.137117 75.137117 0.939705 0.939705 0.939705
72600 75.137117 75.137117 75.137117 0.939705 0.939705 0.939705
72700 75.137117 75.137117 75.137117 0.939705 0.939705 0.939705
72800 75.137117 75.137117 75.137117 0.939705 0.939705 0.939705
72900 75.137117 75.137117 75.137117 0.939705 0.939705 0.939705
73000 75.137117 75.137117 75.137117 0.939705 0.939705 0.939705
73100 75.137117 75.137117 75.137117 0.939705 0.939705 0.939705
73200 75.137117 75.137117 75.137117 0.939705 0.939705 0.939705
73300 75.137117 75.137117 75.137117 0.939705 0.939705 0.939705
73400 75.137117 75.137117 75.137117 0.939705 0.939705 0.939705
73500 75.137117 75.137117 75.137117 0.939705 0.939705 0.939705
73600 75.137117 75.137117 75.137117 0.939705 0.939705 0.939705
73700 75.137117 75.137117 75.137117 0.939705 0.939705 0.939705
73800 75.137117 75.137117 75.137117 0.939705 0.939705 0.939705
73900 75.137117 75.137117 75.137117 0.939705 0.939705 0.939705
74000 75.137117 75.137117 75.137117 0.939705 0.939705 0.939705
74100 75.137117 75.137117 75.137117 0.939705 0.939705 0.939705
74200 75.137117 75.137117 75.137117 0.939705 0.939705 0.939705
74300 75.137117 75.137117 75.137117 0.939705 0.939705 0.939705
74400 75.137117 75.137117 75.137117 0.939705 0.939705 0.939705
74500 75.137117 75.137117 75.137117 0.939705 0.939705 0.939705
74600 75.137117 75.137117 75.137117 0.939705 0.939705 0.939705
74700 75.137117 75.137117 75.137117 0.939705 0.939705 0.939705
74800 75.137117 75.137117 75.137117 0.939705 0.939705 0.939705
74900 75.137117 75.137117 75.137117 0.939705 0.939705 0.939705
75000 75.137117 75.137117 75.137117 0.939705 0.939705 0.939705
75100 75.137117 75.137117 75.137117 0.939705 0.939705 0.939705
75200 75.137117 75.137117 75.137117 0.939705 0.939705 0.939705
75300 75.137117 75.137117 75.137117 0.939705 0.939705 0.939705
75400 75.137117 75.137117 75.137117 0.939705 0.939705 0.939705
75500 75.137117 75.137117 75.137117 0.939705 0.939705 0.939705
75600 75.137117 75.137117 75.137117 0.939705 0.939705 0.939705
75700 75.137117 75.137117 75.137117 0.939705 0.939705 0.939705
75800 75.137117 75.137117 75.137117 0.939705 0.939705 0.939705
75900 75.137117 75.137117 75.137117 0.939705 0.939705 0.939705
76000 75.137117 75.137117 75.137117 0.939705 0.939705 0.939705
76100 75.137117 75.137117 75.137117 0.939705 0.939705 0.939705
76200 75.137117 75.137117 75.137117 0.939705 0.939705 0.939705
76300 75.137117 75.137117 75.137117 0.939705 0.939705 0.939705
76400 75.137117 75.137117 75.137117 0.939705 0.939705 0.939705
76500 75.137117 75.137117 75.137117 0.939705 0.939705 0.939705
76600 75.137117 75.137117 75.137117 0.939705 0.939705 0.939705
76700 75.137117 75.137117 75.137117 0.939705 0.939705 0.939705
76800 75.137117 75.137117 75.137117 0.939705 0.939705 0.939705
76900 75.137117 75.137117 75.137117 0.939705 0.939705 0.939705
77000 75.137117 75.137117 75.137117 0.939705 0.939705 0.939705
77100 75.137117 75.137117 75.137117 0.939705 0.939705 0.939705
77200 75.137117 75.137117 75.137117 0.939705 0.939705 0.939705
77300 75.137117 75.137117 75.137117 0.939705 0.939705 0.939705
77400 75.137117 75.137117 75.137117 0.939705 0.939705 0.939705
77500 75.137117 75.137117 75.137117 0.939705 0.939705 0.939705
77600 75.137117 75.137117 75.137117 0.939705 0.939705 0.939705
77700 75.137117 75.137117 75.137117 0.939705 0.939705 0.939705
77800 75.137117 75.137117 75.137117 0.939705 0.939705 0.939705
77900 75.137117 75.137117 75.137117 0.939705 0.939705 0.939705
78000 75.137117 75.137117 75.137117 0.939705 0.939705 0.939705
78100 75.137117 75.137117 75.137117 0.939705 0.939705 0.939705
78200 75.137117 75.137117 75.137117 0.939705 0.939705 0.939705
78300 75.137117 75.137117 75.137117 0.939705 0.939705 0.939705
78400 75.137117 75.137117 75.137117 0.939705 0.939705 0.939705
78500 75.137117 75.137117 75.137117 0.939705 0.939705 0.939705
78600 75.137117 75.137117 75.137117 0.939705 0.939705 0.939705
78700 75.137117 75.137117 75.137117 0.939705 0.939705 0.939705
78800 75.137117 75.137117 75.137117 0.939705 0.939705 0.939705
78900 75.137117 75.137117 75.137117 0.939705 0.939705 0.939705
79000 75.137117 75.137117 75.137117 0.939705 0.939705 0.939705
79100 75.137117 75.137117 75.137117 0.939705 0.939705 0.939705
79200 75.137117 75.137117 75.137117 0.939705 0.939705 0.939705
79300 75.137117 75.137117 75.137117 0.939705 0.939705 0.939705
79400 75.137117 75.137117 75.137117 0.939705 0.939705 0.939705
79500 75.137117 75.137117 75.137117 0.939705 0.939705 0.939705
79600 75.137117 75.137117 75.137117 0.939705 0.939705 0.939705
79700 75.137117 75.137117 75.137117 0.939705 0.939705 0.939705
79800 75.137117 75.137117 75.137117 0.939705 0.939705 0.939705
79900 75.137117 75.137117 75.137117 0.939705 0.939705 0.939705
80000 75.137117 75.137117 75.137117 0.939705 0.939705 0.939705
80100 75.137117 75.137117 75.137117 0.939705 0.939705 0.939705
80200 75.137117 75.137117 75.137117 0.939705 0.939705 0.939705
80300 75.137117 75.137117 75.137117 0.939705 0.939705 0.939705
80400 75.137117 75.137117 75.137117 0.939705 0.939705 0.939705
80500 75.137117 75.137117 75.137117 0.939705 0.939705 0.939705
80600 75.137117 75.137117 75.137117 0.939705 0.939705 0.939705
80700 75.137117 75.137117 75.137117 0.939705 0.939705 0.939705
80800 75.137117 75.137117 75.137117 0.939705 0.939705 0.939705
80900 75.137117 75.137117 75.137117 0.939705 0.939705 0.939705
81000 75.137117 75.137117 75.137117 0.939705 0.939705 0.939705
81100 75.137117 75.137117 75.137117 0.939705 0.939705 0.939705
81200 75.137117 75.137117 75.137117 0.939705 0.939705 0.939705
81300 75.137117 75.137117 75.137117 0.939705 0.939705 0.939705
81400 75.137117 75.137117 75.137117 0.939705 0.939705 0.939705
81500 75.137117 75.137117 75.137117 0.939705 0.939705 0.939705
81600 75.137117 75.137117 75.137117 0.939705 0.939705 0.939705
81700 75.137117 75.137117 75.137117 0.939705 0.939705 0.939705
81800 75.137117 75.137117 75.137117 0.939705 0.939705 0.939705
81900 75.137117 75.137117 75.137117 0.939705 0.939705 0.939705
82000 75.137117 75.137117 75.137117 0.939705 0.939705 0.939705
82100 75.137117 75.137117 75.137117 0.939705 0.939705 0.939705
82200 75.137117 75.137117 75.137117 0.939705 0.939705 0.939705
82300 75.137117 75.137117 75.137117 0.939705 0.939705 0.939705
82400 75.137117 75.137117 75.137117 0.939705 0.939705 0.939705
82500 75.137117 75.137117 75.137117 0.939705 0.939705 0.939705
82600 75.137117 75.137117 75.137117 0.939705 0.939705 0.939705
82700 75.137117 75.137117 75.137117 0.939705 0.939705 0.939705
82800 75.137117 75.137117 75.137117 0.939705 0.939705 0.939705
82900 75.137117 75.137117 75.137117 0.939705 0.939705 0.939705
83000 75.137117 75.137117 75.137117 0.939705 0.939705 0.939705
83100 75.137117 75.137117 75.137117 0.939705 0.939705 0.939705
83200 75.137117 75.137117 75.137117 0.939705 0.939705 0.939705
83300 75.137117 75.137117 75.137117 0.939705 0.939705 0.939705
83400 75.137117 75.137117 75.137117 0.939705 0.939705 0.939705
83500 75.137117 75.137117 75.137117 0.939705 0.939705 0.939705
83600 75.137117 75.137117 75.137117 0.939705 0.939705 0.939705
83700 75.137117 75.137117 75.137117 0.939705 0.939705 0.939705
83800 75.137117 75.137117 75.137117 0.939705 0.939705 0.939705
83900 75.137117 75.137117 75.137117 0.939705 0.939705 0.939705
84000 75.137117 75.137117 75.137117 0.939705 0.939705 0.939705
84100 75.137117 75.137117 75.137117 0.939705 0.939705 0.939705
84200 75.137117 75.137117 75.137117 0.939705 0.939705 0.939705
84300 75.137117 75.137117 75.137117 0.939705 0.939705 0.939705
84400 75.137117 75.137117 75.137117 0.939705 0.939705 0.939705
84500 75.137117 75.137117 75.137117 0.939705 0.939705 0.939705
84600 75.137117 75.137117 75.137117 0.939705 0.939705 0.939705
84700 75.137117 75.137117 75.137117 0.939705 0.939705 0.939705
84800 75.137117 75.137117 75.137117 0.939705 0.939705 0.939705
84900 75.137117 75.137117 75.137117 0.939705 0.939705 0.939705
85000 75.137117 75.137117 75.137117 0.939705 0.939705 0.939705
85100 75.137117 75.137117 75.137117 0.939705 0.939705 0.939705
85200 75.137117 75.137117 75.137117 0.939705 0.939705 0.939705
85300 75.137117 75.137117 75.137117 0.939705 0.939705 0.939705
85400 75.137117 75.137117 75.137117 0.939705 0.939705 0.939705
85500 75.137117 75.137117 75.137117 0.939705 0.939705 0.939705
85600 75.137117 75.137117 75.137117 0.939705 0.939705 0.939705
85700 75.137117 75.137117 75.137117 0.939705 0.939705 0.939705
85800 75.137117 75.137117 75.137117 0.939705 0.939705 0.939705
85900 75.137117 75.137117 75.137117 0.939705 0.939705 0.939705
86000 75.137117 75.137117 75.137117 0.939705 0.939705 0.939705
86100 75.137117 75.137117 75.137117 0.939705 0.939705 0.939705
86200 75.137117 75.137117 75.137117 0.939705 0.939705 0.939705
86300 75.137117 75.137117 75.137117 0.939705 0.939705 0.939705
86400 75.137117 75.137117 75.137117 0.939705 0.939705 0.939705
86500 75.137117 75.137117 75.137117 0.939705 0.939705 0.939705
86600 75.137117 75.137117 75.137117 0.939705 0.939705 0.939705
86700 75.137117 75.137117 75.137117 0.939705 0.939705 0.939705
86800 75.137117 75.137117 75.137117 0.939705 0.939705 0.939705
86900 75.137117 75.137117 75.137117 0.939705 0.939705 0.939705
87000 75.137117 75.137117 75.137117 0.939705 0.939705 0.939705
87100 75.137117 75.137117 75.137117 0.939705 0.939705 0.939705
87200 75.137117 75.137117 75.137117 0.939705 0.939705 0.939705
87300 75.137117 75.137117 75.137117 0.939705 0.939705 0.939705
87400 75.137117 75.137117 75.137117 0.939705 0.939705 0.939705
87500 75.137117 75.137117 75.137117 0.939705 0.939705 0.939705
87600 75.137117 75.137117 75.137117 0.939705 0.939705 0.939705
87700 75.137117 75.137117 75.137117 0.939705 0.939705 0.939705
87800 75.137117 75.137117 75.137117 0.939705 0.939705 0.939705
87900 75.137117 75.137117 75.137117 0.939705 0.939705 0.939705
88000 75.137117 75.137117 75.137117 0.939705 0.939705 0.939705
88100 75.137117 75.137117 75.137117 0.939705 0.939705 0.939705
88200 75.137117 75.137117 75.137117 0.939705 0.939705 0.939705
88300 75.137117 75.137117 75.137117 0.939705 0.939705 0.939705
88400 75.137117 75.137117 75.137117 0.939705 0.939705 0.939705
88500 75.137117 75.137117 75.137117 0.939705 0.939705 0.939705
88600 75.137117 75.137117 75.137117 0.939705 0.939705 0.939705
88700 75.137117 75.137117 75.137117 0.939705 0.939705 0.939705
88800 75.137117 75.137117 75.137117 0.939705 0.939705 0.939705
88900 75.137117 75.137117 75.137117 0.939705 0.939705 0.939705
89000 75.137117 75.137117 75.137117 0.939705 0.939705 0.939705
89100 75.137117 75.137117 75.137117 0.939705 0.939705 0.939705
89200 75.137117 75.137117 75.137117 0.939705 0.939705 0.939705
89300 75.137117 75.137117 75.137117 0.939705 0.939705 0.939705
89400 75.137117 75.137117 75.137117 0.939705 0.939705 0.939705
89500 75.137117 75.137117 75.137117 0.939705 0.939705 0.939705
89600 75.137117 75.137117 75.137117 0.939705 0.939705 0.939705
89700 75.137117 75.137117 75.137117 0.939705 0.939705 0.939705
89800 75.137117 75.137117 75.137117 0.939705 0.939705 0.939705
89900 75.137117 75.137117 75.137117 0.939705 0.939705 0.939705
90000 75.137117 75.137117 75.137117 0.939705 0.939705 0.939705
90100 75.137117 75.137117 75.137117 0.939705 0.939705 0.939705
90200 75.137117 75.137117 75.137117 0.939705 0.939705 0.939705
90300 75.137117 75.137117 75.137117 0.939705 0.939705 0.939705
90400 75.137117 75.137117 75.137117 0.939705 0.939705 0.939705
90500 75.137117 75.137117 75.137117 0.939705 0.939705 0.939705
90600 75.137117 75.137117 75.137117 0.939705 0.939705 0.939705
90700 75.137117 75.137117 75.137117 0.939705 0.939705 0.939705
90800 75.137117 75.137117 75.137117 0.939705 0.939705 0.939705
90900 75.137117 75.137117 75.137117 0.939705 0.939705 0.939705
91000 75.137117 75.137117 75.137117 0.939705 0.939705 0.939705
91100 75.137117 75.137117 75.137117 0.939705 0.939705 0.939705
91200 75.137117 75.137117 75.137117 0.939705 0.939705 0.939705
91300 75.137117 75.137117 75.137117 0.939705 0.939705 0.939705
91400 75.137117 75.137117 75.137117 0.939705 0.939705 0.939705
91500 75.137117 75.137117 75.137117 0.939705 0.939705 0.939705
91600 75.137117 75.137117 75.137117 0.939705 0.939705 0.939705
91700 75.137117 75.137117 75.137117 0.939705 0.939705 0.939705
91800 75.137117 75.137117 75.137117 0.939705 0.939705 0.939705
91900 75.137117 75.137117 75.137117 0.939705 0.939705 0.939705
92000 75.137117 75.137117 75.137117 0.939705 0.939705 0.939705
92100 75.137117 75.137117 75.137117 0.939705 0.939705 0.939705
92200 75.137117 75.137117 75.137117 0.939705 0.939705 0.939705
92300 75.137117 75.137117 75.137117 0.939705 0.939705 0.939705
92400 75.137117 75.137117 75.137117 0.939705 0.939705 0.939705
92500 75.137117 75.137117 75.137117 0.939705 0.939705 0.939705
92600 75.137117 75.137117 75.137117 0.939705 0.939705 0.939705
92700 75.137117 75.137117 75.137117 0.939705 0.939705 0.939705
92800 75.137117 75.137117 75.137117 0.939705 0.939705 0.939705
92900 75.137117 75.137117 75.137117 0.939705 0.939705 0.939705
93000 75.137117 75.137117 75.137117 0.939705 0.939705 0.939705
93100 75.137117 75.137117 75.137117 0.939705 0.939705 0.939705
93200 75.137117 75.137117 75.137117 0.939705 0.939705 0.939705
93300 75.137117 75.137117 75.137117 0.939705 0.939705 0.939705
93400 75.137117 75.137117 75.137117 0.939705 0.939705 0.939705
93500 75.137117 75.137117 75.137117 0.939705 0.939705 0.939705
93600 75.137117 75.137117 75.137117 0.939705 0.939705 0.939705
93700 75.137117 75.137117 75.137117 0.939705 0.939705 0.939705
93800 75.137117 75.137117 75.137117 0.939705 0.939705 0.939705
93900 75.137117 75.137117 75.137117 0.939705 0.939705 0.939705
94000 75.137117 75.137117 75.137117 0.939705 0.939705 0.939705
94100 75.137117 75.137117 75.137117 0.939705 0.939705 0.939705
94200 75.137117 75.137117 75.137117 0.939705 0.939705 0.939705
94300 75.137117 75.137117 75.137117 0.939705 0.939705 0.939705
94400 75.137117 75.137117 75.137117 0.939705 0.939705 0.939705
94500 75.137117 75.137117 75.137117 0.939705 0.939705 0.939705
94600 75.137117 75.137117 75.137117 0.939705 0.939705 0.939705
94700 75.137117 75.137117 75.137117 0.939705 0.939705 0.939705
94800 75.137117 75.137117 75.137117 0.939705 0.939705 0.939705
94900 75.137117 75.137117 75.137117 0.939705 0.939705 0.939705
95000 75.137117 75.137117 75.137117 0.939705 0.939705 0.939705
95100 75.137117 75.137117 75.137117 0.939705 0.939705 0.939705
95200 75.137117 75.137117 75.137117 0.939705 0.939705 0.939705
95300 75.137117 75.137117 75.137117 0.939705 0.939705 0.939705
95400 75.137117 75.137117 75.137117 0.939705 0.939705 0.939705
95500 75.137117 75.137117 75.137117 0.939705 0.939705 0.939705
95600 75.137117 75.137117 75.137117 0.939705 0.939705 0.939705
95700 75.137117 75.137117 75.137117 0.939705 0.939705 0.939705
95800 75.137117 75.137117 75.137117 0.939705 0.939705 0.939705
95900 75.137117 75.137117 75.137117 0.939705 0.939705 0.939705
96000 75.137117 75.137117 75.137117 0.939705 0.939705 0.939705
96100 75.137117 75.137117 75.137117 0.939705 0.939705 0.939705
96200 75.137117 75.137117 75.137117 0.939705 0.939705 0.939705
96300 75.137117 75.137117 75.137117 0.939705 0.939705 0.939705
96400 75.137117 75.137117 75.137117 0.939705 0.939705 0.939705
96500 75.137117 75.137117 75.137117 0.939705 0.939705 0.939705
96600 75.137117 75.137117 75.137117 0.939705 0.939705 0.939705
96700 75.137117 75.137117 75.137117 0.939705 0.939705 0.939705
96800 75.137117 75.137117 75.137117 0.939705 0.939705 0.939705
96900 75.137117 75.137117 75.137117 0.939705 0.939705 0.939705
97000 75.137117 75.137117 75.137117 0.939705 0.939705 0.939705
97100 75.137117 75.137117 75.137117 0.939705 0.939705 0.939705
97200 75.137117 75.137117 75.137117 0.939705 0.939705 0.939705
97300 75.137117 75.137117 75.137117 0.939705 0.939705 0.939705
97400 75.137117 75.137117 75.137117 0.939705 0.939705 0.939705
97500 75.137117 75.137117 75.137117 0.939705 0.939705 0.939705
97600 75.137117 75.137117 75.137117 0.939705 0.939705 0.939705
97700 75.137117 75.137117 75.137117 0.939705 0.939705 0.939705
97800 75.137117 75.137117 75.137117 0.939705 0.939705 0.939705
97900 75.137117 75.137117 75.137117 0.939705 0.939705 0.939705
98000 75.137117 75.137117 75.137117 0.939705 0.939705 0.939705
98100 75.137117 75.137117 75.137117 0.939705 0.939705 0.939705
98200 75.137117 75.137117 75.137117 0.939705 0.939705 0.939705
98300 75.137117 75.137117 75.137117 0.939705 0.939705 0.939705
98400 75.137117 75.137117 75.137117 0.939705 0.939705 0.939705
98500 75.137117 75.137117 75.137117 0.939705 0.939705 0.939705
98600 75.137117 75.137117 75.137117 0.939705 0.939705 0.939705
98700 75.137117 75.137117 75.137117 0.939705 0.939705 0.939705
98800 75.137117 75.137117 75.137117 0.939705 0.939705 0.939705
98900 75.137117 75.137117 75.137117 0.939705 0.939705 0.939705
99000 75.137117 75.137117 75.137117 0.939705 0.939705 0.939705
99100 75.137117 75.137117 75.137117 0.939705 0.939705 0.939705
99200 75.137117 75.137117 75.137117 0.939705 0.939705 0.939705
99300 75.137117 75.137117 75.137117 0.939705 0.939705 0.939705
99400 75.137117 75.137117 75.137117 0.939705 0.939705 0.939705
99500 75.137117 75.137117 75.137117 0.939705 0.939705 0.939705
99600 75.137117 75.137117 75.137117 0.939705 0.939705 0.939705
99700 75.137117 75.137117 75.137117 0.939705 0.939705 0.939705
99800 75.137117 75.137117 75.137117 0.939705 0.939705 0.939705
99900 75.137117 75.137117 75.137117 0.939705 0.939705 0.939705
100000 75.373485 75.373485 75.373485 0.962894 0.962894 0.962894
