# generation power_min power_avg power_max util_min util_avg util_max
1 75.769208 75.769208 75.769208 1.281342 1.487168 1.499940
10 75.812426 75.812426 75.812426 1.264892 1.479499 1.499901
20 76.092044 76.092044 76.092044 1.037863 1.468950 1.499817
30 76.092044 76.092044 76.092044 1.037863 1.460020 1.499777
40 76.092044 63.809603 76.092044 0.691917 1.437173 1.499777
50 52.058790 57.934197 76.092044 0.691917 1.412183 1.499777
60 52.058790 60.228645 76.092044 0.691917 1.381872 1.498893
70 52.058790 61.981917 76.092044 0.691917 1.345386 1.498893
80 52.058790 62.000201 76.092044 0.691917 1.314542 1.498893
90 52.058790 62.309396 76.092044 0.691917 1.267795 1.498893
100 52.058790 62.210858 76.092044 0.691917 1.215380 1.498893
110 52.058790 61.843658 76.092044 0.691917 1.164373 1.498893
120 52.058790 61.784738 75.385277 0.691917 1.112903 1.498679
130 52.058790 61.141799 75.385277 0.691917 1.059136 1.498679
140 52.058790 60.695676 73.276476 0.691917 1.012325 1.498679
150 50.000491 60.037648 70.297713 0.691917 0.970430 1.295971
160 50.000491 59.437588 70.297713 0.649202 0.930745 1.281342
170 49.924336 58.900299 70.297713 0.649202 0.904404 1.147604
180 49.924336 58.280962 67.259295 0.649202 0.885567 1.138357
190 49.552248 57.585423 64.455438 0.649202 0.870703 1.044066
200 48.121138 56.689172 62.861680 0.636166 0.865289 1.044066
210 48.121138 55.837047 61.530168 0.636166 0.867099 1.041736
220 60.464147 54.997268 60.464147 0.649202 0.871771 1.041736
230 58.957649 54.064377 58.957649 0.649202 0.868064 1.041736
240 47.645487 53.232899 57.479599 0.649202 0.868442 1.041736
250 46.779138 52.462229 56.486942 0.649202 0.872693 1.041736
260 46.169778 51.719841 55.938829 0.649202 0.872273 1.006436
270 46.169778 51.078372 55.146462 0.689687 0.873684 1.006436
280 46.169778 50.479197 54.022070 0.683486 0.866879 1.006436
290 46.169778 49.953687 53.347013 0.681133 0.858185 1.006436
300 46.169778 49.467069 52.521629 0.681133 0.863457 1.006436
310 46.046164 49.055390 51.403783 0.681133 0.868717 1.003554
320 46.046164 48.677862 50.671744 0.681133 0.874578 1.003554
330 46.046164 48.351442 50.364779 0.681133 0.880642 1.003554
340 45.252316 47.963315 49.815528 0.681133 0.892137 1.003554
350 45.182855 47.660732 49.482999 0.681133 0.896753 1.001296
360 43.807533 47.311051 49.277973 0.731773 0.905877 1.001296
370 43.807533 47.033858 48.724869 0.731773 0.912592 1.001296
380 43.807533 46.772008 48.335834 0.731773 0.921313 1.004081
390 43.743716 46.428685 48.082090 0.786281 0.928157 1.004081
400 43.666713 46.123288 47.738995 0.786281 0.932622 1.004081
410 43.666713 45.845332 47.497502 0.786281 0.940258 1.004081
420 43.179573 45.569422 46.779138 0.786281 0.945924 1.025117
430 46.654173 45.304962 46.654173 0.786281 0.947878 1.025117
440 42.613017 44.965677 46.562443 0.786281 0.950038 1.025117
450 42.300573 44.623741 46.351244 0.851020 0.953027 1.025117
460 42.300573 44.346011 46.046164 0.851020 0.954032 1.025117
470 42.287026 44.069115 45.892032 0.851020 0.953432 1.025117
480 42.269061 43.829896 45.566005 0.851020 0.952771 1.010890
490 41.928197 43.563371 45.041835 0.876731 0.953385 1.010890
500 41.928197 43.345283 44.724626 0.876731 0.950827 1.010890
510 41.928197 43.147846 44.226667 0.876731 0.950913 1.010890
520 41.601302 42.952322 44.013471 0.876731 0.949806 1.010890
530 41.601302 42.803849 43.810146 0.876731 0.951239 1.010890
540 41.601302 42.637110 43.552983 0.876731 0.952258 1.010890
550 41.601302 42.501564 43.402714 0.877657 0.952365 1.008974
560 41.601302 42.371798 43.166084 0.877657 0.955832 1.008974
570 41.601302 42.255546 43.066122 0.906876 0.958168 1.008974
580 41.601302 42.163528 42.764138 0.917148 0.958845 1.008974
590 41.601302 42.084242 42.641438 0.917148 0.959767 1.008974
600 41.601302 42.019074 42.455171 0.917148 0.958975 1.008974
610 41.581527 41.969712 42.313296 0.917148 0.957742 0.988373
620 41.581527 41.927980 42.224071 0.925484 0.959943 0.988373
630 41.581527 41.909136 42.002337 0.925484 0.957310 0.988373
640 41.581527 41.896556 41.965717 0.944316 0.955533 0.987879
650 41.581527 41.892308 41.928197 0.952190 0.955935 0.987879
660 41.581527 41.891017 41.906682 0.954702 0.956086 0.987879
670 41.581527 41.891017 41.906682 0.954702 0.956086 0.987879
680 41.581527 41.891017 41.906682 0.954702 0.956086 0.987879
690 41.563669 41.884533 41.906682 0.954702 0.956765 0.989466
700 41.563669 41.881282 41.906682 0.954702 0.956959 0.989466
710 41.563669 41.878030 41.906682 0.954702 0.957153 0.989466
720 41.563669 41.874779 41.906682 0.954702 0.957348 0.989466
730 41.563669 41.871725 41.906682 0.954702 0.957679 0.989466
740 41.563669 41.871725 41.906682 0.954702 0.957679 0.989466
750 41.563669 41.871725 41.906682 0.954702 0.957679 0.989466
760 41.563669 41.871725 41.906682 0.954702 0.957679 0.989466
770 41.495035 41.867609 41.906682 0.954702 0.957871 0.989466
780 41.495035 41.864555 41.906682 0.954702 0.958203 0.989466
790 41.495035 41.864555 41.906682 0.954702 0.958203 0.989466
800 41.327047 41.848231 41.906682 0.954702 0.959156 0.989466
810 41.244384 41.828680 41.906682 0.954702 0.960569 0.999025
820 41.244384 41.813732 41.906682 0.954702 0.961348 0.999025
830 41.244384 41.786993 41.906682 0.954702 0.963073 0.999025
840 41.244384 41.760445 41.906682 0.954702 0.964719 0.999025
850 41.244384 41.731104 41.906682 0.954702 0.966347 0.999025
860 41.244384 41.697972 41.906682 0.954702 0.968187 0.999025
870 41.244384 41.646461 41.906682 0.954702 0.971154 0.999025
880 41.244384 41.609380 41.906682 0.954702 0.973239 0.999025
890 41.157891 41.552724 41.906682 0.954702 0.976675 0.999025
900 41.157891 41.496530 41.906682 0.954702 0.979889 0.999025
910 41.157891 41.441568 41.601302 0.973872 0.983491 1.000233
920 41.157891 41.406806 41.581527 0.973872 0.984600 1.000233
930 41.157891 41.373072 41.570956 0.973872 0.987080 1.000233
940 41.157891 41.340208 41.506625 0.973872 0.989338 1.000233
950 41.157891 41.313015 41.495035 0.973872 0.991771 1.000233
960 41.157891 41.286270 41.495035 0.973872 0.994271 1.000233
970 41.126069 41.260668 41.470911 0.974112 0.996781 1.000233
980 41.126069 41.240527 41.346220 0.977935 0.998365 1.000233
990 41.126069 41.228203 41.254956 0.998406 0.998991 1.000233
1000 41.126069 41.223309 41.244384 0.998406 0.998994 1.000233
1010 41.126069 41.218631 41.244384 0.998406 0.998990 1.000233
1020 41.126069 41.210514 41.244384 0.998406 0.999007 1.000233
1030 41.126069 41.201269 41.244384 0.998406 0.998995 1.000233
1040 41.126069 41.192024 41.244384 0.998406 0.998983 1.000233
1050 41.126069 41.182451 41.244384 0.998406 0.998984 1.000233
1060 41.126069 41.173770 41.244384 0.998406 0.998986 1.000233
1070 41.126069 41.163869 41.244384 0.998406 0.998998 1.000233
1080 41.126069 41.153640 41.244384 0.998406 0.999023 1.000233
1090 41.126069 41.150040 41.168463 0.998406 0.999084 0.999993
1100 41.126069 41.147390 41.157891 0.998785 0.999184 0.999993
1110 41.126069 41.145481 41.157891 0.998785 0.999256 0.999993
1120 41.126069 41.142617 41.157891 0.998785 0.999365 0.999993
1130 41.126069 41.139753 41.157891 0.998785 0.999474 0.999993
1140 41.126069 41.136889 41.157891 0.998785 0.999583 0.999993
1150 41.126069 41.133706 41.157891 0.998785 0.999703 0.999993
1160 41.126069 41.130524 41.157891 0.998785 0.999824 0.999993
1170 41.126069 41.127342 41.157891 0.998785 0.999945 0.999993
1180 41.126069 41.126069 41.126069 0.999993 0.999993 0.999993
1190 41.126069 41.126069 41.126069 0.999993 0.999993 0.999993
1200 41.126069 41.126069 41.126069 0.999993 0.999993 0.999993
1210 41.126069 41.126069 41.126069 0.999993 0.999993 0.999993
1220 41.126069 41.126069 41.126069 0.999993 0.999993 0.999993
1230 41.126069 41.126069 41.126069 0.999993 0.999993 0.999993
1240 41.126069 41.126069 41.126069 0.999993 0.999993 0.999993
1250 41.126069 41.126069 41.126069 0.999993 0.999993 0.999993
1260 41.126069 41.126069 41.126069 0.999993 0.999993 0.999993
1270 41.126069 41.126069 41.126069 0.999993 0.999993 0.999993
1280 41.126069 41.126069 41.126069 0.999993 0.999993 0.999993
1290 41.126069 41.126069 41.126069 0.999993 0.999993 0.999993
1300 41.126069 41.126069 41.126069 0.999993 0.999993 0.999993
1310 41.126069 41.126069 41.126069 0.999993 0.999993 0.999993
1320 41.126069 41.126069 41.126069 0.999993 0.999993 0.999993
1330 41.126069 41.126069 41.126069 0.999993 0.999993 0.999993
1340 41.126069 41.126069 41.126069 0.999993 0.999993 0.999993
1350 41.126069 41.126069 41.126069 0.999993 0.999993 0.999993
1360 41.126069 41.126069 41.126069 0.999993 0.999993 0.999993
1370 41.126069 41.126069 41.126069 0.999993 0.999993 0.999993
1380 41.126069 41.126069 41.126069 0.999993 0.999993 0.999993
1390 41.126069 41.126069 41.126069 0.999993 0.999993 0.999993
1400 41.126069 41.126069 41.126069 0.999993 0.999993 0.999993
1410 41.126069 41.126069 41.126069 0.999993 0.999993 0.999993
1420 41.126069 41.126069 41.126069 0.999993 0.999993 0.999993
1430 41.126069 41.126069 41.126069 0.999993 0.999993 0.999993
1440 41.126069 41.126069 41.126069 0.999993 0.999993 0.999993
1450 41.126069 41.126069 41.126069 0.999993 0.999993 0.999993
1460 41.126069 41.126069 41.126069 0.999993 0.999993 0.999993
1470 41.126069 41.126069 41.126069 0.999993 0.999993 0.999993
1480 41.126069 41.126069 41.126069 0.999993 0.999993 0.999993
1490 41.126069 41.126069 41.126069 0.999993 0.999993 0.999993
1500 41.126069 41.126069 41.126069 0.999993 0.999993 0.999993
1510 41.126069 41.126069 41.126069 0.999993 0.999993 0.999993
1520 41.126069 41.126069 41.126069 0.999993 0.999993 0.999993
1530 41.126069 41.126069 41.126069 0.999993 0.999993 0.999993
1540 41.126069 41.126069 41.126069 0.999993 0.999993 0.999993
1550 41.126069 41.126069 41.126069 0.999993 0.999993 0.999993
1560 41.126069 41.126069 41.126069 0.999993 0.999993 0.999993
1570 41.126069 41.126069 41.126069 0.999993 0.999993 0.999993
1580 41.126069 41.126069 41.126069 0.999993 0.999993 0.999993
1590 41.126069 41.126069 41.126069 0.999993 0.999993 0.999993
1600 41.126069 41.126069 41.126069 0.999993 0.999993 0.999993
1610 41.126069 41.126069 41.126069 0.999993 0.999993 0.999993
1620 41.126069 41.126069 41.126069 0.999993 0.999993 0.999993
1630 41.126069 41.126069 41.126069 0.999993 0.999993 0.999993
1640 41.126069 41.126069 41.126069 0.999993 0.999993 0.999993
1650 41.126069 41.126069 41.126069 0.999993 0.999993 0.999993
1660 41.126069 41.126069 41.126069 0.999993 0.999993 0.999993
1670 41.126069 41.126069 41.126069 0.999993 0.999993 0.999993
1680 41.126069 41.126069 41.126069 0.999993 0.999993 0.999993
1690 41.126069 41.126069 41.126069 0.999993 0.999993 0.999993
1700 41.126069 41.126069 41.126069 0.999993 0.999993 0.999993
1710 41.126069 41.126069 41.126069 0.999993 0.999993 0.999993
1720 41.126069 41.126069 41.126069 0.999993 0.999993 0.999993
1730 41.126069 41.126069 41.126069 0.999993 0.999993 0.999993
1740 41.126069 41.126069 41.126069 0.999993 0.999993 0.999993
1750 41.126069 41.126069 41.126069 0.999993 0.999993 0.999993
1760 41.126069 41.126069 41.126069 0.999993 0.999993 0.999993
1770 41.126069 41.126069 41.126069 0.999993 0.999993 0.999993
1780 41.126069 41.126069 41.126069 0.999993 0.999993 0.999993
1790 41.126069 41.126069 41.126069 0.999993 0.999993 0.999993
1800 41.126069 41.126069 41.126069 0.999993 0.999993 0.999993
1810 41.126069 41.126069 41.126069 0.999993 0.999993 0.999993
1820 41.126069 41.126069 41.126069 0.999993 0.999993 0.999993
1830 41.126069 41.126069 41.126069 0.999993 0.999993 0.999993
1840 41.126069 41.126069 41.126069 0.999993 0.999993 0.999993
1850 41.126069 41.126069 41.126069 0.999993 0.999993 0.999993
1860 41.126069 41.126069 41.126069 0.999993 0.999993 0.999993
1870 41.126069 41.126069 41.126069 0.999993 0.999993 0.999993
1880 41.126069 41.126069 41.126069 0.999993 0.999993 0.999993
1890 41.126069 41.126069 41.126069 0.999993 0.999993 0.999993
1900 41.126069 41.126069 41.126069 0.999993 0.999993 0.999993
1910 41.126069 41.126069 41.126069 0.999993 0.999993 0.999993
1920 41.126069 41.126069 41.126069 0.999993 0.999993 0.999993
1930 41.126069 41.126069 41.126069 0.999993 0.999993 0.999993
1940 41.126069 41.126069 41.126069 0.999993 0.999993 0.999993
1950 41.126069 41.126069 41.126069 0.999993 0.999993 0.999993
1960 41.126069 41.126069 41.126069 0.999993 0.999993 0.999993
1970 41.126069 41.126069 41.126069 0.999993 0.999993 0.999993
1980 41.126069 41.126069 41.126069 0.999993 0.999993 0.999993
1990 41.126069 41.126069 41.126069 0.999993 0.999993 0.999993
2000 41.126069 41.126069 41.126069 0.999993 0.999993 0.999993
2010 41.126069 41.126069 41.126069 0.999993 0.999993 0.999993
2020 41.126069 41.126069 41.126069 0.999993 0.999993 0.999993
2030 41.126069 41.126069 41.126069 0.999993 0.999993 0.999993
2040 41.126069 41.126069 41.126069 0.999993 0.999993 0.999993
2050 41.126069 41.126069 41.126069 0.999993 0.999993 0.999993
2060 41.126069 41.126069 41.126069 0.999993 0.999993 0.999993
2070 41.126069 41.126069 41.126069 0.999993 0.999993 0.999993
2080 41.126069 41.126069 41.126069 0.999993 0.999993 0.999993
2090 41.126069 41.126069 41.126069 0.999993 0.999993 0.999993
2100 41.126069 41.126069 41.126069 0.999993 0.999993 0.999993
2110 41.126069 41.126069 41.126069 0.999993 0.999993 0.999993
2120 41.126069 41.126069 41.126069 0.999993 0.999993 0.999993
2130 41.126069 41.126069 41.126069 0.999993 0.999993 0.999993
2140 41.126069 41.126069 41.126069 0.999993 0.999993 0.999993
2150 41.126069 41.126069 41.126069 0.999993 0.999993 0.999993
2160 41.126069 41.126069 41.126069 0.999993 0.999993 0.999993
2170 41.126069 41.126069 41.126069 0.999993 0.999993 0.999993
2180 41.126069 41.126069 41.126069 0.999993 0.999993 0.999993
2190 41.126069 41.126069 41.126069 0.999993 0.999993 0.999993
2200 41.126069 41.126069 41.126069 0.999993 0.999993 0.999993
2210 41.126069 41.126069 41.126069 0.999993 0.999993 0.999993
2220 41.126069 41.126069 41.126069 0.999993 0.999993 0.999993
2230 41.126069 41.126069 41.126069 0.999993 0.999993 0.999993
2240 41.126069 41.126069 41.126069 0.999993 0.999993 0.999993
2250 41.126069 41.126069 41.126069 0.999993 0.999993 0.999993
2260 41.126069 41.126069 41.126069 0.999993 0.999993 0.999993
2270 41.126069 41.126069 41.126069 0.999993 0.999993 0.999993
2280 41.126069 41.126069 41.126069 0.999993 0.999993 0.999993
2290 41.126069 41.126069 41.126069 0.999993 0.999993 0.999993
2300 41.126069 41.126069 41.126069 0.999993 0.999993 0.999993
2310 41.126069 41.126069 41.126069 0.999993 0.999993 0.999993
2320 41.126069 41.126069 41.126069 0.999993 0.999993 0.999993
2330 41.126069 41.126069 41.126069 0.999993 0.999993 0.999993
2340 41.126069 41.126069 41.126069 0.999993 0.999993 0.999993
2350 41.126069 41.126069 41.126069 0.999993 0.999993 0.999993
2360 41.126069 41.126069 41.126069 0.999993 0.999993 0.999993
2370 41.126069 41.126069 41.126069 0.999993 0.999993 0.999993
2380 41.126069 41.126069 41.126069 0.999993 0.999993 0.999993
2390 41.126069 41.126069 41.126069 0.999993 0.999993 0.999993
2400 41.126069 41.126069 41.126069 0.999993 0.999993 0.999993
2410 41.126069 41.126069 41.126069 0.999993 0.999993 0.999993
2420 41.126069 41.126069 41.126069 0.999993 0.999993 0.999993
2430 41.126069 41.126069 41.126069 0.999993 0.999993 0.999993
2440 41.126069 41.126069 41.126069 0.999993 0.999993 0.999993
2450 41.126069 41.126069 41.126069 0.999993 0.999993 0.999993
2460 41.126069 41.126069 41.126069 0.999993 0.999993 0.999993
2470 41.126069 41.126069 41.126069 0.999993 0.999993 0.999993
2480 41.126069 41.126069 41.126069 0.999993 0.999993 0.999993
2490 41.126069 41.126069 41.126069 0.999993 0.999993 0.999993
2500 41.126069 41.126069 41.126069 0.999993 0.999993 0.999993
2510 41.126069 41.126069 41.126069 0.999993 0.999993 0.999993
2520 41.126069 41.126069 41.126069 0.999993 0.999993 0.999993
2530 41.126069 41.126069 41.126069 0.999993 0.999993 0.999993
2540 41.126069 41.126069 41.126069 0.999993 0.999993 0.999993
2550 41.126069 41.126069 41.126069 0.999993 0.999993 0.999993
2560 41.126069 41.126069 41.126069 0.999993 0.999993 0.999993
2570 41.126069 41.126069 41.126069 0.999993 0.999993 0.999993
2580 41.126069 41.126069 41.126069 0.999993 0.999993 0.999993
2590 41.126069 41.126069 41.126069 0.999993 0.999993 0.999993
2600 41.126069 41.126069 41.126069 0.999993 0.999993 0.999993
2610 41.126069 41.126069 41.126069 0.999993 0.999993 0.999993
2620 41.126069 41.126069 41.126069 0.999993 0.999993 0.999993
2630 41.126069 41.126069 41.126069 0.999993 0.999993 0.999993
2640 41.126069 41.126069 41.126069 0.999993 0.999993 0.999993
2650 41.126069 41.126069 41.126069 0.999993 0.999993 0.999993
2660 41.126069 41.126069 41.126069 0.999993 0.999993 0.999993
2670 41.126069 41.126069 41.126069 0.999993 0.999993 0.999993
2680 41.126069 41.126069 41.126069 0.999993 0.999993 0.999993
2690 41.126069 41.126069 41.126069 0.999993 0.999993 0.999993
2700 41.126069 41.126069 41.126069 0.999993 0.999993 0.999993
2710 41.126069 41.126069 41.126069 0.999993 0.999993 0.999993
2720 41.126069 41.126069 41.126069 0.999993 0.999993 0.999993
2730 41.126069 41.126069 41.126069 0.999993 0.999993 0.999993
2740 41.126069 41.126069 41.126069 0.999993 0.999993 0.999993
2750 41.126069 41.126069 41.126069 0.999993 0.999993 0.999993
2760 41.126069 41.126069 41.126069 0.999993 0.999993 0.999993
2770 41.126069 41.126069 41.126069 0.999993 0.999993 0.999993
2780 41.126069 41.126069 41.126069 0.999993 0.999993 0.999993
2790 41.126069 41.126069 41.126069 0.999993 0.999993 0.999993
2800 41.126069 41.126069 41.126069 0.999993 0.999993 0.999993
2810 41.126069 41.126069 41.126069 0.999993 0.999993 0.999993
2820 41.126069 41.126069 41.126069 0.999993 0.999993 0.999993
2830 41.126069 41.126069 41.126069 0.999993 0.999993 0.999993
2840 41.126069 41.126069 41.126069 0.999993 0.999993 0.999993
2850 41.126069 41.126069 41.126069 0.999993 0.999993 0.999993
2860 41.126069 41.126069 41.126069 0.999993 0.999993 0.999993
2870 41.126069 41.126069 41.126069 0.999993 0.999993 0.999993
2880 41.126069 41.126069 41.126069 0.999993 0.999993 0.999993
2890 41.126069 41.126069 41.126069 0.999993 0.999993 0.999993
2900 41.126069 41.126069 41.126069 0.999993 0.999993 0.999993
2910 41.126069 41.126069 41.126069 0.999993 0.999993 0.999993
2920 41.126069 41.126069 41.126069 0.999993 0.999993 0.999993
2930 41.126069 41.126069 41.126069 0.999993 0.999993 0.999993
2940 41.126069 41.126069 41.126069 0.999993 0.999993 0.999993
2950 41.126069 41.126069 41.126069 0.999993 0.999993 0.999993
2960 41.126069 41.126069 41.126069 0.999993 0.999993 0.999993
2970 41.126069 41.126069 41.126069 0.999993 0.999993 0.999993
2980 41.126069 41.126069 41.126069 0.999993 0.999993 0.999993
2990 41.126069 41.126069 41.126069 0.999993 0.999993 0.999993
3000 41.126069 41.126069 41.126069 0.999993 0.999993 0.999993
3010 41.126069 41.126069 41.126069 0.999993 0.999993 0.999993
3020 41.126069 41.126069 41.126069 0.999993 0.999993 0.999993
3030 41.126069 41.126069 41.126069 0.999993 0.999993 0.999993
3040 41.126069 41.126069 41.126069 0.999993 0.999993 0.999993
3050 41.126069 41.126069 41.126069 0.999993 0.999993 0.999993
3060 41.126069 41.126069 41.126069 0.999993 0.999993 0.999993
3070 41.126069 41.126069 41.126069 0.999993 0.999993 0.999993
3080 41.126069 41.126069 41.126069 0.999993 0.999993 0.999993
3090 41.126069 41.126069 41.126069 0.999993 0.999993 0.999993
3100 41.126069 41.126069 41.126069 0.999993 0.999993 0.999993
3110 41.126069 41.126069 41.126069 0.999993 0.999993 0.999993
3120 41.126069 41.126069 41.126069 0.999993 0.999993 0.999993
3130 41.126069 41.126069 41.126069 0.999993 0.999993 0.999993
3140 41.126069 41.126069 41.126069 0.999993 0.999993 0.999993
3150 41.126069 41.126069 41.126069 0.999993 0.999993 0.999993
3160 41.126069 41.126069 41.126069 0.999993 0.999993 0.999993
3170 41.126069 41.126069 41.126069 0.999993 0.999993 0.999993
3180 41.126069 41.126069 41.126069 0.999993 0.999993 0.999993
3190 41.126069 41.126069 41.126069 0.999993 0.999993 0.999993
3200 41.126069 41.126069 41.126069 0.999993 0.999993 0.999993
3210 41.126069 41.126069 41.126069 0.999993 0.999993 0.999993
3220 41.126069 41.126069 41.126069 0.999993 0.999993 0.999993
3230 41.126069 41.126069 41.126069 0.999993 0.999993 0.999993
3240 41.126069 41.126069 41.126069 0.999993 0.999993 0.999993
3250 41.126069 41.126069 41.126069 0.999993 0.999993 0.999993
3260 41.126069 41.126069 41.126069 0.999993 0.999993 0.999993
3270 41.126069 41.126069 41.126069 0.999993 0.999993 0.999993
3280 41.126069 41.126069 41.126069 0.999993 0.999993 0.999993
3290 41.126069 41.126069 41.126069 0.999993 0.999993 0.999993
3300 41.126069 41.126069 41.126069 0.999993 0.999993 0.999993
3310 41.126069 41.126069 41.126069 0.999993 0.999993 0.999993
3320 41.126069 41.126069 41.126069 0.999993 0.999993 0.999993
3330 41.126069 41.126069 41.126069 0.999993 0.999993 0.999993
3340 41.126069 41.126069 41.126069 0.999993 0.999993 0.999993
3350 41.126069 41.126069 41.126069 0.999993 0.999993 0.999993
3360 41.126069 41.126069 41.126069 0.999993 0.999993 0.999993
3370 41.126069 41.126069 41.126069 0.999993 0.999993 0.999993
3380 41.126069 41.126069 41.126069 0.999993 0.999993 0.999993
3390 41.126069 41.126069 41.126069 0.999993 0.999993 0.999993
3400 41.126069 41.126069 41.126069 0.999993 0.999993 0.999993
3410 41.126069 41.126069 41.126069 0.999993 0.999993 0.999993
3420 41.126069 41.126069 41.126069 0.999993 0.999993 0.999993
3430 41.126069 41.126069 41.126069 0.999993 0.999993 0.999993
3440 41.126069 41.126069 41.126069 0.999993 0.999993 0.999993
3450 41.126069 41.126069 41.126069 0.999993 0.999993 0.999993
3460 41.126069 41.126069 41.126069 0.999993 0.999993 0.999993
3470 41.126069 41.126069 41.126069 0.999993 0.999993 0.999993
3480 41.126069 41.126069 41.126069 0.999993 0.999993 0.999993
3490 41.126069 41.126069 41.126069 0.999993 0.999993 0.999993
3500 41.126069 41.126069 41.126069 0.999993 0.999993 0.999993
3510 41.126069 41.126069 41.126069 0.999993 0.999993 0.999993
3520 41.126069 41.126069 41.126069 0.999993 0.999993 0.999993
3530 41.126069 41.126069 41.126069 0.999993 0.999993 0.999993
3540 41.126069 41.126069 41.126069 0.999993 0.999993 0.999993
3550 41.126069 41.126069 41.126069 0.999993 0.999993 0.999993
3560 41.126069 41.126069 41.126069 0.999993 0.999993 0.999993
3570 41.126069 41.126069 41.126069 0.999993 0.999993 0.999993
3580 41.126069 41.126069 41.126069 0.999993 0.999993 0.999993
3590 41.126069 41.126069 41.126069 0.999993 0.999993 0.999993
3600 41.126069 41.126069 41.126069 0.999993 0.999993 0.999993
3610 41.126069 41.126069 41.126069 0.999993 0.999993 0.999993
3620 41.126069 41.126069 41.126069 0.999993 0.999993 0.999993
3630 41.126069 41.126069 41.126069 0.999993 0.999993 0.999993
3640 41.126069 41.126069 41.126069 0.999993 0.999993 0.999993
3650 41.126069 41.126069 41.126069 0.999993 0.999993 0.999993
3660 41.126069 41.126069 41.126069 0.999993 0.999993 0.999993
3670 41.126069 41.126069 41.126069 0.999993 0.999993 0.999993
3680 41.126069 41.126069 41.126069 0.999993 0.999993 0.999993
3690 41.126069 41.126069 41.126069 0.999993 0.999993 0.999993
3700 41.126069 41.126069 41.126069 0.999993 0.999993 0.999993
3710 41.126069 41.126069 41.126069 0.999993 0.999993 0.999993
3720 41.126069 41.126069 41.126069 0.999993 0.999993 0.999993
3730 41.126069 41.126069 41.126069 0.999993 0.999993 0.999993
3740 41.126069 41.126069 41.126069 0.999993 0.999993 0.999993
3750 41.126069 41.126069 41.126069 0.999993 0.999993 0.999993
3760 41.126069 41.126069 41.126069 0.999993 0.999993 0.999993
3770 41.126069 41.126069 41.126069 0.999993 0.999993 0.999993
3780 41.126069 41.126069 41.126069 0.999993 0.999993 0.999993
3790 41.126069 41.126069 41.126069 0.999993 0.999993 0.999993
3800 41.126069 41.126069 41.126069 0.999993 0.999993 0.999993
3810 41.126069 41.126069 41.126069 0.999993 0.999993 0.999993
3820 41.126069 41.126069 41.126069 0.999993 0.999993 0.999993
3830 41.126069 41.126069 41.126069 0.999993 0.999993 0.999993
3840 41.126069 41.126069 41.126069 0.999993 0.999993 0.999993
3850 41.126069 41.126069 41.126069 0.999993 0.999993 0.999993
3860 41.126069 41.126069 41.126069 0.999993 0.999993 0.999993
3870 41.126069 41.126069 41.126069 0.999993 0.999993 0.999993
3880 41.126069 41.126069 41.126069 0.999993 0.999993 0.999993
3890 41.126069 41.126069 41.126069 0.999993 0.999993 0.999993
3900 41.126069 41.126069 41.126069 0.999993 0.999993 0.999993
3910 41.126069 41.126069 41.126069 0.999993 0.999993 0.999993
3920 41.126069 41.126069 41.126069 0.999993 0.999993 0.999993
3930 41.126069 41.126069 41.126069 0.999993 0.999993 0.999993
3940 41.126069 41.126069 41.126069 0.999993 0.999993 0.999993
3950 41.126069 41.126069 41.126069 0.999993 0.999993 0.999993
3960 41.126069 41.126069 41.126069 0.999993 0.999993 0.999993
3970 41.126069 41.126069 41.126069 0.999993 0.999993 0.999993
3980 41.126069 41.126069 41.126069 0.999993 0.999993 0.999993
3990 41.126069 41.126069 41.126069 0.999993 0.999993 0.999993
4000 41.126069 41.126069 41.126069 0.999993 0.999993 0.999993
4010 41.126069 41.126069 41.126069 0.999993 0.999993 0.999993
4020 41.126069 41.126069 41.126069 0.999993 0.999993 0.999993
4030 41.126069 41.126069 41.126069 0.999993 0.999993 0.999993
4040 41.126069 41.126069 41.126069 0.999993 0.999993 0.999993
4050 41.126069 41.126069 41.126069 0.999993 0.999993 0.999993
4060 41.126069 41.126069 41.126069 0.999993 0.999993 0.999993
4070 41.126069 41.126069 41.126069 0.999993 0.999993 0.999993
4080 41.126069 41.126069 41.126069 0.999993 0.999993 0.999993
4090 41.126069 41.126069 41.126069 0.999993 0.999993 0.999993
4100 41.126069 41.126069 41.126069 0.999993 0.999993 0.999993
4110 41.126069 41.126069 41.126069 0.999993 0.999993 0.999993
4120 41.126069 41.126069 41.126069 0.999993 0.999993 0.999993
4130 41.126069 41.126069 41.126069 0.999993 0.999993 0.999993
4140 41.126069 41.126069 41.126069 0.999993 0.999993 0.999993
4150 41.126069 41.126069 41.126069 0.999993 0.999993 0.999993
4160 41.126069 41.126069 41.126069 0.999993 0.999993 0.999993
4170 41.126069 41.126069 41.126069 0.999993 0.999993 0.999993
4180 41.126069 41.126069 41.126069 0.999993 0.999993 0.999993
4190 41.126069 41.126069 41.126069 0.999993 0.999993 0.999993
4200 41.126069 41.126069 41.126069 0.999993 0.999993 0.999993
4210 41.126069 41.126069 41.126069 0.999993 0.999993 0.999993
4220 41.126069 41.126069 41.126069 0.999993 0.999993 0.999993
4230 41.126069 41.126069 41.126069 0.999993 0.999993 0.999993
4240 41.126069 41.126069 41.126069 0.999993 0.999993 0.999993
4250 41.126069 41.126069 41.126069 0.999993 0.999993 0.999993
4260 41.126069 41.126069 41.126069 0.999993 0.999993 0.999993
4270 41.126069 41.126069 41.126069 0.999993 0.999993 0.999993
4280 41.126069 41.126069 41.126069 0.999993 0.999993 0.999993
4290 41.126069 41.126069 41.126069 0.999993 0.999993 0.999993
4300 41.126069 41.126069 41.126069 0.999993 0.999993 0.999993
4310 41.126069 41.126069 41.126069 0.999993 0.999993 0.999993
4320 41.126069 41.126069 41.126069 0.999993 0.999993 0.999993
4330 41.126069 41.126069 41.126069 0.999993 0.999993 0.999993
4340 41.126069 41.126069 41.126069 0.999993 0.999993 0.999993
4350 41.126069 41.126069 41.126069 0.999993 0.999993 0.999993
4360 41.126069 41.126069 41.126069 0.999993 0.999993 0.999993
4370 41.126069 41.126069 41.126069 0.999993 0.999993 0.999993
4380 41.126069 41.126069 41.126069 0.999993 0.999993 0.999993
4390 41.126069 41.126069 41.126069 0.999993 0.999993 0.999993
4400 41.126069 41.126069 41.126069 0.999993 0.999993 0.999993
4410 41.126069 41.126069 41.126069 0.999993 0.999993 0.999993
4420 41.126069 41.126069 41.126069 0.999993 0.999993 0.999993
4430 41.126069 41.126069 41.126069 0.999993 0.999993 0.999993
4440 41.126069 41.126069 41.126069 0.999993 0.999993 0.999993
4450 41.126069 41.126069 41.126069 0.999993 0.999993 0.999993
4460 41.126069 41.126069 41.126069 0.999993 0.999993 0.999993
4470 41.126069 41.126069 41.126069 0.999993 0.999993 0.999993
4480 41.126069 41.126069 41.126069 0.999993 0.999993 0.999993
4490 41.126069 41.126069 41.126069 0.999993 0.999993 0.999993
4500 41.126069 41.126069 41.126069 0.999993 0.999993 0.999993
4510 41.126069 41.126069 41.126069 0.999993 0.999993 0.999993
4520 41.126069 41.126069 41.126069 0.999993 0.999993 0.999993
4530 41.126069 41.126069 41.126069 0.999993 0.999993 0.999993
4540 41.126069 41.126069 41.126069 0.999993 0.999993 0.999993
4550 41.126069 41.126069 41.126069 0.999993 0.999993 0.999993
4560 41.126069 41.126069 41.126069 0.999993 0.999993 0.999993
4570 41.126069 41.126069 41.126069 0.999993 0.999993 0.999993
4580 41.126069 41.126069 41.126069 0.999993 0.999993 0.999993
4590 41.126069 41.126069 41.126069 0.999993 0.999993 0.999993
4600 41.126069 41.126069 41.126069 0.999993 0.999993 0.999993
4610 41.126069 41.126069 41.126069 0.999993 0.999993 0.999993
4620 41.126069 41.126069 41.126069 0.999993 0.999993 0.999993
4630 41.126069 41.126069 41.126069 0.999993 0.999993 0.999993
4640 41.126069 41.126069 41.126069 0.999993 0.999993 0.999993
4650 41.126069 41.126069 41.126069 0.999993 0.999993 0.999993
4660 41.126069 41.126069 41.126069 0.999993 0.999993 0.999993
4670 41.126069 41.126069 41.126069 0.999993 0.999993 0.999993
4680 41.126069 41.126069 41.126069 0.999993 0.999993 0.999993
4690 41.126069 41.126069 41.126069 0.999993 0.999993 0.999993
4700 41.126069 41.126069 41.126069 0.999993 0.999993 0.999993
4710 41.126069 41.126069 41.126069 0.999993 0.999993 0.999993
4720 41.126069 41.126069 41.126069 0.999993 0.999993 0.999993
4730 41.126069 41.126069 41.126069 0.999993 0.999993 0.999993
4740 41.126069 41.126069 41.126069 0.999993 0.999993 0.999993
4750 41.126069 41.126069 41.126069 0.999993 0.999993 0.999993
4760 41.126069 41.126069 41.126069 0.999993 0.999993 0.999993
4770 41.126069 41.126069 41.126069 0.999993 0.999993 0.999993
4780 41.126069 41.126069 41.126069 0.999993 0.999993 0.999993
4790 41.126069 41.126069 41.126069 0.999993 0.999993 0.999993
4800 41.126069 41.126069 41.126069 0.999993 0.999993 0.999993
4810 41.126069 41.126069 41.126069 0.999993 0.999993 0.999993
4820 41.126069 41.126069 41.126069 0.999993 0.999993 0.999993
4830 41.126069 41.126069 41.126069 0.999993 0.999993 0.999993
4840 41.126069 41.126069 41.126069 0.999993 0.999993 0.999993
4850 41.126069 41.126069 41.126069 0.999993 0.999993 0.999993
4860 41.126069 41.126069 41.126069 0.999993 0.999993 0.999993
4870 41.126069 41.126069 41.126069 0.999993 0.999993 0.999993
4880 41.126069 41.126069 41.126069 0.999993 0.999993 0.999993
4890 41.126069 41.126069 41.126069 0.999993 0.999993 0.999993
4900 41.126069 41.126069 41.126069 0.999993 0.999993 0.999993
4910 41.126069 41.126069 41.126069 0.999993 0.999993 0.999993
4920 41.126069 41.126069 41.126069 0.999993 0.999993 0.999993
4930 41.126069 41.126069 41.126069 0.999993 0.999993 0.999993
4940 41.126069 41.126069 41.126069 0.999993 0.999993 0.999993
4950 41.126069 41.126069 41.126069 0.999993 0.999993 0.999993
4960 41.126069 41.126069 41.126069 0.999993 0.999993 0.999993
4970 41.126069 41.126069 41.126069 0.999993 0.999993 0.999993
4980 41.126069 41.126069 41.126069 0.999993 0.999993 0.999993
4990 41.126069 41.126069 41.126069 0.999993 0.999993 0.999993
5000 41.126069 41.126069 41.126069 0.999993 0.999993 0.999993
5010 41.126069 41.126069 41.126069 0.999993 0.999993 0.999993
5020 41.126069 41.126069 41.126069 0.999993 0.999993 0.999993
5030 41.126069 41.126069 41.126069 0.999993 0.999993 0.999993
5040 41.126069 41.126069 41.126069 0.999993 0.999993 0.999993
5050 41.126069 41.126069 41.126069 0.999993 0.999993 0.999993
5060 41.126069 41.126069 41.126069 0.999993 0.999993 0.999993
5070 41.126069 41.126069 41.126069 0.999993 0.999993 0.999993
5080 41.126069 41.126069 41.126069 0.999993 0.999993 0.999993
5090 41.126069 41.126069 41.126069 0.999993 0.999993 0.999993
5100 41.126069 41.126069 41.126069 0.999993 0.999993 0.999993
5110 41.126069 41.126069 41.126069 0.999993 0.999993 0.999993
5120 41.126069 41.126069 41.126069 0.999993 0.999993 0.999993
5130 41.126069 41.126069 41.126069 0.999993 0.999993 0.999993
5140 41.126069 41.126069 41.126069 0.999993 0.999993 0.999993
5150 41.126069 41.126069 41.126069 0.999993 0.999993 0.999993
5160 41.126069 41.126069 41.126069 0.999993 0.999993 0.999993
5170 41.126069 41.126069 41.126069 0.999993 0.999993 0.999993
5180 41.126069 41.126069 41.126069 0.999993 0.999993 0.999993
5190 41.126069 41.126069 41.126069 0.999993 0.999993 0.999993
5200 41.126069 41.126069 41.126069 0.999993 0.999993 0.999993
5210 41.126069 41.126069 41.126069 0.999993 0.999993 0.999993
5220 41.126069 41.126069 41.126069 0.999993 0.999993 0.999993
5230 41.126069 41.126069 41.126069 0.999993 0.999993 0.999993
5240 41.126069 41.126069 41.126069 0.999993 0.999993 0.999993
5250 41.126069 41.126069 41.126069 0.999993 0.999993 0.999993
5260 41.126069 41.126069 41.126069 0.999993 0.999993 0.999993
5270 41.126069 41.126069 41.126069 0.999993 0.999993 0.999993
5280 41.126069 41.126069 41.126069 0.999993 0.999993 0.999993
5290 41.126069 41.126069 41.126069 0.999993 0.999993 0.999993
5300 41.126069 41.126069 41.126069 0.999993 0.999993 0.999993
5310 41.126069 41.126069 41.126069 0.999993 0.999993 0.999993
5320 41.126069 41.126069 41.126069 0.999993 0.999993 0.999993
5330 41.126069 41.126069 41.126069 0.999993 0.999993 0.999993
5340 41.126069 41.126069 41.126069 0.999993 0.999993 0.999993
5350 41.126069 41.126069 41.126069 0.999993 0.999993 0.999993
5360 41.126069 41.126069 41.126069 0.999993 0.999993 0.999993
5370 41.126069 41.126069 41.126069 0.999993 0.999993 0.999993
5380 41.126069 41.126069 41.126069 0.999993 0.999993 0.999993
5390 41.126069 41.126069 41.126069 0.999993 0.999993 0.999993
5400 41.126069 41.126069 41.126069 0.999993 0.999993 0.999993
5410 41.126069 41.126069 41.126069 0.999993 0.999993 0.999993
5420 41.126069 41.126069 41.126069 0.999993 0.999993 0.999993
5430 41.126069 41.126069 41.126069 0.999993 0.999993 0.999993
5440 41.126069 41.126069 41.126069 0.999993 0.999993 0.999993
5450 41.126069 41.126069 41.126069 0.999993 0.999993 0.999993
5460 41.126069 41.126069 41.126069 0.999993 0.999993 0.999993
5470 41.126069 41.126069 41.126069 0.999993 0.999993 0.999993
5480 41.126069 41.126069 41.126069 0.999993 0.999993 0.999993
5490 41.126069 41.126069 41.126069 0.999993 0.999993 0.999993
5500 41.126069 41.126069 41.126069 0.999993 0.999993 0.999993
5510 41.126069 41.126069 41.126069 0.999993 0.999993 0.999993
5520 41.126069 41.126069 41.126069 0.999993 0.999993 0.999993
5530 41.126069 41.126069 41.126069 0.999993 0.999993 0.999993
5540 41.126069 41.126069 41.126069 0.999993 0.999993 0.999993
5550 41.126069 41.126069 41.126069 0.999993 0.999993 0.999993
5560 41.126069 41.126069 41.126069 0.999993 0.999993 0.999993
5570 41.126069 41.126069 41.126069 0.999993 0.999993 0.999993
5580 41.126069 41.126069 41.126069 0.999993 0.999993 0.999993
5590 41.126069 41.126069 41.126069 0.999993 0.999993 0.999993
5600 41.126069 41.126069 41.126069 0.999993 0.999993 0.999993
5610 41.126069 41.126069 41.126069 0.999993 0.999993 0.999993
5620 41.126069 41.126069 41.126069 0.999993 0.999993 0.999993
5630 41.126069 41.126069 41.126069 0.999993 0.999993 0.999993
5640 41.126069 41.126069 41.126069 0.999993 0.999993 0.999993
5650 41.126069 41.126069 41.126069 0.999993 0.999993 0.999993
5660 41.126069 41.126069 41.126069 0.999993 0.999993 0.999993
5670 41.126069 41.126069 41.126069 0.999993 0.999993 0.999993
5680 41.126069 41.126069 41.126069 0.999993 0.999993 0.999993
5690 41.126069 41.126069 41.126069 0.999993 0.999993 0.999993
5700 41.126069 41.126069 41.126069 0.999993 0.999993 0.999993
5710 41.126069 41.126069 41.126069 0.999993 0.999993 0.999993
5720 41.126069 41.126069 41.126069 0.999993 0.999993 0.999993
5730 41.126069 41.126069 41.126069 0.999993 0.999993 0.999993
5740 41.126069 41.126069 41.126069 0.999993 0.999993 0.999993
5750 41.126069 41.126069 41.126069 0.999993 0.999993 0.999993
5760 41.126069 41.126069 41.126069 0.999993 0.999993 0.999993
5770 41.126069 41.126069 41.126069 0.999993 0.999993 0.999993
5780 41.126069 41.126069 41.126069 0.999993 0.999993 0.999993
5790 41.126069 41.126069 41.126069 0.999993 0.999993 0.999993
5800 41.126069 41.126069 41.126069 0.999993 0.999993 0.999993
5810 41.126069 41.126069 41.126069 0.999993 0.999993 0.999993
5820 41.126069 41.126069 41.126069 0.999993 0.999993 0.999993
5830 41.126069 41.126069 41.126069 0.999993 0.999993 0.999993
5840 41.126069 41.126069 41.126069 0.999993 0.999993 0.999993
5850 41.126069 41.126069 41.126069 0.999993 0.999993 0.999993
5860 41.126069 41.126069 41.126069 0.999993 0.999993 0.999993
5870 41.126069 41.126069 41.126069 0.999993 0.999993 0.999993
5880 41.126069 41.126069 41.126069 0.999993 0.999993 0.999993
5890 41.126069 41.126069 41.126069 0.999993 0.999993 0.999993
5900 41.126069 41.126069 41.126069 0.999993 0.999993 0.999993
5910 41.126069 41.126069 41.126069 0.999993 0.999993 0.999993
5920 41.126069 41.126069 41.126069 0.999993 0.999993 0.999993
5930 41.126069 41.126069 41.126069 0.999993 0.999993 0.999993
5940 41.126069 41.126069 41.126069 0.999993 0.999993 0.999993
5950 41.126069 41.126069 41.126069 0.999993 0.999993 0.999993
5960 41.126069 41.126069 41.126069 0.999993 0.999993 0.999993
5970 41.126069 41.126069 41.126069 0.999993 0.999993 0.999993
5980 41.126069 41.126069 41.126069 0.999993 0.999993 0.999993
5990 41.126069 41.126069 41.126069 0.999993 0.999993 0.999993
6000 41.126069 41.126069 41.126069 0.999993 0.999993 0.999993
6010 41.126069 41.126069 41.126069 0.999993 0.999993 0.999993
6020 41.126069 41.126069 41.126069 0.999993 0.999993 0.999993
6030 41.126069 41.126069 41.126069 0.999993 0.999993 0.999993
6040 41.126069 41.126069 41.126069 0.999993 0.999993 0.999993
6050 41.126069 41.126069 41.126069 0.999993 0.999993 0.999993
6060 41.126069 41.126069 41.126069 0.999993 0.999993 0.999993
6070 41.126069 41.126069 41.126069 0.999993 0.999993 0.999993
6080 41.126069 41.126069 41.126069 0.999993 0.999993 0.999993
6090 41.126069 41.126069 41.126069 0.999993 0.999993 0.999993
6100 41.126069 41.126069 41.126069 0.999993 0.999993 0.999993
6110 41.126069 41.126069 41.126069 0.999993 0.999993 0.999993
6120 41.126069 41.126069 41.126069 0.999993 0.999993 0.999993
6130 41.126069 41.126069 41.126069 0.999993 0.999993 0.999993
6140 41.126069 41.126069 41.126069 0.999993 0.999993 0.999993
6150 41.126069 41.126069 41.126069 0.999993 0.999993 0.999993
6160 41.126069 41.126069 41.126069 0.999993 0.999993 0.999993
6170 41.126069 41.126069 41.126069 0.999993 0.999993 0.999993
6180 41.126069 41.126069 41.126069 0.999993 0.999993 0.999993
6190 41.126069 41.126069 41.126069 0.999993 0.999993 0.999993
6200 41.126069 41.126069 41.126069 0.999993 0.999993 0.999993
6210 41.126069 41.126069 41.126069 0.999993 0.999993 0.999993
6220 41.126069 41.126069 41.126069 0.999993 0.999993 0.999993
6230 41.126069 41.126069 41.126069 0.999993 0.999993 0.999993
6240 41.126069 41.126069 41.126069 0.999993 0.999993 0.999993
6250 41.126069 41.126069 41.126069 0.999993 0.999993 0.999993
6260 41.126069 41.126069 41.126069 0.999993 0.999993 0.999993
6270 41.126069 41.126069 41.126069 0.999993 0.999993 0.999993
6280 41.126069 41.126069 41.126069 0.999993 0.999993 0.999993
6290 41.126069 41.126069 41.126069 0.999993 0.999993 0.999993
6300 41.126069 41.126069 41.126069 0.999993 0.999993 0.999993
6310 41.126069 41.126069 41.126069 0.999993 0.999993 0.999993
6320 41.126069 41.126069 41.126069 0.999993 0.999993 0.999993
6330 41.126069 41.126069 41.126069 0.999993 0.999993 0.999993
6340 41.126069 41.126069 41.126069 0.999993 0.999993 0.999993
6350 41.126069 41.126069 41.126069 0.999993 0.999993 0.999993
6360 41.126069 41.126069 41.126069 0.999993 0.999993 0.999993
6370 41.126069 41.126069 41.126069 0.999993 0.999993 0.999993
6380 41.126069 41.126069 41.126069 0.999993 0.999993 0.999993
6390 41.126069 41.126069 41.126069 0.999993 0.999993 0.999993
6400 41.126069 41.126069 41.126069 0.999993 0.999993 0.999993
6410 41.126069 41.126069 41.126069 0.999993 0.999993 0.999993
6420 41.126069 41.126069 41.126069 0.999993 0.999993 0.999993
6430 41.126069 41.126069 41.126069 0.999993 0.999993 0.999993
6440 41.126069 41.126069 41.126069 0.999993 0.999993 0.999993
6450 41.126069 41.126069 41.126069 0.999993 0.999993 0.999993
6460 41.126069 41.126069 41.126069 0.999993 0.999993 0.999993
6470 41.126069 41.126069 41.126069 0.999993 0.999993 0.999993
6480 41.126069 41.126069 41.126069 0.999993 0.999993 0.999993
6490 41.126069 41.126069 41.126069 0.999993 0.999993 0.999993
6500 41.126069 41.126069 41.126069 0.999993 0.999993 0.999993
6510 41.126069 41.126069 41.126069 0.999993 0.999993 0.999993
6520 41.126069 41.126069 41.126069 0.999993 0.999993 0.999993
6530 41.126069 41.126069 41.126069 0.999993 0.999993 0.999993
6540 41.126069 41.126069 41.126069 0.999993 0.999993 0.999993
6550 41.126069 41.126069 41.126069 0.999993 0.999993 0.999993
6560 41.126069 41.126069 41.126069 0.999993 0.999993 0.999993
6570 41.126069 41.126069 41.126069 0.999993 0.999993 0.999993
6580 41.126069 41.126069 41.126069 0.999993 0.999993 0.999993
6590 41.126069 41.126069 41.126069 0.999993 0.999993 0.999993
6600 41.126069 41.126069 41.126069 0.999993 0.999993 0.999993
6610 41.126069 41.126069 41.126069 0.999993 0.999993 0.999993
6620 41.126069 41.126069 41.126069 0.999993 0.999993 0.999993
6630 41.126069 41.126069 41.126069 0.999993 0.999993 0.999993
6640 41.126069 41.126069 41.126069 0.999993 0.999993 0.999993
6650 41.126069 41.126069 41.126069 0.999993 0.999993 0.999993
6660 41.126069 41.126069 41.126069 0.999993 0.999993 0.999993
6670 41.126069 41.126069 41.126069 0.999993 0.999993 0.999993
6680 41.126069 41.126069 41.126069 0.999993 0.999993 0.999993
6690 41.126069 41.126069 41.126069 0.999993 0.999993 0.999993
6700 41.126069 41.126069 41.126069 0.999993 0.999993 0.999993
6710 41.126069 41.126069 41.126069 0.999993 0.999993 0.999993
6720 41.126069 41.126069 41.126069 0.999993 0.999993 0.999993
6730 41.126069 41.126069 41.126069 0.999993 0.999993 0.999993
6740 41.126069 41.126069 41.126069 0.999993 0.999993 0.999993
6750 41.126069 41.126069 41.126069 0.999993 0.999993 0.999993
6760 41.126069 41.126069 41.126069 0.999993 0.999993 0.999993
6770 41.126069 41.126069 41.126069 0.999993 0.999993 0.999993
6780 41.126069 41.126069 41.126069 0.999993 0.999993 0.999993
6790 41.126069 41.126069 41.126069 0.999993 0.999993 0.999993
6800 41.126069 41.126069 41.126069 0.999993 0.999993 0.999993
6810 41.126069 41.126069 41.126069 0.999993 0.999993 0.999993
6820 41.126069 41.126069 41.126069 0.999993 0.999993 0.999993
6830 41.126069 41.126069 41.126069 0.999993 0.999993 0.999993
6840 41.126069 41.126069 41.126069 0.999993 0.999993 0.999993
6850 41.126069 41.126069 41.126069 0.999993 0.999993 0.999993
6860 41.126069 41.126069 41.126069 0.999993 0.999993 0.999993
6870 41.126069 41.126069 41.126069 0.999993 0.999993 0.999993
6880 41.126069 41.126069 41.126069 0.999993 0.999993 0.999993
6890 41.126069 41.126069 41.126069 0.999993 0.999993 0.999993
6900 41.126069 41.126069 41.126069 0.999993 0.999993 0.999993
6910 41.126069 41.126069 41.126069 0.999993 0.999993 0.999993
6920 41.126069 41.126069 41.126069 0.999993 0.999993 0.999993
6930 41.126069 41.126069 41.126069 0.999993 0.999993 0.999993
6940 41.126069 41.126069 41.126069 0.999993 0.999993 0.999993
6950 41.126069 41.126069 41.126069 0.999993 0.999993 0.999993
6960 41.126069 41.126069 41.126069 0.999993 0.999993 0.999993
6970 41.126069 41.126069 41.126069 0.999993 0.999993 0.999993
6980 41.126069 41.126069 41.126069 0.999993 0.999993 0.999993
6990 41.126069 41.126069 41.126069 0.999993 0.999993 0.999993
7000 41.126069 41.126069 41.126069 0.999993 0.999993 0.999993
7010 41.126069 41.126069 41.126069 0.999993 0.999993 0.999993
7020 41.126069 41.126069 41.126069 0.999993 0.999993 0.999993
7030 41.126069 41.126069 41.126069 0.999993 0.999993 0.999993
7040 41.126069 41.126069 41.126069 0.999993 0.999993 0.999993
7050 41.126069 41.126069 41.126069 0.999993 0.999993 0.999993
7060 41.126069 41.126069 41.126069 0.999993 0.999993 0.999993
7070 41.126069 41.126069 41.126069 0.999993 0.999993 0.999993
7080 41.126069 41.126069 41.126069 0.999993 0.999993 0.999993
7090 41.126069 41.126069 41.126069 0.999993 0.999993 0.999993
7100 41.126069 41.126069 41.126069 0.999993 0.999993 0.999993
7110 41.126069 41.126069 41.126069 0.999993 0.999993 0.999993
7120 41.126069 41.126069 41.126069 0.999993 0.999993 0.999993
7130 41.126069 41.126069 41.126069 0.999993 0.999993 0.999993
7140 41.126069 41.126069 41.126069 0.999993 0.999993 0.999993
7150 41.126069 41.126069 41.126069 0.999993 0.999993 0.999993
7160 41.126069 41.126069 41.126069 0.999993 0.999993 0.999993
7170 41.126069 41.126069 41.126069 0.999993 0.999993 0.999993
7180 41.126069 41.126069 41.126069 0.999993 0.999993 0.999993
7190 41.126069 41.126069 41.126069 0.999993 0.999993 0.999993
7200 41.126069 41.126069 41.126069 0.999993 0.999993 0.999993
7210 41.126069 41.126069 41.126069 0.999993 0.999993 0.999993
7220 41.126069 41.126069 41.126069 0.999993 0.999993 0.999993
7230 41.126069 41.126069 41.126069 0.999993 0.999993 0.999993
7240 41.126069 41.126069 41.126069 0.999993 0.999993 0.999993
7250 41.126069 41.126069 41.126069 0.999993 0.999993 0.999993
7260 41.126069 41.126069 41.126069 0.999993 0.999993 0.999993
7270 41.126069 41.126069 41.126069 0.999993 0.999993 0.999993
7280 41.126069 41.126069 41.126069 0.999993 0.999993 0.999993
7290 41.126069 41.126069 41.126069 0.999993 0.999993 0.999993
7300 41.126069 41.126069 41.126069 0.999993 0.999993 0.999993
7310 41.126069 41.126069 41.126069 0.999993 0.999993 0.999993
7320 41.126069 41.126069 41.126069 0.999993 0.999993 0.999993
7330 41.126069 41.126069 41.126069 0.999993 0.999993 0.999993
7340 41.126069 41.126069 41.126069 0.999993 0.999993 0.999993
7350 41.126069 41.126069 41.126069 0.999993 0.999993 0.999993
7360 41.126069 41.126069 41.126069 0.999993 0.999993 0.999993
7370 41.126069 41.126069 41.126069 0.999993 0.999993 0.999993
7380 41.126069 41.126069 41.126069 0.999993 0.999993 0.999993
7390 41.126069 41.126069 41.126069 0.999993 0.999993 0.999993
7400 41.126069 41.126069 41.126069 0.999993 0.999993 0.999993
7410 41.126069 41.126069 41.126069 0.999993 0.999993 0.999993
7420 41.126069 41.126069 41.126069 0.999993 0.999993 0.999993
7430 41.126069 41.126069 41.126069 0.999993 0.999993 0.999993
7440 41.126069 41.126069 41.126069 0.999993 0.999993 0.999993
7450 41.126069 41.126069 41.126069 0.999993 0.999993 0.999993
7460 41.126069 41.126069 41.126069 0.999993 0.999993 0.999993
7470 41.126069 41.126069 41.126069 0.999993 0.999993 0.999993
7480 41.126069 41.126069 41.126069 0.999993 0.999993 0.999993
7490 41.126069 41.126069 41.126069 0.999993 0.999993 0.999993
7500 41.126069 41.126069 41.126069 0.999993 0.999993 0.999993
7510 41.126069 41.126069 41.126069 0.999993 0.999993 0.999993
7520 41.126069 41.126069 41.126069 0.999993 0.999993 0.999993
7530 41.126069 41.126069 41.126069 0.999993 0.999993 0.999993
7540 41.126069 41.126069 41.126069 0.999993 0.999993 0.999993
7550 41.126069 41.126069 41.126069 0.999993 0.999993 0.999993
7560 41.126069 41.126069 41.126069 0.999993 0.999993 0.999993
7570 41.126069 41.126069 41.126069 0.999993 0.999993 0.999993
7580 41.126069 41.126069 41.126069 0.999993 0.999993 0.999993
7590 41.126069 41.126069 41.126069 0.999993 0.999993 0.999993
7600 41.126069 41.126069 41.126069 0.999993 0.999993 0.999993
7610 41.126069 41.126069 41.126069 0.999993 0.999993 0.999993
7620 41.126069 41.126069 41.126069 0.999993 0.999993 0.999993
7630 41.126069 41.126069 41.126069 0.999993 0.999993 0.999993
7640 41.126069 41.126069 41.126069 0.999993 0.999993 0.999993
7650 41.126069 41.126069 41.126069 0.999993 0.999993 0.999993
7660 41.126069 41.126069 41.126069 0.999993 0.999993 0.999993
7670 41.126069 41.126069 41.126069 0.999993 0.999993 0.999993
7680 41.126069 41.126069 41.126069 0.999993 0.999993 0.999993
7690 41.126069 41.126069 41.126069 0.999993 0.999993 0.999993
7700 41.126069 41.126069 41.126069 0.999993 0.999993 0.999993
7710 41.126069 41.126069 41.126069 0.999993 0.999993 0.999993
7720 41.126069 41.126069 41.126069 0.999993 0.999993 0.999993
7730 41.126069 41.126069 41.126069 0.999993 0.999993 0.999993
7740 41.126069 41.126069 41.126069 0.999993 0.999993 0.999993
7750 41.126069 41.126069 41.126069 0.999993 0.999993 0.999993
7760 41.126069 41.126069 41.126069 0.999993 0.999993 0.999993
7770 41.126069 41.126069 41.126069 0.999993 0.999993 0.999993
7780 41.126069 41.126069 41.126069 0.999993 0.999993 0.999993
7790 41.126069 41.126069 41.126069 0.999993 0.999993 0.999993
7800 41.126069 41.126069 41.126069 0.999993 0.999993 0.999993
7810 41.126069 41.126069 41.126069 0.999993 0.999993 0.999993
7820 41.126069 41.126069 41.126069 0.999993 0.999993 0.999993
7830 41.126069 41.126069 41.126069 0.999993 0.999993 0.999993
7840 41.126069 41.126069 41.126069 0.999993 0.999993 0.999993
7850 41.126069 41.126069 41.126069 0.999993 0.999993 0.999993
7860 41.126069 41.126069 41.126069 0.999993 0.999993 0.999993
7870 41.126069 41.126069 41.126069 0.999993 0.999993 0.999993
7880 41.126069 41.126069 41.126069 0.999993 0.999993 0.999993
7890 41.126069 41.126069 41.126069 0.999993 0.999993 0.999993
7900 41.126069 41.126069 41.126069 0.999993 0.999993 0.999993
7910 41.126069 41.126069 41.126069 0.999993 0.999993 0.999993
7920 41.126069 41.126069 41.126069 0.999993 0.999993 0.999993
7930 41.126069 41.126069 41.126069 0.999993 0.999993 0.999993
7940 41.126069 41.126069 41.126069 0.999993 0.999993 0.999993
7950 41.126069 41.126069 41.126069 0.999993 0.999993 0.999993
7960 41.126069 41.126069 41.126069 0.999993 0.999993 0.999993
7970 41.126069 41.126069 41.126069 0.999993 0.999993 0.999993
7980 41.126069 41.126069 41.126069 0.999993 0.999993 0.999993
7990 41.126069 41.126069 41.126069 0.999993 0.999993 0.999993
8000 41.126069 41.126069 41.126069 0.999993 0.999993 0.999993
8010 41.126069 41.126069 41.126069 0.999993 0.999993 0.999993
8020 41.126069 41.126069 41.126069 0.999993 0.999993 0.999993
8030 41.126069 41.126069 41.126069 0.999993 0.999993 0.999993
8040 41.126069 41.126069 41.126069 0.999993 0.999993 0.999993
8050 41.126069 41.126069 41.126069 0.999993 0.999993 0.999993
8060 41.126069 41.126069 41.126069 0.999993 0.999993 0.999993
8070 41.126069 41.126069 41.126069 0.999993 0.999993 0.999993
8080 41.126069 41.126069 41.126069 0.999993 0.999993 0.999993
8090 41.126069 41.126069 41.126069 0.999993 0.999993 0.999993
8100 41.126069 41.126069 41.126069 0.999993 0.999993 0.999993
8110 41.126069 41.126069 41.126069 0.999993 0.999993 0.999993
8120 41.126069 41.126069 41.126069 0.999993 0.999993 0.999993
8130 41.126069 41.126069 41.126069 0.999993 0.999993 0.999993
8140 41.126069 41.126069 41.126069 0.999993 0.999993 0.999993
8150 41.126069 41.126069 41.126069 0.999993 0.999993 0.999993
8160 41.126069 41.126069 41.126069 0.999993 0.999993 0.999993
8170 41.126069 41.126069 41.126069 0.999993 0.999993 0.999993
8180 41.126069 41.126069 41.126069 0.999993 0.999993 0.999993
8190 41.126069 41.126069 41.126069 0.999993 0.999993 0.999993
8200 41.126069 41.126069 41.126069 0.999993 0.999993 0.999993
8210 41.126069 41.126069 41.126069 0.999993 0.999993 0.999993
8220 41.126069 41.126069 41.126069 0.999993 0.999993 0.999993
8230 41.126069 41.126069 41.126069 0.999993 0.999993 0.999993
8240 41.126069 41.126069 41.126069 0.999993 0.999993 0.999993
8250 41.126069 41.126069 41.126069 0.999993 0.999993 0.999993
8260 41.126069 41.126069 41.126069 0.999993 0.999993 0.999993
8270 41.126069 41.126069 41.126069 0.999993 0.999993 0.999993
8280 41.126069 41.126069 41.126069 0.999993 0.999993 0.999993
8290 41.126069 41.126069 41.126069 0.999993 0.999993 0.999993
8300 41.126069 41.126069 41.126069 0.999993 0.999993 0.999993
8310 41.126069 41.126069 41.126069 0.999993 0.999993 0.999993
8320 41.126069 41.126069 41.126069 0.999993 0.999993 0.999993
8330 41.126069 41.126069 41.126069 0.999993 0.999993 0.999993
8340 41.126069 41.126069 41.126069 0.999993 0.999993 0.999993
8350 41.126069 41.126069 41.126069 0.999993 0.999993 0.999993
8360 41.126069 41.126069 41.126069 0.999993 0.999993 0.999993
8370 41.126069 41.126069 41.126069 0.999993 0.999993 0.999993
8380 41.126069 41.126069 41.126069 0.999993 0.999993 0.999993
8390 41.126069 41.126069 41.126069 0.999993 0.999993 0.999993
8400 41.126069 41.126069 41.126069 0.999993 0.999993 0.999993
8410 41.126069 41.126069 41.126069 0.999993 0.999993 0.999993
8420 41.126069 41.126069 41.126069 0.999993 0.999993 0.999993
8430 41.126069 41.126069 41.126069 0.999993 0.999993 0.999993
8440 41.126069 41.126069 41.126069 0.999993 0.999993 0.999993
8450 41.126069 41.126069 41.126069 0.999993 0.999993 0.999993
8460 41.126069 41.126069 41.126069 0.999993 0.999993 0.999993
8470 41.126069 41.126069 41.126069 0.999993 0.999993 0.999993
8480 41.126069 41.126069 41.126069 0.999993 0.999993 0.999993
8490 41.126069 41.126069 41.126069 0.999993 0.999993 0.999993
8500 41.126069 41.126069 41.126069 0.999993 0.999993 0.999993
8510 41.126069 41.126069 41.126069 0.999993 0.999993 0.999993
8520 41.126069 41.126069 41.126069 0.999993 0.999993 0.999993
8530 41.126069 41.126069 41.126069 0.999993 0.999993 0.999993
8540 41.126069 41.126069 41.126069 0.999993 0.999993 0.999993
8550 41.126069 41.126069 41.126069 0.999993 0.999993 0.999993
8560 41.126069 41.126069 41.126069 0.999993 0.999993 0.999993
8570 41.126069 41.126069 41.126069 0.999993 0.999993 0.999993
8580 41.126069 41.126069 41.126069 0.999993 0.999993 0.999993
8590 41.126069 41.126069 41.126069 0.999993 0.999993 0.999993
8600 41.126069 41.126069 41.126069 0.999993 0.999993 0.999993
8610 41.126069 41.126069 41.126069 0.999993 0.999993 0.999993
8620 41.126069 41.126069 41.126069 0.999993 0.999993 0.999993
8630 41.126069 41.126069 41.126069 0.999993 0.999993 0.999993
8640 41.126069 41.126069 41.126069 0.999993 0.999993 0.999993
8650 41.126069 41.126069 41.126069 0.999993 0.999993 0.999993
8660 41.126069 41.126069 41.126069 0.999993 0.999993 0.999993
8670 41.126069 41.126069 41.126069 0.999993 0.999993 0.999993
8680 41.126069 41.126069 41.126069 0.999993 0.999993 0.999993
8690 41.126069 41.126069 41.126069 0.999993 0.999993 0.999993
8700 41.126069 41.126069 41.126069 0.999993 0.999993 0.999993
8710 41.126069 41.126069 41.126069 0.999993 0.999993 0.999993
8720 41.126069 41.126069 41.126069 0.999993 0.999993 0.999993
8730 41.126069 41.126069 41.126069 0.999993 0.999993 0.999993
8740 41.126069 41.126069 41.126069 0.999993 0.999993 0.999993
8750 41.126069 41.126069 41.126069 0.999993 0.999993 0.999993
8760 41.126069 41.126069 41.126069 0.999993 0.999993 0.999993
8770 41.126069 41.126069 41.126069 0.999993 0.999993 0.999993
8780 41.126069 41.126069 41.126069 0.999993 0.999993 0.999993
8790 41.126069 41.126069 41.126069 0.999993 0.999993 0.999993
8800 41.126069 41.126069 41.126069 0.999993 0.999993 0.999993
8810 41.126069 41.126069 41.126069 0.999993 0.999993 0.999993
8820 41.126069 41.126069 41.126069 0.999993 0.999993 0.999993
8830 41.126069 41.126069 41.126069 0.999993 0.999993 0.999993
8840 41.126069 41.126069 41.126069 0.999993 0.999993 0.999993
8850 41.126069 41.126069 41.126069 0.999993 0.999993 0.999993
8860 41.126069 41.126069 41.126069 0.999993 0.999993 0.999993
8870 41.126069 41.126069 41.126069 0.999993 0.999993 0.999993
8880 41.126069 41.126069 41.126069 0.999993 0.999993 0.999993
8890 41.126069 41.126069 41.126069 0.999993 0.999993 0.999993
8900 41.126069 41.126069 41.126069 0.999993 0.999993 0.999993
8910 41.126069 41.126069 41.126069 0.999993 0.999993 0.999993
8920 41.126069 41.126069 41.126069 0.999993 0.999993 0.999993
8930 41.126069 41.126069 41.126069 0.999993 0.999993 0.999993
8940 41.126069 41.126069 41.126069 0.999993 0.999993 0.999993
8950 41.126069 41.126069 41.126069 0.999993 0.999993 0.999993
8960 41.126069 41.126069 41.126069 0.999993 0.999993 0.999993
8970 41.126069 41.126069 41.126069 0.999993 0.999993 0.999993
8980 41.126069 41.126069 41.126069 0.999993 0.999993 0.999993
8990 41.126069 41.126069 41.126069 0.999993 0.999993 0.999993
9000 41.126069 41.126069 41.126069 0.999993 0.999993 0.999993
9010 41.126069 41.126069 41.126069 0.999993 0.999993 0.999993
9020 41.126069 41.126069 41.126069 0.999993 0.999993 0.999993
9030 41.126069 41.126069 41.126069 0.999993 0.999993 0.999993
9040 41.126069 41.126069 41.126069 0.999993 0.999993 0.999993
9050 41.126069 41.126069 41.126069 0.999993 0.999993 0.999993
9060 41.126069 41.126069 41.126069 0.999993 0.999993 0.999993
9070 41.126069 41.126069 41.126069 0.999993 0.999993 0.999993
9080 41.126069 41.126069 41.126069 0.999993 0.999993 0.999993
9090 41.126069 41.126069 41.126069 0.999993 0.999993 0.999993
9100 41.126069 41.126069 41.126069 0.999993 0.999993 0.999993
9110 41.126069 41.126069 41.126069 0.999993 0.999993 0.999993
9120 41.126069 41.126069 41.126069 0.999993 0.999993 0.999993
9130 41.126069 41.126069 41.126069 0.999993 0.999993 0.999993
9140 41.126069 41.126069 41.126069 0.999993 0.999993 0.999993
9150 41.126069 41.126069 41.126069 0.999993 0.999993 0.999993
9160 41.126069 41.126069 41.126069 0.999993 0.999993 0.999993
9170 41.126069 41.126069 41.126069 0.999993 0.999993 0.999993
9180 41.126069 41.126069 41.126069 0.999993 0.999993 0.999993
9190 41.126069 41.126069 41.126069 0.999993 0.999993 0.999993
9200 41.126069 41.126069 41.126069 0.999993 0.999993 0.999993
9210 41.126069 41.126069 41.126069 0.999993 0.999993 0.999993
9220 41.126069 41.126069 41.126069 0.999993 0.999993 0.999993
9230 41.126069 41.126069 41.126069 0.999993 0.999993 0.999993
9240 41.126069 41.126069 41.126069 0.999993 0.999993 0.999993
9250 41.126069 41.126069 41.126069 0.999993 0.999993 0.999993
9260 41.126069 41.126069 41.126069 0.999993 0.999993 0.999993
9270 41.126069 41.126069 41.126069 0.999993 0.999993 0.999993
9280 41.126069 41.126069 41.126069 0.999993 0.999993 0.999993
9290 41.126069 41.126069 41.126069 0.999993 0.999993 0.999993
9300 41.126069 41.126069 41.126069 0.999993 0.999993 0.999993
9310 41.126069 41.126069 41.126069 0.999993 0.999993 0.999993
9320 41.126069 41.126069 41.126069 0.999993 0.999993 0.999993
9330 41.126069 41.126069 41.126069 0.999993 0.999993 0.999993
9340 41.126069 41.126069 41.126069 0.999993 0.999993 0.999993
9350 41.126069 41.126069 41.126069 0.999993 0.999993 0.999993
9360 41.126069 41.126069 41.126069 0.999993 0.999993 0.999993
9370 41.126069 41.126069 41.126069 0.999993 0.999993 0.999993
9380 41.126069 41.126069 41.126069 0.999993 0.999993 0.999993
9390 41.126069 41.126069 41.126069 0.999993 0.999993 0.999993
9400 41.126069 41.126069 41.126069 0.999993 0.999993 0.999993
9410 41.126069 41.126069 41.126069 0.999993 0.999993 0.999993
9420 41.126069 41.126069 41.126069 0.999993 0.999993 0.999993
9430 41.126069 41.126069 41.126069 0.999993 0.999993 0.999993
9440 41.126069 41.126069 41.126069 0.999993 0.999993 0.999993
9450 41.126069 41.126069 41.126069 0.999993 0.999993 0.999993
9460 41.126069 41.126069 41.126069 0.999993 0.999993 0.999993
9470 41.126069 41.126069 41.126069 0.999993 0.999993 0.999993
9480 41.126069 41.126069 41.126069 0.999993 0.999993 0.999993
9490 41.126069 41.126069 41.126069 0.999993 0.999993 0.999993
9500 41.126069 41.126069 41.126069 0.999993 0.999993 0.999993
9510 41.126069 41.126069 41.126069 0.999993 0.999993 0.999993
9520 41.126069 41.126069 41.126069 0.999993 0.999993 0.999993
9530 41.126069 41.126069 41.126069 0.999993 0.999993 0.999993
9540 41.126069 41.126069 41.126069 0.999993 0.999993 0.999993
9550 41.126069 41.126069 41.126069 0.999993 0.999993 0.999993
9560 41.126069 41.126069 41.126069 0.999993 0.999993 0.999993
9570 41.126069 41.126069 41.126069 0.999993 0.999993 0.999993
9580 41.126069 41.126069 41.126069 0.999993 0.999993 0.999993
9590 41.126069 41.126069 41.126069 0.999993 0.999993 0.999993
9600 41.126069 41.126069 41.126069 0.999993 0.999993 0.999993
9610 41.126069 41.126069 41.126069 0.999993 0.999993 0.999993
9620 41.126069 41.126069 41.126069 0.999993 0.999993 0.999993
9630 41.126069 41.126069 41.126069 0.999993 0.999993 0.999993
9640 41.126069 41.126069 41.126069 0.999993 0.999993 0.999993
9650 41.126069 41.126069 41.126069 0.999993 0.999993 0.999993
9660 41.126069 41.126069 41.126069 0.999993 0.999993 0.999993
9670 41.126069 41.126069 41.126069 0.999993 0.999993 0.999993
9680 41.126069 41.126069 41.126069 0.999993 0.999993 0.999993
9690 41.126069 41.126069 41.126069 0.999993 0.999993 0.999993
9700 41.126069 41.126069 41.126069 0.999993 0.999993 0.999993
9710 41.126069 41.126069 41.126069 0.999993 0.999993 0.999993
9720 41.126069 41.126069 41.126069 0.999993 0.999993 0.999993
9730 41.126069 41.126069 41.126069 0.999993 0.999993 0.999993
9740 41.126069 41.126069 41.126069 0.999993 0.999993 0.999993
9750 41.126069 41.126069 41.126069 0.999993 0.999993 0.999993
9760 41.126069 41.126069 41.126069 0.999993 0.999993 0.999993
9770 41.126069 41.126069 41.126069 0.999993 0.999993 0.999993
9780 41.126069 41.126069 41.126069 0.999993 0.999993 0.999993
9790 41.126069 41.126069 41.126069 0.999993 0.999993 0.999993
9800 41.126069 41.126069 41.126069 0.999993 0.999993 0.999993
9810 41.126069 41.126069 41.126069 0.999993 0.999993 0.999993
9820 41.126069 41.126069 41.126069 0.999993 0.999993 0.999993
9830 41.126069 41.126069 41.126069 0.999993 0.999993 0.999993
9840 41.126069 41.126069 41.126069 0.999993 0.999993 0.999993
9850 41.126069 41.126069 41.126069 0.999993 0.999993 0.999993
9860 41.126069 41.126069 41.126069 0.999993 0.999993 0.999993
9870 41.126069 41.126069 41.126069 0.999993 0.999993 0.999993
9880 41.126069 41.126069 41.126069 0.999993 0.999993 0.999993
9890 41.126069 41.126069 41.126069 0.999993 0.999993 0.999993
9900 41.126069 41.126069 41.126069 0.999993 0.999993 0.999993
9910 41.126069 41.126069 41.126069 0.999993 0.999993 0.999993
9920 41.126069 41.126069 41.126069 0.999993 0.999993 0.999993
9930 41.126069 41.126069 41.126069 0.999993 0.999993 0.999993
9940 41.126069 41.126069 41.126069 0.999993 0.999993 0.999993
9950 41.126069 41.126069 41.126069 0.999993 0.999993 0.999993
9960 41.126069 41.126069 41.126069 0.999993 0.999993 0.999993
9970 41.126069 41.126069 41.126069 0.999993 0.999993 0.999993
9980 41.126069 41.126069 41.126069 0.999993 0.999993 0.999993
9990 41.126069 41.126069 41.126069 0.999993 0.999993 0.999993
10000 41.126069 41.126069 41.126069 0.999993 0.999993 0.999993
