# generation power_min power_avg power_max util_min util_avg util_max
1 28.195685 28.195685 28.195685 1.472788 1.491685 1.499989
10 28.046881 28.046881 28.046881 1.282621 1.484773 1.499989
20 28.046881 28.046881 28.046881 1.282621 1.475086 1.499989
30 28.046881 28.046881 28.046881 1.282621 1.464191 1.499661
40 28.316308 28.316308 28.316308 1.237541 1.451433 1.499661
50 28.316308 28.316308 28.316308 1.225959 1.436212 1.499661
60 28.429282 28.429282 28.429282 1.186094 1.414828 1.499562
70 29.400626 29.400626 29.400626 1.059389 1.388911 1.499562
80 29.548813 29.548813 29.548813 1.059389 1.365833 1.499562
90 29.548813 29.548813 29.548813 1.059389 1.340749 1.498094
100 29.548813 29.548813 29.548813 1.059389 1.312633 1.497101
110 29.548813 29.548813 29.548813 1.041499 1.282368 1.487135
120 29.548813 29.548813 29.548813 1.016075 1.250698 1.442280
130 29.848260 29.848260 29.848260 0.980942 1.218556 1.396124
140 29.848260 29.848260 29.848260 0.980942 1.188219 1.347571
150 29.848260 29.804395 29.848260 0.980942 1.162215 1.332708
160 29.848260 29.628966 29.848260 0.980942 1.138689 1.305338
170 30.174956 29.699399 30.174956 0.905548 1.115718 1.265851
180 30.174956 29.689658 30.174956 0.905548 1.094862 1.241926
190 30.675121 29.692472 30.675121 0.905548 1.072659 1.224840
200 30.675121 29.563900 30.675121 0.905548 1.052767 1.198598
210 30.675121 29.506687 30.675121 0.905548 1.037067 1.169574
220 30.774697 29.533453 30.774697 0.901677 1.020419 1.120771
230 30.774697 29.488852 30.774697 0.901677 1.009345 1.094908
240 30.774697 29.461193 30.774697 0.901677 1.001258 1.069133
250 30.774697 29.428312 30.774697 0.901677 0.994965 1.057669
260 30.174956 29.281899 30.174956 0.905548 0.993932 1.049665
270 29.973357 29.207432 29.973357 0.905548 0.991908 1.030995
280 29.760530 29.102634 29.760530 0.949977 0.991921 1.029102
290 29.679886 29.020738 29.679886 0.949977 0.991332 1.029102
300 29.542895 28.924415 29.542895 0.937154 0.991149 1.025098
310 29.393287 28.826755 29.393287 0.937154 0.990919 1.023547
320 29.284933 28.732264 29.284933 0.937154 0.990245 1.015104
330 29.098505 28.653744 29.098505 0.937154 0.990192 1.008395
340 28.973710 28.575510 28.973710 0.958768 0.990960 1.008395
350 28.921224 28.520248 28.921224 0.963047 0.991076 1.007980
360 28.826551 28.457706 28.826551 0.963047 0.991640 1.007980
370 27.839731 28.399081 28.740732 0.963047 0.992905 1.007563
380 27.839731 28.340381 28.594909 0.967249 0.994375 1.007563
390 27.839731 28.302635 28.547316 0.967249 0.993967 1.007563
400 27.839731 28.265165 28.505496 0.967249 0.994848 1.007563
410 27.839731 28.230317 28.454089 0.967249 0.994845 1.007563
420 27.839731 28.202227 28.391414 0.967249 0.994875 1.007563
430 27.839731 28.164154 28.391414 0.967249 0.995004 1.007563
440 27.839731 28.131214 28.357157 0.972932 0.995312 1.007563
450 27.839731 28.100691 28.288682 0.972932 0.995746 1.007563
460 27.839731 28.079072 28.246279 0.972932 0.995872 1.004621
470 28.154437 28.056456 28.154437 0.972932 0.996214 1.004621
480 28.126959 28.034390 28.126959 0.972932 0.995955 1.004076
490 28.126959 28.013270 28.126959 0.972932 0.995679 1.004076
500 27.682605 27.986728 28.110750 0.972932 0.996142 1.004076
510 27.682605 27.954007 28.109229 0.985113 0.996357 1.004076
520 27.593421 27.920142 28.085646 0.985113 0.996224 1.001907
530 28.051719 27.889024 28.051719 0.985113 0.996531 1.002614
540 28.026966 27.858164 28.026966 0.985113 0.996672 1.003968
550 27.994645 27.818848 27.994645 0.985113 0.997001 1.003968
560 27.978058 27.778397 27.978058 0.985541 0.997413 1.003968
570 27.950819 27.757447 27.950819 0.985541 0.997111 1.003968
580 27.447866 27.726593 27.927644 0.985541 0.997147 1.003968
590 27.447866 27.697110 27.856772 0.992008 0.997384 1.003968
600 27.381231 27.661187 27.839731 0.992008 0.997370 1.004011
610 27.381231 27.635508 27.747495 0.992008 0.997486 1.004011
620 27.381231 27.623728 27.738944 0.992436 0.997347 1.004011
630 27.381231 27.606590 27.702599 0.992436 0.997568 1.004011
640 27.381231 27.580936 27.694661 0.992436 0.997946 1.004011
650 27.682605 27.559640 27.682605 0.992854 0.998389 1.004011
660 27.637418 27.543099 27.637418 0.992854 0.998547 1.004011
670 27.627417 27.527600 27.627417 0.994147 0.998606 1.004011
680 27.588779 27.513936 27.588779 0.994147 0.998942 1.004011
690 27.588779 27.490763 27.588779 0.994147 0.999557 1.004011
700 27.541692 27.465423 27.541692 0.994147 0.999778 1.004011
710 27.521595 27.458631 27.521595 0.995964 0.999701 1.001878
720 27.505721 27.445320 27.505721 0.995964 0.999757 1.001878
730 27.505721 27.443253 27.505721 0.995964 0.999900 1.002871
740 27.489301 27.442022 27.489301 0.995964 1.000015 1.002871
750 27.447866 27.440729 27.447866 0.995964 1.000111 1.002871
760 27.447866 27.434591 27.447866 0.995964 1.000539 1.002871
770 27.447866 27.425740 27.447866 0.995964 1.001153 1.002871
780 27.403869 27.392550 27.403869 0.997492 1.001681 1.002871
790 27.403869 27.392550 27.403869 0.997492 1.001714 1.002871
800 27.403869 27.392550 27.403869 0.997492 1.001774 1.002871
810 27.403869 27.379050 27.403869 0.997492 1.001765 1.002871
820 27.403869 27.382152 27.403869 0.997492 1.001749 1.002871
830 27.403869 27.330381 27.403869 0.997492 1.001575 1.002871
840 27.403869 27.327513 27.403869 0.997492 1.001552 1.002871
850 27.403869 27.314145 27.403869 0.997492 1.001531 1.002871
860 27.403869 27.307473 27.403869 0.997492 1.001485 1.002871
870 27.403869 27.291874 27.403869 0.997492 1.001331 1.002871
880 27.403869 27.283208 27.403869 0.997492 1.001302 1.002871
890 27.381231 27.234041 27.381231 0.997838 1.001355 1.003467
900 27.348934 27.225489 27.348934 0.997838 1.001099 1.003467
910 27.348934 27.223232 27.348934 0.997838 1.000705 1.003467
920 27.348934 27.221531 27.348934 0.997838 1.000289 1.003467
930 27.348934 27.220232 27.348934 0.997838 0.999830 1.003467
940 27.348934 27.219224 27.348934 0.997838 0.999326 1.003467
950 27.298048 27.218622 27.298048 0.997838 0.999085 1.003467
960 27.298048 27.214973 27.298048 0.997838 0.998818 1.003467
970 27.213880 27.213880 27.213880 0.997838 0.998520 1.003467
980 27.213880 27.213880 27.213880 0.997838 0.998317 1.003467
990 27.213880 27.213880 27.213880 0.997838 0.998404 1.003467
1000 27.213880 27.213880 27.213880 0.997838 0.998451 1.003467
1010 27.213880 27.213880 27.213880 0.997838 0.998539 1.003467
1020 27.213880 27.213672 27.213880 0.997838 0.998717 1.003467
1030 27.213880 27.213442 27.213880 0.997838 0.998933 1.003467
1040 27.213880 27.213197 27.213880 0.997838 0.999102 1.003467
1050 27.213880 27.212711 27.213880 0.997838 0.999214 1.003467
1060 27.213880 27.212587 27.213880 0.997838 0.999534 1.003467
1070 27.213880 27.212173 27.213880 0.997838 0.999778 1.003467
1080 27.213880 27.211872 27.213880 0.997838 1.000091 1.003467
1090 27.213880 27.211035 27.213880 0.997838 1.000439 1.003467
1100 27.213880 27.210146 27.213880 0.997838 1.000823 1.003467
1110 27.213880 27.207943 27.213880 0.997838 1.001171 1.003467
1120 27.213880 27.203376 27.213880 0.997838 1.001501 1.003467
1130 27.196812 27.196812 27.196812 0.998820 1.001549 1.003467
1140 27.196812 27.196812 27.196812 0.998820 1.001316 1.003467
1150 27.196812 27.196812 27.196812 0.998820 1.001361 1.002485
1160 27.132029 27.132029 27.132029 1.000984 1.001284 1.002485
1170 27.132029 27.132029 27.132029 1.000984 1.001134 1.002485
1180 27.132029 27.132029 27.132029 1.000984 1.000984 1.000984
1190 27.132029 27.132029 27.132029 1.000984 1.000984 1.000984
1200 27.132029 27.132029 27.132029 1.000984 1.000984 1.000984
1210 27.132029 27.132029 27.132029 1.000984 1.000984 1.000984
1220 27.132029 27.132029 27.132029 1.000984 1.000984 1.000984
1230 27.132029 27.132029 27.132029 1.000984 1.000984 1.000984
1240 27.132029 27.132029 27.132029 1.000984 1.000984 1.000984
1250 27.132029 27.132029 27.132029 1.000984 1.000984 1.000984
1260 27.132029 27.132029 27.132029 1.000984 1.000984 1.000984
1270 27.132029 27.132029 27.132029 1.000984 1.000984 1.000984
1280 27.132029 27.132029 27.132029 1.000984 1.000984 1.000984
1290 27.132029 27.132029 27.132029 1.000984 1.000984 1.000984
1300 27.132029 27.132029 27.132029 1.000984 1.000984 1.000984
1310 27.132029 27.132029 27.132029 1.000984 1.000984 1.000984
1320 27.132029 27.132029 27.132029 1.000984 1.000984 1.000984
1330 27.132029 27.132029 27.132029 1.000984 1.000984 1.000984
1340 27.132029 27.132029 27.132029 1.000984 1.000984 1.000984
1350 27.132029 27.132029 27.132029 1.000984 1.000984 1.000984
1360 27.132029 27.132029 27.132029 1.000984 1.000984 1.000984
1370 27.132029 27.132029 27.132029 1.000984 1.000984 1.000984
1380 27.132029 27.132029 27.132029 1.000984 1.000984 1.000984
1390 27.132029 27.132029 27.132029 1.000984 1.000984 1.000984
1400 27.132029 27.132029 27.132029 1.000984 1.000984 1.000984
1410 27.132029 27.132029 27.132029 1.000984 1.000984 1.000984
1420 27.132029 27.132029 27.132029 1.000984 1.000984 1.000984
1430 27.132029 27.132029 27.132029 1.000984 1.000984 1.000984
1440 27.132029 27.132029 27.132029 1.000984 1.000984 1.000984
1450 27.132029 27.132029 27.132029 1.000984 1.000984 1.000984
1460 27.132029 27.132029 27.132029 1.000984 1.000984 1.000984
1470 27.132029 27.132029 27.132029 1.000984 1.000984 1.000984
1480 27.132029 27.132029 27.132029 1.000984 1.000984 1.000984
1490 27.132029 27.132029 27.132029 1.000984 1.000984 1.000984
1500 27.132029 27.132029 27.132029 1.000984 1.000984 1.000984
1510 27.132029 27.132029 27.132029 1.000984 1.000984 1.000984
1520 27.132029 27.132029 27.132029 1.000984 1.000984 1.000984
1530 27.132029 27.132029 27.132029 1.000984 1.000984 1.000984
1540 27.132029 27.132029 27.132029 1.000984 1.000984 1.000984
1550 27.132029 27.132029 27.132029 1.000984 1.000984 1.000984
1560 27.132029 27.132029 27.132029 1.000984 1.000984 1.000984
1570 27.132029 27.132029 27.132029 1.000984 1.000984 1.000984
1580 27.132029 27.132029 27.132029 1.000984 1.000984 1.000984
1590 27.132029 27.132029 27.132029 1.000984 1.000984 1.000984
1600 27.132029 27.132029 27.132029 1.000984 1.000984 1.000984
1610 27.132029 27.132029 27.132029 1.000984 1.000984 1.000984
1620 27.132029 27.132029 27.132029 1.000984 1.000984 1.000984
1630 27.132029 27.132029 27.132029 1.000984 1.000984 1.000984
1640 27.132029 27.132029 27.132029 1.000984 1.000984 1.000984
1650 27.132029 27.132029 27.132029 1.000984 1.000984 1.000984
1660 27.132029 27.132029 27.132029 1.000984 1.000984 1.000984
1670 27.132029 27.132029 27.132029 1.000984 1.000984 1.000984
1680 27.132029 27.132029 27.132029 1.000984 1.000984 1.000984
1690 27.132029 27.132029 27.132029 1.000984 1.000984 1.000984
1700 27.132029 27.132029 27.132029 1.000984 1.000984 1.000984
1710 27.132029 27.132029 27.132029 1.000984 1.000984 1.000984
1720 27.132029 27.132029 27.132029 1.000984 1.000984 1.000984
1730 27.132029 27.132029 27.132029 1.000984 1.000984 1.000984
1740 27.132029 27.132029 27.132029 1.000984 1.000984 1.000984
1750 27.132029 27.132029 27.132029 1.000984 1.000984 1.000984
1760 27.132029 27.132029 27.132029 1.000984 1.000984 1.000984
1770 27.132029 27.132029 27.132029 1.000984 1.000984 1.000984
1780 27.132029 27.132029 27.132029 1.000984 1.000984 1.000984
1790 27.132029 27.132029 27.132029 1.000984 1.000984 1.000984
1800 27.132029 27.132029 27.132029 1.000984 1.000984 1.000984
1810 27.132029 27.132029 27.132029 1.000984 1.000984 1.000984
1820 27.132029 27.132029 27.132029 1.000984 1.000984 1.000984
1830 27.132029 27.132029 27.132029 1.000984 1.000984 1.000984
1840 27.132029 27.132029 27.132029 1.000984 1.000984 1.000984
1850 27.132029 27.132029 27.132029 1.000984 1.000984 1.000984
1860 27.132029 27.132029 27.132029 1.000984 1.000984 1.000984
1870 27.132029 27.132029 27.132029 1.000984 1.000984 1.000984
1880 27.132029 27.132029 27.132029 1.000984 1.000984 1.000984
1890 27.132029 27.132029 27.132029 1.000984 1.000984 1.000984
1900 27.132029 27.132029 27.132029 1.000984 1.000984 1.000984
1910 27.132029 27.132029 27.132029 1.000984 1.000984 1.000984
1920 27.132029 27.132029 27.132029 1.000984 1.000984 1.000984
1930 27.132029 27.132029 27.132029 1.000984 1.000984 1.000984
1940 27.132029 27.132029 27.132029 1.000984 1.000984 1.000984
1950 27.132029 27.132029 27.132029 1.000984 1.000984 1.000984
1960 27.132029 27.132029 27.132029 1.000984 1.000984 1.000984
1970 27.132029 27.132029 27.132029 1.000984 1.000984 1.000984
1980 27.132029 27.132029 27.132029 1.000984 1.000984 1.000984
1990 27.132029 27.132029 27.132029 1.000984 1.000984 1.000984
2000 27.132029 27.132029 27.132029 1.000984 1.000984 1.000984
2010 27.132029 27.132029 27.132029 1.000984 1.000984 1.000984
2020 27.132029 27.132029 27.132029 1.000984 1.000984 1.000984
2030 27.132029 27.132029 27.132029 1.000984 1.000984 1.000984
2040 27.132029 27.132029 27.132029 1.000984 1.000984 1.000984
2050 27.132029 27.132029 27.132029 1.000984 1.000984 1.000984
2060 27.132029 27.132029 27.132029 1.000984 1.000984 1.000984
2070 27.132029 27.132029 27.132029 1.000984 1.000984 1.000984
2080 27.132029 27.132029 27.132029 1.000984 1.000984 1.000984
2090 27.132029 27.132029 27.132029 1.000984 1.000984 1.000984
2100 27.132029 27.132029 27.132029 1.000984 1.000984 1.000984
2110 27.132029 27.132029 27.132029 1.000984 1.000984 1.000984
2120 27.132029 27.132029 27.132029 1.000984 1.000984 1.000984
2130 27.132029 27.132029 27.132029 1.000984 1.000984 1.000984
2140 27.132029 27.132029 27.132029 1.000984 1.000984 1.000984
2150 27.132029 27.132029 27.132029 1.000984 1.000984 1.000984
2160 27.132029 27.132029 27.132029 1.000984 1.000984 1.000984
2170 27.132029 27.132029 27.132029 1.000984 1.000984 1.000984
2180 27.132029 27.132029 27.132029 1.000984 1.000984 1.000984
2190 27.132029 27.132029 27.132029 1.000984 1.000984 1.000984
2200 27.132029 27.132029 27.132029 1.000984 1.000984 1.000984
2210 27.132029 27.132029 27.132029 1.000984 1.000984 1.000984
2220 27.132029 27.132029 27.132029 1.000984 1.000984 1.000984
2230 27.132029 27.132029 27.132029 1.000984 1.000984 1.000984
2240 27.132029 27.132029 27.132029 1.000984 1.000984 1.000984
2250 27.132029 27.132029 27.132029 1.000984 1.000984 1.000984
2260 27.132029 27.132029 27.132029 1.000984 1.000984 1.000984
2270 27.132029 27.132029 27.132029 1.000984 1.000984 1.000984
2280 27.132029 27.132029 27.132029 1.000984 1.000984 1.000984
2290 27.132029 27.132029 27.132029 1.000984 1.000984 1.000984
2300 27.132029 27.132029 27.132029 1.000984 1.000984 1.000984
2310 27.132029 27.132029 27.132029 1.000984 1.000984 1.000984
2320 27.132029 27.132029 27.132029 1.000984 1.000984 1.000984
2330 27.132029 27.132029 27.132029 1.000984 1.000984 1.000984
2340 27.132029 27.132029 27.132029 1.000984 1.000984 1.000984
2350 27.132029 27.132029 27.132029 1.000984 1.000984 1.000984
2360 27.132029 27.132029 27.132029 1.000984 1.000984 1.000984
2370 27.132029 27.132029 27.132029 1.000984 1.000984 1.000984
2380 27.132029 27.132029 27.132029 1.000984 1.000984 1.000984
2390 27.132029 27.132029 27.132029 1.000984 1.000984 1.000984
2400 27.132029 27.132029 27.132029 1.000984 1.000984 1.000984
2410 27.132029 27.132029 27.132029 1.000984 1.000984 1.000984
2420 27.132029 27.132029 27.132029 1.000984 1.000984 1.000984
2430 27.132029 27.132029 27.132029 1.000984 1.000984 1.000984
2440 27.132029 27.132029 27.132029 1.000984 1.000984 1.000984
2450 27.132029 27.132029 27.132029 1.000984 1.000984 1.000984
2460 27.132029 27.132029 27.132029 1.000984 1.000984 1.000984
2470 27.132029 27.132029 27.132029 1.000984 1.000984 1.000984
2480 27.132029 27.132029 27.132029 1.000984 1.000984 1.000984
2490 27.132029 27.132029 27.132029 1.000984 1.000984 1.000984
2500 27.132029 27.132029 27.132029 1.000984 1.000984 1.000984
2510 27.132029 27.132029 27.132029 1.000984 1.000984 1.000984
2520 27.132029 27.132029 27.132029 1.000984 1.000984 1.000984
2530 27.132029 27.132029 27.132029 1.000984 1.000984 1.000984
2540 27.132029 27.132029 27.132029 1.000984 1.000984 1.000984
2550 27.132029 27.132029 27.132029 1.000984 1.000984 1.000984
2560 27.132029 27.132029 27.132029 1.000984 1.000984 1.000984
2570 27.132029 27.132029 27.132029 1.000984 1.000984 1.000984
2580 27.132029 27.132029 27.132029 1.000984 1.000984 1.000984
2590 27.132029 27.132029 27.132029 1.000984 1.000984 1.000984
2600 27.132029 27.132029 27.132029 1.000984 1.000984 1.000984
2610 27.132029 27.132029 27.132029 1.000984 1.000984 1.000984
2620 27.132029 27.132029 27.132029 1.000984 1.000984 1.000984
2630 27.132029 27.132029 27.132029 1.000984 1.000984 1.000984
2640 27.132029 27.132029 27.132029 1.000984 1.000984 1.000984
2650 27.132029 27.132029 27.132029 1.000984 1.000984 1.000984
2660 27.132029 27.132029 27.132029 1.000984 1.000984 1.000984
2670 27.132029 27.132029 27.132029 1.000984 1.000984 1.000984
2680 27.132029 27.132029 27.132029 1.000984 1.000984 1.000984
2690 27.132029 27.132029 27.132029 1.000984 1.000984 1.000984
2700 27.132029 27.132029 27.132029 1.000984 1.000984 1.000984
2710 27.132029 27.132029 27.132029 1.000984 1.000984 1.000984
2720 27.132029 27.132029 27.132029 1.000984 1.000984 1.000984
2730 27.132029 27.132029 27.132029 1.000984 1.000984 1.000984
2740 27.132029 27.132029 27.132029 1.000984 1.000984 1.000984
2750 27.132029 27.132029 27.132029 1.000984 1.000984 1.000984
2760 27.132029 27.132029 27.132029 1.000984 1.000984 1.000984
2770 27.132029 27.132029 27.132029 1.000984 1.000984 1.000984
2780 27.132029 27.132029 27.132029 1.000984 1.000984 1.000984
2790 27.132029 27.132029 27.132029 1.000984 1.000984 1.000984
2800 27.132029 27.132029 27.132029 1.000984 1.000984 1.000984
2810 27.132029 27.132029 27.132029 1.000984 1.000984 1.000984
2820 27.132029 27.132029 27.132029 1.000984 1.000984 1.000984
2830 27.132029 27.132029 27.132029 1.000984 1.000984 1.000984
2840 27.132029 27.132029 27.132029 1.000984 1.000984 1.000984
2850 27.132029 27.132029 27.132029 1.000984 1.000984 1.000984
2860 27.132029 27.132029 27.132029 1.000984 1.000984 1.000984
2870 27.132029 27.132029 27.132029 1.000984 1.000984 1.000984
2880 27.132029 27.132029 27.132029 1.000984 1.000984 1.000984
2890 27.132029 27.132029 27.132029 1.000984 1.000984 1.000984
2900 27.132029 27.132029 27.132029 1.000984 1.000984 1.000984
2910 27.132029 27.132029 27.132029 1.000984 1.000984 1.000984
2920 27.132029 27.132029 27.132029 1.000984 1.000984 1.000984
2930 27.132029 27.132029 27.132029 1.000984 1.000984 1.000984
2940 27.132029 27.132029 27.132029 1.000984 1.000984 1.000984
2950 27.132029 27.132029 27.132029 1.000984 1.000984 1.000984
2960 27.132029 27.132029 27.132029 1.000984 1.000984 1.000984
2970 27.132029 27.132029 27.132029 1.000984 1.000984 1.000984
2980 27.132029 27.132029 27.132029 1.000984 1.000984 1.000984
2990 27.132029 27.132029 27.132029 1.000984 1.000984 1.000984
3000 27.132029 27.132029 27.132029 1.000984 1.000984 1.000984
3010 27.132029 27.132029 27.132029 1.000984 1.000984 1.000984
3020 27.132029 27.132029 27.132029 1.000984 1.000984 1.000984
3030 27.132029 27.132029 27.132029 1.000984 1.000984 1.000984
3040 27.132029 27.132029 27.132029 1.000984 1.000984 1.000984
3050 27.132029 27.132029 27.132029 1.000984 1.000984 1.000984
3060 27.132029 27.132029 27.132029 1.000984 1.000984 1.000984
3070 27.132029 27.132029 27.132029 1.000984 1.000984 1.000984
3080 27.132029 27.132029 27.132029 1.000984 1.000984 1.000984
3090 27.132029 27.132029 27.132029 1.000984 1.000984 1.000984
3100 27.132029 27.132029 27.132029 1.000984 1.000984 1.000984
3110 27.132029 27.132029 27.132029 1.000984 1.000984 1.000984
3120 27.132029 27.132029 27.132029 1.000984 1.000984 1.000984
3130 27.132029 27.132029 27.132029 1.000984 1.000984 1.000984
3140 27.132029 27.132029 27.132029 1.000984 1.000984 1.000984
3150 27.132029 27.132029 27.132029 1.000984 1.000984 1.000984
3160 27.132029 27.132029 27.132029 1.000984 1.000984 1.000984
3170 27.132029 27.132029 27.132029 1.000984 1.000984 1.000984
3180 27.132029 27.132029 27.132029 1.000984 1.000984 1.000984
3190 27.132029 27.132029 27.132029 1.000984 1.000984 1.000984
3200 27.132029 27.132029 27.132029 1.000984 1.000984 1.000984
3210 27.132029 27.132029 27.132029 1.000984 1.000984 1.000984
3220 27.132029 27.132029 27.132029 1.000984 1.000984 1.000984
3230 27.132029 27.132029 27.132029 1.000984 1.000984 1.000984
3240 27.132029 27.132029 27.132029 1.000984 1.000984 1.000984
3250 27.132029 27.132029 27.132029 1.000984 1.000984 1.000984
3260 27.132029 27.132029 27.132029 1.000984 1.000984 1.000984
3270 27.132029 27.132029 27.132029 1.000984 1.000984 1.000984
3280 27.132029 27.132029 27.132029 1.000984 1.000984 1.000984
3290 27.132029 27.132029 27.132029 1.000984 1.000984 1.000984
3300 27.132029 27.132029 27.132029 1.000984 1.000984 1.000984
3310 27.132029 27.132029 27.132029 1.000984 1.000984 1.000984
3320 27.132029 27.132029 27.132029 1.000984 1.000984 1.000984
3330 27.132029 27.132029 27.132029 1.000984 1.000984 1.000984
3340 27.132029 27.132029 27.132029 1.000984 1.000984 1.000984
3350 27.132029 27.132029 27.132029 1.000984 1.000984 1.000984
3360 27.132029 27.132029 27.132029 1.000984 1.000984 1.000984
3370 27.132029 27.132029 27.132029 1.000984 1.000984 1.000984
3380 27.132029 27.132029 27.132029 1.000984 1.000984 1.000984
3390 27.132029 27.132029 27.132029 1.000984 1.000984 1.000984
3400 27.132029 27.132029 27.132029 1.000984 1.000984 1.000984
3410 27.132029 27.132029 27.132029 1.000984 1.000984 1.000984
3420 27.132029 27.132029 27.132029 1.000984 1.000984 1.000984
3430 27.132029 27.132029 27.132029 1.000984 1.000984 1.000984
3440 27.132029 27.132029 27.132029 1.000984 1.000984 1.000984
3450 27.132029 27.132029 27.132029 1.000984 1.000984 1.000984
3460 27.132029 27.132029 27.132029 1.000984 1.000984 1.000984
3470 27.132029 27.132029 27.132029 1.000984 1.000984 1.000984
3480 27.132029 27.132029 27.132029 1.000984 1.000984 1.000984
3490 27.132029 27.132029 27.132029 1.000984 1.000984 1.000984
3500 27.132029 27.132029 27.132029 1.000984 1.000984 1.000984
3510 27.132029 27.132029 27.132029 1.000984 1.000984 1.000984
3520 27.132029 27.132029 27.132029 1.000984 1.000984 1.000984
3530 27.132029 27.132029 27.132029 1.000984 1.000984 1.000984
3540 27.132029 27.132029 27.132029 1.000984 1.000984 1.000984
3550 27.132029 27.132029 27.132029 1.000984 1.000984 1.000984
3560 27.132029 27.132029 27.132029 1.000984 1.000984 1.000984
3570 27.132029 27.132029 27.132029 1.000984 1.000984 1.000984
3580 27.132029 27.132029 27.132029 1.000984 1.000984 1.000984
3590 27.132029 27.132029 27.132029 1.000984 1.000984 1.000984
3600 27.132029 27.132029 27.132029 1.000984 1.000984 1.000984
3610 27.132029 27.132029 27.132029 1.000984 1.000984 1.000984
3620 27.132029 27.132029 27.132029 1.000984 1.000984 1.000984
3630 27.132029 27.132029 27.132029 1.000984 1.000984 1.000984
3640 27.132029 27.132029 27.132029 1.000984 1.000984 1.000984
3650 27.132029 27.132029 27.132029 1.000984 1.000984 1.000984
3660 27.132029 27.132029 27.132029 1.000984 1.000984 1.000984
3670 27.132029 27.132029 27.132029 1.000984 1.000984 1.000984
3680 27.132029 27.132029 27.132029 1.000984 1.000984 1.000984
3690 27.132029 27.132029 27.132029 1.000984 1.000984 1.000984
3700 27.132029 27.132029 27.132029 1.000984 1.000984 1.000984
3710 27.132029 27.132029 27.132029 1.000984 1.000984 1.000984
3720 27.132029 27.132029 27.132029 1.000984 1.000984 1.000984
3730 27.132029 27.132029 27.132029 1.000984 1.000984 1.000984
3740 27.132029 27.132029 27.132029 1.000984 1.000984 1.000984
3750 27.132029 27.132029 27.132029 1.000984 1.000984 1.000984
3760 27.132029 27.132029 27.132029 1.000984 1.000984 1.000984
3770 27.132029 27.132029 27.132029 1.000984 1.000984 1.000984
3780 27.132029 27.132029 27.132029 1.000984 1.000984 1.000984
3790 27.132029 27.132029 27.132029 1.000984 1.000984 1.000984
3800 27.132029 27.132029 27.132029 1.000984 1.000984 1.000984
3810 27.132029 27.132029 27.132029 1.000984 1.000984 1.000984
3820 27.132029 27.132029 27.132029 1.000984 1.000984 1.000984
3830 27.132029 27.132029 27.132029 1.000984 1.000984 1.000984
3840 27.132029 27.132029 27.132029 1.000984 1.000984 1.000984
3850 27.132029 27.132029 27.132029 1.000984 1.000984 1.000984
3860 27.132029 27.132029 27.132029 1.000984 1.000984 1.000984
3870 27.132029 27.132029 27.132029 1.000984 1.000984 1.000984
3880 27.132029 27.132029 27.132029 1.000984 1.000984 1.000984
3890 27.132029 27.132029 27.132029 1.000984 1.000984 1.000984
3900 27.132029 27.132029 27.132029 1.000984 1.000984 1.000984
3910 27.132029 27.132029 27.132029 1.000984 1.000984 1.000984
3920 27.132029 27.132029 27.132029 1.000984 1.000984 1.000984
3930 27.132029 27.132029 27.132029 1.000984 1.000984 1.000984
3940 27.132029 27.132029 27.132029 1.000984 1.000984 1.000984
3950 27.132029 27.132029 27.132029 1.000984 1.000984 1.000984
3960 27.132029 27.132029 27.132029 1.000984 1.000984 1.000984
3970 27.132029 27.132029 27.132029 1.000984 1.000984 1.000984
3980 27.132029 27.132029 27.132029 1.000984 1.000984 1.000984
3990 27.132029 27.132029 27.132029 1.000984 1.000984 1.000984
4000 27.132029 27.132029 27.132029 1.000984 1.000984 1.000984
4010 27.132029 27.132029 27.132029 1.000984 1.000984 1.000984
4020 27.132029 27.132029 27.132029 1.000984 1.000984 1.000984
4030 27.132029 27.132029 27.132029 1.000984 1.000984 1.000984
4040 27.132029 27.132029 27.132029 1.000984 1.000984 1.000984
4050 27.132029 27.132029 27.132029 1.000984 1.000984 1.000984
4060 27.132029 27.132029 27.132029 1.000984 1.000984 1.000984
4070 27.132029 27.132029 27.132029 1.000984 1.000984 1.000984
4080 27.132029 27.132029 27.132029 1.000984 1.000984 1.000984
4090 27.132029 27.132029 27.132029 1.000984 1.000984 1.000984
4100 27.132029 27.132029 27.132029 1.000984 1.000984 1.000984
4110 27.132029 27.132029 27.132029 1.000984 1.000984 1.000984
4120 27.132029 27.132029 27.132029 1.000984 1.000984 1.000984
4130 27.132029 27.132029 27.132029 1.000984 1.000984 1.000984
4140 27.132029 27.132029 27.132029 1.000984 1.000984 1.000984
4150 27.132029 27.132029 27.132029 1.000984 1.000984 1.000984
4160 27.132029 27.132029 27.132029 1.000984 1.000984 1.000984
4170 27.132029 27.132029 27.132029 1.000984 1.000984 1.000984
4180 27.132029 27.132029 27.132029 1.000984 1.000984 1.000984
4190 27.132029 27.132029 27.132029 1.000984 1.000984 1.000984
4200 27.132029 27.132029 27.132029 1.000984 1.000984 1.000984
4210 27.132029 27.132029 27.132029 1.000984 1.000984 1.000984
4220 27.132029 27.132029 27.132029 1.000984 1.000984 1.000984
4230 27.132029 27.132029 27.132029 1.000984 1.000984 1.000984
4240 27.132029 27.132029 27.132029 1.000984 1.000984 1.000984
4250 27.132029 27.132029 27.132029 1.000984 1.000984 1.000984
4260 27.132029 27.132029 27.132029 1.000984 1.000984 1.000984
4270 27.132029 27.132029 27.132029 1.000984 1.000984 1.000984
4280 27.132029 27.132029 27.132029 1.000984 1.000984 1.000984
4290 27.132029 27.132029 27.132029 1.000984 1.000984 1.000984
4300 27.132029 27.132029 27.132029 1.000984 1.000984 1.000984
4310 27.132029 27.132029 27.132029 1.000984 1.000984 1.000984
4320 27.132029 27.132029 27.132029 1.000984 1.000984 1.000984
4330 27.132029 27.132029 27.132029 1.000984 1.000984 1.000984
4340 27.132029 27.132029 27.132029 1.000984 1.000984 1.000984
4350 27.132029 27.132029 27.132029 1.000984 1.000984 1.000984
4360 27.132029 27.132029 27.132029 1.000984 1.000984 1.000984
4370 27.132029 27.132029 27.132029 1.000984 1.000984 1.000984
4380 27.132029 27.132029 27.132029 1.000984 1.000984 1.000984
4390 27.132029 27.132029 27.132029 1.000984 1.000984 1.000984
4400 27.132029 27.132029 27.132029 1.000984 1.000984 1.000984
4410 27.132029 27.132029 27.132029 1.000984 1.000984 1.000984
4420 27.132029 27.132029 27.132029 1.000984 1.000984 1.000984
4430 27.132029 27.132029 27.132029 1.000984 1.000984 1.000984
4440 27.132029 27.132029 27.132029 1.000984 1.000984 1.000984
4450 27.132029 27.132029 27.132029 1.000984 1.000984 1.000984
4460 27.132029 27.132029 27.132029 1.000984 1.000984 1.000984
4470 27.132029 27.132029 27.132029 1.000984 1.000984 1.000984
4480 27.132029 27.132029 27.132029 1.000984 1.000984 1.000984
4490 27.132029 27.132029 27.132029 1.000984 1.000984 1.000984
4500 27.132029 27.132029 27.132029 1.000984 1.000984 1.000984
4510 27.132029 27.132029 27.132029 1.000984 1.000984 1.000984
4520 27.132029 27.132029 27.132029 1.000984 1.000984 1.000984
4530 27.132029 27.132029 27.132029 1.000984 1.000984 1.000984
4540 27.132029 27.132029 27.132029 1.000984 1.000984 1.000984
4550 27.132029 27.132029 27.132029 1.000984 1.000984 1.000984
4560 27.132029 27.132029 27.132029 1.000984 1.000984 1.000984
4570 27.132029 27.132029 27.132029 1.000984 1.000984 1.000984
4580 27.132029 27.132029 27.132029 1.000984 1.000984 1.000984
4590 27.132029 27.132029 27.132029 1.000984 1.000984 1.000984
4600 27.132029 27.132029 27.132029 1.000984 1.000984 1.000984
4610 27.132029 27.132029 27.132029 1.000984 1.000984 1.000984
4620 27.132029 27.132029 27.132029 1.000984 1.000984 1.000984
4630 27.132029 27.132029 27.132029 1.000984 1.000984 1.000984
4640 27.132029 27.132029 27.132029 1.000984 1.000984 1.000984
4650 27.132029 27.132029 27.132029 1.000984 1.000984 1.000984
4660 27.132029 27.132029 27.132029 1.000984 1.000984 1.000984
4670 27.132029 27.132029 27.132029 1.000984 1.000984 1.000984
4680 27.132029 27.132029 27.132029 1.000984 1.000984 1.000984
4690 27.132029 27.132029 27.132029 1.000984 1.000984 1.000984
4700 27.132029 27.132029 27.132029 1.000984 1.000984 1.000984
4710 27.132029 27.132029 27.132029 1.000984 1.000984 1.000984
4720 27.132029 27.132029 27.132029 1.000984 1.000984 1.000984
4730 27.132029 27.132029 27.132029 1.000984 1.000984 1.000984
4740 27.132029 27.132029 27.132029 1.000984 1.000984 1.000984
4750 27.132029 27.132029 27.132029 1.000984 1.000984 1.000984
4760 27.132029 27.132029 27.132029 1.000984 1.000984 1.000984
4770 27.132029 27.132029 27.132029 1.000984 1.000984 1.000984
4780 27.132029 27.132029 27.132029 1.000984 1.000984 1.000984
4790 27.132029 27.132029 27.132029 1.000984 1.000984 1.000984
4800 27.132029 27.132029 27.132029 1.000984 1.000984 1.000984
4810 27.132029 27.132029 27.132029 1.000984 1.000984 1.000984
4820 27.132029 27.132029 27.132029 1.000984 1.000984 1.000984
4830 27.132029 27.132029 27.132029 1.000984 1.000984 1.000984
4840 27.132029 27.132029 27.132029 1.000984 1.000984 1.000984
4850 27.132029 27.132029 27.132029 1.000984 1.000984 1.000984
4860 27.132029 27.132029 27.132029 1.000984 1.000984 1.000984
4870 27.132029 27.132029 27.132029 1.000984 1.000984 1.000984
4880 27.132029 27.132029 27.132029 1.000984 1.000984 1.000984
4890 27.132029 27.132029 27.132029 1.000984 1.000984 1.000984
4900 27.132029 27.132029 27.132029 1.000984 1.000984 1.000984
4910 27.132029 27.132029 27.132029 1.000984 1.000984 1.000984
4920 27.132029 27.132029 27.132029 1.000984 1.000984 1.000984
4930 27.132029 27.132029 27.132029 1.000984 1.000984 1.000984
4940 27.132029 27.132029 27.132029 1.000984 1.000984 1.000984
4950 27.132029 27.132029 27.132029 1.000984 1.000984 1.000984
4960 27.132029 27.132029 27.132029 1.000984 1.000984 1.000984
4970 27.132029 27.132029 27.132029 1.000984 1.000984 1.000984
4980 27.132029 27.132029 27.132029 1.000984 1.000984 1.000984
4990 27.132029 27.132029 27.132029 1.000984 1.000984 1.000984
5000 27.132029 27.132029 27.132029 1.000984 1.000984 1.000984
5010 27.132029 27.132029 27.132029 1.000984 1.000984 1.000984
5020 27.132029 27.132029 27.132029 1.000984 1.000984 1.000984
5030 27.132029 27.132029 27.132029 1.000984 1.000984 1.000984
5040 27.132029 27.132029 27.132029 1.000984 1.000984 1.000984
5050 27.132029 27.132029 27.132029 1.000984 1.000984 1.000984
5060 27.132029 27.132029 27.132029 1.000984 1.000984 1.000984
5070 27.132029 27.132029 27.132029 1.000984 1.000984 1.000984
5080 27.132029 27.132029 27.132029 1.000984 1.000984 1.000984
5090 27.132029 27.132029 27.132029 1.000984 1.000984 1.000984
5100 27.132029 27.132029 27.132029 1.000984 1.000984 1.000984
5110 27.132029 27.132029 27.132029 1.000984 1.000984 1.000984
5120 27.132029 27.132029 27.132029 1.000984 1.000984 1.000984
5130 27.132029 27.132029 27.132029 1.000984 1.000984 1.000984
5140 27.132029 27.132029 27.132029 1.000984 1.000984 1.000984
5150 27.132029 27.132029 27.132029 1.000984 1.000984 1.000984
5160 27.132029 27.132029 27.132029 1.000984 1.000984 1.000984
5170 27.132029 27.132029 27.132029 1.000984 1.000984 1.000984
5180 27.132029 27.132029 27.132029 1.000984 1.000984 1.000984
5190 27.132029 27.132029 27.132029 1.000984 1.000984 1.000984
5200 27.132029 27.132029 27.132029 1.000984 1.000984 1.000984
5210 27.132029 27.132029 27.132029 1.000984 1.000984 1.000984
5220 27.132029 27.132029 27.132029 1.000984 1.000984 1.000984
5230 27.132029 27.132029 27.132029 1.000984 1.000984 1.000984
5240 27.132029 27.132029 27.132029 1.000984 1.000984 1.000984
5250 27.132029 27.132029 27.132029 1.000984 1.000984 1.000984
5260 27.132029 27.132029 27.132029 1.000984 1.000984 1.000984
5270 27.132029 27.132029 27.132029 1.000984 1.000984 1.000984
5280 27.132029 27.132029 27.132029 1.000984 1.000984 1.000984
5290 27.132029 27.132029 27.132029 1.000984 1.000984 1.000984
5300 27.132029 27.132029 27.132029 1.000984 1.000984 1.000984
5310 27.132029 27.132029 27.132029 1.000984 1.000984 1.000984
5320 27.132029 27.132029 27.132029 1.000984 1.000984 1.000984
5330 27.132029 27.132029 27.132029 1.000984 1.000984 1.000984
5340 27.132029 27.132029 27.132029 1.000984 1.000984 1.000984
5350 27.132029 27.132029 27.132029 1.000984 1.000984 1.000984
5360 27.132029 27.132029 27.132029 1.000984 1.000984 1.000984
5370 27.132029 27.132029 27.132029 1.000984 1.000984 1.000984
5380 27.132029 27.132029 27.132029 1.000984 1.000984 1.000984
5390 27.132029 27.132029 27.132029 1.000984 1.000984 1.000984
5400 27.132029 27.132029 27.132029 1.000984 1.000984 1.000984
5410 27.132029 27.132029 27.132029 1.000984 1.000984 1.000984
5420 27.132029 27.132029 27.132029 1.000984 1.000984 1.000984
5430 27.132029 27.132029 27.132029 1.000984 1.000984 1.000984
5440 27.132029 27.132029 27.132029 1.000984 1.000984 1.000984
5450 27.132029 27.132029 27.132029 1.000984 1.000984 1.000984
5460 27.132029 27.132029 27.132029 1.000984 1.000984 1.000984
5470 27.132029 27.132029 27.132029 1.000984 1.000984 1.000984
5480 27.132029 27.132029 27.132029 1.000984 1.000984 1.000984
5490 27.132029 27.132029 27.132029 1.000984 1.000984 1.000984
5500 27.132029 27.132029 27.132029 1.000984 1.000984 1.000984
5510 27.132029 27.132029 27.132029 1.000984 1.000984 1.000984
5520 27.132029 27.132029 27.132029 1.000984 1.000984 1.000984
5530 27.132029 27.132029 27.132029 1.000984 1.000984 1.000984
5540 27.132029 27.132029 27.132029 1.000984 1.000984 1.000984
5550 27.132029 27.132029 27.132029 1.000984 1.000984 1.000984
5560 27.132029 27.132029 27.132029 1.000984 1.000984 1.000984
5570 27.132029 27.132029 27.132029 1.000984 1.000984 1.000984
5580 27.132029 27.132029 27.132029 1.000984 1.000984 1.000984
5590 27.132029 27.132029 27.132029 1.000984 1.000984 1.000984
5600 27.132029 27.132029 27.132029 1.000984 1.000984 1.000984
5610 27.132029 27.132029 27.132029 1.000984 1.000984 1.000984
5620 27.132029 27.132029 27.132029 1.000984 1.000984 1.000984
5630 27.132029 27.132029 27.132029 1.000984 1.000984 1.000984
5640 27.132029 27.132029 27.132029 1.000984 1.000984 1.000984
5650 27.132029 27.132029 27.132029 1.000984 1.000984 1.000984
5660 27.132029 27.132029 27.132029 1.000984 1.000984 1.000984
5670 27.132029 27.132029 27.132029 1.000984 1.000984 1.000984
5680 27.132029 27.132029 27.132029 1.000984 1.000984 1.000984
5690 27.132029 27.132029 27.132029 1.000984 1.000984 1.000984
5700 27.132029 27.132029 27.132029 1.000984 1.000984 1.000984
5710 27.132029 27.132029 27.132029 1.000984 1.000984 1.000984
5720 27.132029 27.132029 27.132029 1.000984 1.000984 1.000984
5730 27.132029 27.132029 27.132029 1.000984 1.000984 1.000984
5740 27.132029 27.132029 27.132029 1.000984 1.000984 1.000984
5750 27.132029 27.132029 27.132029 1.000984 1.000984 1.000984
5760 27.132029 27.132029 27.132029 1.000984 1.000984 1.000984
5770 27.132029 27.132029 27.132029 1.000984 1.000984 1.000984
5780 27.132029 27.132029 27.132029 1.000984 1.000984 1.000984
5790 27.132029 27.132029 27.132029 1.000984 1.000984 1.000984
5800 27.132029 27.132029 27.132029 1.000984 1.000984 1.000984
5810 27.132029 27.132029 27.132029 1.000984 1.000984 1.000984
5820 27.132029 27.132029 27.132029 1.000984 1.000984 1.000984
5830 27.132029 27.132029 27.132029 1.000984 1.000984 1.000984
5840 27.132029 27.132029 27.132029 1.000984 1.000984 1.000984
5850 27.132029 27.132029 27.132029 1.000984 1.000984 1.000984
5860 27.132029 27.132029 27.132029 1.000984 1.000984 1.000984
5870 27.132029 27.132029 27.132029 1.000984 1.000984 1.000984
5880 27.132029 27.132029 27.132029 1.000984 1.000984 1.000984
5890 27.132029 27.132029 27.132029 1.000984 1.000984 1.000984
5900 27.132029 27.132029 27.132029 1.000984 1.000984 1.000984
5910 27.132029 27.132029 27.132029 1.000984 1.000984 1.000984
5920 27.132029 27.132029 27.132029 1.000984 1.000984 1.000984
5930 27.132029 27.132029 27.132029 1.000984 1.000984 1.000984
5940 27.132029 27.132029 27.132029 1.000984 1.000984 1.000984
5950 27.132029 27.132029 27.132029 1.000984 1.000984 1.000984
5960 27.132029 27.132029 27.132029 1.000984 1.000984 1.000984
5970 27.132029 27.132029 27.132029 1.000984 1.000984 1.000984
5980 27.132029 27.132029 27.132029 1.000984 1.000984 1.000984
5990 27.132029 27.132029 27.132029 1.000984 1.000984 1.000984
6000 27.132029 27.132029 27.132029 1.000984 1.000984 1.000984
6010 27.132029 27.132029 27.132029 1.000984 1.000984 1.000984
6020 27.132029 27.132029 27.132029 1.000984 1.000984 1.000984
6030 27.132029 27.132029 27.132029 1.000984 1.000984 1.000984
6040 27.132029 27.132029 27.132029 1.000984 1.000984 1.000984
6050 27.132029 27.132029 27.132029 1.000984 1.000984 1.000984
6060 27.132029 27.132029 27.132029 1.000984 1.000984 1.000984
6070 27.132029 27.132029 27.132029 1.000984 1.000984 1.000984
6080 27.132029 27.132029 27.132029 1.000984 1.000984 1.000984
6090 27.132029 27.132029 27.132029 1.000984 1.000984 1.000984
6100 27.132029 27.132029 27.132029 1.000984 1.000984 1.000984
6110 27.132029 27.132029 27.132029 1.000984 1.000984 1.000984
6120 27.132029 27.132029 27.132029 1.000984 1.000984 1.000984
6130 27.132029 27.132029 27.132029 1.000984 1.000984 1.000984
6140 27.132029 27.132029 27.132029 1.000984 1.000984 1.000984
6150 27.132029 27.132029 27.132029 1.000984 1.000984 1.000984
6160 27.132029 27.132029 27.132029 1.000984 1.000984 1.000984
6170 27.132029 27.132029 27.132029 1.000984 1.000984 1.000984
6180 27.132029 27.132029 27.132029 1.000984 1.000984 1.000984
6190 27.132029 27.132029 27.132029 1.000984 1.000984 1.000984
6200 27.132029 27.132029 27.132029 1.000984 1.000984 1.000984
6210 27.132029 27.132029 27.132029 1.000984 1.000984 1.000984
6220 27.132029 27.132029 27.132029 1.000984 1.000984 1.000984
6230 27.132029 27.132029 27.132029 1.000984 1.000984 1.000984
6240 27.132029 27.132029 27.132029 1.000984 1.000984 1.000984
6250 27.132029 27.132029 27.132029 1.000984 1.000984 1.000984
6260 27.132029 27.132029 27.132029 1.000984 1.000984 1.000984
6270 27.132029 27.132029 27.132029 1.000984 1.000984 1.000984
6280 27.132029 27.132029 27.132029 1.000984 1.000984 1.000984
6290 27.132029 27.132029 27.132029 1.000984 1.000984 1.000984
6300 27.132029 27.132029 27.132029 1.000984 1.000984 1.000984
6310 27.132029 27.132029 27.132029 1.000984 1.000984 1.000984
6320 27.132029 27.132029 27.132029 1.000984 1.000984 1.000984
6330 27.132029 27.132029 27.132029 1.000984 1.000984 1.000984
6340 27.132029 27.132029 27.132029 1.000984 1.000984 1.000984
6350 27.132029 27.132029 27.132029 1.000984 1.000984 1.000984
6360 27.132029 27.132029 27.132029 1.000984 1.000984 1.000984
6370 27.132029 27.132029 27.132029 1.000984 1.000984 1.000984
6380 27.132029 27.132029 27.132029 1.000984 1.000984 1.000984
6390 27.132029 27.132029 27.132029 1.000984 1.000984 1.000984
6400 27.132029 27.132029 27.132029 1.000984 1.000984 1.000984
6410 27.132029 27.132029 27.132029 1.000984 1.000984 1.000984
6420 27.132029 27.132029 27.132029 1.000984 1.000984 1.000984
6430 27.132029 27.132029 27.132029 1.000984 1.000984 1.000984
6440 27.132029 27.132029 27.132029 1.000984 1.000984 1.000984
6450 27.132029 27.132029 27.132029 1.000984 1.000984 1.000984
6460 27.132029 27.132029 27.132029 1.000984 1.000984 1.000984
6470 27.132029 27.132029 27.132029 1.000984 1.000984 1.000984
6480 27.132029 27.132029 27.132029 1.000984 1.000984 1.000984
6490 27.132029 27.132029 27.132029 1.000984 1.000984 1.000984
6500 27.132029 27.132029 27.132029 1.000984 1.000984 1.000984
6510 27.132029 27.132029 27.132029 1.000984 1.000984 1.000984
6520 27.132029 27.132029 27.132029 1.000984 1.000984 1.000984
6530 27.132029 27.132029 27.132029 1.000984 1.000984 1.000984
6540 27.132029 27.132029 27.132029 1.000984 1.000984 1.000984
6550 27.132029 27.132029 27.132029 1.000984 1.000984 1.000984
6560 27.132029 27.132029 27.132029 1.000984 1.000984 1.000984
6570 27.132029 27.132029 27.132029 1.000984 1.000984 1.000984
6580 27.132029 27.132029 27.132029 1.000984 1.000984 1.000984
6590 27.132029 27.132029 27.132029 1.000984 1.000984 1.000984
6600 27.132029 27.132029 27.132029 1.000984 1.000984 1.000984
6610 27.132029 27.132029 27.132029 1.000984 1.000984 1.000984
6620 27.132029 27.132029 27.132029 1.000984 1.000984 1.000984
6630 27.132029 27.132029 27.132029 1.000984 1.000984 1.000984
6640 27.132029 27.132029 27.132029 1.000984 1.000984 1.000984
6650 27.132029 27.132029 27.132029 1.000984 1.000984 1.000984
6660 27.132029 27.132029 27.132029 1.000984 1.000984 1.000984
6670 27.132029 27.132029 27.132029 1.000984 1.000984 1.000984
6680 27.132029 27.132029 27.132029 1.000984 1.000984 1.000984
6690 27.132029 27.132029 27.132029 1.000984 1.000984 1.000984
6700 27.132029 27.132029 27.132029 1.000984 1.000984 1.000984
6710 27.132029 27.132029 27.132029 1.000984 1.000984 1.000984
6720 27.132029 27.132029 27.132029 1.000984 1.000984 1.000984
6730 27.132029 27.132029 27.132029 1.000984 1.000984 1.000984
6740 27.132029 27.132029 27.132029 1.000984 1.000984 1.000984
6750 27.132029 27.132029 27.132029 1.000984 1.000984 1.000984
6760 27.132029 27.132029 27.132029 1.000984 1.000984 1.000984
6770 27.132029 27.132029 27.132029 1.000984 1.000984 1.000984
6780 27.132029 27.132029 27.132029 1.000984 1.000984 1.000984
6790 27.132029 27.132029 27.132029 1.000984 1.000984 1.000984
6800 27.132029 27.132029 27.132029 1.000984 1.000984 1.000984
6810 27.132029 27.132029 27.132029 1.000984 1.000984 1.000984
6820 27.132029 27.132029 27.132029 1.000984 1.000984 1.000984
6830 27.132029 27.132029 27.132029 1.000984 1.000984 1.000984
6840 27.132029 27.132029 27.132029 1.000984 1.000984 1.000984
6850 27.132029 27.132029 27.132029 1.000984 1.000984 1.000984
6860 27.132029 27.132029 27.132029 1.000984 1.000984 1.000984
6870 27.132029 27.132029 27.132029 1.000984 1.000984 1.000984
6880 27.132029 27.132029 27.132029 1.000984 1.000984 1.000984
6890 27.132029 27.132029 27.132029 1.000984 1.000984 1.000984
6900 27.132029 27.132029 27.132029 1.000984 1.000984 1.000984
6910 27.132029 27.132029 27.132029 1.000984 1.000984 1.000984
6920 27.132029 27.132029 27.132029 1.000984 1.000984 1.000984
6930 27.132029 27.132029 27.132029 1.000984 1.000984 1.000984
6940 27.132029 27.132029 27.132029 1.000984 1.000984 1.000984
6950 27.132029 27.132029 27.132029 1.000984 1.000984 1.000984
6960 27.132029 27.132029 27.132029 1.000984 1.000984 1.000984
6970 27.132029 27.132029 27.132029 1.000984 1.000984 1.000984
6980 27.132029 27.132029 27.132029 1.000984 1.000984 1.000984
6990 27.132029 27.132029 27.132029 1.000984 1.000984 1.000984
7000 27.132029 27.132029 27.132029 1.000984 1.000984 1.000984
7010 27.132029 27.132029 27.132029 1.000984 1.000984 1.000984
7020 27.132029 27.132029 27.132029 1.000984 1.000984 1.000984
7030 27.132029 27.132029 27.132029 1.000984 1.000984 1.000984
7040 27.132029 27.132029 27.132029 1.000984 1.000984 1.000984
7050 27.132029 27.132029 27.132029 1.000984 1.000984 1.000984
7060 27.132029 27.132029 27.132029 1.000984 1.000984 1.000984
7070 27.132029 27.132029 27.132029 1.000984 1.000984 1.000984
7080 27.132029 27.132029 27.132029 1.000984 1.000984 1.000984
7090 27.132029 27.132029 27.132029 1.000984 1.000984 1.000984
7100 27.132029 27.132029 27.132029 1.000984 1.000984 1.000984
7110 27.132029 27.132029 27.132029 1.000984 1.000984 1.000984
7120 27.132029 27.132029 27.132029 1.000984 1.000984 1.000984
7130 27.132029 27.132029 27.132029 1.000984 1.000984 1.000984
7140 27.132029 27.132029 27.132029 1.000984 1.000984 1.000984
7150 27.132029 27.132029 27.132029 1.000984 1.000984 1.000984
7160 27.132029 27.132029 27.132029 1.000984 1.000984 1.000984
7170 27.132029 27.132029 27.132029 1.000984 1.000984 1.000984
7180 27.132029 27.132029 27.132029 1.000984 1.000984 1.000984
7190 27.132029 27.132029 27.132029 1.000984 1.000984 1.000984
7200 27.132029 27.132029 27.132029 1.000984 1.000984 1.000984
7210 27.132029 27.132029 27.132029 1.000984 1.000984 1.000984
7220 27.132029 27.132029 27.132029 1.000984 1.000984 1.000984
7230 27.132029 27.132029 27.132029 1.000984 1.000984 1.000984
7240 27.132029 27.132029 27.132029 1.000984 1.000984 1.000984
7250 27.132029 27.132029 27.132029 1.000984 1.000984 1.000984
7260 27.132029 27.132029 27.132029 1.000984 1.000984 1.000984
7270 27.132029 27.132029 27.132029 1.000984 1.000984 1.000984
7280 27.132029 27.132029 27.132029 1.000984 1.000984 1.000984
7290 27.132029 27.132029 27.132029 1.000984 1.000984 1.000984
7300 27.132029 27.132029 27.132029 1.000984 1.000984 1.000984
7310 27.132029 27.132029 27.132029 1.000984 1.000984 1.000984
7320 27.132029 27.132029 27.132029 1.000984 1.000984 1.000984
7330 27.132029 27.132029 27.132029 1.000984 1.000984 1.000984
7340 27.132029 27.132029 27.132029 1.000984 1.000984 1.000984
7350 27.132029 27.132029 27.132029 1.000984 1.000984 1.000984
7360 27.132029 27.132029 27.132029 1.000984 1.000984 1.000984
7370 27.132029 27.132029 27.132029 1.000984 1.000984 1.000984
7380 27.132029 27.132029 27.132029 1.000984 1.000984 1.000984
7390 27.132029 27.132029 27.132029 1.000984 1.000984 1.000984
7400 27.132029 27.132029 27.132029 1.000984 1.000984 1.000984
7410 27.132029 27.132029 27.132029 1.000984 1.000984 1.000984
7420 27.132029 27.132029 27.132029 1.000984 1.000984 1.000984
7430 27.132029 27.132029 27.132029 1.000984 1.000984 1.000984
7440 27.132029 27.132029 27.132029 1.000984 1.000984 1.000984
7450 27.132029 27.132029 27.132029 1.000984 1.000984 1.000984
7460 27.132029 27.132029 27.132029 1.000984 1.000984 1.000984
7470 27.132029 27.132029 27.132029 1.000984 1.000984 1.000984
7480 27.132029 27.132029 27.132029 1.000984 1.000984 1.000984
7490 27.132029 27.132029 27.132029 1.000984 1.000984 1.000984
7500 27.132029 27.132029 27.132029 1.000984 1.000984 1.000984
7510 27.132029 27.132029 27.132029 1.000984 1.000984 1.000984
7520 27.132029 27.132029 27.132029 1.000984 1.000984 1.000984
7530 27.132029 27.132029 27.132029 1.000984 1.000984 1.000984
7540 27.132029 27.132029 27.132029 1.000984 1.000984 1.000984
7550 27.132029 27.132029 27.132029 1.000984 1.000984 1.000984
7560 27.132029 27.132029 27.132029 1.000984 1.000984 1.000984
7570 27.132029 27.132029 27.132029 1.000984 1.000984 1.000984
7580 27.132029 27.132029 27.132029 1.000984 1.000984 1.000984
7590 27.132029 27.132029 27.132029 1.000984 1.000984 1.000984
7600 27.132029 27.132029 27.132029 1.000984 1.000984 1.000984
7610 27.132029 27.132029 27.132029 1.000984 1.000984 1.000984
7620 27.132029 27.132029 27.132029 1.000984 1.000984 1.000984
7630 27.132029 27.132029 27.132029 1.000984 1.000984 1.000984
7640 27.132029 27.132029 27.132029 1.000984 1.000984 1.000984
7650 27.132029 27.132029 27.132029 1.000984 1.000984 1.000984
7660 27.132029 27.132029 27.132029 1.000984 1.000984 1.000984
7670 27.132029 27.132029 27.132029 1.000984 1.000984 1.000984
7680 27.132029 27.132029 27.132029 1.000984 1.000984 1.000984
7690 27.132029 27.132029 27.132029 1.000984 1.000984 1.000984
7700 27.132029 27.132029 27.132029 1.000984 1.000984 1.000984
7710 27.132029 27.132029 27.132029 1.000984 1.000984 1.000984
7720 27.132029 27.132029 27.132029 1.000984 1.000984 1.000984
7730 27.132029 27.132029 27.132029 1.000984 1.000984 1.000984
7740 27.132029 27.132029 27.132029 1.000984 1.000984 1.000984
7750 27.132029 27.132029 27.132029 1.000984 1.000984 1.000984
7760 27.132029 27.132029 27.132029 1.000984 1.000984 1.000984
7770 27.132029 27.132029 27.132029 1.000984 1.000984 1.000984
7780 27.132029 27.132029 27.132029 1.000984 1.000984 1.000984
7790 27.132029 27.132029 27.132029 1.000984 1.000984 1.000984
7800 27.132029 27.132029 27.132029 1.000984 1.000984 1.000984
7810 27.132029 27.132029 27.132029 1.000984 1.000984 1.000984
7820 27.132029 27.132029 27.132029 1.000984 1.000984 1.000984
7830 27.132029 27.132029 27.132029 1.000984 1.000984 1.000984
7840 27.132029 27.132029 27.132029 1.000984 1.000984 1.000984
7850 27.132029 27.132029 27.132029 1.000984 1.000984 1.000984
7860 27.132029 27.132029 27.132029 1.000984 1.000984 1.000984
7870 27.132029 27.132029 27.132029 1.000984 1.000984 1.000984
7880 27.132029 27.132029 27.132029 1.000984 1.000984 1.000984
7890 27.132029 27.132029 27.132029 1.000984 1.000984 1.000984
7900 27.132029 27.132029 27.132029 1.000984 1.000984 1.000984
7910 27.132029 27.132029 27.132029 1.000984 1.000984 1.000984
7920 27.132029 27.132029 27.132029 1.000984 1.000984 1.000984
7930 27.132029 27.132029 27.132029 1.000984 1.000984 1.000984
7940 27.132029 27.132029 27.132029 1.000984 1.000984 1.000984
7950 27.132029 27.132029 27.132029 1.000984 1.000984 1.000984
7960 27.132029 27.132029 27.132029 1.000984 1.000984 1.000984
7970 27.132029 27.132029 27.132029 1.000984 1.000984 1.000984
7980 27.132029 27.132029 27.132029 1.000984 1.000984 1.000984
7990 27.132029 27.132029 27.132029 1.000984 1.000984 1.000984
8000 27.132029 27.132029 27.132029 1.000984 1.000984 1.000984
8010 27.132029 27.132029 27.132029 1.000984 1.000984 1.000984
8020 27.132029 27.132029 27.132029 1.000984 1.000984 1.000984
8030 27.132029 27.132029 27.132029 1.000984 1.000984 1.000984
8040 27.132029 27.132029 27.132029 1.000984 1.000984 1.000984
8050 27.132029 27.132029 27.132029 1.000984 1.000984 1.000984
8060 27.132029 27.132029 27.132029 1.000984 1.000984 1.000984
8070 27.132029 27.132029 27.132029 1.000984 1.000984 1.000984
8080 27.132029 27.132029 27.132029 1.000984 1.000984 1.000984
8090 27.132029 27.132029 27.132029 1.000984 1.000984 1.000984
8100 27.132029 27.132029 27.132029 1.000984 1.000984 1.000984
8110 27.132029 27.132029 27.132029 1.000984 1.000984 1.000984
8120 27.132029 27.132029 27.132029 1.000984 1.000984 1.000984
8130 27.132029 27.132029 27.132029 1.000984 1.000984 1.000984
8140 27.132029 27.132029 27.132029 1.000984 1.000984 1.000984
8150 27.132029 27.132029 27.132029 1.000984 1.000984 1.000984
8160 27.132029 27.132029 27.132029 1.000984 1.000984 1.000984
8170 27.132029 27.132029 27.132029 1.000984 1.000984 1.000984
8180 27.132029 27.132029 27.132029 1.000984 1.000984 1.000984
8190 27.132029 27.132029 27.132029 1.000984 1.000984 1.000984
8200 27.132029 27.132029 27.132029 1.000984 1.000984 1.000984
8210 27.132029 27.132029 27.132029 1.000984 1.000984 1.000984
8220 27.132029 27.132029 27.132029 1.000984 1.000984 1.000984
8230 27.132029 27.132029 27.132029 1.000984 1.000984 1.000984
8240 27.132029 27.132029 27.132029 1.000984 1.000984 1.000984
8250 27.132029 27.132029 27.132029 1.000984 1.000984 1.000984
8260 27.132029 27.132029 27.132029 1.000984 1.000984 1.000984
8270 27.132029 27.132029 27.132029 1.000984 1.000984 1.000984
8280 27.132029 27.132029 27.132029 1.000984 1.000984 1.000984
8290 27.132029 27.132029 27.132029 1.000984 1.000984 1.000984
8300 27.132029 27.132029 27.132029 1.000984 1.000984 1.000984
8310 27.132029 27.132029 27.132029 1.000984 1.000984 1.000984
8320 27.132029 27.132029 27.132029 1.000984 1.000984 1.000984
8330 27.132029 27.132029 27.132029 1.000984 1.000984 1.000984
8340 27.132029 27.132029 27.132029 1.000984 1.000984 1.000984
8350 27.132029 27.132029 27.132029 1.000984 1.000984 1.000984
8360 27.132029 27.132029 27.132029 1.000984 1.000984 1.000984
8370 27.132029 27.132029 27.132029 1.000984 1.000984 1.000984
8380 27.132029 27.132029 27.132029 1.000984 1.000984 1.000984
8390 27.132029 27.132029 27.132029 1.000984 1.000984 1.000984
8400 27.132029 27.132029 27.132029 1.000984 1.000984 1.000984
8410 27.132029 27.132029 27.132029 1.000984 1.000984 1.000984
8420 27.132029 27.132029 27.132029 1.000984 1.000984 1.000984
8430 27.132029 27.132029 27.132029 1.000984 1.000984 1.000984
8440 27.132029 27.132029 27.132029 1.000984 1.000984 1.000984
8450 27.132029 27.132029 27.132029 1.000984 1.000984 1.000984
8460 27.132029 27.132029 27.132029 1.000984 1.000984 1.000984
8470 27.132029 27.132029 27.132029 1.000984 1.000984 1.000984
8480 27.132029 27.132029 27.132029 1.000984 1.000984 1.000984
8490 27.132029 27.132029 27.132029 1.000984 1.000984 1.000984
8500 27.132029 27.132029 27.132029 1.000984 1.000984 1.000984
8510 27.132029 27.132029 27.132029 1.000984 1.000984 1.000984
8520 27.132029 27.132029 27.132029 1.000984 1.000984 1.000984
8530 27.132029 27.132029 27.132029 1.000984 1.000984 1.000984
8540 27.132029 27.132029 27.132029 1.000984 1.000984 1.000984
8550 27.132029 27.132029 27.132029 1.000984 1.000984 1.000984
8560 27.132029 27.132029 27.132029 1.000984 1.000984 1.000984
8570 27.132029 27.132029 27.132029 1.000984 1.000984 1.000984
8580 27.132029 27.132029 27.132029 1.000984 1.000984 1.000984
8590 27.132029 27.132029 27.132029 1.000984 1.000984 1.000984
8600 27.132029 27.132029 27.132029 1.000984 1.000984 1.000984
8610 27.132029 27.132029 27.132029 1.000984 1.000984 1.000984
8620 27.132029 27.132029 27.132029 1.000984 1.000984 1.000984
8630 27.132029 27.132029 27.132029 1.000984 1.000984 1.000984
8640 27.132029 27.132029 27.132029 1.000984 1.000984 1.000984
8650 27.132029 27.132029 27.132029 1.000984 1.000984 1.000984
8660 27.132029 27.132029 27.132029 1.000984 1.000984 1.000984
8670 27.132029 27.132029 27.132029 1.000984 1.000984 1.000984
8680 27.132029 27.132029 27.132029 1.000984 1.000984 1.000984
8690 27.132029 27.132029 27.132029 1.000984 1.000984 1.000984
8700 27.132029 27.132029 27.132029 1.000984 1.000984 1.000984
8710 27.132029 27.132029 27.132029 1.000984 1.000984 1.000984
8720 27.132029 27.132029 27.132029 1.000984 1.000984 1.000984
8730 27.132029 27.132029 27.132029 1.000984 1.000984 1.000984
8740 27.132029 27.132029 27.132029 1.000984 1.000984 1.000984
8750 27.132029 27.132029 27.132029 1.000984 1.000984 1.000984
8760 27.132029 27.132029 27.132029 1.000984 1.000984 1.000984
8770 27.132029 27.132029 27.132029 1.000984 1.000984 1.000984
8780 27.132029 27.132029 27.132029 1.000984 1.000984 1.000984
8790 27.132029 27.132029 27.132029 1.000984 1.000984 1.000984
8800 27.132029 27.132029 27.132029 1.000984 1.000984 1.000984
8810 27.132029 27.132029 27.132029 1.000984 1.000984 1.000984
8820 27.132029 27.132029 27.132029 1.000984 1.000984 1.000984
8830 27.132029 27.132029 27.132029 1.000984 1.000984 1.000984
8840 27.132029 27.132029 27.132029 1.000984 1.000984 1.000984
8850 27.132029 27.132029 27.132029 1.000984 1.000984 1.000984
8860 27.132029 27.132029 27.132029 1.000984 1.000984 1.000984
8870 27.132029 27.132029 27.132029 1.000984 1.000984 1.000984
8880 27.132029 27.132029 27.132029 1.000984 1.000984 1.000984
8890 27.132029 27.132029 27.132029 1.000984 1.000984 1.000984
8900 27.132029 27.132029 27.132029 1.000984 1.000984 1.000984
8910 27.132029 27.132029 27.132029 1.000984 1.000984 1.000984
8920 27.132029 27.132029 27.132029 1.000984 1.000984 1.000984
8930 27.132029 27.132029 27.132029 1.000984 1.000984 1.000984
8940 27.132029 27.132029 27.132029 1.000984 1.000984 1.000984
8950 27.132029 27.132029 27.132029 1.000984 1.000984 1.000984
8960 27.132029 27.132029 27.132029 1.000984 1.000984 1.000984
8970 27.132029 27.132029 27.132029 1.000984 1.000984 1.000984
8980 27.132029 27.132029 27.132029 1.000984 1.000984 1.000984
8990 27.132029 27.132029 27.132029 1.000984 1.000984 1.000984
9000 27.132029 27.132029 27.132029 1.000984 1.000984 1.000984
9010 27.132029 27.132029 27.132029 1.000984 1.000984 1.000984
9020 27.132029 27.132029 27.132029 1.000984 1.000984 1.000984
9030 27.132029 27.132029 27.132029 1.000984 1.000984 1.000984
9040 27.132029 27.132029 27.132029 1.000984 1.000984 1.000984
9050 27.132029 27.132029 27.132029 1.000984 1.000984 1.000984
9060 27.132029 27.132029 27.132029 1.000984 1.000984 1.000984
9070 27.132029 27.132029 27.132029 1.000984 1.000984 1.000984
9080 27.132029 27.132029 27.132029 1.000984 1.000984 1.000984
9090 27.132029 27.132029 27.132029 1.000984 1.000984 1.000984
9100 27.132029 27.132029 27.132029 1.000984 1.000984 1.000984
9110 27.132029 27.132029 27.132029 1.000984 1.000984 1.000984
9120 27.132029 27.132029 27.132029 1.000984 1.000984 1.000984
9130 27.132029 27.132029 27.132029 1.000984 1.000984 1.000984
9140 27.132029 27.132029 27.132029 1.000984 1.000984 1.000984
9150 27.132029 27.132029 27.132029 1.000984 1.000984 1.000984
9160 27.132029 27.132029 27.132029 1.000984 1.000984 1.000984
9170 27.132029 27.132029 27.132029 1.000984 1.000984 1.000984
9180 27.132029 27.132029 27.132029 1.000984 1.000984 1.000984
9190 27.132029 27.132029 27.132029 1.000984 1.000984 1.000984
9200 27.132029 27.132029 27.132029 1.000984 1.000984 1.000984
9210 27.132029 27.132029 27.132029 1.000984 1.000984 1.000984
9220 27.132029 27.132029 27.132029 1.000984 1.000984 1.000984
9230 27.132029 27.132029 27.132029 1.000984 1.000984 1.000984
9240 27.132029 27.132029 27.132029 1.000984 1.000984 1.000984
9250 27.132029 27.132029 27.132029 1.000984 1.000984 1.000984
9260 27.132029 27.132029 27.132029 1.000984 1.000984 1.000984
9270 27.132029 27.132029 27.132029 1.000984 1.000984 1.000984
9280 27.132029 27.132029 27.132029 1.000984 1.000984 1.000984
9290 27.132029 27.132029 27.132029 1.000984 1.000984 1.000984
9300 27.132029 27.132029 27.132029 1.000984 1.000984 1.000984
9310 27.132029 27.132029 27.132029 1.000984 1.000984 1.000984
9320 27.132029 27.132029 27.132029 1.000984 1.000984 1.000984
9330 27.132029 27.132029 27.132029 1.000984 1.000984 1.000984
9340 27.132029 27.132029 27.132029 1.000984 1.000984 1.000984
9350 27.132029 27.132029 27.132029 1.000984 1.000984 1.000984
9360 27.132029 27.132029 27.132029 1.000984 1.000984 1.000984
9370 27.132029 27.132029 27.132029 1.000984 1.000984 1.000984
9380 27.132029 27.132029 27.132029 1.000984 1.000984 1.000984
9390 27.132029 27.132029 27.132029 1.000984 1.000984 1.000984
9400 27.132029 27.132029 27.132029 1.000984 1.000984 1.000984
9410 27.132029 27.132029 27.132029 1.000984 1.000984 1.000984
9420 27.132029 27.132029 27.132029 1.000984 1.000984 1.000984
9430 27.132029 27.132029 27.132029 1.000984 1.000984 1.000984
9440 27.132029 27.132029 27.132029 1.000984 1.000984 1.000984
9450 27.132029 27.132029 27.132029 1.000984 1.000984 1.000984
9460 27.132029 27.132029 27.132029 1.000984 1.000984 1.000984
9470 27.132029 27.132029 27.132029 1.000984 1.000984 1.000984
9480 27.132029 27.132029 27.132029 1.000984 1.000984 1.000984
9490 27.132029 27.132029 27.132029 1.000984 1.000984 1.000984
9500 27.132029 27.132029 27.132029 1.000984 1.000984 1.000984
9510 27.132029 27.132029 27.132029 1.000984 1.000984 1.000984
9520 27.132029 27.132029 27.132029 1.000984 1.000984 1.000984
9530 27.132029 27.132029 27.132029 1.000984 1.000984 1.000984
9540 27.132029 27.132029 27.132029 1.000984 1.000984 1.000984
9550 27.132029 27.132029 27.132029 1.000984 1.000984 1.000984
9560 27.132029 27.132029 27.132029 1.000984 1.000984 1.000984
9570 27.132029 27.132029 27.132029 1.000984 1.000984 1.000984
9580 27.132029 27.132029 27.132029 1.000984 1.000984 1.000984
9590 27.132029 27.132029 27.132029 1.000984 1.000984 1.000984
9600 27.132029 27.132029 27.132029 1.000984 1.000984 1.000984
9610 27.132029 27.132029 27.132029 1.000984 1.000984 1.000984
9620 27.132029 27.132029 27.132029 1.000984 1.000984 1.000984
9630 27.132029 27.132029 27.132029 1.000984 1.000984 1.000984
9640 27.132029 27.132029 27.132029 1.000984 1.000984 1.000984
9650 27.132029 27.132029 27.132029 1.000984 1.000984 1.000984
9660 27.132029 27.132029 27.132029 1.000984 1.000984 1.000984
9670 27.132029 27.132029 27.132029 1.000984 1.000984 1.000984
9680 27.132029 27.132029 27.132029 1.000984 1.000984 1.000984
9690 27.132029 27.132029 27.132029 1.000984 1.000984 1.000984
9700 27.132029 27.132029 27.132029 1.000984 1.000984 1.000984
9710 27.132029 27.132029 27.132029 1.000984 1.000984 1.000984
9720 27.132029 27.132029 27.132029 1.000984 1.000984 1.000984
9730 27.132029 27.132029 27.132029 1.000984 1.000984 1.000984
9740 27.132029 27.132029 27.132029 1.000984 1.000984 1.000984
9750 27.132029 27.132029 27.132029 1.000984 1.000984 1.000984
9760 27.132029 27.132029 27.132029 1.000984 1.000984 1.000984
9770 27.132029 27.132029 27.132029 1.000984 1.000984 1.000984
9780 27.132029 27.132029 27.132029 1.000984 1.000984 1.000984
9790 27.132029 27.132029 27.132029 1.000984 1.000984 1.000984
9800 27.132029 27.132029 27.132029 1.000984 1.000984 1.000984
9810 27.132029 27.132029 27.132029 1.000984 1.000984 1.000984
9820 27.132029 27.132029 27.132029 1.000984 1.000984 1.000984
9830 27.132029 27.132029 27.132029 1.000984 1.000984 1.000984
9840 27.132029 27.132029 27.132029 1.000984 1.000984 1.000984
9850 27.132029 27.132029 27.132029 1.000984 1.000984 1.000984
9860 27.132029 27.132029 27.132029 1.000984 1.000984 1.000984
9870 27.132029 27.132029 27.132029 1.000984 1.000984 1.000984
9880 27.132029 27.132029 27.132029 1.000984 1.000984 1.000984
9890 27.132029 27.132029 27.132029 1.000984 1.000984 1.000984
9900 27.132029 27.132029 27.132029 1.000984 1.000984 1.000984
9910 27.132029 27.132029 27.132029 1.000984 1.000984 1.000984
9920 27.132029 27.132029 27.132029 1.000984 1.000984 1.000984
9930 27.132029 27.132029 27.132029 1.000984 1.000984 1.000984
9940 27.132029 27.132029 27.132029 1.000984 1.000984 1.000984
9950 27.132029 27.132029 27.132029 1.000984 1.000984 1.000984
9960 27.132029 27.132029 27.132029 1.000984 1.000984 1.000984
9970 27.132029 27.132029 27.132029 1.000984 1.000984 1.000984
9980 27.132029 27.132029 27.132029 1.000984 1.000984 1.000984
9990 27.132029 27.132029 27.132029 1.000984 1.000984 1.000984
10000 27.132029 27.132029 27.132029 1.000984 1.000984 1.000984
