# generation power_min power_avg power_max util_min util_avg util_max
1 11.616450 13.479765 16.077903 0.468432 0.677105 0.983306
10 11.616450 13.247462 14.614095 0.468432 0.673799 0.983306
20 11.585495 13.014552 14.216414 0.468432 0.671206 0.955354
30 11.370755 12.797883 14.006935 0.468432 0.673096 0.946927
40 10.803078 12.612424 13.533248 0.468432 0.675891 0.946927
50 10.803078 12.459225 13.356498 0.468432 0.671979 0.946927
60 10.803078 12.291315 13.200397 0.468432 0.676472 0.946927
70 10.303927 12.100892 13.071701 0.468432 0.673570 0.865326
80 10.303927 11.898644 12.897269 0.468432 0.669966 0.865326
90 10.169465 11.724124 12.737130 0.512093 0.674439 0.865326
100 10.150379 11.564779 12.524738 0.512093 0.676746 0.865326
110 10.150379 11.375551 12.334793 0.512093 0.671232 0.865326
120 9.889556 11.196251 12.095351 0.512093 0.668354 0.827399
130 9.642608 11.008269 11.839357 0.494182 0.662493 0.827399
140 9.640023 10.860003 11.739094 0.494182 0.664573 0.827399
150 8.992275 10.644697 11.607548 0.494182 0.666716 0.827399
160 8.579240 10.453450 11.413317 0.494182 0.663462 0.827399
170 8.579240 10.247624 11.304881 0.494182 0.660233 0.827399
180 8.276541 10.066186 11.073553 0.494182 0.655094 0.827399
190 8.276541 9.869335 10.893460 0.494182 0.648107 0.825733
200 8.102207 9.705976 10.688120 0.494182 0.644580 0.825733
210 8.102207 9.527045 10.509453 0.494182 0.644103 0.825733
220 8.102207 9.370160 10.227199 0.494182 0.644636 0.825733
230 8.102207 9.226872 10.100087 0.494182 0.643262 0.825733
240 7.960474 9.065492 9.967702 0.515417 0.645281 0.825733
250 7.756445 8.909937 9.767743 0.515417 0.645960 0.825733
260 7.756445 8.767456 9.569635 0.515417 0.646812 0.825733
270 7.756445 8.641956 9.323839 0.515417 0.650624 0.825733
280 7.756445 8.524421 9.243381 0.515417 0.655097 0.825733
290 7.756445 8.428674 9.012128 0.515417 0.655333 0.841960
300 7.574179 8.327033 8.894324 0.545067 0.662855 0.841960
310 7.574179 8.234793 8.798306 0.545067 0.662816 0.841960
320 7.574179 8.147083 8.639915 0.545067 0.665327 0.841960
330 7.515852 8.056278 8.572616 0.545067 0.665930 0.841960
340 7.486045 7.985542 8.371131 0.545067 0.666100 0.841960
350 7.239888 7.911257 8.294238 0.545067 0.668418 0.841960
360 7.239888 7.852840 8.217926 0.538332 0.668364 0.841960
370 7.239888 7.791301 8.107702 0.538332 0.669819 0.841960
380 7.193867 7.723424 8.042745 0.538332 0.671347 0.846982
390 7.009930 7.653138 7.991579 0.538332 0.667825 0.846982
400 6.982318 7.593197 7.949763 0.538332 0.671538 0.846982
410 6.805961 7.532344 7.874777 0.538332 0.669977 0.846982
420 6.613469 7.443559 7.782011 0.538318 0.664270 0.846982
430 6.566837 7.367976 7.731901 0.538318 0.657257 0.846982
440 6.475719 7.290417 7.692737 0.520442 0.650222 0.846982
450 6.384225 7.208514 7.590961 0.520442 0.643933 0.846982
460 6.384225 7.149036 7.556891 0.519181 0.638905 0.846982
470 6.384225 7.077805 7.513754 0.519181 0.634842 0.846982
480 6.384225 7.008306 7.447577 0.519181 0.627850 0.846982
490 6.349516 6.936142 7.378520 0.519181 0.623311 0.846982
500 6.349516 6.863995 7.290160 0.519181 0.617578 0.813375
510 6.266009 6.799464 7.192137 0.519181 0.614035 0.813375
520 6.195313 6.735228 7.077066 0.519181 0.613658 0.813375
530 6.195313 6.678877 7.018244 0.519181 0.614245 0.697946
540 6.195313 6.620783 6.965168 0.519181 0.618060 0.697946
550 6.195132 6.556791 6.912656 0.519181 0.620121 0.691571
560 6.083837 6.500510 6.833043 0.519181 0.622251 0.691571
570 6.083837 6.444163 6.803802 0.535811 0.622342 0.691571
580 6.083837 6.393624 6.698089 0.535811 0.625543 0.691571
590 6.083837 6.355525 6.566837 0.535811 0.623612 0.688647
600 6.083837 6.322479 6.518208 0.535811 0.622561 0.688647
610 6.041509 6.288050 6.470779 0.535811 0.623691 0.706116
620 5.990229 6.254246 6.421838 0.543740 0.626816 0.706116
630 5.990229 6.226518 6.384225 0.543740 0.626451 0.706116
640 5.943694 6.194584 6.373336 0.543740 0.627446 0.714984
650 5.943694 6.162106 6.348025 0.543740 0.626554 0.714984
660 5.915626 6.131678 6.293685 0.543740 0.627629 0.714984
670 5.868950 6.102873 6.266009 0.543740 0.628156 0.714984
680 5.868950 6.076419 6.226484 0.543740 0.627842 0.714984
690 5.796429 6.047959 6.180861 0.543740 0.628319 0.714984
700 5.794711 6.021943 6.158613 0.543740 0.630858 0.714984
710 5.794711 5.999240 6.133156 0.540919 0.626866 0.714984
720 5.773803 5.971302 6.105181 0.540919 0.626785 0.714984
730 5.773803 5.947915 6.083415 0.540919 0.628500 0.714984
740 5.773803 5.930321 6.053719 0.540919 0.631338 0.714984
750 5.768560 5.908694 6.025397 0.540919 0.631015 0.705449
760 5.768560 5.889322 6.009835 0.540919 0.634280 0.705449
770 5.768255 5.868529 5.978750 0.554972 0.632792 0.705449
780 5.745046 5.851087 5.955191 0.554972 0.631553 0.698384
790 5.745046 5.834136 5.944163 0.554972 0.630227 0.698384
800 5.738213 5.818674 5.918183 0.554972 0.628361 0.698384
810 5.738213 5.806287 5.878425 0.589366 0.628338 0.668359
820 5.738213 5.796157 5.860311 0.589366 0.627328 0.668359
830 5.738213 5.787215 5.849065 0.589366 0.624681 0.668359
840 5.738213 5.779488 5.819109 0.589366 0.621710 0.668359
850 5.687567 5.772713 5.807105 0.589366 0.618189 0.668359
860 5.687567 5.768255 5.794711 0.601912 0.619030 0.668359
870 5.687567 5.763790 5.793823 0.601912 0.619558 0.668359
880 5.687567 5.759575 5.773803 0.601912 0.615652 0.630546
890 5.687567 5.756674 5.773220 0.596301 0.616813 0.630546
900 5.664742 5.753234 5.770588 0.596301 0.618105 0.630546
910 5.664742 5.750297 5.768255 0.596301 0.617582 0.630546
920 5.664438 5.745778 5.768255 0.596301 0.616990 0.630546
930 5.664053 5.741839 5.767990 0.596301 0.616225 0.630546
940 5.664053 5.737917 5.767595 0.596301 0.615426 0.630546
950 5.664053 5.735810 5.745073 0.596301 0.615171 0.630546
960 5.663777 5.732540 5.745073 0.596301 0.615422 0.630546
970 5.663777 5.728477 5.745046 0.596301 0.615780 0.630546
980 5.663777 5.724652 5.745046 0.596301 0.616025 0.630546
990 5.663777 5.720807 5.745046 0.596301 0.616491 0.631390
1000 5.663777 5.714569 5.745046 0.596301 0.616937 0.631390
1010 5.663777 5.708899 5.744662 0.596301 0.617431 0.631390
1020 5.663777 5.701077 5.744662 0.596301 0.618007 0.631390
1030 5.663777 5.692999 5.744662 0.596301 0.618710 0.631390
1040 5.663777 5.684913 5.744662 0.596301 0.619423 0.631390
1050 5.663777 5.676845 5.744386 0.596301 0.620109 0.631390
1060 5.663777 5.668784 5.744386 0.596301 0.620796 0.631390
1070 5.663777 5.664388 5.687567 0.621343 0.621928 0.631390
1080 5.663777 5.663866 5.664108 0.621465 0.621780 0.622324
1090 5.663777 5.663838 5.664053 0.621465 0.621801 0.621863
1100 5.663777 5.663810 5.664053 0.621465 0.621829 0.621863
1110 5.663777 5.663782 5.664053 0.621465 0.621856 0.621863
1120 5.663777 5.663777 5.663777 0.621863 0.621863 0.621863
1130 5.663777 5.663777 5.663777 0.621863 0.621863 0.621863
1140 5.663777 5.663777 5.663777 0.621863 0.621863 0.621863
1150 5.663777 5.663777 5.663777 0.621863 0.621863 0.621863
1160 5.663777 5.663777 5.663777 0.621863 0.621863 0.621863
1170 5.663777 5.663777 5.663777 0.621863 0.621863 0.621863
1180 5.663777 5.663777 5.663777 0.621863 0.621863 0.621863
1190 5.663777 5.663777 5.663777 0.621863 0.621863 0.621863
1200 5.663777 5.663777 5.663777 0.621863 0.621863 0.621863
1210 5.663777 5.663777 5.663777 0.621863 0.621863 0.621863
1220 5.663777 5.663777 5.663777 0.621863 0.621863 0.621863
1230 5.663777 5.663777 5.663777 0.621863 0.621863 0.621863
1240 5.663777 5.663777 5.663777 0.621863 0.621863 0.621863
1250 5.663777 5.663777 5.663777 0.621863 0.621863 0.621863
1260 5.663777 5.663777 5.663777 0.621863 0.621863 0.621863
1270 5.663777 5.663777 5.663777 0.621863 0.621863 0.621863
1280 5.663777 5.663777 5.663777 0.621863 0.621863 0.621863
1290 5.663777 5.663777 5.663777 0.621863 0.621863 0.621863
1300 5.663777 5.663777 5.663777 0.621863 0.621863 0.621863
1310 5.663777 5.663777 5.663777 0.621863 0.621863 0.621863
1320 5.663777 5.663777 5.663777 0.621863 0.621863 0.621863
1330 5.663777 5.663777 5.663777 0.621863 0.621863 0.621863
1340 5.663777 5.663777 5.663777 0.621863 0.621863 0.621863
1350 5.663777 5.663777 5.663777 0.621863 0.621863 0.621863
1360 5.663777 5.663777 5.663777 0.621863 0.621863 0.621863
1370 5.663777 5.663777 5.663777 0.621863 0.621863 0.621863
1380 5.663777 5.663777 5.663777 0.621863 0.621863 0.621863
1390 5.663777 5.663777 5.663777 0.621863 0.621863 0.621863
1400 5.663777 5.663777 5.663777 0.621863 0.621863 0.621863
1410 5.663777 5.663777 5.663777 0.621863 0.621863 0.621863
1420 5.663777 5.663777 5.663777 0.621863 0.621863 0.621863
1430 5.663777 5.663777 5.663777 0.621863 0.621863 0.621863
1440 5.663777 5.663777 5.663777 0.621863 0.621863 0.621863
1450 5.663777 5.663777 5.663777 0.621863 0.621863 0.621863
1460 5.663777 5.663777 5.663777 0.621863 0.621863 0.621863
1470 5.663777 5.663777 5.663777 0.621863 0.621863 0.621863
1480 5.663777 5.663777 5.663777 0.621863 0.621863 0.621863
1490 5.663777 5.663777 5.663777 0.621863 0.621863 0.621863
1500 5.663777 5.663777 5.663777 0.621863 0.621863 0.621863
1510 5.663777 5.663777 5.663777 0.621863 0.621863 0.621863
1520 5.663777 5.663777 5.663777 0.621863 0.621863 0.621863
1530 5.663777 5.663777 5.663777 0.621863 0.621863 0.621863
1540 5.663777 5.663777 5.663777 0.621863 0.621863 0.621863
1550 5.663777 5.663777 5.663777 0.621863 0.621863 0.621863
1560 5.663777 5.663777 5.663777 0.621863 0.621863 0.621863
1570 5.663777 5.663777 5.663777 0.621863 0.621863 0.621863
1580 5.663777 5.663777 5.663777 0.621863 0.621863 0.621863
1590 5.663777 5.663777 5.663777 0.621863 0.621863 0.621863
1600 5.663777 5.663777 5.663777 0.621863 0.621863 0.621863
1610 5.663777 5.663777 5.663777 0.621863 0.621863 0.621863
1620 5.663777 5.663777 5.663777 0.621863 0.621863 0.621863
1630 5.663777 5.663777 5.663777 0.621863 0.621863 0.621863
1640 5.663777 5.663777 5.663777 0.621863 0.621863 0.621863
1650 5.663777 5.663777 5.663777 0.621863 0.621863 0.621863
1660 5.663777 5.663777 5.663777 0.621863 0.621863 0.621863
1670 5.663777 5.663777 5.663777 0.621863 0.621863 0.621863
1680 5.663777 5.663777 5.663777 0.621863 0.621863 0.621863
1690 5.663777 5.663777 5.663777 0.621863 0.621863 0.621863
1700 5.663777 5.663777 5.663777 0.621863 0.621863 0.621863
1710 5.663777 5.663777 5.663777 0.621863 0.621863 0.621863
1720 5.663777 5.663777 5.663777 0.621863 0.621863 0.621863
1730 5.663777 5.663777 5.663777 0.621863 0.621863 0.621863
1740 5.663777 5.663777 5.663777 0.621863 0.621863 0.621863
1750 5.663777 5.663777 5.663777 0.621863 0.621863 0.621863
1760 5.663777 5.663777 5.663777 0.621863 0.621863 0.621863
1770 5.663777 5.663777 5.663777 0.621863 0.621863 0.621863
1780 5.663777 5.663777 5.663777 0.621863 0.621863 0.621863
1790 5.663777 5.663777 5.663777 0.621863 0.621863 0.621863
1800 5.663777 5.663777 5.663777 0.621863 0.621863 0.621863
1810 5.663777 5.663777 5.663777 0.621863 0.621863 0.621863
1820 5.663777 5.663777 5.663777 0.621863 0.621863 0.621863
1830 5.663777 5.663777 5.663777 0.621863 0.621863 0.621863
1840 5.663777 5.663777 5.663777 0.621863 0.621863 0.621863
1850 5.663777 5.663777 5.663777 0.621863 0.621863 0.621863
1860 5.663777 5.663777 5.663777 0.621863 0.621863 0.621863
1870 5.663777 5.663777 5.663777 0.621863 0.621863 0.621863
1880 5.663777 5.663777 5.663777 0.621863 0.621863 0.621863
1890 5.663777 5.663777 5.663777 0.621863 0.621863 0.621863
1900 5.663777 5.663777 5.663777 0.621863 0.621863 0.621863
1910 5.663777 5.663777 5.663777 0.621863 0.621863 0.621863
1920 5.663777 5.663777 5.663777 0.621863 0.621863 0.621863
1930 5.663777 5.663777 5.663777 0.621863 0.621863 0.621863
1940 5.663777 5.663777 5.663777 0.621863 0.621863 0.621863
1950 5.663777 5.663777 5.663777 0.621863 0.621863 0.621863
1960 5.663777 5.663777 5.663777 0.621863 0.621863 0.621863
1970 5.663777 5.663777 5.663777 0.621863 0.621863 0.621863
1980 5.663777 5.663777 5.663777 0.621863 0.621863 0.621863
1990 5.663777 5.663777 5.663777 0.621863 0.621863 0.621863
2000 5.663777 5.663777 5.663777 0.621863 0.621863 0.621863
2010 5.663777 5.663777 5.663777 0.621863 0.621863 0.621863
2020 5.663777 5.663777 5.663777 0.621863 0.621863 0.621863
2030 5.663777 5.663777 5.663777 0.621863 0.621863 0.621863
2040 5.663777 5.663777 5.663777 0.621863 0.621863 0.621863
2050 5.663777 5.663777 5.663777 0.621863 0.621863 0.621863
2060 5.663777 5.663777 5.663777 0.621863 0.621863 0.621863
2070 5.663777 5.663777 5.663777 0.621863 0.621863 0.621863
2080 5.663777 5.663777 5.663777 0.621863 0.621863 0.621863
2090 5.663777 5.663777 5.663777 0.621863 0.621863 0.621863
2100 5.663777 5.663777 5.663777 0.621863 0.621863 0.621863
2110 5.663777 5.663777 5.663777 0.621863 0.621863 0.621863
2120 5.663777 5.663777 5.663777 0.621863 0.621863 0.621863
2130 5.663777 5.663777 5.663777 0.621863 0.621863 0.621863
2140 5.663777 5.663777 5.663777 0.621863 0.621863 0.621863
2150 5.663777 5.663777 5.663777 0.621863 0.621863 0.621863
2160 5.663777 5.663777 5.663777 0.621863 0.621863 0.621863
2170 5.663777 5.663777 5.663777 0.621863 0.621863 0.621863
2180 5.663777 5.663777 5.663777 0.621863 0.621863 0.621863
2190 5.663777 5.663777 5.663777 0.621863 0.621863 0.621863
2200 5.663777 5.663777 5.663777 0.621863 0.621863 0.621863
2210 5.663777 5.663777 5.663777 0.621863 0.621863 0.621863
2220 5.663777 5.663777 5.663777 0.621863 0.621863 0.621863
2230 5.663777 5.663777 5.663777 0.621863 0.621863 0.621863
2240 5.663777 5.663777 5.663777 0.621863 0.621863 0.621863
2250 5.663777 5.663777 5.663777 0.621863 0.621863 0.621863
2260 5.663777 5.663777 5.663777 0.621863 0.621863 0.621863
2270 5.663777 5.663777 5.663777 0.621863 0.621863 0.621863
2280 5.663777 5.663777 5.663777 0.621863 0.621863 0.621863
2290 5.663777 5.663777 5.663777 0.621863 0.621863 0.621863
2300 5.663777 5.663777 5.663777 0.621863 0.621863 0.621863
2310 5.663777 5.663777 5.663777 0.621863 0.621863 0.621863
2320 5.663777 5.663777 5.663777 0.621863 0.621863 0.621863
2330 5.663777 5.663777 5.663777 0.621863 0.621863 0.621863
2340 5.663777 5.663777 5.663777 0.621863 0.621863 0.621863
2350 5.663777 5.663777 5.663777 0.621863 0.621863 0.621863
2360 5.663777 5.663777 5.663777 0.621863 0.621863 0.621863
2370 5.663777 5.663777 5.663777 0.621863 0.621863 0.621863
2380 5.663777 5.663777 5.663777 0.621863 0.621863 0.621863
2390 5.663777 5.663777 5.663777 0.621863 0.621863 0.621863
2400 5.663777 5.663777 5.663777 0.621863 0.621863 0.621863
2410 5.663777 5.663777 5.663777 0.621863 0.621863 0.621863
2420 5.663777 5.663777 5.663777 0.621863 0.621863 0.621863
2430 5.663777 5.663777 5.663777 0.621863 0.621863 0.621863
2440 5.663777 5.663777 5.663777 0.621863 0.621863 0.621863
2450 5.663777 5.663777 5.663777 0.621863 0.621863 0.621863
2460 5.663777 5.663777 5.663777 0.621863 0.621863 0.621863
2470 5.663777 5.663777 5.663777 0.621863 0.621863 0.621863
2480 5.663777 5.663777 5.663777 0.621863 0.621863 0.621863
2490 5.663777 5.663777 5.663777 0.621863 0.621863 0.621863
2500 5.663777 5.663777 5.663777 0.621863 0.621863 0.621863
2510 5.663777 5.663777 5.663777 0.621863 0.621863 0.621863
2520 5.663777 5.663777 5.663777 0.621863 0.621863 0.621863
2530 5.663777 5.663777 5.663777 0.621863 0.621863 0.621863
2540 5.663777 5.663777 5.663777 0.621863 0.621863 0.621863
2550 5.663777 5.663777 5.663777 0.621863 0.621863 0.621863
2560 5.663777 5.663777 5.663777 0.621863 0.621863 0.621863
2570 5.663777 5.663777 5.663777 0.621863 0.621863 0.621863
2580 5.663777 5.663777 5.663777 0.621863 0.621863 0.621863
2590 5.663777 5.663777 5.663777 0.621863 0.621863 0.621863
2600 5.663777 5.663777 5.663777 0.621863 0.621863 0.621863
2610 5.663777 5.663777 5.663777 0.621863 0.621863 0.621863
2620 5.663777 5.663777 5.663777 0.621863 0.621863 0.621863
2630 5.663777 5.663777 5.663777 0.621863 0.621863 0.621863
2640 5.663777 5.663777 5.663777 0.621863 0.621863 0.621863
2650 5.663777 5.663777 5.663777 0.621863 0.621863 0.621863
2660 5.663777 5.663777 5.663777 0.621863 0.621863 0.621863
2670 5.663777 5.663777 5.663777 0.621863 0.621863 0.621863
2680 5.663777 5.663777 5.663777 0.621863 0.621863 0.621863
2690 5.663777 5.663777 5.663777 0.621863 0.621863 0.621863
2700 5.663777 5.663777 5.663777 0.621863 0.621863 0.621863
2710 5.663777 5.663777 5.663777 0.621863 0.621863 0.621863
2720 5.663777 5.663777 5.663777 0.621863 0.621863 0.621863
2730 5.663777 5.663777 5.663777 0.621863 0.621863 0.621863
2740 5.663777 5.663777 5.663777 0.621863 0.621863 0.621863
2750 5.663777 5.663777 5.663777 0.621863 0.621863 0.621863
2760 5.663777 5.663777 5.663777 0.621863 0.621863 0.621863
2770 5.663777 5.663777 5.663777 0.621863 0.621863 0.621863
2780 5.663777 5.663777 5.663777 0.621863 0.621863 0.621863
2790 5.663777 5.663777 5.663777 0.621863 0.621863 0.621863
2800 5.663777 5.663777 5.663777 0.621863 0.621863 0.621863
2810 5.663777 5.663777 5.663777 0.621863 0.621863 0.621863
2820 5.663777 5.663777 5.663777 0.621863 0.621863 0.621863
2830 5.663777 5.663777 5.663777 0.621863 0.621863 0.621863
2840 5.663777 5.663777 5.663777 0.621863 0.621863 0.621863
2850 5.663777 5.663777 5.663777 0.621863 0.621863 0.621863
2860 5.663777 5.663777 5.663777 0.621863 0.621863 0.621863
2870 5.663777 5.663777 5.663777 0.621863 0.621863 0.621863
2880 5.663777 5.663777 5.663777 0.621863 0.621863 0.621863
2890 5.663777 5.663777 5.663777 0.621863 0.621863 0.621863
2900 5.663777 5.663777 5.663777 0.621863 0.621863 0.621863
2910 5.663777 5.663777 5.663777 0.621863 0.621863 0.621863
2920 5.663777 5.663777 5.663777 0.621863 0.621863 0.621863
2930 5.663777 5.663777 5.663777 0.621863 0.621863 0.621863
2940 5.663777 5.663777 5.663777 0.621863 0.621863 0.621863
2950 5.663777 5.663777 5.663777 0.621863 0.621863 0.621863
2960 5.663777 5.663777 5.663777 0.621863 0.621863 0.621863
2970 5.663777 5.663777 5.663777 0.621863 0.621863 0.621863
2980 5.663777 5.663777 5.663777 0.621863 0.621863 0.621863
2990 5.663777 5.663777 5.663777 0.621863 0.621863 0.621863
3000 5.663777 5.663777 5.663777 0.621863 0.621863 0.621863
3010 5.663777 5.663777 5.663777 0.621863 0.621863 0.621863
3020 5.663777 5.663777 5.663777 0.621863 0.621863 0.621863
3030 5.663777 5.663777 5.663777 0.621863 0.621863 0.621863
3040 5.663777 5.663777 5.663777 0.621863 0.621863 0.621863
3050 5.663777 5.663777 5.663777 0.621863 0.621863 0.621863
3060 5.663777 5.663777 5.663777 0.621863 0.621863 0.621863
3070 5.663777 5.663777 5.663777 0.621863 0.621863 0.621863
3080 5.663777 5.663777 5.663777 0.621863 0.621863 0.621863
3090 5.663777 5.663777 5.663777 0.621863 0.621863 0.621863
3100 5.663777 5.663777 5.663777 0.621863 0.621863 0.621863
3110 5.663777 5.663777 5.663777 0.621863 0.621863 0.621863
3120 5.663777 5.663777 5.663777 0.621863 0.621863 0.621863
3130 5.663777 5.663777 5.663777 0.621863 0.621863 0.621863
3140 5.663777 5.663777 5.663777 0.621863 0.621863 0.621863
3150 5.663777 5.663777 5.663777 0.621863 0.621863 0.621863
3160 5.663777 5.663777 5.663777 0.621863 0.621863 0.621863
3170 5.663777 5.663777 5.663777 0.621863 0.621863 0.621863
3180 5.663777 5.663777 5.663777 0.621863 0.621863 0.621863
3190 5.663777 5.663777 5.663777 0.621863 0.621863 0.621863
3200 5.663777 5.663777 5.663777 0.621863 0.621863 0.621863
3210 5.663777 5.663777 5.663777 0.621863 0.621863 0.621863
3220 5.663777 5.663777 5.663777 0.621863 0.621863 0.621863
3230 5.663777 5.663777 5.663777 0.621863 0.621863 0.621863
3240 5.663777 5.663777 5.663777 0.621863 0.621863 0.621863
3250 5.663777 5.663777 5.663777 0.621863 0.621863 0.621863
3260 5.663777 5.663777 5.663777 0.621863 0.621863 0.621863
3270 5.663777 5.663777 5.663777 0.621863 0.621863 0.621863
3280 5.663777 5.663777 5.663777 0.621863 0.621863 0.621863
3290 5.663777 5.663777 5.663777 0.621863 0.621863 0.621863
3300 5.663777 5.663777 5.663777 0.621863 0.621863 0.621863
3310 5.663777 5.663777 5.663777 0.621863 0.621863 0.621863
3320 5.663777 5.663777 5.663777 0.621863 0.621863 0.621863
3330 5.663777 5.663777 5.663777 0.621863 0.621863 0.621863
3340 5.663777 5.663777 5.663777 0.621863 0.621863 0.621863
3350 5.663777 5.663777 5.663777 0.621863 0.621863 0.621863
3360 5.663777 5.663777 5.663777 0.621863 0.621863 0.621863
3370 5.663777 5.663777 5.663777 0.621863 0.621863 0.621863
3380 5.663777 5.663777 5.663777 0.621863 0.621863 0.621863
3390 5.663777 5.663777 5.663777 0.621863 0.621863 0.621863
3400 5.663777 5.663777 5.663777 0.621863 0.621863 0.621863
3410 5.663777 5.663777 5.663777 0.621863 0.621863 0.621863
3420 5.663777 5.663777 5.663777 0.621863 0.621863 0.621863
3430 5.663777 5.663777 5.663777 0.621863 0.621863 0.621863
3440 5.663777 5.663777 5.663777 0.621863 0.621863 0.621863
3450 5.663777 5.663777 5.663777 0.621863 0.621863 0.621863
3460 5.663777 5.663777 5.663777 0.621863 0.621863 0.621863
3470 5.663777 5.663777 5.663777 0.621863 0.621863 0.621863
3480 5.663777 5.663777 5.663777 0.621863 0.621863 0.621863
3490 5.663777 5.663777 5.663777 0.621863 0.621863 0.621863
3500 5.663777 5.663777 5.663777 0.621863 0.621863 0.621863
3510 5.663777 5.663777 5.663777 0.621863 0.621863 0.621863
3520 5.663777 5.663777 5.663777 0.621863 0.621863 0.621863
3530 5.663777 5.663777 5.663777 0.621863 0.621863 0.621863
3540 5.663777 5.663777 5.663777 0.621863 0.621863 0.621863
3550 5.663777 5.663777 5.663777 0.621863 0.621863 0.621863
3560 5.663777 5.663777 5.663777 0.621863 0.621863 0.621863
3570 5.663777 5.663777 5.663777 0.621863 0.621863 0.621863
3580 5.663777 5.663777 5.663777 0.621863 0.621863 0.621863
3590 5.663777 5.663777 5.663777 0.621863 0.621863 0.621863
3600 5.663777 5.663777 5.663777 0.621863 0.621863 0.621863
3610 5.663777 5.663777 5.663777 0.621863 0.621863 0.621863
3620 5.663777 5.663777 5.663777 0.621863 0.621863 0.621863
3630 5.663777 5.663777 5.663777 0.621863 0.621863 0.621863
3640 5.663777 5.663777 5.663777 0.621863 0.621863 0.621863
3650 5.663777 5.663777 5.663777 0.621863 0.621863 0.621863
3660 5.663777 5.663777 5.663777 0.621863 0.621863 0.621863
3670 5.663777 5.663777 5.663777 0.621863 0.621863 0.621863
3680 5.663777 5.663777 5.663777 0.621863 0.621863 0.621863
3690 5.663777 5.663777 5.663777 0.621863 0.621863 0.621863
3700 5.663777 5.663777 5.663777 0.621863 0.621863 0.621863
3710 5.663777 5.663777 5.663777 0.621863 0.621863 0.621863
3720 5.663777 5.663777 5.663777 0.621863 0.621863 0.621863
3730 5.663777 5.663777 5.663777 0.621863 0.621863 0.621863
3740 5.663777 5.663777 5.663777 0.621863 0.621863 0.621863
3750 5.663777 5.663777 5.663777 0.621863 0.621863 0.621863
3760 5.663777 5.663777 5.663777 0.621863 0.621863 0.621863
3770 5.663777 5.663777 5.663777 0.621863 0.621863 0.621863
3780 5.663777 5.663777 5.663777 0.621863 0.621863 0.621863
3790 5.663777 5.663777 5.663777 0.621863 0.621863 0.621863
3800 5.663777 5.663777 5.663777 0.621863 0.621863 0.621863
3810 5.663777 5.663777 5.663777 0.621863 0.621863 0.621863
3820 5.663777 5.663777 5.663777 0.621863 0.621863 0.621863
3830 5.663777 5.663777 5.663777 0.621863 0.621863 0.621863
3840 5.663777 5.663777 5.663777 0.621863 0.621863 0.621863
3850 5.663777 5.663777 5.663777 0.621863 0.621863 0.621863
3860 5.663777 5.663777 5.663777 0.621863 0.621863 0.621863
3870 5.663777 5.663777 5.663777 0.621863 0.621863 0.621863
3880 5.663777 5.663777 5.663777 0.621863 0.621863 0.621863
3890 5.663777 5.663777 5.663777 0.621863 0.621863 0.621863
3900 5.663777 5.663777 5.663777 0.621863 0.621863 0.621863
3910 5.663777 5.663777 5.663777 0.621863 0.621863 0.621863
3920 5.663777 5.663777 5.663777 0.621863 0.621863 0.621863
3930 5.663777 5.663777 5.663777 0.621863 0.621863 0.621863
3940 5.663777 5.663777 5.663777 0.621863 0.621863 0.621863
3950 5.663777 5.663777 5.663777 0.621863 0.621863 0.621863
3960 5.663777 5.663777 5.663777 0.621863 0.621863 0.621863
3970 5.663777 5.663777 5.663777 0.621863 0.621863 0.621863
3980 5.663777 5.663777 5.663777 0.621863 0.621863 0.621863
3990 5.663777 5.663777 5.663777 0.621863 0.621863 0.621863
4000 5.663777 5.663777 5.663777 0.621863 0.621863 0.621863
4010 5.663777 5.663777 5.663777 0.621863 0.621863 0.621863
4020 5.663777 5.663777 5.663777 0.621863 0.621863 0.621863
4030 5.663777 5.663777 5.663777 0.621863 0.621863 0.621863
4040 5.663777 5.663777 5.663777 0.621863 0.621863 0.621863
4050 5.663777 5.663777 5.663777 0.621863 0.621863 0.621863
4060 5.663777 5.663777 5.663777 0.621863 0.621863 0.621863
4070 5.663777 5.663777 5.663777 0.621863 0.621863 0.621863
4080 5.663777 5.663777 5.663777 0.621863 0.621863 0.621863
4090 5.663777 5.663777 5.663777 0.621863 0.621863 0.621863
4100 5.663777 5.663777 5.663777 0.621863 0.621863 0.621863
4110 5.663777 5.663777 5.663777 0.621863 0.621863 0.621863
4120 5.663777 5.663777 5.663777 0.621863 0.621863 0.621863
4130 5.663777 5.663777 5.663777 0.621863 0.621863 0.621863
4140 5.663777 5.663777 5.663777 0.621863 0.621863 0.621863
4150 5.663777 5.663777 5.663777 0.621863 0.621863 0.621863
4160 5.663777 5.663777 5.663777 0.621863 0.621863 0.621863
4170 5.663777 5.663777 5.663777 0.621863 0.621863 0.621863
4180 5.663777 5.663777 5.663777 0.621863 0.621863 0.621863
4190 5.663777 5.663777 5.663777 0.621863 0.621863 0.621863
4200 5.663777 5.663777 5.663777 0.621863 0.621863 0.621863
4210 5.663777 5.663777 5.663777 0.621863 0.621863 0.621863
4220 5.663777 5.663777 5.663777 0.621863 0.621863 0.621863
4230 5.663777 5.663777 5.663777 0.621863 0.621863 0.621863
4240 5.663777 5.663777 5.663777 0.621863 0.621863 0.621863
4250 5.663777 5.663777 5.663777 0.621863 0.621863 0.621863
4260 5.663777 5.663777 5.663777 0.621863 0.621863 0.621863
4270 5.663777 5.663777 5.663777 0.621863 0.621863 0.621863
4280 5.663777 5.663777 5.663777 0.621863 0.621863 0.621863
4290 5.663777 5.663777 5.663777 0.621863 0.621863 0.621863
4300 5.663777 5.663777 5.663777 0.621863 0.621863 0.621863
4310 5.663777 5.663777 5.663777 0.621863 0.621863 0.621863
4320 5.663777 5.663777 5.663777 0.621863 0.621863 0.621863
4330 5.663777 5.663777 5.663777 0.621863 0.621863 0.621863
4340 5.663777 5.663777 5.663777 0.621863 0.621863 0.621863
4350 5.663777 5.663777 5.663777 0.621863 0.621863 0.621863
4360 5.663777 5.663777 5.663777 0.621863 0.621863 0.621863
4370 5.663777 5.663777 5.663777 0.621863 0.621863 0.621863
4380 5.663777 5.663777 5.663777 0.621863 0.621863 0.621863
4390 5.663777 5.663777 5.663777 0.621863 0.621863 0.621863
4400 5.663777 5.663777 5.663777 0.621863 0.621863 0.621863
4410 5.663777 5.663777 5.663777 0.621863 0.621863 0.621863
4420 5.663777 5.663777 5.663777 0.621863 0.621863 0.621863
4430 5.663777 5.663777 5.663777 0.621863 0.621863 0.621863
4440 5.663777 5.663777 5.663777 0.621863 0.621863 0.621863
4450 5.663777 5.663777 5.663777 0.621863 0.621863 0.621863
4460 5.663777 5.663777 5.663777 0.621863 0.621863 0.621863
4470 5.663777 5.663777 5.663777 0.621863 0.621863 0.621863
4480 5.663777 5.663777 5.663777 0.621863 0.621863 0.621863
4490 5.663777 5.663777 5.663777 0.621863 0.621863 0.621863
4500 5.663777 5.663777 5.663777 0.621863 0.621863 0.621863
4510 5.663777 5.663777 5.663777 0.621863 0.621863 0.621863
4520 5.663777 5.663777 5.663777 0.621863 0.621863 0.621863
4530 5.663777 5.663777 5.663777 0.621863 0.621863 0.621863
4540 5.663777 5.663777 5.663777 0.621863 0.621863 0.621863
4550 5.663777 5.663777 5.663777 0.621863 0.621863 0.621863
4560 5.663777 5.663777 5.663777 0.621863 0.621863 0.621863
4570 5.663777 5.663777 5.663777 0.621863 0.621863 0.621863
4580 5.663777 5.663777 5.663777 0.621863 0.621863 0.621863
4590 5.663777 5.663777 5.663777 0.621863 0.621863 0.621863
4600 5.663777 5.663777 5.663777 0.621863 0.621863 0.621863
4610 5.663777 5.663777 5.663777 0.621863 0.621863 0.621863
4620 5.663777 5.663777 5.663777 0.621863 0.621863 0.621863
4630 5.663777 5.663777 5.663777 0.621863 0.621863 0.621863
4640 5.663777 5.663777 5.663777 0.621863 0.621863 0.621863
4650 5.663777 5.663777 5.663777 0.621863 0.621863 0.621863
4660 5.663777 5.663777 5.663777 0.621863 0.621863 0.621863
4670 5.663777 5.663777 5.663777 0.621863 0.621863 0.621863
4680 5.663777 5.663777 5.663777 0.621863 0.621863 0.621863
4690 5.663777 5.663777 5.663777 0.621863 0.621863 0.621863
4700 5.663777 5.663777 5.663777 0.621863 0.621863 0.621863
4710 5.663777 5.663777 5.663777 0.621863 0.621863 0.621863
4720 5.663777 5.663777 5.663777 0.621863 0.621863 0.621863
4730 5.663777 5.663777 5.663777 0.621863 0.621863 0.621863
4740 5.663777 5.663777 5.663777 0.621863 0.621863 0.621863
4750 5.663777 5.663777 5.663777 0.621863 0.621863 0.621863
4760 5.663777 5.663777 5.663777 0.621863 0.621863 0.621863
4770 5.663777 5.663777 5.663777 0.621863 0.621863 0.621863
4780 5.663777 5.663777 5.663777 0.621863 0.621863 0.621863
4790 5.663777 5.663777 5.663777 0.621863 0.621863 0.621863
4800 5.663777 5.663777 5.663777 0.621863 0.621863 0.621863
4810 5.663777 5.663777 5.663777 0.621863 0.621863 0.621863
4820 5.663777 5.663777 5.663777 0.621863 0.621863 0.621863
4830 5.663777 5.663777 5.663777 0.621863 0.621863 0.621863
4840 5.663777 5.663777 5.663777 0.621863 0.621863 0.621863
4850 5.663777 5.663777 5.663777 0.621863 0.621863 0.621863
4860 5.663777 5.663777 5.663777 0.621863 0.621863 0.621863
4870 5.663777 5.663777 5.663777 0.621863 0.621863 0.621863
4880 5.663777 5.663777 5.663777 0.621863 0.621863 0.621863
4890 5.663777 5.663777 5.663777 0.621863 0.621863 0.621863
4900 5.663777 5.663777 5.663777 0.621863 0.621863 0.621863
4910 5.663777 5.663777 5.663777 0.621863 0.621863 0.621863
4920 5.663777 5.663777 5.663777 0.621863 0.621863 0.621863
4930 5.663777 5.663777 5.663777 0.621863 0.621863 0.621863
4940 5.663777 5.663777 5.663777 0.621863 0.621863 0.621863
4950 5.663777 5.663777 5.663777 0.621863 0.621863 0.621863
4960 5.663777 5.663777 5.663777 0.621863 0.621863 0.621863
4970 5.663777 5.663777 5.663777 0.621863 0.621863 0.621863
4980 5.663777 5.663777 5.663777 0.621863 0.621863 0.621863
4990 5.663777 5.663777 5.663777 0.621863 0.621863 0.621863
5000 5.663777 5.663777 5.663777 0.621863 0.621863 0.621863
5010 5.663777 5.663777 5.663777 0.621863 0.621863 0.621863
5020 5.663777 5.663777 5.663777 0.621863 0.621863 0.621863
5030 5.663777 5.663777 5.663777 0.621863 0.621863 0.621863
5040 5.663777 5.663777 5.663777 0.621863 0.621863 0.621863
5050 5.663777 5.663777 5.663777 0.621863 0.621863 0.621863
5060 5.663777 5.663777 5.663777 0.621863 0.621863 0.621863
5070 5.663777 5.663777 5.663777 0.621863 0.621863 0.621863
5080 5.663777 5.663777 5.663777 0.621863 0.621863 0.621863
5090 5.663777 5.663777 5.663777 0.621863 0.621863 0.621863
5100 5.663777 5.663777 5.663777 0.621863 0.621863 0.621863
5110 5.663777 5.663777 5.663777 0.621863 0.621863 0.621863
5120 5.663777 5.663777 5.663777 0.621863 0.621863 0.621863
5130 5.663777 5.663777 5.663777 0.621863 0.621863 0.621863
5140 5.663777 5.663777 5.663777 0.621863 0.621863 0.621863
5150 5.663777 5.663777 5.663777 0.621863 0.621863 0.621863
5160 5.663777 5.663777 5.663777 0.621863 0.621863 0.621863
5170 5.663777 5.663777 5.663777 0.621863 0.621863 0.621863
5180 5.663777 5.663777 5.663777 0.621863 0.621863 0.621863
5190 5.663777 5.663777 5.663777 0.621863 0.621863 0.621863
5200 5.663777 5.663777 5.663777 0.621863 0.621863 0.621863
5210 5.663777 5.663777 5.663777 0.621863 0.621863 0.621863
5220 5.663777 5.663777 5.663777 0.621863 0.621863 0.621863
5230 5.663777 5.663777 5.663777 0.621863 0.621863 0.621863
5240 5.663777 5.663777 5.663777 0.621863 0.621863 0.621863
5250 5.663777 5.663777 5.663777 0.621863 0.621863 0.621863
5260 5.663777 5.663777 5.663777 0.621863 0.621863 0.621863
5270 5.663777 5.663777 5.663777 0.621863 0.621863 0.621863
5280 5.663777 5.663777 5.663777 0.621863 0.621863 0.621863
5290 5.663777 5.663777 5.663777 0.621863 0.621863 0.621863
5300 5.663777 5.663777 5.663777 0.621863 0.621863 0.621863
5310 5.663777 5.663777 5.663777 0.621863 0.621863 0.621863
5320 5.663777 5.663777 5.663777 0.621863 0.621863 0.621863
5330 5.663777 5.663777 5.663777 0.621863 0.621863 0.621863
5340 5.663777 5.663777 5.663777 0.621863 0.621863 0.621863
5350 5.663777 5.663777 5.663777 0.621863 0.621863 0.621863
5360 5.663777 5.663777 5.663777 0.621863 0.621863 0.621863
5370 5.663777 5.663777 5.663777 0.621863 0.621863 0.621863
5380 5.663777 5.663777 5.663777 0.621863 0.621863 0.621863
5390 5.663777 5.663777 5.663777 0.621863 0.621863 0.621863
5400 5.663777 5.663777 5.663777 0.621863 0.621863 0.621863
5410 5.663777 5.663777 5.663777 0.621863 0.621863 0.621863
5420 5.663777 5.663777 5.663777 0.621863 0.621863 0.621863
5430 5.663777 5.663777 5.663777 0.621863 0.621863 0.621863
5440 5.663777 5.663777 5.663777 0.621863 0.621863 0.621863
5450 5.663777 5.663777 5.663777 0.621863 0.621863 0.621863
5460 5.663777 5.663777 5.663777 0.621863 0.621863 0.621863
5470 5.663777 5.663777 5.663777 0.621863 0.621863 0.621863
5480 5.663777 5.663777 5.663777 0.621863 0.621863 0.621863
5490 5.663777 5.663777 5.663777 0.621863 0.621863 0.621863
5500 5.663777 5.663777 5.663777 0.621863 0.621863 0.621863
5510 5.663777 5.663777 5.663777 0.621863 0.621863 0.621863
5520 5.663777 5.663777 5.663777 0.621863 0.621863 0.621863
5530 5.663777 5.663777 5.663777 0.621863 0.621863 0.621863
5540 5.663777 5.663777 5.663777 0.621863 0.621863 0.621863
5550 5.663777 5.663777 5.663777 0.621863 0.621863 0.621863
5560 5.663777 5.663777 5.663777 0.621863 0.621863 0.621863
5570 5.663777 5.663777 5.663777 0.621863 0.621863 0.621863
5580 5.663777 5.663777 5.663777 0.621863 0.621863 0.621863
5590 5.663777 5.663777 5.663777 0.621863 0.621863 0.621863
5600 5.663777 5.663777 5.663777 0.621863 0.621863 0.621863
5610 5.663777 5.663777 5.663777 0.621863 0.621863 0.621863
5620 5.663777 5.663777 5.663777 0.621863 0.621863 0.621863
5630 5.663777 5.663777 5.663777 0.621863 0.621863 0.621863
5640 5.663777 5.663777 5.663777 0.621863 0.621863 0.621863
5650 5.663777 5.663777 5.663777 0.621863 0.621863 0.621863
5660 5.663777 5.663777 5.663777 0.621863 0.621863 0.621863
5670 5.663777 5.663777 5.663777 0.621863 0.621863 0.621863
5680 5.663777 5.663777 5.663777 0.621863 0.621863 0.621863
5690 5.663777 5.663777 5.663777 0.621863 0.621863 0.621863
5700 5.663777 5.663777 5.663777 0.621863 0.621863 0.621863
5710 5.663777 5.663777 5.663777 0.621863 0.621863 0.621863
5720 5.663777 5.663777 5.663777 0.621863 0.621863 0.621863
5730 5.663777 5.663777 5.663777 0.621863 0.621863 0.621863
5740 5.663777 5.663777 5.663777 0.621863 0.621863 0.621863
5750 5.663777 5.663777 5.663777 0.621863 0.621863 0.621863
5760 5.663777 5.663777 5.663777 0.621863 0.621863 0.621863
5770 5.663777 5.663777 5.663777 0.621863 0.621863 0.621863
5780 5.663777 5.663777 5.663777 0.621863 0.621863 0.621863
5790 5.663777 5.663777 5.663777 0.621863 0.621863 0.621863
5800 5.663777 5.663777 5.663777 0.621863 0.621863 0.621863
5810 5.663777 5.663777 5.663777 0.621863 0.621863 0.621863
5820 5.663777 5.663777 5.663777 0.621863 0.621863 0.621863
5830 5.663777 5.663777 5.663777 0.621863 0.621863 0.621863
5840 5.663777 5.663777 5.663777 0.621863 0.621863 0.621863
5850 5.663777 5.663777 5.663777 0.621863 0.621863 0.621863
5860 5.663777 5.663777 5.663777 0.621863 0.621863 0.621863
5870 5.663777 5.663777 5.663777 0.621863 0.621863 0.621863
5880 5.663777 5.663777 5.663777 0.621863 0.621863 0.621863
5890 5.663777 5.663777 5.663777 0.621863 0.621863 0.621863
5900 5.663777 5.663777 5.663777 0.621863 0.621863 0.621863
5910 5.663777 5.663777 5.663777 0.621863 0.621863 0.621863
5920 5.663777 5.663777 5.663777 0.621863 0.621863 0.621863
5930 5.663777 5.663777 5.663777 0.621863 0.621863 0.621863
5940 5.663777 5.663777 5.663777 0.621863 0.621863 0.621863
5950 5.663777 5.663777 5.663777 0.621863 0.621863 0.621863
5960 5.663777 5.663777 5.663777 0.621863 0.621863 0.621863
5970 5.663777 5.663777 5.663777 0.621863 0.621863 0.621863
5980 5.663777 5.663777 5.663777 0.621863 0.621863 0.621863
5990 5.663777 5.663777 5.663777 0.621863 0.621863 0.621863
6000 5.663777 5.663777 5.663777 0.621863 0.621863 0.621863
6010 5.663777 5.663777 5.663777 0.621863 0.621863 0.621863
6020 5.663777 5.663777 5.663777 0.621863 0.621863 0.621863
6030 5.663777 5.663777 5.663777 0.621863 0.621863 0.621863
6040 5.663777 5.663777 5.663777 0.621863 0.621863 0.621863
6050 5.663777 5.663777 5.663777 0.621863 0.621863 0.621863
6060 5.663777 5.663777 5.663777 0.621863 0.621863 0.621863
6070 5.663777 5.663777 5.663777 0.621863 0.621863 0.621863
6080 5.663777 5.663777 5.663777 0.621863 0.621863 0.621863
6090 5.663777 5.663777 5.663777 0.621863 0.621863 0.621863
6100 5.663777 5.663777 5.663777 0.621863 0.621863 0.621863
6110 5.663777 5.663777 5.663777 0.621863 0.621863 0.621863
6120 5.663777 5.663777 5.663777 0.621863 0.621863 0.621863
6130 5.663777 5.663777 5.663777 0.621863 0.621863 0.621863
6140 5.663777 5.663777 5.663777 0.621863 0.621863 0.621863
6150 5.663777 5.663777 5.663777 0.621863 0.621863 0.621863
6160 5.663777 5.663777 5.663777 0.621863 0.621863 0.621863
6170 5.663777 5.663777 5.663777 0.621863 0.621863 0.621863
6180 5.663777 5.663777 5.663777 0.621863 0.621863 0.621863
6190 5.663777 5.663777 5.663777 0.621863 0.621863 0.621863
6200 5.663777 5.663777 5.663777 0.621863 0.621863 0.621863
6210 5.663777 5.663777 5.663777 0.621863 0.621863 0.621863
6220 5.663777 5.663777 5.663777 0.621863 0.621863 0.621863
6230 5.663777 5.663777 5.663777 0.621863 0.621863 0.621863
6240 5.663777 5.663777 5.663777 0.621863 0.621863 0.621863
6250 5.663777 5.663777 5.663777 0.621863 0.621863 0.621863
6260 5.663777 5.663777 5.663777 0.621863 0.621863 0.621863
6270 5.663777 5.663777 5.663777 0.621863 0.621863 0.621863
6280 5.663777 5.663777 5.663777 0.621863 0.621863 0.621863
6290 5.663777 5.663777 5.663777 0.621863 0.621863 0.621863
6300 5.663777 5.663777 5.663777 0.621863 0.621863 0.621863
6310 5.663777 5.663777 5.663777 0.621863 0.621863 0.621863
6320 5.663777 5.663777 5.663777 0.621863 0.621863 0.621863
6330 5.663777 5.663777 5.663777 0.621863 0.621863 0.621863
6340 5.663777 5.663777 5.663777 0.621863 0.621863 0.621863
6350 5.663777 5.663777 5.663777 0.621863 0.621863 0.621863
6360 5.663777 5.663777 5.663777 0.621863 0.621863 0.621863
6370 5.663777 5.663777 5.663777 0.621863 0.621863 0.621863
6380 5.663777 5.663777 5.663777 0.621863 0.621863 0.621863
6390 5.663777 5.663777 5.663777 0.621863 0.621863 0.621863
6400 5.663777 5.663777 5.663777 0.621863 0.621863 0.621863
6410 5.663777 5.663777 5.663777 0.621863 0.621863 0.621863
6420 5.663777 5.663777 5.663777 0.621863 0.621863 0.621863
6430 5.663777 5.663777 5.663777 0.621863 0.621863 0.621863
6440 5.663777 5.663777 5.663777 0.621863 0.621863 0.621863
6450 5.663777 5.663777 5.663777 0.621863 0.621863 0.621863
6460 5.663777 5.663777 5.663777 0.621863 0.621863 0.621863
6470 5.663777 5.663777 5.663777 0.621863 0.621863 0.621863
6480 5.663777 5.663777 5.663777 0.621863 0.621863 0.621863
6490 5.663777 5.663777 5.663777 0.621863 0.621863 0.621863
6500 5.663777 5.663777 5.663777 0.621863 0.621863 0.621863
6510 5.663777 5.663777 5.663777 0.621863 0.621863 0.621863
6520 5.663777 5.663777 5.663777 0.621863 0.621863 0.621863
6530 5.663777 5.663777 5.663777 0.621863 0.621863 0.621863
6540 5.663777 5.663777 5.663777 0.621863 0.621863 0.621863
6550 5.663777 5.663777 5.663777 0.621863 0.621863 0.621863
6560 5.663777 5.663777 5.663777 0.621863 0.621863 0.621863
6570 5.663777 5.663777 5.663777 0.621863 0.621863 0.621863
6580 5.663777 5.663777 5.663777 0.621863 0.621863 0.621863
6590 5.663777 5.663777 5.663777 0.621863 0.621863 0.621863
6600 5.663777 5.663777 5.663777 0.621863 0.621863 0.621863
6610 5.663777 5.663777 5.663777 0.621863 0.621863 0.621863
6620 5.663777 5.663777 5.663777 0.621863 0.621863 0.621863
6630 5.663777 5.663777 5.663777 0.621863 0.621863 0.621863
6640 5.663777 5.663777 5.663777 0.621863 0.621863 0.621863
6650 5.663777 5.663777 5.663777 0.621863 0.621863 0.621863
6660 5.663777 5.663777 5.663777 0.621863 0.621863 0.621863
6670 5.663777 5.663777 5.663777 0.621863 0.621863 0.621863
6680 5.663777 5.663777 5.663777 0.621863 0.621863 0.621863
6690 5.663777 5.663777 5.663777 0.621863 0.621863 0.621863
6700 5.663777 5.663777 5.663777 0.621863 0.621863 0.621863
6710 5.663777 5.663777 5.663777 0.621863 0.621863 0.621863
6720 5.663777 5.663777 5.663777 0.621863 0.621863 0.621863
6730 5.663777 5.663777 5.663777 0.621863 0.621863 0.621863
6740 5.663777 5.663777 5.663777 0.621863 0.621863 0.621863
6750 5.663777 5.663777 5.663777 0.621863 0.621863 0.621863
6760 5.663777 5.663777 5.663777 0.621863 0.621863 0.621863
6770 5.663777 5.663777 5.663777 0.621863 0.621863 0.621863
6780 5.663777 5.663777 5.663777 0.621863 0.621863 0.621863
6790 5.663777 5.663777 5.663777 0.621863 0.621863 0.621863
6800 5.663777 5.663777 5.663777 0.621863 0.621863 0.621863
6810 5.663777 5.663777 5.663777 0.621863 0.621863 0.621863
6820 5.663777 5.663777 5.663777 0.621863 0.621863 0.621863
6830 5.663777 5.663777 5.663777 0.621863 0.621863 0.621863
6840 5.663777 5.663777 5.663777 0.621863 0.621863 0.621863
6850 5.663777 5.663777 5.663777 0.621863 0.621863 0.621863
6860 5.663777 5.663777 5.663777 0.621863 0.621863 0.621863
6870 5.663777 5.663777 5.663777 0.621863 0.621863 0.621863
6880 5.663777 5.663777 5.663777 0.621863 0.621863 0.621863
6890 5.663777 5.663777 5.663777 0.621863 0.621863 0.621863
6900 5.663777 5.663777 5.663777 0.621863 0.621863 0.621863
6910 5.663777 5.663777 5.663777 0.621863 0.621863 0.621863
6920 5.663777 5.663777 5.663777 0.621863 0.621863 0.621863
6930 5.663777 5.663777 5.663777 0.621863 0.621863 0.621863
6940 5.663777 5.663777 5.663777 0.621863 0.621863 0.621863
6950 5.663777 5.663777 5.663777 0.621863 0.621863 0.621863
6960 5.663777 5.663777 5.663777 0.621863 0.621863 0.621863
6970 5.663777 5.663777 5.663777 0.621863 0.621863 0.621863
6980 5.663777 5.663777 5.663777 0.621863 0.621863 0.621863
6990 5.663777 5.663777 5.663777 0.621863 0.621863 0.621863
7000 5.663777 5.663777 5.663777 0.621863 0.621863 0.621863
7010 5.663777 5.663777 5.663777 0.621863 0.621863 0.621863
7020 5.663777 5.663777 5.663777 0.621863 0.621863 0.621863
7030 5.663777 5.663777 5.663777 0.621863 0.621863 0.621863
7040 5.663777 5.663777 5.663777 0.621863 0.621863 0.621863
7050 5.663777 5.663777 5.663777 0.621863 0.621863 0.621863
7060 5.663777 5.663777 5.663777 0.621863 0.621863 0.621863
7070 5.663777 5.663777 5.663777 0.621863 0.621863 0.621863
7080 5.663777 5.663777 5.663777 0.621863 0.621863 0.621863
7090 5.663777 5.663777 5.663777 0.621863 0.621863 0.621863
7100 5.663777 5.663777 5.663777 0.621863 0.621863 0.621863
7110 5.663777 5.663777 5.663777 0.621863 0.621863 0.621863
7120 5.663777 5.663777 5.663777 0.621863 0.621863 0.621863
7130 5.663777 5.663777 5.663777 0.621863 0.621863 0.621863
7140 5.663777 5.663777 5.663777 0.621863 0.621863 0.621863
7150 5.663777 5.663777 5.663777 0.621863 0.621863 0.621863
7160 5.663777 5.663777 5.663777 0.621863 0.621863 0.621863
7170 5.663777 5.663777 5.663777 0.621863 0.621863 0.621863
7180 5.663777 5.663777 5.663777 0.621863 0.621863 0.621863
7190 5.663777 5.663777 5.663777 0.621863 0.621863 0.621863
7200 5.663777 5.663777 5.663777 0.621863 0.621863 0.621863
7210 5.663777 5.663777 5.663777 0.621863 0.621863 0.621863
7220 5.663777 5.663777 5.663777 0.621863 0.621863 0.621863
7230 5.663777 5.663777 5.663777 0.621863 0.621863 0.621863
7240 5.663777 5.663777 5.663777 0.621863 0.621863 0.621863
7250 5.663777 5.663777 5.663777 0.621863 0.621863 0.621863
7260 5.663777 5.663777 5.663777 0.621863 0.621863 0.621863
7270 5.663777 5.663777 5.663777 0.621863 0.621863 0.621863
7280 5.663777 5.663777 5.663777 0.621863 0.621863 0.621863
7290 5.663777 5.663777 5.663777 0.621863 0.621863 0.621863
7300 5.663777 5.663777 5.663777 0.621863 0.621863 0.621863
7310 5.663777 5.663777 5.663777 0.621863 0.621863 0.621863
7320 5.663777 5.663777 5.663777 0.621863 0.621863 0.621863
7330 5.663777 5.663777 5.663777 0.621863 0.621863 0.621863
7340 5.663777 5.663777 5.663777 0.621863 0.621863 0.621863
7350 5.663777 5.663777 5.663777 0.621863 0.621863 0.621863
7360 5.663777 5.663777 5.663777 0.621863 0.621863 0.621863
7370 5.663777 5.663777 5.663777 0.621863 0.621863 0.621863
7380 5.663777 5.663777 5.663777 0.621863 0.621863 0.621863
7390 5.663777 5.663777 5.663777 0.621863 0.621863 0.621863
7400 5.663777 5.663777 5.663777 0.621863 0.621863 0.621863
7410 5.663777 5.663777 5.663777 0.621863 0.621863 0.621863
7420 5.663777 5.663777 5.663777 0.621863 0.621863 0.621863
7430 5.663777 5.663777 5.663777 0.621863 0.621863 0.621863
7440 5.663777 5.663777 5.663777 0.621863 0.621863 0.621863
7450 5.663777 5.663777 5.663777 0.621863 0.621863 0.621863
7460 5.663777 5.663777 5.663777 0.621863 0.621863 0.621863
7470 5.663777 5.663777 5.663777 0.621863 0.621863 0.621863
7480 5.663777 5.663777 5.663777 0.621863 0.621863 0.621863
7490 5.663777 5.663777 5.663777 0.621863 0.621863 0.621863
7500 5.663777 5.663777 5.663777 0.621863 0.621863 0.621863
7510 5.663777 5.663777 5.663777 0.621863 0.621863 0.621863
7520 5.663777 5.663777 5.663777 0.621863 0.621863 0.621863
7530 5.663777 5.663777 5.663777 0.621863 0.621863 0.621863
7540 5.663777 5.663777 5.663777 0.621863 0.621863 0.621863
7550 5.663777 5.663777 5.663777 0.621863 0.621863 0.621863
7560 5.663777 5.663777 5.663777 0.621863 0.621863 0.621863
7570 5.663777 5.663777 5.663777 0.621863 0.621863 0.621863
7580 5.663777 5.663777 5.663777 0.621863 0.621863 0.621863
7590 5.663777 5.663777 5.663777 0.621863 0.621863 0.621863
7600 5.663777 5.663777 5.663777 0.621863 0.621863 0.621863
7610 5.663777 5.663777 5.663777 0.621863 0.621863 0.621863
7620 5.663777 5.663777 5.663777 0.621863 0.621863 0.621863
7630 5.663777 5.663777 5.663777 0.621863 0.621863 0.621863
7640 5.663777 5.663777 5.663777 0.621863 0.621863 0.621863
7650 5.663777 5.663777 5.663777 0.621863 0.621863 0.621863
7660 5.663777 5.663777 5.663777 0.621863 0.621863 0.621863
7670 5.663777 5.663777 5.663777 0.621863 0.621863 0.621863
7680 5.663777 5.663777 5.663777 0.621863 0.621863 0.621863
7690 5.663777 5.663777 5.663777 0.621863 0.621863 0.621863
7700 5.663777 5.663777 5.663777 0.621863 0.621863 0.621863
7710 5.663777 5.663777 5.663777 0.621863 0.621863 0.621863
7720 5.663777 5.663777 5.663777 0.621863 0.621863 0.621863
7730 5.663777 5.663777 5.663777 0.621863 0.621863 0.621863
7740 5.663777 5.663777 5.663777 0.621863 0.621863 0.621863
7750 5.663777 5.663777 5.663777 0.621863 0.621863 0.621863
7760 5.663777 5.663777 5.663777 0.621863 0.621863 0.621863
7770 5.663777 5.663777 5.663777 0.621863 0.621863 0.621863
7780 5.663777 5.663777 5.663777 0.621863 0.621863 0.621863
7790 5.663777 5.663777 5.663777 0.621863 0.621863 0.621863
7800 5.663777 5.663777 5.663777 0.621863 0.621863 0.621863
7810 5.663777 5.663777 5.663777 0.621863 0.621863 0.621863
7820 5.663777 5.663777 5.663777 0.621863 0.621863 0.621863
7830 5.663777 5.663777 5.663777 0.621863 0.621863 0.621863
7840 5.663777 5.663777 5.663777 0.621863 0.621863 0.621863
7850 5.663777 5.663777 5.663777 0.621863 0.621863 0.621863
7860 5.663777 5.663777 5.663777 0.621863 0.621863 0.621863
7870 5.663777 5.663777 5.663777 0.621863 0.621863 0.621863
7880 5.663777 5.663777 5.663777 0.621863 0.621863 0.621863
7890 5.663777 5.663777 5.663777 0.621863 0.621863 0.621863
7900 5.663777 5.663777 5.663777 0.621863 0.621863 0.621863
7910 5.663777 5.663777 5.663777 0.621863 0.621863 0.621863
7920 5.663777 5.663777 5.663777 0.621863 0.621863 0.621863
7930 5.663777 5.663777 5.663777 0.621863 0.621863 0.621863
7940 5.663777 5.663777 5.663777 0.621863 0.621863 0.621863
7950 5.663777 5.663777 5.663777 0.621863 0.621863 0.621863
7960 5.663777 5.663777 5.663777 0.621863 0.621863 0.621863
7970 5.663777 5.663777 5.663777 0.621863 0.621863 0.621863
7980 5.663777 5.663777 5.663777 0.621863 0.621863 0.621863
7990 5.663777 5.663777 5.663777 0.621863 0.621863 0.621863
8000 5.663777 5.663777 5.663777 0.621863 0.621863 0.621863
8010 5.663777 5.663777 5.663777 0.621863 0.621863 0.621863
8020 5.663777 5.663777 5.663777 0.621863 0.621863 0.621863
8030 5.663777 5.663777 5.663777 0.621863 0.621863 0.621863
8040 5.663777 5.663777 5.663777 0.621863 0.621863 0.621863
8050 5.663777 5.663777 5.663777 0.621863 0.621863 0.621863
8060 5.663777 5.663777 5.663777 0.621863 0.621863 0.621863
8070 5.663777 5.663777 5.663777 0.621863 0.621863 0.621863
8080 5.663777 5.663777 5.663777 0.621863 0.621863 0.621863
8090 5.663777 5.663777 5.663777 0.621863 0.621863 0.621863
8100 5.663777 5.663777 5.663777 0.621863 0.621863 0.621863
8110 5.663777 5.663777 5.663777 0.621863 0.621863 0.621863
8120 5.663777 5.663777 5.663777 0.621863 0.621863 0.621863
8130 5.663777 5.663777 5.663777 0.621863 0.621863 0.621863
8140 5.663777 5.663777 5.663777 0.621863 0.621863 0.621863
8150 5.663777 5.663777 5.663777 0.621863 0.621863 0.621863
8160 5.663777 5.663777 5.663777 0.621863 0.621863 0.621863
8170 5.663777 5.663777 5.663777 0.621863 0.621863 0.621863
8180 5.663777 5.663777 5.663777 0.621863 0.621863 0.621863
8190 5.663777 5.663777 5.663777 0.621863 0.621863 0.621863
8200 5.663777 5.663777 5.663777 0.621863 0.621863 0.621863
8210 5.663777 5.663777 5.663777 0.621863 0.621863 0.621863
8220 5.663777 5.663777 5.663777 0.621863 0.621863 0.621863
8230 5.663777 5.663777 5.663777 0.621863 0.621863 0.621863
8240 5.663777 5.663777 5.663777 0.621863 0.621863 0.621863
8250 5.663777 5.663777 5.663777 0.621863 0.621863 0.621863
8260 5.663777 5.663777 5.663777 0.621863 0.621863 0.621863
8270 5.663777 5.663777 5.663777 0.621863 0.621863 0.621863
8280 5.663777 5.663777 5.663777 0.621863 0.621863 0.621863
8290 5.663777 5.663777 5.663777 0.621863 0.621863 0.621863
8300 5.663777 5.663777 5.663777 0.621863 0.621863 0.621863
8310 5.663777 5.663777 5.663777 0.621863 0.621863 0.621863
8320 5.663777 5.663777 5.663777 0.621863 0.621863 0.621863
8330 5.663777 5.663777 5.663777 0.621863 0.621863 0.621863
8340 5.663777 5.663777 5.663777 0.621863 0.621863 0.621863
8350 5.663777 5.663777 5.663777 0.621863 0.621863 0.621863
8360 5.663777 5.663777 5.663777 0.621863 0.621863 0.621863
8370 5.663777 5.663777 5.663777 0.621863 0.621863 0.621863
8380 5.663777 5.663777 5.663777 0.621863 0.621863 0.621863
8390 5.663777 5.663777 5.663777 0.621863 0.621863 0.621863
8400 5.663777 5.663777 5.663777 0.621863 0.621863 0.621863
8410 5.663777 5.663777 5.663777 0.621863 0.621863 0.621863
8420 5.663777 5.663777 5.663777 0.621863 0.621863 0.621863
8430 5.663777 5.663777 5.663777 0.621863 0.621863 0.621863
8440 5.663777 5.663777 5.663777 0.621863 0.621863 0.621863
8450 5.663777 5.663777 5.663777 0.621863 0.621863 0.621863
8460 5.663777 5.663777 5.663777 0.621863 0.621863 0.621863
8470 5.663777 5.663777 5.663777 0.621863 0.621863 0.621863
8480 5.663777 5.663777 5.663777 0.621863 0.621863 0.621863
8490 5.663777 5.663777 5.663777 0.621863 0.621863 0.621863
8500 5.663777 5.663777 5.663777 0.621863 0.621863 0.621863
8510 5.663777 5.663777 5.663777 0.621863 0.621863 0.621863
8520 5.663777 5.663777 5.663777 0.621863 0.621863 0.621863
8530 5.663777 5.663777 5.663777 0.621863 0.621863 0.621863
8540 5.663777 5.663777 5.663777 0.621863 0.621863 0.621863
8550 5.663777 5.663777 5.663777 0.621863 0.621863 0.621863
8560 5.663777 5.663777 5.663777 0.621863 0.621863 0.621863
8570 5.663777 5.663777 5.663777 0.621863 0.621863 0.621863
8580 5.663777 5.663777 5.663777 0.621863 0.621863 0.621863
8590 5.663777 5.663777 5.663777 0.621863 0.621863 0.621863
8600 5.663777 5.663777 5.663777 0.621863 0.621863 0.621863
8610 5.663777 5.663777 5.663777 0.621863 0.621863 0.621863
8620 5.663777 5.663777 5.663777 0.621863 0.621863 0.621863
8630 5.663777 5.663777 5.663777 0.621863 0.621863 0.621863
8640 5.663777 5.663777 5.663777 0.621863 0.621863 0.621863
8650 5.663777 5.663777 5.663777 0.621863 0.621863 0.621863
8660 5.663777 5.663777 5.663777 0.621863 0.621863 0.621863
8670 5.663777 5.663777 5.663777 0.621863 0.621863 0.621863
8680 5.663777 5.663777 5.663777 0.621863 0.621863 0.621863
8690 5.663777 5.663777 5.663777 0.621863 0.621863 0.621863
8700 5.663777 5.663777 5.663777 0.621863 0.621863 0.621863
8710 5.663777 5.663777 5.663777 0.621863 0.621863 0.621863
8720 5.663777 5.663777 5.663777 0.621863 0.621863 0.621863
8730 5.663777 5.663777 5.663777 0.621863 0.621863 0.621863
8740 5.663777 5.663777 5.663777 0.621863 0.621863 0.621863
8750 5.663777 5.663777 5.663777 0.621863 0.621863 0.621863
8760 5.663777 5.663777 5.663777 0.621863 0.621863 0.621863
8770 5.663777 5.663777 5.663777 0.621863 0.621863 0.621863
8780 5.663777 5.663777 5.663777 0.621863 0.621863 0.621863
8790 5.663777 5.663777 5.663777 0.621863 0.621863 0.621863
8800 5.663777 5.663777 5.663777 0.621863 0.621863 0.621863
8810 5.663777 5.663777 5.663777 0.621863 0.621863 0.621863
8820 5.663777 5.663777 5.663777 0.621863 0.621863 0.621863
8830 5.663777 5.663777 5.663777 0.621863 0.621863 0.621863
8840 5.663777 5.663777 5.663777 0.621863 0.621863 0.621863
8850 5.663777 5.663777 5.663777 0.621863 0.621863 0.621863
8860 5.663777 5.663777 5.663777 0.621863 0.621863 0.621863
8870 5.663777 5.663777 5.663777 0.621863 0.621863 0.621863
8880 5.663777 5.663777 5.663777 0.621863 0.621863 0.621863
8890 5.663777 5.663777 5.663777 0.621863 0.621863 0.621863
8900 5.663777 5.663777 5.663777 0.621863 0.621863 0.621863
8910 5.663777 5.663777 5.663777 0.621863 0.621863 0.621863
8920 5.663777 5.663777 5.663777 0.621863 0.621863 0.621863
8930 5.663777 5.663777 5.663777 0.621863 0.621863 0.621863
8940 5.663777 5.663777 5.663777 0.621863 0.621863 0.621863
8950 5.663777 5.663777 5.663777 0.621863 0.621863 0.621863
8960 5.663777 5.663777 5.663777 0.621863 0.621863 0.621863
8970 5.663777 5.663777 5.663777 0.621863 0.621863 0.621863
8980 5.663777 5.663777 5.663777 0.621863 0.621863 0.621863
8990 5.663777 5.663777 5.663777 0.621863 0.621863 0.621863
9000 5.663777 5.663777 5.663777 0.621863 0.621863 0.621863
9010 5.663777 5.663777 5.663777 0.621863 0.621863 0.621863
9020 5.663777 5.663777 5.663777 0.621863 0.621863 0.621863
9030 5.663777 5.663777 5.663777 0.621863 0.621863 0.621863
9040 5.663777 5.663777 5.663777 0.621863 0.621863 0.621863
9050 5.663777 5.663777 5.663777 0.621863 0.621863 0.621863
9060 5.663777 5.663777 5.663777 0.621863 0.621863 0.621863
9070 5.663777 5.663777 5.663777 0.621863 0.621863 0.621863
9080 5.663777 5.663777 5.663777 0.621863 0.621863 0.621863
9090 5.663777 5.663777 5.663777 0.621863 0.621863 0.621863
9100 5.663777 5.663777 5.663777 0.621863 0.621863 0.621863
9110 5.663777 5.663777 5.663777 0.621863 0.621863 0.621863
9120 5.663777 5.663777 5.663777 0.621863 0.621863 0.621863
9130 5.663777 5.663777 5.663777 0.621863 0.621863 0.621863
9140 5.663777 5.663777 5.663777 0.621863 0.621863 0.621863
9150 5.663777 5.663777 5.663777 0.621863 0.621863 0.621863
9160 5.663777 5.663777 5.663777 0.621863 0.621863 0.621863
9170 5.663777 5.663777 5.663777 0.621863 0.621863 0.621863
9180 5.663777 5.663777 5.663777 0.621863 0.621863 0.621863
9190 5.663777 5.663777 5.663777 0.621863 0.621863 0.621863
9200 5.663777 5.663777 5.663777 0.621863 0.621863 0.621863
9210 5.663777 5.663777 5.663777 0.621863 0.621863 0.621863
9220 5.663777 5.663777 5.663777 0.621863 0.621863 0.621863
9230 5.663777 5.663777 5.663777 0.621863 0.621863 0.621863
9240 5.663777 5.663777 5.663777 0.621863 0.621863 0.621863
9250 5.663777 5.663777 5.663777 0.621863 0.621863 0.621863
9260 5.663777 5.663777 5.663777 0.621863 0.621863 0.621863
9270 5.663777 5.663777 5.663777 0.621863 0.621863 0.621863
9280 5.663777 5.663777 5.663777 0.621863 0.621863 0.621863
9290 5.663777 5.663777 5.663777 0.621863 0.621863 0.621863
9300 5.663777 5.663777 5.663777 0.621863 0.621863 0.621863
9310 5.663777 5.663777 5.663777 0.621863 0.621863 0.621863
9320 5.663777 5.663777 5.663777 0.621863 0.621863 0.621863
9330 5.663777 5.663777 5.663777 0.621863 0.621863 0.621863
9340 5.663777 5.663777 5.663777 0.621863 0.621863 0.621863
9350 5.663777 5.663777 5.663777 0.621863 0.621863 0.621863
9360 5.663777 5.663777 5.663777 0.621863 0.621863 0.621863
9370 5.663777 5.663777 5.663777 0.621863 0.621863 0.621863
9380 5.663777 5.663777 5.663777 0.621863 0.621863 0.621863
9390 5.663777 5.663777 5.663777 0.621863 0.621863 0.621863
9400 5.663777 5.663777 5.663777 0.621863 0.621863 0.621863
9410 5.663777 5.663777 5.663777 0.621863 0.621863 0.621863
9420 5.663777 5.663777 5.663777 0.621863 0.621863 0.621863
9430 5.663777 5.663777 5.663777 0.621863 0.621863 0.621863
9440 5.663777 5.663777 5.663777 0.621863 0.621863 0.621863
9450 5.663777 5.663777 5.663777 0.621863 0.621863 0.621863
9460 5.663777 5.663777 5.663777 0.621863 0.621863 0.621863
9470 5.663777 5.663777 5.663777 0.621863 0.621863 0.621863
9480 5.663777 5.663777 5.663777 0.621863 0.621863 0.621863
9490 5.663777 5.663777 5.663777 0.621863 0.621863 0.621863
9500 5.663777 5.663777 5.663777 0.621863 0.621863 0.621863
9510 5.663777 5.663777 5.663777 0.621863 0.621863 0.621863
9520 5.663777 5.663777 5.663777 0.621863 0.621863 0.621863
9530 5.663777 5.663777 5.663777 0.621863 0.621863 0.621863
9540 5.663777 5.663777 5.663777 0.621863 0.621863 0.621863
9550 5.663777 5.663777 5.663777 0.621863 0.621863 0.621863
9560 5.663777 5.663777 5.663777 0.621863 0.621863 0.621863
9570 5.663777 5.663777 5.663777 0.621863 0.621863 0.621863
9580 5.663777 5.663777 5.663777 0.621863 0.621863 0.621863
9590 5.663777 5.663777 5.663777 0.621863 0.621863 0.621863
9600 5.663777 5.663777 5.663777 0.621863 0.621863 0.621863
9610 5.663777 5.663777 5.663777 0.621863 0.621863 0.621863
9620 5.663777 5.663777 5.663777 0.621863 0.621863 0.621863
9630 5.663777 5.663777 5.663777 0.621863 0.621863 0.621863
9640 5.663777 5.663777 5.663777 0.621863 0.621863 0.621863
9650 5.663777 5.663777 5.663777 0.621863 0.621863 0.621863
9660 5.663777 5.663777 5.663777 0.621863 0.621863 0.621863
9670 5.663777 5.663777 5.663777 0.621863 0.621863 0.621863
9680 5.663777 5.663777 5.663777 0.621863 0.621863 0.621863
9690 5.663777 5.663777 5.663777 0.621863 0.621863 0.621863
9700 5.663777 5.663777 5.663777 0.621863 0.621863 0.621863
9710 5.663777 5.663777 5.663777 0.621863 0.621863 0.621863
9720 5.663777 5.663777 5.663777 0.621863 0.621863 0.621863
9730 5.663777 5.663777 5.663777 0.621863 0.621863 0.621863
9740 5.663777 5.663777 5.663777 0.621863 0.621863 0.621863
9750 5.663777 5.663777 5.663777 0.621863 0.621863 0.621863
9760 5.663777 5.663777 5.663777 0.621863 0.621863 0.621863
9770 5.663777 5.663777 5.663777 0.621863 0.621863 0.621863
9780 5.663777 5.663777 5.663777 0.621863 0.621863 0.621863
9790 5.663777 5.663777 5.663777 0.621863 0.621863 0.621863
9800 5.663777 5.663777 5.663777 0.621863 0.621863 0.621863
9810 5.663777 5.663777 5.663777 0.621863 0.621863 0.621863
9820 5.663777 5.663777 5.663777 0.621863 0.621863 0.621863
9830 5.663777 5.663777 5.663777 0.621863 0.621863 0.621863
9840 5.663777 5.663777 5.663777 0.621863 0.621863 0.621863
9850 5.663777 5.663777 5.663777 0.621863 0.621863 0.621863
9860 5.663777 5.663777 5.663777 0.621863 0.621863 0.621863
9870 5.663777 5.663777 5.663777 0.621863 0.621863 0.621863
9880 5.663777 5.663777 5.663777 0.621863 0.621863 0.621863
9890 5.663777 5.663777 5.663777 0.621863 0.621863 0.621863
9900 5.663777 5.663777 5.663777 0.621863 0.621863 0.621863
9910 5.663777 5.663777 5.663777 0.621863 0.621863 0.621863
9920 5.663777 5.663777 5.663777 0.621863 0.621863 0.621863
9930 5.663777 5.663777 5.663777 0.621863 0.621863 0.621863
9940 5.663777 5.663777 5.663777 0.621863 0.621863 0.621863
9950 5.663777 5.663777 5.663777 0.621863 0.621863 0.621863
9960 5.663777 5.663777 5.663777 0.621863 0.621863 0.621863
9970 5.663777 5.663777 5.663777 0.621863 0.621863 0.621863
9980 5.663777 5.663777 5.663777 0.621863 0.621863 0.621863
9990 5.663777 5.663777 5.663777 0.621863 0.621863 0.621863
10000 5.712253 5.712253 5.712253 0.624304 0.624304 0.624304
