# generation power_min power_avg power_max util_min util_avg util_max
1 22.771951 23.939467 25.454329 0.332738 0.345067 0.354172
10 22.343708 23.773677 24.683186 0.338173 0.346096 0.354636
20 22.343708 23.611610 24.394126 0.340481 0.346966 0.354636
30 22.190119 23.448212 24.189974 0.341911 0.347919 0.356195
40 22.125169 23.302696 24.110387 0.341911 0.348758 0.356195
50 21.524864 23.125655 23.970137 0.344255 0.349770 0.360587
60 21.524864 22.955499 23.794050 0.344645 0.350753 0.360587
70 21.290289 22.807545 23.664844 0.345679 0.351598 0.360587
80 21.290289 22.635832 23.521198 0.346543 0.352528 0.360587
90 21.290289 22.461872 23.372487 0.347865 0.353523 0.361058
100 21.153424 22.323958 23.165326 0.348008 0.354307 0.363501
110 21.126055 22.173796 23.009040 0.348008 0.355223 0.363501
120 21.126055 22.023937 22.838431 0.348008 0.356036 0.363501
130 21.110108 21.879833 22.674902 0.348550 0.356988 0.363501
140 21.110108 21.754525 22.480059 0.351409 0.357968 0.363501
150 21.110108 21.637233 22.369206 0.352232 0.358709 0.363501
160 21.110108 21.534064 22.216237 0.353418 0.359381 0.363501
170 21.110108 21.434618 22.081312 0.354731 0.360119 0.363501
180 21.110108 21.350049 21.890594 0.354731 0.360616 0.363501
190 21.110108 21.281438 21.786013 0.355698 0.361154 0.363501
200 21.110108 21.224594 21.524864 0.359177 0.361602 0.363501
210 21.110108 21.192101 21.420629 0.359378 0.361718 0.363501
220 21.110108 21.165846 21.383409 0.359378 0.361798 0.363501
230 21.087658 21.148182 21.207333 0.360100 0.361958 0.363501
240 21.087658 21.143704 21.162912 0.360965 0.362070 0.363501
250 21.087658 21.139710 21.162912 0.360965 0.362167 0.363501
260 21.087658 21.135068 21.162912 0.360965 0.362217 0.363501
270 21.083029 21.128593 21.162912 0.360965 0.362224 0.363501
280 21.083029 21.123911 21.153424 0.360965 0.362272 0.363501
290 21.083029 21.118853 21.153424 0.360965 0.362047 0.363501
300 21.083029 21.114020 21.148559 0.360965 0.361814 0.363381
310 21.083029 21.110031 21.126727 0.360965 0.361624 0.362736
320 21.083029 21.106745 21.126727 0.360965 0.361466 0.362736
330 21.083029 21.104140 21.126055 0.360965 0.361321 0.362704
340 21.083029 21.100796 21.118710 0.360965 0.361174 0.362373
350 21.083029 21.097791 21.110108 0.360965 0.361132 0.361204
360 21.083029 21.095129 21.110108 0.360965 0.361142 0.361204
370 21.083029 21.092421 21.110108 0.360965 0.361154 0.361204
380 21.083029 21.089713 21.110108 0.360965 0.361165 0.361204
390 21.083029 21.087005 21.110108 0.360965 0.361177 0.361204
400 21.083029 21.084297 21.110108 0.360965 0.361189 0.361204
410 21.083029 21.083029 21.083029 0.361204 0.361204 0.361204
420 21.083029 21.083029 21.083029 0.361204 0.361204 0.361204
430 21.083029 21.083029 21.083029 0.361204 0.361204 0.361204
440 21.083029 21.083029 21.083029 0.361204 0.361204 0.361204
450 21.083029 21.083029 21.083029 0.361204 0.361204 0.361204
460 21.083029 21.083029 21.083029 0.361204 0.361204 0.361204
470 21.083029 21.083029 21.083029 0.361204 0.361204 0.361204
480 21.083029 21.083029 21.083029 0.361204 0.361204 0.361204
490 21.083029 21.083029 21.083029 0.361204 0.361204 0.361204
500 21.083029 21.083029 21.083029 0.361204 0.361204 0.361204
510 21.083029 21.083029 21.083029 0.361204 0.361204 0.361204
520 21.083029 21.083029 21.083029 0.361204 0.361204 0.361204
530 21.083029 21.083029 21.083029 0.361204 0.361204 0.361204
540 21.083029 21.083029 21.083029 0.361204 0.361204 0.361204
550 21.083029 21.083029 21.083029 0.361204 0.361204 0.361204
560 21.083029 21.083029 21.083029 0.361204 0.361204 0.361204
570 21.083029 21.083029 21.083029 0.361204 0.361204 0.361204
580 21.083029 21.083029 21.083029 0.361204 0.361204 0.361204
590 21.083029 21.083029 21.083029 0.361204 0.361204 0.361204
600 21.083029 21.083029 21.083029 0.361204 0.361204 0.361204
610 21.083029 21.083029 21.083029 0.361204 0.361204 0.361204
620 21.083029 21.083029 21.083029 0.361204 0.361204 0.361204
630 21.083029 21.083029 21.083029 0.361204 0.361204 0.361204
640 21.083029 21.083029 21.083029 0.361204 0.361204 0.361204
650 21.083029 21.083029 21.083029 0.361204 0.361204 0.361204
660 21.083029 21.083029 21.083029 0.361204 0.361204 0.361204
670 21.083029 21.083029 21.083029 0.361204 0.361204 0.361204
680 21.083029 21.083029 21.083029 0.361204 0.361204 0.361204
690 21.083029 21.083029 21.083029 0.361204 0.361204 0.361204
700 21.083029 21.083029 21.083029 0.361204 0.361204 0.361204
710 21.083029 21.083029 21.083029 0.361204 0.361204 0.361204
720 21.083029 21.083029 21.083029 0.361204 0.361204 0.361204
730 21.083029 21.083029 21.083029 0.361204 0.361204 0.361204
740 21.083029 21.083029 21.083029 0.361204 0.361204 0.361204
750 21.083029 21.083029 21.083029 0.361204 0.361204 0.361204
760 21.083029 21.083029 21.083029 0.361204 0.361204 0.361204
770 21.083029 21.083029 21.083029 0.361204 0.361204 0.361204
780 21.083029 21.083029 21.083029 0.361204 0.361204 0.361204
790 21.083029 21.083029 21.083029 0.361204 0.361204 0.361204
800 21.083029 21.083029 21.083029 0.361204 0.361204 0.361204
810 21.083029 21.083029 21.083029 0.361204 0.361204 0.361204
820 21.083029 21.083029 21.083029 0.361204 0.361204 0.361204
830 21.083029 21.083029 21.083029 0.361204 0.361204 0.361204
840 21.083029 21.083029 21.083029 0.361204 0.361204 0.361204
850 21.083029 21.083029 21.083029 0.361204 0.361204 0.361204
860 21.083029 21.083029 21.083029 0.361204 0.361204 0.361204
870 21.083029 21.083029 21.083029 0.361204 0.361204 0.361204
880 21.083029 21.083029 21.083029 0.361204 0.361204 0.361204
890 21.083029 21.083029 21.083029 0.361204 0.361204 0.361204
900 21.083029 21.083029 21.083029 0.361204 0.361204 0.361204
910 21.083029 21.083029 21.083029 0.361204 0.361204 0.361204
920 21.083029 21.083029 21.083029 0.361204 0.361204 0.361204
930 21.083029 21.083029 21.083029 0.361204 0.361204 0.361204
940 21.083029 21.083029 21.083029 0.361204 0.361204 0.361204
950 21.083029 21.083029 21.083029 0.361204 0.361204 0.361204
960 21.083029 21.083029 21.083029 0.361204 0.361204 0.361204
970 21.083029 21.083029 21.083029 0.361204 0.361204 0.361204
980 21.083029 21.083029 21.083029 0.361204 0.361204 0.361204
990 21.083029 21.083029 21.083029 0.361204 0.361204 0.361204
1000 21.083029 21.083029 21.083029 0.361204 0.361204 0.361204
1010 21.083029 21.083029 21.083029 0.361204 0.361204 0.361204
1020 21.083029 21.083029 21.083029 0.361204 0.361204 0.361204
1030 21.083029 21.083029 21.083029 0.361204 0.361204 0.361204
1040 21.083029 21.083029 21.083029 0.361204 0.361204 0.361204
1050 21.083029 21.083029 21.083029 0.361204 0.361204 0.361204
1060 21.083029 21.083029 21.083029 0.361204 0.361204 0.361204
1070 21.083029 21.083029 21.083029 0.361204 0.361204 0.361204
1080 21.083029 21.083029 21.083029 0.361204 0.361204 0.361204
1090 21.083029 21.083029 21.083029 0.361204 0.361204 0.361204
1100 21.083029 21.083029 21.083029 0.361204 0.361204 0.361204
1110 21.083029 21.083029 21.083029 0.361204 0.361204 0.361204
1120 21.083029 21.083029 21.083029 0.361204 0.361204 0.361204
1130 21.083029 21.083029 21.083029 0.361204 0.361204 0.361204
1140 21.083029 21.083029 21.083029 0.361204 0.361204 0.361204
1150 21.083029 21.083029 21.083029 0.361204 0.361204 0.361204
1160 21.083029 21.083029 21.083029 0.361204 0.361204 0.361204
1170 21.083029 21.083029 21.083029 0.361204 0.361204 0.361204
1180 21.083029 21.083029 21.083029 0.361204 0.361204 0.361204
1190 21.083029 21.083029 21.083029 0.361204 0.361204 0.361204
1200 21.083029 21.083029 21.083029 0.361204 0.361204 0.361204
1210 21.083029 21.083029 21.083029 0.361204 0.361204 0.361204
1220 21.083029 21.083029 21.083029 0.361204 0.361204 0.361204
1230 21.083029 21.083029 21.083029 0.361204 0.361204 0.361204
1240 21.083029 21.083029 21.083029 0.361204 0.361204 0.361204
1250 21.083029 21.083029 21.083029 0.361204 0.361204 0.361204
1260 21.083029 21.083029 21.083029 0.361204 0.361204 0.361204
1270 21.083029 21.083029 21.083029 0.361204 0.361204 0.361204
1280 21.083029 21.083029 21.083029 0.361204 0.361204 0.361204
1290 21.083029 21.083029 21.083029 0.361204 0.361204 0.361204
1300 21.083029 21.083029 21.083029 0.361204 0.361204 0.361204
1310 21.083029 21.083029 21.083029 0.361204 0.361204 0.361204
1320 21.083029 21.083029 21.083029 0.361204 0.361204 0.361204
1330 21.083029 21.083029 21.083029 0.361204 0.361204 0.361204
1340 21.083029 21.083029 21.083029 0.361204 0.361204 0.361204
1350 21.083029 21.083029 21.083029 0.361204 0.361204 0.361204
1360 21.083029 21.083029 21.083029 0.361204 0.361204 0.361204
1370 21.083029 21.083029 21.083029 0.361204 0.361204 0.361204
1380 21.083029 21.083029 21.083029 0.361204 0.361204 0.361204
1390 21.083029 21.083029 21.083029 0.361204 0.361204 0.361204
1400 21.083029 21.083029 21.083029 0.361204 0.361204 0.361204
1410 21.083029 21.083029 21.083029 0.361204 0.361204 0.361204
1420 21.083029 21.083029 21.083029 0.361204 0.361204 0.361204
1430 21.083029 21.083029 21.083029 0.361204 0.361204 0.361204
1440 21.083029 21.083029 21.083029 0.361204 0.361204 0.361204
1450 21.083029 21.083029 21.083029 0.361204 0.361204 0.361204
1460 21.083029 21.083029 21.083029 0.361204 0.361204 0.361204
1470 21.083029 21.083029 21.083029 0.361204 0.361204 0.361204
1480 21.083029 21.083029 21.083029 0.361204 0.361204 0.361204
1490 21.083029 21.083029 21.083029 0.361204 0.361204 0.361204
1500 21.083029 21.083029 21.083029 0.361204 0.361204 0.361204
1510 21.083029 21.083029 21.083029 0.361204 0.361204 0.361204
1520 21.083029 21.083029 21.083029 0.361204 0.361204 0.361204
1530 21.083029 21.083029 21.083029 0.361204 0.361204 0.361204
1540 21.083029 21.083029 21.083029 0.361204 0.361204 0.361204
1550 21.083029 21.083029 21.083029 0.361204 0.361204 0.361204
1560 21.083029 21.083029 21.083029 0.361204 0.361204 0.361204
1570 21.083029 21.083029 21.083029 0.361204 0.361204 0.361204
1580 21.083029 21.083029 21.083029 0.361204 0.361204 0.361204
1590 21.083029 21.083029 21.083029 0.361204 0.361204 0.361204
1600 21.083029 21.083029 21.083029 0.361204 0.361204 0.361204
1610 21.083029 21.083029 21.083029 0.361204 0.361204 0.361204
1620 21.083029 21.083029 21.083029 0.361204 0.361204 0.361204
1630 21.083029 21.083029 21.083029 0.361204 0.361204 0.361204
1640 21.083029 21.083029 21.083029 0.361204 0.361204 0.361204
1650 21.083029 21.083029 21.083029 0.361204 0.361204 0.361204
1660 21.083029 21.083029 21.083029 0.361204 0.361204 0.361204
1670 21.083029 21.083029 21.083029 0.361204 0.361204 0.361204
1680 21.083029 21.083029 21.083029 0.361204 0.361204 0.361204
1690 21.083029 21.083029 21.083029 0.361204 0.361204 0.361204
1700 21.083029 21.083029 21.083029 0.361204 0.361204 0.361204
1710 21.083029 21.083029 21.083029 0.361204 0.361204 0.361204
1720 21.083029 21.083029 21.083029 0.361204 0.361204 0.361204
1730 21.083029 21.083029 21.083029 0.361204 0.361204 0.361204
1740 21.083029 21.083029 21.083029 0.361204 0.361204 0.361204
1750 21.083029 21.083029 21.083029 0.361204 0.361204 0.361204
1760 21.083029 21.083029 21.083029 0.361204 0.361204 0.361204
1770 21.083029 21.083029 21.083029 0.361204 0.361204 0.361204
1780 21.083029 21.083029 21.083029 0.361204 0.361204 0.361204
1790 21.083029 21.083029 21.083029 0.361204 0.361204 0.361204
1800 21.083029 21.083029 21.083029 0.361204 0.361204 0.361204
1810 21.083029 21.083029 21.083029 0.361204 0.361204 0.361204
1820 21.083029 21.083029 21.083029 0.361204 0.361204 0.361204
1830 21.083029 21.083029 21.083029 0.361204 0.361204 0.361204
1840 21.083029 21.083029 21.083029 0.361204 0.361204 0.361204
1850 21.083029 21.083029 21.083029 0.361204 0.361204 0.361204
1860 21.083029 21.083029 21.083029 0.361204 0.361204 0.361204
1870 21.083029 21.083029 21.083029 0.361204 0.361204 0.361204
1880 21.083029 21.083029 21.083029 0.361204 0.361204 0.361204
1890 21.083029 21.083029 21.083029 0.361204 0.361204 0.361204
1900 21.083029 21.083029 21.083029 0.361204 0.361204 0.361204
1910 21.083029 21.083029 21.083029 0.361204 0.361204 0.361204
1920 21.083029 21.083029 21.083029 0.361204 0.361204 0.361204
1930 21.083029 21.083029 21.083029 0.361204 0.361204 0.361204
1940 21.083029 21.083029 21.083029 0.361204 0.361204 0.361204
1950 21.083029 21.083029 21.083029 0.361204 0.361204 0.361204
1960 21.083029 21.083029 21.083029 0.361204 0.361204 0.361204
1970 21.083029 21.083029 21.083029 0.361204 0.361204 0.361204
1980 21.083029 21.083029 21.083029 0.361204 0.361204 0.361204
1990 21.083029 21.083029 21.083029 0.361204 0.361204 0.361204
2000 21.083029 21.083029 21.083029 0.361204 0.361204 0.361204
2010 21.083029 21.083029 21.083029 0.361204 0.361204 0.361204
2020 21.083029 21.083029 21.083029 0.361204 0.361204 0.361204
2030 21.083029 21.083029 21.083029 0.361204 0.361204 0.361204
2040 21.083029 21.083029 21.083029 0.361204 0.361204 0.361204
2050 21.083029 21.083029 21.083029 0.361204 0.361204 0.361204
2060 21.083029 21.083029 21.083029 0.361204 0.361204 0.361204
2070 21.083029 21.083029 21.083029 0.361204 0.361204 0.361204
2080 21.083029 21.083029 21.083029 0.361204 0.361204 0.361204
2090 21.083029 21.083029 21.083029 0.361204 0.361204 0.361204
2100 21.083029 21.083029 21.083029 0.361204 0.361204 0.361204
2110 21.083029 21.083029 21.083029 0.361204 0.361204 0.361204
2120 21.083029 21.083029 21.083029 0.361204 0.361204 0.361204
2130 21.083029 21.083029 21.083029 0.361204 0.361204 0.361204
2140 21.083029 21.083029 21.083029 0.361204 0.361204 0.361204
2150 21.083029 21.083029 21.083029 0.361204 0.361204 0.361204
2160 21.083029 21.083029 21.083029 0.361204 0.361204 0.361204
2170 21.083029 21.083029 21.083029 0.361204 0.361204 0.361204
2180 21.083029 21.083029 21.083029 0.361204 0.361204 0.361204
2190 21.083029 21.083029 21.083029 0.361204 0.361204 0.361204
2200 21.083029 21.083029 21.083029 0.361204 0.361204 0.361204
2210 21.083029 21.083029 21.083029 0.361204 0.361204 0.361204
2220 21.083029 21.083029 21.083029 0.361204 0.361204 0.361204
2230 21.083029 21.083029 21.083029 0.361204 0.361204 0.361204
2240 21.083029 21.083029 21.083029 0.361204 0.361204 0.361204
2250 21.083029 21.083029 21.083029 0.361204 0.361204 0.361204
2260 21.083029 21.083029 21.083029 0.361204 0.361204 0.361204
2270 21.083029 21.083029 21.083029 0.361204 0.361204 0.361204
2280 21.083029 21.083029 21.083029 0.361204 0.361204 0.361204
2290 21.083029 21.083029 21.083029 0.361204 0.361204 0.361204
2300 21.083029 21.083029 21.083029 0.361204 0.361204 0.361204
2310 21.083029 21.083029 21.083029 0.361204 0.361204 0.361204
2320 21.083029 21.083029 21.083029 0.361204 0.361204 0.361204
2330 21.083029 21.083029 21.083029 0.361204 0.361204 0.361204
2340 21.083029 21.083029 21.083029 0.361204 0.361204 0.361204
2350 21.083029 21.083029 21.083029 0.361204 0.361204 0.361204
2360 21.083029 21.083029 21.083029 0.361204 0.361204 0.361204
2370 21.083029 21.083029 21.083029 0.361204 0.361204 0.361204
2380 21.083029 21.083029 21.083029 0.361204 0.361204 0.361204
2390 21.083029 21.083029 21.083029 0.361204 0.361204 0.361204
2400 21.083029 21.083029 21.083029 0.361204 0.361204 0.361204
2410 21.083029 21.083029 21.083029 0.361204 0.361204 0.361204
2420 21.083029 21.083029 21.083029 0.361204 0.361204 0.361204
2430 21.083029 21.083029 21.083029 0.361204 0.361204 0.361204
2440 21.083029 21.083029 21.083029 0.361204 0.361204 0.361204
2450 21.083029 21.083029 21.083029 0.361204 0.361204 0.361204
2460 21.083029 21.083029 21.083029 0.361204 0.361204 0.361204
2470 21.083029 21.083029 21.083029 0.361204 0.361204 0.361204
2480 21.083029 21.083029 21.083029 0.361204 0.361204 0.361204
2490 21.083029 21.083029 21.083029 0.361204 0.361204 0.361204
2500 21.083029 21.083029 21.083029 0.361204 0.361204 0.361204
2510 21.083029 21.083029 21.083029 0.361204 0.361204 0.361204
2520 21.083029 21.083029 21.083029 0.361204 0.361204 0.361204
2530 21.083029 21.083029 21.083029 0.361204 0.361204 0.361204
2540 21.083029 21.083029 21.083029 0.361204 0.361204 0.361204
2550 21.083029 21.083029 21.083029 0.361204 0.361204 0.361204
2560 21.083029 21.083029 21.083029 0.361204 0.361204 0.361204
2570 21.083029 21.083029 21.083029 0.361204 0.361204 0.361204
2580 21.083029 21.083029 21.083029 0.361204 0.361204 0.361204
2590 21.083029 21.083029 21.083029 0.361204 0.361204 0.361204
2600 21.083029 21.083029 21.083029 0.361204 0.361204 0.361204
2610 21.083029 21.083029 21.083029 0.361204 0.361204 0.361204
2620 21.083029 21.083029 21.083029 0.361204 0.361204 0.361204
2630 21.083029 21.083029 21.083029 0.361204 0.361204 0.361204
2640 21.083029 21.083029 21.083029 0.361204 0.361204 0.361204
2650 21.083029 21.083029 21.083029 0.361204 0.361204 0.361204
2660 21.083029 21.083029 21.083029 0.361204 0.361204 0.361204
2670 21.083029 21.083029 21.083029 0.361204 0.361204 0.361204
2680 21.083029 21.083029 21.083029 0.361204 0.361204 0.361204
2690 21.083029 21.083029 21.083029 0.361204 0.361204 0.361204
2700 21.083029 21.083029 21.083029 0.361204 0.361204 0.361204
2710 21.083029 21.083029 21.083029 0.361204 0.361204 0.361204
2720 21.083029 21.083029 21.083029 0.361204 0.361204 0.361204
2730 21.083029 21.083029 21.083029 0.361204 0.361204 0.361204
2740 21.083029 21.083029 21.083029 0.361204 0.361204 0.361204
2750 21.083029 21.083029 21.083029 0.361204 0.361204 0.361204
2760 21.083029 21.083029 21.083029 0.361204 0.361204 0.361204
2770 21.083029 21.083029 21.083029 0.361204 0.361204 0.361204
2780 21.083029 21.083029 21.083029 0.361204 0.361204 0.361204
2790 21.083029 21.083029 21.083029 0.361204 0.361204 0.361204
2800 21.083029 21.083029 21.083029 0.361204 0.361204 0.361204
2810 21.083029 21.083029 21.083029 0.361204 0.361204 0.361204
2820 21.083029 21.083029 21.083029 0.361204 0.361204 0.361204
2830 21.083029 21.083029 21.083029 0.361204 0.361204 0.361204
2840 21.083029 21.083029 21.083029 0.361204 0.361204 0.361204
2850 21.083029 21.083029 21.083029 0.361204 0.361204 0.361204
2860 21.083029 21.083029 21.083029 0.361204 0.361204 0.361204
2870 21.083029 21.083029 21.083029 0.361204 0.361204 0.361204
2880 21.083029 21.083029 21.083029 0.361204 0.361204 0.361204
2890 21.083029 21.083029 21.083029 0.361204 0.361204 0.361204
2900 21.083029 21.083029 21.083029 0.361204 0.361204 0.361204
2910 21.083029 21.083029 21.083029 0.361204 0.361204 0.361204
2920 21.083029 21.083029 21.083029 0.361204 0.361204 0.361204
2930 21.083029 21.083029 21.083029 0.361204 0.361204 0.361204
2940 21.083029 21.083029 21.083029 0.361204 0.361204 0.361204
2950 21.083029 21.083029 21.083029 0.361204 0.361204 0.361204
2960 21.083029 21.083029 21.083029 0.361204 0.361204 0.361204
2970 21.083029 21.083029 21.083029 0.361204 0.361204 0.361204
2980 21.083029 21.083029 21.083029 0.361204 0.361204 0.361204
2990 21.083029 21.083029 21.083029 0.361204 0.361204 0.361204
3000 21.083029 21.083029 21.083029 0.361204 0.361204 0.361204
3010 21.083029 21.083029 21.083029 0.361204 0.361204 0.361204
3020 21.083029 21.083029 21.083029 0.361204 0.361204 0.361204
3030 21.083029 21.083029 21.083029 0.361204 0.361204 0.361204
3040 21.083029 21.083029 21.083029 0.361204 0.361204 0.361204
3050 21.083029 21.083029 21.083029 0.361204 0.361204 0.361204
3060 21.083029 21.083029 21.083029 0.361204 0.361204 0.361204
3070 21.083029 21.083029 21.083029 0.361204 0.361204 0.361204
3080 21.083029 21.083029 21.083029 0.361204 0.361204 0.361204
3090 21.083029 21.083029 21.083029 0.361204 0.361204 0.361204
3100 21.083029 21.083029 21.083029 0.361204 0.361204 0.361204
3110 21.083029 21.083029 21.083029 0.361204 0.361204 0.361204
3120 21.083029 21.083029 21.083029 0.361204 0.361204 0.361204
3130 21.083029 21.083029 21.083029 0.361204 0.361204 0.361204
3140 21.083029 21.083029 21.083029 0.361204 0.361204 0.361204
3150 21.083029 21.083029 21.083029 0.361204 0.361204 0.361204
3160 21.083029 21.083029 21.083029 0.361204 0.361204 0.361204
3170 21.083029 21.083029 21.083029 0.361204 0.361204 0.361204
3180 21.083029 21.083029 21.083029 0.361204 0.361204 0.361204
3190 21.083029 21.083029 21.083029 0.361204 0.361204 0.361204
3200 21.083029 21.083029 21.083029 0.361204 0.361204 0.361204
3210 21.083029 21.083029 21.083029 0.361204 0.361204 0.361204
3220 21.083029 21.083029 21.083029 0.361204 0.361204 0.361204
3230 21.083029 21.083029 21.083029 0.361204 0.361204 0.361204
3240 21.083029 21.083029 21.083029 0.361204 0.361204 0.361204
3250 21.083029 21.083029 21.083029 0.361204 0.361204 0.361204
3260 21.083029 21.083029 21.083029 0.361204 0.361204 0.361204
3270 21.083029 21.083029 21.083029 0.361204 0.361204 0.361204
3280 21.083029 21.083029 21.083029 0.361204 0.361204 0.361204
3290 21.083029 21.083029 21.083029 0.361204 0.361204 0.361204
3300 21.083029 21.083029 21.083029 0.361204 0.361204 0.361204
3310 21.083029 21.083029 21.083029 0.361204 0.361204 0.361204
3320 21.083029 21.083029 21.083029 0.361204 0.361204 0.361204
3330 21.083029 21.083029 21.083029 0.361204 0.361204 0.361204
3340 21.083029 21.083029 21.083029 0.361204 0.361204 0.361204
3350 21.083029 21.083029 21.083029 0.361204 0.361204 0.361204
3360 21.083029 21.083029 21.083029 0.361204 0.361204 0.361204
3370 21.083029 21.083029 21.083029 0.361204 0.361204 0.361204
3380 21.083029 21.083029 21.083029 0.361204 0.361204 0.361204
3390 21.083029 21.083029 21.083029 0.361204 0.361204 0.361204
3400 21.083029 21.083029 21.083029 0.361204 0.361204 0.361204
3410 21.083029 21.083029 21.083029 0.361204 0.361204 0.361204
3420 21.083029 21.083029 21.083029 0.361204 0.361204 0.361204
3430 21.083029 21.083029 21.083029 0.361204 0.361204 0.361204
3440 21.083029 21.083029 21.083029 0.361204 0.361204 0.361204
3450 21.083029 21.083029 21.083029 0.361204 0.361204 0.361204
3460 21.083029 21.083029 21.083029 0.361204 0.361204 0.361204
3470 21.083029 21.083029 21.083029 0.361204 0.361204 0.361204
3480 21.083029 21.083029 21.083029 0.361204 0.361204 0.361204
3490 21.083029 21.083029 21.083029 0.361204 0.361204 0.361204
3500 21.083029 21.083029 21.083029 0.361204 0.361204 0.361204
3510 21.083029 21.083029 21.083029 0.361204 0.361204 0.361204
3520 21.083029 21.083029 21.083029 0.361204 0.361204 0.361204
3530 21.083029 21.083029 21.083029 0.361204 0.361204 0.361204
3540 21.083029 21.083029 21.083029 0.361204 0.361204 0.361204
3550 21.083029 21.083029 21.083029 0.361204 0.361204 0.361204
3560 21.083029 21.083029 21.083029 0.361204 0.361204 0.361204
3570 21.083029 21.083029 21.083029 0.361204 0.361204 0.361204
3580 21.083029 21.083029 21.083029 0.361204 0.361204 0.361204
3590 21.083029 21.083029 21.083029 0.361204 0.361204 0.361204
3600 21.083029 21.083029 21.083029 0.361204 0.361204 0.361204
3610 21.083029 21.083029 21.083029 0.361204 0.361204 0.361204
3620 21.083029 21.083029 21.083029 0.361204 0.361204 0.361204
3630 21.083029 21.083029 21.083029 0.361204 0.361204 0.361204
3640 21.083029 21.083029 21.083029 0.361204 0.361204 0.361204
3650 21.083029 21.083029 21.083029 0.361204 0.361204 0.361204
3660 21.083029 21.083029 21.083029 0.361204 0.361204 0.361204
3670 21.083029 21.083029 21.083029 0.361204 0.361204 0.361204
3680 21.083029 21.083029 21.083029 0.361204 0.361204 0.361204
3690 21.083029 21.083029 21.083029 0.361204 0.361204 0.361204
3700 21.083029 21.083029 21.083029 0.361204 0.361204 0.361204
3710 21.083029 21.083029 21.083029 0.361204 0.361204 0.361204
3720 21.083029 21.083029 21.083029 0.361204 0.361204 0.361204
3730 21.083029 21.083029 21.083029 0.361204 0.361204 0.361204
3740 21.083029 21.083029 21.083029 0.361204 0.361204 0.361204
3750 21.083029 21.083029 21.083029 0.361204 0.361204 0.361204
3760 21.083029 21.083029 21.083029 0.361204 0.361204 0.361204
3770 21.083029 21.083029 21.083029 0.361204 0.361204 0.361204
3780 21.083029 21.083029 21.083029 0.361204 0.361204 0.361204
3790 21.083029 21.083029 21.083029 0.361204 0.361204 0.361204
3800 21.083029 21.083029 21.083029 0.361204 0.361204 0.361204
3810 21.083029 21.083029 21.083029 0.361204 0.361204 0.361204
3820 21.083029 21.083029 21.083029 0.361204 0.361204 0.361204
3830 21.083029 21.083029 21.083029 0.361204 0.361204 0.361204
3840 21.083029 21.083029 21.083029 0.361204 0.361204 0.361204
3850 21.083029 21.083029 21.083029 0.361204 0.361204 0.361204
3860 21.083029 21.083029 21.083029 0.361204 0.361204 0.361204
3870 21.083029 21.083029 21.083029 0.361204 0.361204 0.361204
3880 21.083029 21.083029 21.083029 0.361204 0.361204 0.361204
3890 21.083029 21.083029 21.083029 0.361204 0.361204 0.361204
3900 21.083029 21.083029 21.083029 0.361204 0.361204 0.361204
3910 21.083029 21.083029 21.083029 0.361204 0.361204 0.361204
3920 21.083029 21.083029 21.083029 0.361204 0.361204 0.361204
3930 21.083029 21.083029 21.083029 0.361204 0.361204 0.361204
3940 21.083029 21.083029 21.083029 0.361204 0.361204 0.361204
3950 21.083029 21.083029 21.083029 0.361204 0.361204 0.361204
3960 21.083029 21.083029 21.083029 0.361204 0.361204 0.361204
3970 21.083029 21.083029 21.083029 0.361204 0.361204 0.361204
3980 21.083029 21.083029 21.083029 0.361204 0.361204 0.361204
3990 21.083029 21.083029 21.083029 0.361204 0.361204 0.361204
4000 21.083029 21.083029 21.083029 0.361204 0.361204 0.361204
4010 21.083029 21.083029 21.083029 0.361204 0.361204 0.361204
4020 21.083029 21.083029 21.083029 0.361204 0.361204 0.361204
4030 21.083029 21.083029 21.083029 0.361204 0.361204 0.361204
4040 21.083029 21.083029 21.083029 0.361204 0.361204 0.361204
4050 21.083029 21.083029 21.083029 0.361204 0.361204 0.361204
4060 21.083029 21.083029 21.083029 0.361204 0.361204 0.361204
4070 21.083029 21.083029 21.083029 0.361204 0.361204 0.361204
4080 21.083029 21.083029 21.083029 0.361204 0.361204 0.361204
4090 21.083029 21.083029 21.083029 0.361204 0.361204 0.361204
4100 21.083029 21.083029 21.083029 0.361204 0.361204 0.361204
4110 21.083029 21.083029 21.083029 0.361204 0.361204 0.361204
4120 21.083029 21.083029 21.083029 0.361204 0.361204 0.361204
4130 21.083029 21.083029 21.083029 0.361204 0.361204 0.361204
4140 21.083029 21.083029 21.083029 0.361204 0.361204 0.361204
4150 21.083029 21.083029 21.083029 0.361204 0.361204 0.361204
4160 21.083029 21.083029 21.083029 0.361204 0.361204 0.361204
4170 21.083029 21.083029 21.083029 0.361204 0.361204 0.361204
4180 21.083029 21.083029 21.083029 0.361204 0.361204 0.361204
4190 21.083029 21.083029 21.083029 0.361204 0.361204 0.361204
4200 21.083029 21.083029 21.083029 0.361204 0.361204 0.361204
4210 21.083029 21.083029 21.083029 0.361204 0.361204 0.361204
4220 21.083029 21.083029 21.083029 0.361204 0.361204 0.361204
4230 21.083029 21.083029 21.083029 0.361204 0.361204 0.361204
4240 21.083029 21.083029 21.083029 0.361204 0.361204 0.361204
4250 21.083029 21.083029 21.083029 0.361204 0.361204 0.361204
4260 21.083029 21.083029 21.083029 0.361204 0.361204 0.361204
4270 21.083029 21.083029 21.083029 0.361204 0.361204 0.361204
4280 21.083029 21.083029 21.083029 0.361204 0.361204 0.361204
4290 21.083029 21.083029 21.083029 0.361204 0.361204 0.361204
4300 21.083029 21.083029 21.083029 0.361204 0.361204 0.361204
4310 21.083029 21.083029 21.083029 0.361204 0.361204 0.361204
4320 21.083029 21.083029 21.083029 0.361204 0.361204 0.361204
4330 21.083029 21.083029 21.083029 0.361204 0.361204 0.361204
4340 21.083029 21.083029 21.083029 0.361204 0.361204 0.361204
4350 21.083029 21.083029 21.083029 0.361204 0.361204 0.361204
4360 21.083029 21.083029 21.083029 0.361204 0.361204 0.361204
4370 21.083029 21.083029 21.083029 0.361204 0.361204 0.361204
4380 21.083029 21.083029 21.083029 0.361204 0.361204 0.361204
4390 21.083029 21.083029 21.083029 0.361204 0.361204 0.361204
4400 21.083029 21.083029 21.083029 0.361204 0.361204 0.361204
4410 21.083029 21.083029 21.083029 0.361204 0.361204 0.361204
4420 21.083029 21.083029 21.083029 0.361204 0.361204 0.361204
4430 21.083029 21.083029 21.083029 0.361204 0.361204 0.361204
4440 21.083029 21.083029 21.083029 0.361204 0.361204 0.361204
4450 21.083029 21.083029 21.083029 0.361204 0.361204 0.361204
4460 21.083029 21.083029 21.083029 0.361204 0.361204 0.361204
4470 21.083029 21.083029 21.083029 0.361204 0.361204 0.361204
4480 21.083029 21.083029 21.083029 0.361204 0.361204 0.361204
4490 21.083029 21.083029 21.083029 0.361204 0.361204 0.361204
4500 21.083029 21.083029 21.083029 0.361204 0.361204 0.361204
4510 21.083029 21.083029 21.083029 0.361204 0.361204 0.361204
4520 21.083029 21.083029 21.083029 0.361204 0.361204 0.361204
4530 21.083029 21.083029 21.083029 0.361204 0.361204 0.361204
4540 21.083029 21.083029 21.083029 0.361204 0.361204 0.361204
4550 21.083029 21.083029 21.083029 0.361204 0.361204 0.361204
4560 21.083029 21.083029 21.083029 0.361204 0.361204 0.361204
4570 21.083029 21.083029 21.083029 0.361204 0.361204 0.361204
4580 21.083029 21.083029 21.083029 0.361204 0.361204 0.361204
4590 21.083029 21.083029 21.083029 0.361204 0.361204 0.361204
4600 21.083029 21.083029 21.083029 0.361204 0.361204 0.361204
4610 21.083029 21.083029 21.083029 0.361204 0.361204 0.361204
4620 21.083029 21.083029 21.083029 0.361204 0.361204 0.361204
4630 21.083029 21.083029 21.083029 0.361204 0.361204 0.361204
4640 21.083029 21.083029 21.083029 0.361204 0.361204 0.361204
4650 21.083029 21.083029 21.083029 0.361204 0.361204 0.361204
4660 21.083029 21.083029 21.083029 0.361204 0.361204 0.361204
4670 21.083029 21.083029 21.083029 0.361204 0.361204 0.361204
4680 21.083029 21.083029 21.083029 0.361204 0.361204 0.361204
4690 21.083029 21.083029 21.083029 0.361204 0.361204 0.361204
4700 21.083029 21.083029 21.083029 0.361204 0.361204 0.361204
4710 21.083029 21.083029 21.083029 0.361204 0.361204 0.361204
4720 21.083029 21.083029 21.083029 0.361204 0.361204 0.361204
4730 21.083029 21.083029 21.083029 0.361204 0.361204 0.361204
4740 21.083029 21.083029 21.083029 0.361204 0.361204 0.361204
4750 21.083029 21.083029 21.083029 0.361204 0.361204 0.361204
4760 21.083029 21.083029 21.083029 0.361204 0.361204 0.361204
4770 21.083029 21.083029 21.083029 0.361204 0.361204 0.361204
4780 21.083029 21.083029 21.083029 0.361204 0.361204 0.361204
4790 21.083029 21.083029 21.083029 0.361204 0.361204 0.361204
4800 21.083029 21.083029 21.083029 0.361204 0.361204 0.361204
4810 21.083029 21.083029 21.083029 0.361204 0.361204 0.361204
4820 21.083029 21.083029 21.083029 0.361204 0.361204 0.361204
4830 21.083029 21.083029 21.083029 0.361204 0.361204 0.361204
4840 21.083029 21.083029 21.083029 0.361204 0.361204 0.361204
4850 21.083029 21.083029 21.083029 0.361204 0.361204 0.361204
4860 21.083029 21.083029 21.083029 0.361204 0.361204 0.361204
4870 21.083029 21.083029 21.083029 0.361204 0.361204 0.361204
4880 21.083029 21.083029 21.083029 0.361204 0.361204 0.361204
4890 21.083029 21.083029 21.083029 0.361204 0.361204 0.361204
4900 21.083029 21.083029 21.083029 0.361204 0.361204 0.361204
4910 21.083029 21.083029 21.083029 0.361204 0.361204 0.361204
4920 21.083029 21.083029 21.083029 0.361204 0.361204 0.361204
4930 21.083029 21.083029 21.083029 0.361204 0.361204 0.361204
4940 21.083029 21.083029 21.083029 0.361204 0.361204 0.361204
4950 21.083029 21.083029 21.083029 0.361204 0.361204 0.361204
4960 21.083029 21.083029 21.083029 0.361204 0.361204 0.361204
4970 21.083029 21.083029 21.083029 0.361204 0.361204 0.361204
4980 21.083029 21.083029 21.083029 0.361204 0.361204 0.361204
4990 21.083029 21.083029 21.083029 0.361204 0.361204 0.361204
5000 21.083029 21.083029 21.083029 0.361204 0.361204 0.361204
5010 21.083029 21.083029 21.083029 0.361204 0.361204 0.361204
5020 21.083029 21.083029 21.083029 0.361204 0.361204 0.361204
5030 21.083029 21.083029 21.083029 0.361204 0.361204 0.361204
5040 21.083029 21.083029 21.083029 0.361204 0.361204 0.361204
5050 21.083029 21.083029 21.083029 0.361204 0.361204 0.361204
5060 21.083029 21.083029 21.083029 0.361204 0.361204 0.361204
5070 21.083029 21.083029 21.083029 0.361204 0.361204 0.361204
5080 21.083029 21.083029 21.083029 0.361204 0.361204 0.361204
5090 21.083029 21.083029 21.083029 0.361204 0.361204 0.361204
5100 21.083029 21.083029 21.083029 0.361204 0.361204 0.361204
5110 21.083029 21.083029 21.083029 0.361204 0.361204 0.361204
5120 21.083029 21.083029 21.083029 0.361204 0.361204 0.361204
5130 21.083029 21.083029 21.083029 0.361204 0.361204 0.361204
5140 21.083029 21.083029 21.083029 0.361204 0.361204 0.361204
5150 21.083029 21.083029 21.083029 0.361204 0.361204 0.361204
5160 21.083029 21.083029 21.083029 0.361204 0.361204 0.361204
5170 21.083029 21.083029 21.083029 0.361204 0.361204 0.361204
5180 21.083029 21.083029 21.083029 0.361204 0.361204 0.361204
5190 21.083029 21.083029 21.083029 0.361204 0.361204 0.361204
5200 21.083029 21.083029 21.083029 0.361204 0.361204 0.361204
5210 21.083029 21.083029 21.083029 0.361204 0.361204 0.361204
5220 21.083029 21.083029 21.083029 0.361204 0.361204 0.361204
5230 21.083029 21.083029 21.083029 0.361204 0.361204 0.361204
5240 21.083029 21.083029 21.083029 0.361204 0.361204 0.361204
5250 21.083029 21.083029 21.083029 0.361204 0.361204 0.361204
5260 21.083029 21.083029 21.083029 0.361204 0.361204 0.361204
5270 21.083029 21.083029 21.083029 0.361204 0.361204 0.361204
5280 21.083029 21.083029 21.083029 0.361204 0.361204 0.361204
5290 21.083029 21.083029 21.083029 0.361204 0.361204 0.361204
5300 21.083029 21.083029 21.083029 0.361204 0.361204 0.361204
5310 21.083029 21.083029 21.083029 0.361204 0.361204 0.361204
5320 21.083029 21.083029 21.083029 0.361204 0.361204 0.361204
5330 21.083029 21.083029 21.083029 0.361204 0.361204 0.361204
5340 21.083029 21.083029 21.083029 0.361204 0.361204 0.361204
5350 21.083029 21.083029 21.083029 0.361204 0.361204 0.361204
5360 21.083029 21.083029 21.083029 0.361204 0.361204 0.361204
5370 21.083029 21.083029 21.083029 0.361204 0.361204 0.361204
5380 21.083029 21.083029 21.083029 0.361204 0.361204 0.361204
5390 21.083029 21.083029 21.083029 0.361204 0.361204 0.361204
5400 21.083029 21.083029 21.083029 0.361204 0.361204 0.361204
5410 21.083029 21.083029 21.083029 0.361204 0.361204 0.361204
5420 21.083029 21.083029 21.083029 0.361204 0.361204 0.361204
5430 21.083029 21.083029 21.083029 0.361204 0.361204 0.361204
5440 21.083029 21.083029 21.083029 0.361204 0.361204 0.361204
5450 21.083029 21.083029 21.083029 0.361204 0.361204 0.361204
5460 21.083029 21.083029 21.083029 0.361204 0.361204 0.361204
5470 21.083029 21.083029 21.083029 0.361204 0.361204 0.361204
5480 21.083029 21.083029 21.083029 0.361204 0.361204 0.361204
5490 21.083029 21.083029 21.083029 0.361204 0.361204 0.361204
5500 21.083029 21.083029 21.083029 0.361204 0.361204 0.361204
5510 21.083029 21.083029 21.083029 0.361204 0.361204 0.361204
5520 21.083029 21.083029 21.083029 0.361204 0.361204 0.361204
5530 21.083029 21.083029 21.083029 0.361204 0.361204 0.361204
5540 21.083029 21.083029 21.083029 0.361204 0.361204 0.361204
5550 21.083029 21.083029 21.083029 0.361204 0.361204 0.361204
5560 21.083029 21.083029 21.083029 0.361204 0.361204 0.361204
5570 21.083029 21.083029 21.083029 0.361204 0.361204 0.361204
5580 21.083029 21.083029 21.083029 0.361204 0.361204 0.361204
5590 21.083029 21.083029 21.083029 0.361204 0.361204 0.361204
5600 21.083029 21.083029 21.083029 0.361204 0.361204 0.361204
5610 21.083029 21.083029 21.083029 0.361204 0.361204 0.361204
5620 21.083029 21.083029 21.083029 0.361204 0.361204 0.361204
5630 21.083029 21.083029 21.083029 0.361204 0.361204 0.361204
5640 21.083029 21.083029 21.083029 0.361204 0.361204 0.361204
5650 21.083029 21.083029 21.083029 0.361204 0.361204 0.361204
5660 21.083029 21.083029 21.083029 0.361204 0.361204 0.361204
5670 21.083029 21.083029 21.083029 0.361204 0.361204 0.361204
5680 21.083029 21.083029 21.083029 0.361204 0.361204 0.361204
5690 21.083029 21.083029 21.083029 0.361204 0.361204 0.361204
5700 21.083029 21.083029 21.083029 0.361204 0.361204 0.361204
5710 21.083029 21.083029 21.083029 0.361204 0.361204 0.361204
5720 21.083029 21.083029 21.083029 0.361204 0.361204 0.361204
5730 21.083029 21.083029 21.083029 0.361204 0.361204 0.361204
5740 21.083029 21.083029 21.083029 0.361204 0.361204 0.361204
5750 21.083029 21.083029 21.083029 0.361204 0.361204 0.361204
5760 21.083029 21.083029 21.083029 0.361204 0.361204 0.361204
5770 21.083029 21.083029 21.083029 0.361204 0.361204 0.361204
5780 21.083029 21.083029 21.083029 0.361204 0.361204 0.361204
5790 21.083029 21.083029 21.083029 0.361204 0.361204 0.361204
5800 21.083029 21.083029 21.083029 0.361204 0.361204 0.361204
5810 21.083029 21.083029 21.083029 0.361204 0.361204 0.361204
5820 21.083029 21.083029 21.083029 0.361204 0.361204 0.361204
5830 21.083029 21.083029 21.083029 0.361204 0.361204 0.361204
5840 21.083029 21.083029 21.083029 0.361204 0.361204 0.361204
5850 21.083029 21.083029 21.083029 0.361204 0.361204 0.361204
5860 21.083029 21.083029 21.083029 0.361204 0.361204 0.361204
5870 21.083029 21.083029 21.083029 0.361204 0.361204 0.361204
5880 21.083029 21.083029 21.083029 0.361204 0.361204 0.361204
5890 21.083029 21.083029 21.083029 0.361204 0.361204 0.361204
5900 21.083029 21.083029 21.083029 0.361204 0.361204 0.361204
5910 21.083029 21.083029 21.083029 0.361204 0.361204 0.361204
5920 21.083029 21.083029 21.083029 0.361204 0.361204 0.361204
5930 21.083029 21.083029 21.083029 0.361204 0.361204 0.361204
5940 21.083029 21.083029 21.083029 0.361204 0.361204 0.361204
5950 21.083029 21.083029 21.083029 0.361204 0.361204 0.361204
5960 21.083029 21.083029 21.083029 0.361204 0.361204 0.361204
5970 21.083029 21.083029 21.083029 0.361204 0.361204 0.361204
5980 21.083029 21.083029 21.083029 0.361204 0.361204 0.361204
5990 21.083029 21.083029 21.083029 0.361204 0.361204 0.361204
6000 21.083029 21.083029 21.083029 0.361204 0.361204 0.361204
6010 21.083029 21.083029 21.083029 0.361204 0.361204 0.361204
6020 21.083029 21.083029 21.083029 0.361204 0.361204 0.361204
6030 21.083029 21.083029 21.083029 0.361204 0.361204 0.361204
6040 21.083029 21.083029 21.083029 0.361204 0.361204 0.361204
6050 21.083029 21.083029 21.083029 0.361204 0.361204 0.361204
6060 21.083029 21.083029 21.083029 0.361204 0.361204 0.361204
6070 21.083029 21.083029 21.083029 0.361204 0.361204 0.361204
6080 21.083029 21.083029 21.083029 0.361204 0.361204 0.361204
6090 21.083029 21.083029 21.083029 0.361204 0.361204 0.361204
6100 21.083029 21.083029 21.083029 0.361204 0.361204 0.361204
6110 21.083029 21.083029 21.083029 0.361204 0.361204 0.361204
6120 21.083029 21.083029 21.083029 0.361204 0.361204 0.361204
6130 21.083029 21.083029 21.083029 0.361204 0.361204 0.361204
6140 21.083029 21.083029 21.083029 0.361204 0.361204 0.361204
6150 21.083029 21.083029 21.083029 0.361204 0.361204 0.361204
6160 21.083029 21.083029 21.083029 0.361204 0.361204 0.361204
6170 21.083029 21.083029 21.083029 0.361204 0.361204 0.361204
6180 21.083029 21.083029 21.083029 0.361204 0.361204 0.361204
6190 21.083029 21.083029 21.083029 0.361204 0.361204 0.361204
6200 21.083029 21.083029 21.083029 0.361204 0.361204 0.361204
6210 21.083029 21.083029 21.083029 0.361204 0.361204 0.361204
6220 21.083029 21.083029 21.083029 0.361204 0.361204 0.361204
6230 21.083029 21.083029 21.083029 0.361204 0.361204 0.361204
6240 21.083029 21.083029 21.083029 0.361204 0.361204 0.361204
6250 21.083029 21.083029 21.083029 0.361204 0.361204 0.361204
6260 21.083029 21.083029 21.083029 0.361204 0.361204 0.361204
6270 21.083029 21.083029 21.083029 0.361204 0.361204 0.361204
6280 21.083029 21.083029 21.083029 0.361204 0.361204 0.361204
6290 21.083029 21.083029 21.083029 0.361204 0.361204 0.361204
6300 21.083029 21.083029 21.083029 0.361204 0.361204 0.361204
6310 21.083029 21.083029 21.083029 0.361204 0.361204 0.361204
6320 21.083029 21.083029 21.083029 0.361204 0.361204 0.361204
6330 21.083029 21.083029 21.083029 0.361204 0.361204 0.361204
6340 21.083029 21.083029 21.083029 0.361204 0.361204 0.361204
6350 21.083029 21.083029 21.083029 0.361204 0.361204 0.361204
6360 21.083029 21.083029 21.083029 0.361204 0.361204 0.361204
6370 21.083029 21.083029 21.083029 0.361204 0.361204 0.361204
6380 21.083029 21.083029 21.083029 0.361204 0.361204 0.361204
6390 21.083029 21.083029 21.083029 0.361204 0.361204 0.361204
6400 21.083029 21.083029 21.083029 0.361204 0.361204 0.361204
6410 21.083029 21.083029 21.083029 0.361204 0.361204 0.361204
6420 21.083029 21.083029 21.083029 0.361204 0.361204 0.361204
6430 21.083029 21.083029 21.083029 0.361204 0.361204 0.361204
6440 21.083029 21.083029 21.083029 0.361204 0.361204 0.361204
6450 21.083029 21.083029 21.083029 0.361204 0.361204 0.361204
6460 21.083029 21.083029 21.083029 0.361204 0.361204 0.361204
6470 21.083029 21.083029 21.083029 0.361204 0.361204 0.361204
6480 21.083029 21.083029 21.083029 0.361204 0.361204 0.361204
6490 21.083029 21.083029 21.083029 0.361204 0.361204 0.361204
6500 21.083029 21.083029 21.083029 0.361204 0.361204 0.361204
6510 21.083029 21.083029 21.083029 0.361204 0.361204 0.361204
6520 21.083029 21.083029 21.083029 0.361204 0.361204 0.361204
6530 21.083029 21.083029 21.083029 0.361204 0.361204 0.361204
6540 21.083029 21.083029 21.083029 0.361204 0.361204 0.361204
6550 21.083029 21.083029 21.083029 0.361204 0.361204 0.361204
6560 21.083029 21.083029 21.083029 0.361204 0.361204 0.361204
6570 21.083029 21.083029 21.083029 0.361204 0.361204 0.361204
6580 21.083029 21.083029 21.083029 0.361204 0.361204 0.361204
6590 21.083029 21.083029 21.083029 0.361204 0.361204 0.361204
6600 21.083029 21.083029 21.083029 0.361204 0.361204 0.361204
6610 21.083029 21.083029 21.083029 0.361204 0.361204 0.361204
6620 21.083029 21.083029 21.083029 0.361204 0.361204 0.361204
6630 21.083029 21.083029 21.083029 0.361204 0.361204 0.361204
6640 21.083029 21.083029 21.083029 0.361204 0.361204 0.361204
6650 21.083029 21.083029 21.083029 0.361204 0.361204 0.361204
6660 21.083029 21.083029 21.083029 0.361204 0.361204 0.361204
6670 21.083029 21.083029 21.083029 0.361204 0.361204 0.361204
6680 21.083029 21.083029 21.083029 0.361204 0.361204 0.361204
6690 21.083029 21.083029 21.083029 0.361204 0.361204 0.361204
6700 21.083029 21.083029 21.083029 0.361204 0.361204 0.361204
6710 21.083029 21.083029 21.083029 0.361204 0.361204 0.361204
6720 21.083029 21.083029 21.083029 0.361204 0.361204 0.361204
6730 21.083029 21.083029 21.083029 0.361204 0.361204 0.361204
6740 21.083029 21.083029 21.083029 0.361204 0.361204 0.361204
6750 21.083029 21.083029 21.083029 0.361204 0.361204 0.361204
6760 21.083029 21.083029 21.083029 0.361204 0.361204 0.361204
6770 21.083029 21.083029 21.083029 0.361204 0.361204 0.361204
6780 21.083029 21.083029 21.083029 0.361204 0.361204 0.361204
6790 21.083029 21.083029 21.083029 0.361204 0.361204 0.361204
6800 21.083029 21.083029 21.083029 0.361204 0.361204 0.361204
6810 21.083029 21.083029 21.083029 0.361204 0.361204 0.361204
6820 21.083029 21.083029 21.083029 0.361204 0.361204 0.361204
6830 21.083029 21.083029 21.083029 0.361204 0.361204 0.361204
6840 21.083029 21.083029 21.083029 0.361204 0.361204 0.361204
6850 21.083029 21.083029 21.083029 0.361204 0.361204 0.361204
6860 21.083029 21.083029 21.083029 0.361204 0.361204 0.361204
6870 21.083029 21.083029 21.083029 0.361204 0.361204 0.361204
6880 21.083029 21.083029 21.083029 0.361204 0.361204 0.361204
6890 21.083029 21.083029 21.083029 0.361204 0.361204 0.361204
6900 21.083029 21.083029 21.083029 0.361204 0.361204 0.361204
6910 21.083029 21.083029 21.083029 0.361204 0.361204 0.361204
6920 21.083029 21.083029 21.083029 0.361204 0.361204 0.361204
6930 21.083029 21.083029 21.083029 0.361204 0.361204 0.361204
6940 21.083029 21.083029 21.083029 0.361204 0.361204 0.361204
6950 21.083029 21.083029 21.083029 0.361204 0.361204 0.361204
6960 21.083029 21.083029 21.083029 0.361204 0.361204 0.361204
6970 21.083029 21.083029 21.083029 0.361204 0.361204 0.361204
6980 21.083029 21.083029 21.083029 0.361204 0.361204 0.361204
6990 21.083029 21.083029 21.083029 0.361204 0.361204 0.361204
7000 21.083029 21.083029 21.083029 0.361204 0.361204 0.361204
7010 21.083029 21.083029 21.083029 0.361204 0.361204 0.361204
7020 21.083029 21.083029 21.083029 0.361204 0.361204 0.361204
7030 21.083029 21.083029 21.083029 0.361204 0.361204 0.361204
7040 21.083029 21.083029 21.083029 0.361204 0.361204 0.361204
7050 21.083029 21.083029 21.083029 0.361204 0.361204 0.361204
7060 21.083029 21.083029 21.083029 0.361204 0.361204 0.361204
7070 21.083029 21.083029 21.083029 0.361204 0.361204 0.361204
7080 21.083029 21.083029 21.083029 0.361204 0.361204 0.361204
7090 21.083029 21.083029 21.083029 0.361204 0.361204 0.361204
7100 21.083029 21.083029 21.083029 0.361204 0.361204 0.361204
7110 21.083029 21.083029 21.083029 0.361204 0.361204 0.361204
7120 21.083029 21.083029 21.083029 0.361204 0.361204 0.361204
7130 21.083029 21.083029 21.083029 0.361204 0.361204 0.361204
7140 21.083029 21.083029 21.083029 0.361204 0.361204 0.361204
7150 21.083029 21.083029 21.083029 0.361204 0.361204 0.361204
7160 21.083029 21.083029 21.083029 0.361204 0.361204 0.361204
7170 21.083029 21.083029 21.083029 0.361204 0.361204 0.361204
7180 21.083029 21.083029 21.083029 0.361204 0.361204 0.361204
7190 21.083029 21.083029 21.083029 0.361204 0.361204 0.361204
7200 21.083029 21.083029 21.083029 0.361204 0.361204 0.361204
7210 21.083029 21.083029 21.083029 0.361204 0.361204 0.361204
7220 21.083029 21.083029 21.083029 0.361204 0.361204 0.361204
7230 21.083029 21.083029 21.083029 0.361204 0.361204 0.361204
7240 21.083029 21.083029 21.083029 0.361204 0.361204 0.361204
7250 21.083029 21.083029 21.083029 0.361204 0.361204 0.361204
7260 21.083029 21.083029 21.083029 0.361204 0.361204 0.361204
7270 21.083029 21.083029 21.083029 0.361204 0.361204 0.361204
7280 21.083029 21.083029 21.083029 0.361204 0.361204 0.361204
7290 21.083029 21.083029 21.083029 0.361204 0.361204 0.361204
7300 21.083029 21.083029 21.083029 0.361204 0.361204 0.361204
7310 21.083029 21.083029 21.083029 0.361204 0.361204 0.361204
7320 21.083029 21.083029 21.083029 0.361204 0.361204 0.361204
7330 21.083029 21.083029 21.083029 0.361204 0.361204 0.361204
7340 21.083029 21.083029 21.083029 0.361204 0.361204 0.361204
7350 21.083029 21.083029 21.083029 0.361204 0.361204 0.361204
7360 21.083029 21.083029 21.083029 0.361204 0.361204 0.361204
7370 21.083029 21.083029 21.083029 0.361204 0.361204 0.361204
7380 21.083029 21.083029 21.083029 0.361204 0.361204 0.361204
7390 21.083029 21.083029 21.083029 0.361204 0.361204 0.361204
7400 21.083029 21.083029 21.083029 0.361204 0.361204 0.361204
7410 21.083029 21.083029 21.083029 0.361204 0.361204 0.361204
7420 21.083029 21.083029 21.083029 0.361204 0.361204 0.361204
7430 21.083029 21.083029 21.083029 0.361204 0.361204 0.361204
7440 21.083029 21.083029 21.083029 0.361204 0.361204 0.361204
7450 21.083029 21.083029 21.083029 0.361204 0.361204 0.361204
7460 21.083029 21.083029 21.083029 0.361204 0.361204 0.361204
7470 21.083029 21.083029 21.083029 0.361204 0.361204 0.361204
7480 21.083029 21.083029 21.083029 0.361204 0.361204 0.361204
7490 21.083029 21.083029 21.083029 0.361204 0.361204 0.361204
7500 21.083029 21.083029 21.083029 0.361204 0.361204 0.361204
7510 21.083029 21.083029 21.083029 0.361204 0.361204 0.361204
7520 21.083029 21.083029 21.083029 0.361204 0.361204 0.361204
7530 21.083029 21.083029 21.083029 0.361204 0.361204 0.361204
7540 21.083029 21.083029 21.083029 0.361204 0.361204 0.361204
7550 21.083029 21.083029 21.083029 0.361204 0.361204 0.361204
7560 21.083029 21.083029 21.083029 0.361204 0.361204 0.361204
7570 21.083029 21.083029 21.083029 0.361204 0.361204 0.361204
7580 21.083029 21.083029 21.083029 0.361204 0.361204 0.361204
7590 21.083029 21.083029 21.083029 0.361204 0.361204 0.361204
7600 21.083029 21.083029 21.083029 0.361204 0.361204 0.361204
7610 21.083029 21.083029 21.083029 0.361204 0.361204 0.361204
7620 21.083029 21.083029 21.083029 0.361204 0.361204 0.361204
7630 21.083029 21.083029 21.083029 0.361204 0.361204 0.361204
7640 21.083029 21.083029 21.083029 0.361204 0.361204 0.361204
7650 21.083029 21.083029 21.083029 0.361204 0.361204 0.361204
7660 21.083029 21.083029 21.083029 0.361204 0.361204 0.361204
7670 21.083029 21.083029 21.083029 0.361204 0.361204 0.361204
7680 21.083029 21.083029 21.083029 0.361204 0.361204 0.361204
7690 21.083029 21.083029 21.083029 0.361204 0.361204 0.361204
7700 21.083029 21.083029 21.083029 0.361204 0.361204 0.361204
7710 21.083029 21.083029 21.083029 0.361204 0.361204 0.361204
7720 21.083029 21.083029 21.083029 0.361204 0.361204 0.361204
7730 21.083029 21.083029 21.083029 0.361204 0.361204 0.361204
7740 21.083029 21.083029 21.083029 0.361204 0.361204 0.361204
7750 21.083029 21.083029 21.083029 0.361204 0.361204 0.361204
7760 21.083029 21.083029 21.083029 0.361204 0.361204 0.361204
7770 21.083029 21.083029 21.083029 0.361204 0.361204 0.361204
7780 21.083029 21.083029 21.083029 0.361204 0.361204 0.361204
7790 21.083029 21.083029 21.083029 0.361204 0.361204 0.361204
7800 21.083029 21.083029 21.083029 0.361204 0.361204 0.361204
7810 21.083029 21.083029 21.083029 0.361204 0.361204 0.361204
7820 21.083029 21.083029 21.083029 0.361204 0.361204 0.361204
7830 21.083029 21.083029 21.083029 0.361204 0.361204 0.361204
7840 21.083029 21.083029 21.083029 0.361204 0.361204 0.361204
7850 21.083029 21.083029 21.083029 0.361204 0.361204 0.361204
7860 21.083029 21.083029 21.083029 0.361204 0.361204 0.361204
7870 21.083029 21.083029 21.083029 0.361204 0.361204 0.361204
7880 21.083029 21.083029 21.083029 0.361204 0.361204 0.361204
7890 21.083029 21.083029 21.083029 0.361204 0.361204 0.361204
7900 21.083029 21.083029 21.083029 0.361204 0.361204 0.361204
7910 21.083029 21.083029 21.083029 0.361204 0.361204 0.361204
7920 21.083029 21.083029 21.083029 0.361204 0.361204 0.361204
7930 21.083029 21.083029 21.083029 0.361204 0.361204 0.361204
7940 21.083029 21.083029 21.083029 0.361204 0.361204 0.361204
7950 21.083029 21.083029 21.083029 0.361204 0.361204 0.361204
7960 21.083029 21.083029 21.083029 0.361204 0.361204 0.361204
7970 21.083029 21.083029 21.083029 0.361204 0.361204 0.361204
7980 21.083029 21.083029 21.083029 0.361204 0.361204 0.361204
7990 21.083029 21.083029 21.083029 0.361204 0.361204 0.361204
8000 21.083029 21.083029 21.083029 0.361204 0.361204 0.361204
8010 21.083029 21.083029 21.083029 0.361204 0.361204 0.361204
8020 21.083029 21.083029 21.083029 0.361204 0.361204 0.361204
8030 21.083029 21.083029 21.083029 0.361204 0.361204 0.361204
8040 21.083029 21.083029 21.083029 0.361204 0.361204 0.361204
8050 21.083029 21.083029 21.083029 0.361204 0.361204 0.361204
8060 21.083029 21.083029 21.083029 0.361204 0.361204 0.361204
8070 21.083029 21.083029 21.083029 0.361204 0.361204 0.361204
8080 21.083029 21.083029 21.083029 0.361204 0.361204 0.361204
8090 21.083029 21.083029 21.083029 0.361204 0.361204 0.361204
8100 21.083029 21.083029 21.083029 0.361204 0.361204 0.361204
8110 21.083029 21.083029 21.083029 0.361204 0.361204 0.361204
8120 21.083029 21.083029 21.083029 0.361204 0.361204 0.361204
8130 21.083029 21.083029 21.083029 0.361204 0.361204 0.361204
8140 21.083029 21.083029 21.083029 0.361204 0.361204 0.361204
8150 21.083029 21.083029 21.083029 0.361204 0.361204 0.361204
8160 21.083029 21.083029 21.083029 0.361204 0.361204 0.361204
8170 21.083029 21.083029 21.083029 0.361204 0.361204 0.361204
8180 21.083029 21.083029 21.083029 0.361204 0.361204 0.361204
8190 21.083029 21.083029 21.083029 0.361204 0.361204 0.361204
8200 21.083029 21.083029 21.083029 0.361204 0.361204 0.361204
8210 21.083029 21.083029 21.083029 0.361204 0.361204 0.361204
8220 21.083029 21.083029 21.083029 0.361204 0.361204 0.361204
8230 21.083029 21.083029 21.083029 0.361204 0.361204 0.361204
8240 21.083029 21.083029 21.083029 0.361204 0.361204 0.361204
8250 21.083029 21.083029 21.083029 0.361204 0.361204 0.361204
8260 21.083029 21.083029 21.083029 0.361204 0.361204 0.361204
8270 21.083029 21.083029 21.083029 0.361204 0.361204 0.361204
8280 21.083029 21.083029 21.083029 0.361204 0.361204 0.361204
8290 21.083029 21.083029 21.083029 0.361204 0.361204 0.361204
8300 21.083029 21.083029 21.083029 0.361204 0.361204 0.361204
8310 21.083029 21.083029 21.083029 0.361204 0.361204 0.361204
8320 21.083029 21.083029 21.083029 0.361204 0.361204 0.361204
8330 21.083029 21.083029 21.083029 0.361204 0.361204 0.361204
8340 21.083029 21.083029 21.083029 0.361204 0.361204 0.361204
8350 21.083029 21.083029 21.083029 0.361204 0.361204 0.361204
8360 21.083029 21.083029 21.083029 0.361204 0.361204 0.361204
8370 21.083029 21.083029 21.083029 0.361204 0.361204 0.361204
8380 21.083029 21.083029 21.083029 0.361204 0.361204 0.361204
8390 21.083029 21.083029 21.083029 0.361204 0.361204 0.361204
8400 21.083029 21.083029 21.083029 0.361204 0.361204 0.361204
8410 21.083029 21.083029 21.083029 0.361204 0.361204 0.361204
8420 21.083029 21.083029 21.083029 0.361204 0.361204 0.361204
8430 21.083029 21.083029 21.083029 0.361204 0.361204 0.361204
8440 21.083029 21.083029 21.083029 0.361204 0.361204 0.361204
8450 21.083029 21.083029 21.083029 0.361204 0.361204 0.361204
8460 21.083029 21.083029 21.083029 0.361204 0.361204 0.361204
8470 21.083029 21.083029 21.083029 0.361204 0.361204 0.361204
8480 21.083029 21.083029 21.083029 0.361204 0.361204 0.361204
8490 21.083029 21.083029 21.083029 0.361204 0.361204 0.361204
8500 21.083029 21.083029 21.083029 0.361204 0.361204 0.361204
8510 21.083029 21.083029 21.083029 0.361204 0.361204 0.361204
8520 21.083029 21.083029 21.083029 0.361204 0.361204 0.361204
8530 21.083029 21.083029 21.083029 0.361204 0.361204 0.361204
8540 21.083029 21.083029 21.083029 0.361204 0.361204 0.361204
8550 21.083029 21.083029 21.083029 0.361204 0.361204 0.361204
8560 21.083029 21.083029 21.083029 0.361204 0.361204 0.361204
8570 21.083029 21.083029 21.083029 0.361204 0.361204 0.361204
8580 21.083029 21.083029 21.083029 0.361204 0.361204 0.361204
8590 21.083029 21.083029 21.083029 0.361204 0.361204 0.361204
8600 21.083029 21.083029 21.083029 0.361204 0.361204 0.361204
8610 21.083029 21.083029 21.083029 0.361204 0.361204 0.361204
8620 21.083029 21.083029 21.083029 0.361204 0.361204 0.361204
8630 21.083029 21.083029 21.083029 0.361204 0.361204 0.361204
8640 21.083029 21.083029 21.083029 0.361204 0.361204 0.361204
8650 21.083029 21.083029 21.083029 0.361204 0.361204 0.361204
8660 21.083029 21.083029 21.083029 0.361204 0.361204 0.361204
8670 21.083029 21.083029 21.083029 0.361204 0.361204 0.361204
8680 21.083029 21.083029 21.083029 0.361204 0.361204 0.361204
8690 21.083029 21.083029 21.083029 0.361204 0.361204 0.361204
8700 21.083029 21.083029 21.083029 0.361204 0.361204 0.361204
8710 21.083029 21.083029 21.083029 0.361204 0.361204 0.361204
8720 21.083029 21.083029 21.083029 0.361204 0.361204 0.361204
8730 21.083029 21.083029 21.083029 0.361204 0.361204 0.361204
8740 21.083029 21.083029 21.083029 0.361204 0.361204 0.361204
8750 21.083029 21.083029 21.083029 0.361204 0.361204 0.361204
8760 21.083029 21.083029 21.083029 0.361204 0.361204 0.361204
8770 21.083029 21.083029 21.083029 0.361204 0.361204 0.361204
8780 21.083029 21.083029 21.083029 0.361204 0.361204 0.361204
8790 21.083029 21.083029 21.083029 0.361204 0.361204 0.361204
8800 21.083029 21.083029 21.083029 0.361204 0.361204 0.361204
8810 21.083029 21.083029 21.083029 0.361204 0.361204 0.361204
8820 21.083029 21.083029 21.083029 0.361204 0.361204 0.361204
8830 21.083029 21.083029 21.083029 0.361204 0.361204 0.361204
8840 21.083029 21.083029 21.083029 0.361204 0.361204 0.361204
8850 21.083029 21.083029 21.083029 0.361204 0.361204 0.361204
8860 21.083029 21.083029 21.083029 0.361204 0.361204 0.361204
8870 21.083029 21.083029 21.083029 0.361204 0.361204 0.361204
8880 21.083029 21.083029 21.083029 0.361204 0.361204 0.361204
8890 21.083029 21.083029 21.083029 0.361204 0.361204 0.361204
8900 21.083029 21.083029 21.083029 0.361204 0.361204 0.361204
8910 21.083029 21.083029 21.083029 0.361204 0.361204 0.361204
8920 21.083029 21.083029 21.083029 0.361204 0.361204 0.361204
8930 21.083029 21.083029 21.083029 0.361204 0.361204 0.361204
8940 21.083029 21.083029 21.083029 0.361204 0.361204 0.361204
8950 21.083029 21.083029 21.083029 0.361204 0.361204 0.361204
8960 21.083029 21.083029 21.083029 0.361204 0.361204 0.361204
8970 21.083029 21.083029 21.083029 0.361204 0.361204 0.361204
8980 21.083029 21.083029 21.083029 0.361204 0.361204 0.361204
8990 21.083029 21.083029 21.083029 0.361204 0.361204 0.361204
9000 21.083029 21.083029 21.083029 0.361204 0.361204 0.361204
9010 21.083029 21.083029 21.083029 0.361204 0.361204 0.361204
9020 21.083029 21.083029 21.083029 0.361204 0.361204 0.361204
9030 21.083029 21.083029 21.083029 0.361204 0.361204 0.361204
9040 21.083029 21.083029 21.083029 0.361204 0.361204 0.361204
9050 21.083029 21.083029 21.083029 0.361204 0.361204 0.361204
9060 21.083029 21.083029 21.083029 0.361204 0.361204 0.361204
9070 21.083029 21.083029 21.083029 0.361204 0.361204 0.361204
9080 21.083029 21.083029 21.083029 0.361204 0.361204 0.361204
9090 21.083029 21.083029 21.083029 0.361204 0.361204 0.361204
9100 21.083029 21.083029 21.083029 0.361204 0.361204 0.361204
9110 21.083029 21.083029 21.083029 0.361204 0.361204 0.361204
9120 21.083029 21.083029 21.083029 0.361204 0.361204 0.361204
9130 21.083029 21.083029 21.083029 0.361204 0.361204 0.361204
9140 21.083029 21.083029 21.083029 0.361204 0.361204 0.361204
9150 21.083029 21.083029 21.083029 0.361204 0.361204 0.361204
9160 21.083029 21.083029 21.083029 0.361204 0.361204 0.361204
9170 21.083029 21.083029 21.083029 0.361204 0.361204 0.361204
9180 21.083029 21.083029 21.083029 0.361204 0.361204 0.361204
9190 21.083029 21.083029 21.083029 0.361204 0.361204 0.361204
9200 21.083029 21.083029 21.083029 0.361204 0.361204 0.361204
9210 21.083029 21.083029 21.083029 0.361204 0.361204 0.361204
9220 21.083029 21.083029 21.083029 0.361204 0.361204 0.361204
9230 21.083029 21.083029 21.083029 0.361204 0.361204 0.361204
9240 21.083029 21.083029 21.083029 0.361204 0.361204 0.361204
9250 21.083029 21.083029 21.083029 0.361204 0.361204 0.361204
9260 21.083029 21.083029 21.083029 0.361204 0.361204 0.361204
9270 21.083029 21.083029 21.083029 0.361204 0.361204 0.361204
9280 21.083029 21.083029 21.083029 0.361204 0.361204 0.361204
9290 21.083029 21.083029 21.083029 0.361204 0.361204 0.361204
9300 21.083029 21.083029 21.083029 0.361204 0.361204 0.361204
9310 21.083029 21.083029 21.083029 0.361204 0.361204 0.361204
9320 21.083029 21.083029 21.083029 0.361204 0.361204 0.361204
9330 21.083029 21.083029 21.083029 0.361204 0.361204 0.361204
9340 21.083029 21.083029 21.083029 0.361204 0.361204 0.361204
9350 21.083029 21.083029 21.083029 0.361204 0.361204 0.361204
9360 21.083029 21.083029 21.083029 0.361204 0.361204 0.361204
9370 21.083029 21.083029 21.083029 0.361204 0.361204 0.361204
9380 21.083029 21.083029 21.083029 0.361204 0.361204 0.361204
9390 21.083029 21.083029 21.083029 0.361204 0.361204 0.361204
9400 21.083029 21.083029 21.083029 0.361204 0.361204 0.361204
9410 21.083029 21.083029 21.083029 0.361204 0.361204 0.361204
9420 21.083029 21.083029 21.083029 0.361204 0.361204 0.361204
9430 21.083029 21.083029 21.083029 0.361204 0.361204 0.361204
9440 21.083029 21.083029 21.083029 0.361204 0.361204 0.361204
9450 21.083029 21.083029 21.083029 0.361204 0.361204 0.361204
9460 21.083029 21.083029 21.083029 0.361204 0.361204 0.361204
9470 21.083029 21.083029 21.083029 0.361204 0.361204 0.361204
9480 21.083029 21.083029 21.083029 0.361204 0.361204 0.361204
9490 21.083029 21.083029 21.083029 0.361204 0.361204 0.361204
9500 21.083029 21.083029 21.083029 0.361204 0.361204 0.361204
9510 21.083029 21.083029 21.083029 0.361204 0.361204 0.361204
9520 21.083029 21.083029 21.083029 0.361204 0.361204 0.361204
9530 21.083029 21.083029 21.083029 0.361204 0.361204 0.361204
9540 21.083029 21.083029 21.083029 0.361204 0.361204 0.361204
9550 21.083029 21.083029 21.083029 0.361204 0.361204 0.361204
9560 21.083029 21.083029 21.083029 0.361204 0.361204 0.361204
9570 21.083029 21.083029 21.083029 0.361204 0.361204 0.361204
9580 21.083029 21.083029 21.083029 0.361204 0.361204 0.361204
9590 21.083029 21.083029 21.083029 0.361204 0.361204 0.361204
9600 21.083029 21.083029 21.083029 0.361204 0.361204 0.361204
9610 21.083029 21.083029 21.083029 0.361204 0.361204 0.361204
9620 21.083029 21.083029 21.083029 0.361204 0.361204 0.361204
9630 21.083029 21.083029 21.083029 0.361204 0.361204 0.361204
9640 21.083029 21.083029 21.083029 0.361204 0.361204 0.361204
9650 21.083029 21.083029 21.083029 0.361204 0.361204 0.361204
9660 21.083029 21.083029 21.083029 0.361204 0.361204 0.361204
9670 21.083029 21.083029 21.083029 0.361204 0.361204 0.361204
9680 21.083029 21.083029 21.083029 0.361204 0.361204 0.361204
9690 21.083029 21.083029 21.083029 0.361204 0.361204 0.361204
9700 21.083029 21.083029 21.083029 0.361204 0.361204 0.361204
9710 21.083029 21.083029 21.083029 0.361204 0.361204 0.361204
9720 21.083029 21.083029 21.083029 0.361204 0.361204 0.361204
9730 21.083029 21.083029 21.083029 0.361204 0.361204 0.361204
9740 21.083029 21.083029 21.083029 0.361204 0.361204 0.361204
9750 21.083029 21.083029 21.083029 0.361204 0.361204 0.361204
9760 21.083029 21.083029 21.083029 0.361204 0.361204 0.361204
9770 21.083029 21.083029 21.083029 0.361204 0.361204 0.361204
9780 21.083029 21.083029 21.083029 0.361204 0.361204 0.361204
9790 21.083029 21.083029 21.083029 0.361204 0.361204 0.361204
9800 21.083029 21.083029 21.083029 0.361204 0.361204 0.361204
9810 21.083029 21.083029 21.083029 0.361204 0.361204 0.361204
9820 21.083029 21.083029 21.083029 0.361204 0.361204 0.361204
9830 21.083029 21.083029 21.083029 0.361204 0.361204 0.361204
9840 21.083029 21.083029 21.083029 0.361204 0.361204 0.361204
9850 21.083029 21.083029 21.083029 0.361204 0.361204 0.361204
9860 21.083029 21.083029 21.083029 0.361204 0.361204 0.361204
9870 21.083029 21.083029 21.083029 0.361204 0.361204 0.361204
9880 21.083029 21.083029 21.083029 0.361204 0.361204 0.361204
9890 21.083029 21.083029 21.083029 0.361204 0.361204 0.361204
9900 21.083029 21.083029 21.083029 0.361204 0.361204 0.361204
9910 21.083029 21.083029 21.083029 0.361204 0.361204 0.361204
9920 21.083029 21.083029 21.083029 0.361204 0.361204 0.361204
9930 21.083029 21.083029 21.083029 0.361204 0.361204 0.361204
9940 21.083029 21.083029 21.083029 0.361204 0.361204 0.361204
9950 21.083029 21.083029 21.083029 0.361204 0.361204 0.361204
9960 21.083029 21.083029 21.083029 0.361204 0.361204 0.361204
9970 21.083029 21.083029 21.083029 0.361204 0.361204 0.361204
9980 21.083029 21.083029 21.083029 0.361204 0.361204 0.361204
9990 21.083029 21.083029 21.083029 0.361204 0.361204 0.361204
10000 21.083029 21.083029 21.083029 0.361204 0.361204 0.361204
