# generation power_min power_avg power_max util_min util_avg util_max
1 109.432256 111.072300 113.308594 0.114942 0.159574 0.217845
100 108.268091 109.469295 110.317314 0.085033 0.117351 0.140327
200 107.141113 108.142582 108.929293 0.054156 0.081340 0.103549
300 106.840114 107.202398 107.478056 0.046620 0.055765 0.063443
400 106.690142 106.951470 107.061644 0.042774 0.049369 0.052007
500 106.690142 106.778626 106.840114 0.042774 0.045043 0.046620
600 106.690142 106.690142 106.690142 0.042774 0.042774 0.042774
700 106.690142 106.690142 106.690142 0.042774 0.042774 0.042774
800 106.690142 106.690142 106.690142 0.042774 0.042774 0.042774
900 106.690142 106.690142 106.690142 0.042774 0.042774 0.042774
1000 106.690142 106.690142 106.690142 0.042774 0.042774 0.042774
1100 106.690142 106.690142 106.690142 0.042774 0.042774 0.042774
1200 106.690142 106.690142 106.690142 0.042774 0.042774 0.042774
1300 106.690142 106.690142 106.690142 0.042774 0.042774 0.042774
1400 106.690142 106.690142 106.690142 0.042774 0.042774 0.042774
1500 106.690142 106.690142 106.690142 0.042774 0.042774 0.042774
1600 106.690142 106.690142 106.690142 0.042774 0.042774 0.042774
1700 106.690142 106.690142 106.690142 0.042774 0.042774 0.042774
1800 106.690142 106.690142 106.690142 0.042774 0.042774 0.042774
1900 106.690142 106.690142 106.690142 0.042774 0.042774 0.042774
2000 106.690142 106.690142 106.690142 0.042774 0.042774 0.042774
2100 106.690142 106.690142 106.690142 0.042774 0.042774 0.042774
2200 106.690142 106.690142 106.690142 0.042774 0.042774 0.042774
2300 106.690142 106.690142 106.690142 0.042774 0.042774 0.042774
2400 106.690142 106.690142 106.690142 0.042774 0.042774 0.042774
2500 106.690142 106.690142 106.690142 0.042774 0.042774 0.042774
2600 106.690142 106.690142 106.690142 0.042774 0.042774 0.042774
2700 106.690142 106.690142 106.690142 0.042774 0.042774 0.042774
2800 106.690142 106.690142 106.690142 0.042774 0.042774 0.042774
2900 106.690142 106.690142 106.690142 0.042774 0.042774 0.042774
3000 106.690142 106.690142 106.690142 0.042774 0.042774 0.042774
3100 106.690142 106.690142 106.690142 0.042774 0.042774 0.042774
3200 106.690142 106.690142 106.690142 0.042774 0.042774 0.042774
3300 106.690142 106.690142 106.690142 0.042774 0.042774 0.042774
3400 106.690142 106.690142 106.690142 0.042774 0.042774 0.042774
3500 106.690142 106.690142 106.690142 0.042774 0.042774 0.042774
3600 106.690142 106.690142 106.690142 0.042774 0.042774 0.042774
3700 106.690142 106.690142 106.690142 0.042774 0.042774 0.042774
3800 106.690142 106.690142 106.690142 0.042774 0.042774 0.042774
3900 106.690142 106.690142 106.690142 0.042774 0.042774 0.042774
4000 106.690142 106.690142 106.690142 0.042774 0.042774 0.042774
4100 106.690142 106.690142 106.690142 0.042774 0.042774 0.042774
4200 106.690142 106.690142 106.690142 0.042774 0.042774 0.042774
4300 106.690142 106.690142 106.690142 0.042774 0.042774 0.042774
4400 106.690142 106.690142 106.690142 0.042774 0.042774 0.042774
4500 106.690142 106.690142 106.690142 0.042774 0.042774 0.042774
4600 106.690142 106.690142 106.690142 0.042774 0.042774 0.042774
4700 106.690142 106.690142 106.690142 0.042774 0.042774 0.042774
4800 106.690142 106.690142 106.690142 0.042774 0.042774 0.042774
4900 106.690142 106.690142 106.690142 0.042774 0.042774 0.042774
5000 106.690142 106.690142 106.690142 0.042774 0.042774 0.042774
5100 106.690142 106.690142 106.690142 0.042774 0.042774 0.042774
5200 106.690142 106.690142 106.690142 0.042774 0.042774 0.042774
5300 106.690142 106.690142 106.690142 0.042774 0.042774 0.042774
5400 106.690142 106.690142 106.690142 0.042774 0.042774 0.042774
5500 106.690142 106.690142 106.690142 0.042774 0.042774 0.042774
5600 106.690142 106.690142 106.690142 0.042774 0.042774 0.042774
5700 106.690142 106.690142 106.690142 0.042774 0.042774 0.042774
5800 106.690142 106.690142 106.690142 0.042774 0.042774 0.042774
5900 106.690142 106.690142 106.690142 0.042774 0.042774 0.042774
6000 106.690142 106.690142 106.690142 0.042774 0.042774 0.042774
6100 106.690142 106.690142 106.690142 0.042774 0.042774 0.042774
6200 106.690142 106.690142 106.690142 0.042774 0.042774 0.042774
6300 106.690142 106.690142 106.690142 0.042774 0.042774 0.042774
6400 106.690142 106.690142 106.690142 0.042774 0.042774 0.042774
6500 106.690142 106.690142 106.690142 0.042774 0.042774 0.042774
6600 106.690142 106.690142 106.690142 0.042774 0.042774 0.042774
6700 106.690142 106.690142 106.690142 0.042774 0.042774 0.042774
6800 106.690142 106.690142 106.690142 0.042774 0.042774 0.042774
6900 106.690142 106.690142 106.690142 0.042774 0.042774 0.042774
7000 106.690142 106.690142 106.690142 0.042774 0.042774 0.042774
7100 106.690142 106.690142 106.690142 0.042774 0.042774 0.042774
7200 106.690142 106.690142 106.690142 0.042774 0.042774 0.042774
7300 106.690142 106.690142 106.690142 0.042774 0.042774 0.042774
7400 106.690142 106.690142 106.690142 0.042774 0.042774 0.042774
7500 106.690142 106.690142 106.690142 0.042774 0.042774 0.042774
7600 106.690142 106.690142 106.690142 0.042774 0.042774 0.042774
7700 106.690142 106.690142 106.690142 0.042774 0.042774 0.042774
7800 106.690142 106.690142 106.690142 0.042774 0.042774 0.042774
7900 106.690142 106.690142 106.690142 0.042774 0.042774 0.042774
8000 106.690142 106.690142 106.690142 0.042774 0.042774 0.042774
8100 106.690142 106.690142 106.690142 0.042774 0.042774 0.042774
8200 106.690142 106.690142 106.690142 0.042774 0.042774 0.042774
8300 106.690142 106.690142 106.690142 0.042774 0.042774 0.042774
8400 106.690142 106.690142 106.690142 0.042774 0.042774 0.042774
8500 106.690142 106.690142 106.690142 0.042774 0.042774 0.042774
8600 106.690142 106.690142 106.690142 0.042774 0.042774 0.042774
8700 106.690142 106.690142 106.690142 0.042774 0.042774 0.042774
8800 106.690142 106.690142 106.690142 0.042774 0.042774 0.042774
8900 106.690142 106.690142 106.690142 0.042774 0.042774 0.042774
9000 106.690142 106.690142 106.690142 0.042774 0.042774 0.042774
9100 106.690142 106.690142 106.690142 0.042774 0.042774 0.042774
9200 106.690142 106.690142 106.690142 0.042774 0.042774 0.042774
9300 106.690142 106.690142 106.690142 0.042774 0.042774 0.042774
9400 106.690142 106.690142 106.690142 0.042774 0.042774 0.042774
9500 106.690142 106.690142 106.690142 0.042774 0.042774 0.042774
9600 106.690142 106.690142 106.690142 0.042774 0.042774 0.042774
9700 106.690142 106.690142 106.690142 0.042774 0.042774 0.042774
9800 106.690142 106.690142 106.690142 0.042774 0.042774 0.042774
9900 106.690142 106.690142 106.690142 0.042774 0.042774 0.042774
10000 106.690142 106.690142 106.690142 0.042774 0.042774 0.042774
10100 106.690142 106.690142 106.690142 0.042774 0.042774 0.042774
10200 106.690142 106.690142 106.690142 0.042774 0.042774 0.042774
10300 106.690142 106.690142 106.690142 0.042774 0.042774 0.042774
10400 106.690142 106.690142 106.690142 0.042774 0.042774 0.042774
10500 106.690142 106.690142 106.690142 0.042774 0.042774 0.042774
10600 106.690142 106.690142 106.690142 0.042774 0.042774 0.042774
10700 106.690142 106.690142 106.690142 0.042774 0.042774 0.042774
10800 106.690142 106.690142 106.690142 0.042774 0.042774 0.042774
10900 106.690142 106.690142 106.690142 0.042774 0.042774 0.042774
11000 106.690142 106.690142 106.690142 0.042774 0.042774 0.042774
11100 106.690142 106.690142 106.690142 0.042774 0.042774 0.042774
11200 106.690142 106.690142 106.690142 0.042774 0.042774 0.042774
11300 106.690142 106.690142 106.690142 0.042774 0.042774 0.042774
11400 106.690142 106.690142 106.690142 0.042774 0.042774 0.042774
11500 106.690142 106.690142 106.690142 0.042774 0.042774 0.042774
11600 106.690142 106.690142 106.690142 0.042774 0.042774 0.042774
11700 106.690142 106.690142 106.690142 0.042774 0.042774 0.042774
11800 106.690142 106.690142 106.690142 0.042774 0.042774 0.042774
11900 106.690142 106.690142 106.690142 0.042774 0.042774 0.042774
12000 106.690142 106.690142 106.690142 0.042774 0.042774 0.042774
12100 106.690142 106.690142 106.690142 0.042774 0.042774 0.042774
12200 106.690142 106.690142 106.690142 0.042774 0.042774 0.042774
12300 106.690142 106.690142 106.690142 0.042774 0.042774 0.042774
12400 106.690142 106.690142 106.690142 0.042774 0.042774 0.042774
12500 106.690142 106.690142 106.690142 0.042774 0.042774 0.042774
12600 106.690142 106.690142 106.690142 0.042774 0.042774 0.042774
12700 106.690142 106.690142 106.690142 0.042774 0.042774 0.042774
12800 106.690142 106.690142 106.690142 0.042774 0.042774 0.042774
12900 106.690142 106.690142 106.690142 0.042774 0.042774 0.042774
13000 106.690142 106.690142 106.690142 0.042774 0.042774 0.042774
13100 106.690142 106.690142 106.690142 0.042774 0.042774 0.042774
13200 106.690142 106.690142 106.690142 0.042774 0.042774 0.042774
13300 106.690142 106.690142 106.690142 0.042774 0.042774 0.042774
13400 106.690142 106.690142 106.690142 0.042774 0.042774 0.042774
13500 106.690142 106.690142 106.690142 0.042774 0.042774 0.042774
13600 106.690142 106.690142 106.690142 0.042774 0.042774 0.042774
13700 106.690142 106.690142 106.690142 0.042774 0.042774 0.042774
13800 106.690142 106.690142 106.690142 0.042774 0.042774 0.042774
13900 106.690142 106.690142 106.690142 0.042774 0.042774 0.042774
14000 106.690142 106.690142 106.690142 0.042774 0.042774 0.042774
14100 106.690142 106.690142 106.690142 0.042774 0.042774 0.042774
14200 106.690142 106.690142 106.690142 0.042774 0.042774 0.042774
14300 106.690142 106.690142 106.690142 0.042774 0.042774 0.042774
14400 106.690142 106.690142 106.690142 0.042774 0.042774 0.042774
14500 106.690142 106.690142 106.690142 0.042774 0.042774 0.042774
14600 106.690142 106.690142 106.690142 0.042774 0.042774 0.042774
14700 106.690142 106.690142 106.690142 0.042774 0.042774 0.042774
14800 106.690142 106.690142 106.690142 0.042774 0.042774 0.042774
14900 106.690142 106.690142 106.690142 0.042774 0.042774 0.042774
15000 106.690142 106.690142 106.690142 0.042774 0.042774 0.042774
15100 106.690142 106.690142 106.690142 0.042774 0.042774 0.042774
15200 106.690142 106.690142 106.690142 0.042774 0.042774 0.042774
15300 106.690142 106.690142 106.690142 0.042774 0.042774 0.042774
15400 106.690142 106.690142 106.690142 0.042774 0.042774 0.042774
15500 106.690142 106.690142 106.690142 0.042774 0.042774 0.042774
15600 106.690142 106.690142 106.690142 0.042774 0.042774 0.042774
15700 106.690142 106.690142 106.690142 0.042774 0.042774 0.042774
15800 106.690142 106.690142 106.690142 0.042774 0.042774 0.042774
15900 106.690142 106.690142 106.690142 0.042774 0.042774 0.042774
16000 106.690142 106.690142 106.690142 0.042774 0.042774 0.042774
16100 106.690142 106.690142 106.690142 0.042774 0.042774 0.042774
16200 106.690142 106.690142 106.690142 0.042774 0.042774 0.042774
16300 106.690142 106.690142 106.690142 0.042774 0.042774 0.042774
16400 106.690142 106.690142 106.690142 0.042774 0.042774 0.042774
16500 106.690142 106.690142 106.690142 0.042774 0.042774 0.042774
16600 106.690142 106.690142 106.690142 0.042774 0.042774 0.042774
16700 106.690142 106.690142 106.690142 0.042774 0.042774 0.042774
16800 106.690142 106.690142 106.690142 0.042774 0.042774 0.042774
16900 106.690142 106.690142 106.690142 0.042774 0.042774 0.042774
17000 106.690142 106.690142 106.690142 0.042774 0.042774 0.042774
17100 106.690142 106.690142 106.690142 0.042774 0.042774 0.042774
17200 106.690142 106.690142 106.690142 0.042774 0.042774 0.042774
17300 106.690142 106.690142 106.690142 0.042774 0.042774 0.042774
17400 106.690142 106.690142 106.690142 0.042774 0.042774 0.042774
17500 106.690142 106.690142 106.690142 0.042774 0.042774 0.042774
17600 106.690142 106.690142 106.690142 0.042774 0.042774 0.042774
17700 106.690142 106.690142 106.690142 0.042774 0.042774 0.042774
17800 106.690142 106.690142 106.690142 0.042774 0.042774 0.042774
17900 106.690142 106.690142 106.690142 0.042774 0.042774 0.042774
18000 106.690142 106.690142 106.690142 0.042774 0.042774 0.042774
18100 106.690142 106.690142 106.690142 0.042774 0.042774 0.042774
18200 106.690142 106.690142 106.690142 0.042774 0.042774 0.042774
18300 106.690142 106.690142 106.690142 0.042774 0.042774 0.042774
18400 106.690142 106.690142 106.690142 0.042774 0.042774 0.042774
18500 106.690142 106.690142 106.690142 0.042774 0.042774 0.042774
18600 106.690142 106.690142 106.690142 0.042774 0.042774 0.042774
18700 106.690142 106.690142 106.690142 0.042774 0.042774 0.042774
18800 106.690142 106.690142 106.690142 0.042774 0.042774 0.042774
18900 106.690142 106.690142 106.690142 0.042774 0.042774 0.042774
19000 106.690142 106.690142 106.690142 0.042774 0.042774 0.042774
19100 106.690142 106.690142 106.690142 0.042774 0.042774 0.042774
19200 106.690142 106.690142 106.690142 0.042774 0.042774 0.042774
19300 106.690142 106.690142 106.690142 0.042774 0.042774 0.042774
19400 106.690142 106.690142 106.690142 0.042774 0.042774 0.042774
19500 106.690142 106.690142 106.690142 0.042774 0.042774 0.042774
19600 106.690142 106.690142 106.690142 0.042774 0.042774 0.042774
19700 106.690142 106.690142 106.690142 0.042774 0.042774 0.042774
19800 106.690142 106.690142 106.690142 0.042774 0.042774 0.042774
19900 106.690142 106.690142 106.690142 0.042774 0.042774 0.042774
20000 106.690142 106.690142 106.690142 0.042774 0.042774 0.042774
20100 106.690142 106.690142 106.690142 0.042774 0.042774 0.042774
20200 106.690142 106.690142 106.690142 0.042774 0.042774 0.042774
20300 106.690142 106.690142 106.690142 0.042774 0.042774 0.042774
20400 106.690142 106.690142 106.690142 0.042774 0.042774 0.042774
20500 106.690142 106.690142 106.690142 0.042774 0.042774 0.042774
20600 106.690142 106.690142 106.690142 0.042774 0.042774 0.042774
20700 106.690142 106.690142 106.690142 0.042774 0.042774 0.042774
20800 106.690142 106.690142 106.690142 0.042774 0.042774 0.042774
20900 106.690142 106.690142 106.690142 0.042774 0.042774 0.042774
21000 106.690142 106.690142 106.690142 0.042774 0.042774 0.042774
21100 106.690142 106.690142 106.690142 0.042774 0.042774 0.042774
21200 106.690142 106.690142 106.690142 0.042774 0.042774 0.042774
21300 106.690142 106.690142 106.690142 0.042774 0.042774 0.042774
21400 106.690142 106.690142 106.690142 0.042774 0.042774 0.042774
21500 106.690142 106.690142 106.690142 0.042774 0.042774 0.042774
21600 106.690142 106.690142 106.690142 0.042774 0.042774 0.042774
21700 106.690142 106.690142 106.690142 0.042774 0.042774 0.042774
21800 106.690142 106.690142 106.690142 0.042774 0.042774 0.042774
21900 106.690142 106.690142 106.690142 0.042774 0.042774 0.042774
22000 106.690142 106.690142 106.690142 0.042774 0.042774 0.042774
22100 106.690142 106.690142 106.690142 0.042774 0.042774 0.042774
22200 106.690142 106.690142 106.690142 0.042774 0.042774 0.042774
22300 106.690142 106.690142 106.690142 0.042774 0.042774 0.042774
22400 106.690142 106.690142 106.690142 0.042774 0.042774 0.042774
22500 106.690142 106.690142 106.690142 0.042774 0.042774 0.042774
22600 106.690142 106.690142 106.690142 0.042774 0.042774 0.042774
22700 106.690142 106.690142 106.690142 0.042774 0.042774 0.042774
22800 106.690142 106.690142 106.690142 0.042774 0.042774 0.042774
22900 106.690142 106.690142 106.690142 0.042774 0.042774 0.042774
23000 106.690142 106.690142 106.690142 0.042774 0.042774 0.042774
23100 106.690142 106.690142 106.690142 0.042774 0.042774 0.042774
23200 106.690142 106.690142 106.690142 0.042774 0.042774 0.042774
23300 106.690142 106.690142 106.690142 0.042774 0.042774 0.042774
23400 106.690142 106.690142 106.690142 0.042774 0.042774 0.042774
23500 106.690142 106.690142 106.690142 0.042774 0.042774 0.042774
23600 106.690142 106.690142 106.690142 0.042774 0.042774 0.042774
23700 106.690142 106.690142 106.690142 0.042774 0.042774 0.042774
23800 106.690142 106.690142 106.690142 0.042774 0.042774 0.042774
23900 106.690142 106.690142 106.690142 0.042774 0.042774 0.042774
24000 106.690142 106.690142 106.690142 0.042774 0.042774 0.042774
24100 106.690142 106.690142 106.690142 0.042774 0.042774 0.042774
24200 106.690142 106.690142 106.690142 0.042774 0.042774 0.042774
24300 106.690142 106.690142 106.690142 0.042774 0.042774 0.042774
24400 106.690142 106.690142 106.690142 0.042774 0.042774 0.042774
24500 106.690142 106.690142 106.690142 0.042774 0.042774 0.042774
24600 106.690142 106.690142 106.690142 0.042774 0.042774 0.042774
24700 106.690142 106.690142 106.690142 0.042774 0.042774 0.042774
24800 106.690142 106.690142 106.690142 0.042774 0.042774 0.042774
24900 106.690142 106.690142 106.690142 0.042774 0.042774 0.042774
25000 106.690142 106.690142 106.690142 0.042774 0.042774 0.042774
25100 106.690142 106.690142 106.690142 0.042774 0.042774 0.042774
25200 106.690142 106.690142 106.690142 0.042774 0.042774 0.042774
25300 106.690142 106.690142 106.690142 0.042774 0.042774 0.042774
25400 106.690142 106.690142 106.690142 0.042774 0.042774 0.042774
25500 106.690142 106.690142 106.690142 0.042774 0.042774 0.042774
25600 106.690142 106.690142 106.690142 0.042774 0.042774 0.042774
25700 106.690142 106.690142 106.690142 0.042774 0.042774 0.042774
25800 106.690142 106.690142 106.690142 0.042774 0.042774 0.042774
25900 106.690142 106.690142 106.690142 0.042774 0.042774 0.042774
26000 106.690142 106.690142 106.690142 0.042774 0.042774 0.042774
26100 106.690142 106.690142 106.690142 0.042774 0.042774 0.042774
26200 106.690142 106.690142 106.690142 0.042774 0.042774 0.042774
26300 106.690142 106.690142 106.690142 0.042774 0.042774 0.042774
26400 106.690142 106.690142 106.690142 0.042774 0.042774 0.042774
26500 106.690142 106.690142 106.690142 0.042774 0.042774 0.042774
26600 106.690142 106.690142 106.690142 0.042774 0.042774 0.042774
26700 106.690142 106.690142 106.690142 0.042774 0.042774 0.042774
26800 106.690142 106.690142 106.690142 0.042774 0.042774 0.042774
26900 106.690142 106.690142 106.690142 0.042774 0.042774 0.042774
27000 106.690142 106.690142 106.690142 0.042774 0.042774 0.042774
27100 106.690142 106.690142 106.690142 0.042774 0.042774 0.042774
27200 106.690142 106.690142 106.690142 0.042774 0.042774 0.042774
27300 106.690142 106.690142 106.690142 0.042774 0.042774 0.042774
27400 106.690142 106.690142 106.690142 0.042774 0.042774 0.042774
27500 106.690142 106.690142 106.690142 0.042774 0.042774 0.042774
27600 106.690142 106.690142 106.690142 0.042774 0.042774 0.042774
27700 106.690142 106.690142 106.690142 0.042774 0.042774 0.042774
27800 106.690142 106.690142 106.690142 0.042774 0.042774 0.042774
27900 106.690142 106.690142 106.690142 0.042774 0.042774 0.042774
28000 106.690142 106.690142 106.690142 0.042774 0.042774 0.042774
28100 106.690142 106.690142 106.690142 0.042774 0.042774 0.042774
28200 106.690142 106.690142 106.690142 0.042774 0.042774 0.042774
28300 106.690142 106.690142 106.690142 0.042774 0.042774 0.042774
28400 106.690142 106.690142 106.690142 0.042774 0.042774 0.042774
28500 106.690142 106.690142 106.690142 0.042774 0.042774 0.042774
28600 106.690142 106.690142 106.690142 0.042774 0.042774 0.042774
28700 106.690142 106.690142 106.690142 0.042774 0.042774 0.042774
28800 106.690142 106.690142 106.690142 0.042774 0.042774 0.042774
28900 106.690142 106.690142 106.690142 0.042774 0.042774 0.042774
29000 106.690142 106.690142 106.690142 0.042774 0.042774 0.042774
29100 106.690142 106.690142 106.690142 0.042774 0.042774 0.042774
29200 106.690142 106.690142 106.690142 0.042774 0.042774 0.042774
29300 106.690142 106.690142 106.690142 0.042774 0.042774 0.042774
29400 106.690142 106.690142 106.690142 0.042774 0.042774 0.042774
29500 106.690142 106.690142 106.690142 0.042774 0.042774 0.042774
29600 106.690142 106.690142 106.690142 0.042774 0.042774 0.042774
29700 106.690142 106.690142 106.690142 0.042774 0.042774 0.042774
29800 106.690142 106.690142 106.690142 0.042774 0.042774 0.042774
29900 106.690142 106.690142 106.690142 0.042774 0.042774 0.042774
30000 106.690142 106.690142 106.690142 0.042774 0.042774 0.042774
30100 106.690142 106.690142 106.690142 0.042774 0.042774 0.042774
30200 106.690142 106.690142 106.690142 0.042774 0.042774 0.042774
30300 106.690142 106.690142 106.690142 0.042774 0.042774 0.042774
30400 106.690142 106.690142 106.690142 0.042774 0.042774 0.042774
30500 106.690142 106.690142 106.690142 0.042774 0.042774 0.042774
30600 106.690142 106.690142 106.690142 0.042774 0.042774 0.042774
30700 106.690142 106.690142 106.690142 0.042774 0.042774 0.042774
30800 106.690142 106.690142 106.690142 0.042774 0.042774 0.042774
30900 106.690142 106.690142 106.690142 0.042774 0.042774 0.042774
31000 106.690142 106.690142 106.690142 0.042774 0.042774 0.042774
31100 106.690142 106.690142 106.690142 0.042774 0.042774 0.042774
31200 106.690142 106.690142 106.690142 0.042774 0.042774 0.042774
31300 106.690142 106.690142 106.690142 0.042774 0.042774 0.042774
31400 106.690142 106.690142 106.690142 0.042774 0.042774 0.042774
31500 106.690142 106.690142 106.690142 0.042774 0.042774 0.042774
31600 106.690142 106.690142 106.690142 0.042774 0.042774 0.042774
31700 106.690142 106.690142 106.690142 0.042774 0.042774 0.042774
31800 106.690142 106.690142 106.690142 0.042774 0.042774 0.042774
31900 106.690142 106.690142 106.690142 0.042774 0.042774 0.042774
32000 106.690142 106.690142 106.690142 0.042774 0.042774 0.042774
32100 106.690142 106.690142 106.690142 0.042774 0.042774 0.042774
32200 106.690142 106.690142 106.690142 0.042774 0.042774 0.042774
32300 106.690142 106.690142 106.690142 0.042774 0.042774 0.042774
32400 106.690142 106.690142 106.690142 0.042774 0.042774 0.042774
32500 106.690142 106.690142 106.690142 0.042774 0.042774 0.042774
32600 106.690142 106.690142 106.690142 0.042774 0.042774 0.042774
32700 106.690142 106.690142 106.690142 0.042774 0.042774 0.042774
32800 106.690142 106.690142 106.690142 0.042774 0.042774 0.042774
32900 106.690142 106.690142 106.690142 0.042774 0.042774 0.042774
33000 106.690142 106.690142 106.690142 0.042774 0.042774 0.042774
33100 106.690142 106.690142 106.690142 0.042774 0.042774 0.042774
33200 106.690142 106.690142 106.690142 0.042774 0.042774 0.042774
33300 106.690142 106.690142 106.690142 0.042774 0.042774 0.042774
33400 106.690142 106.690142 106.690142 0.042774 0.042774 0.042774
33500 106.690142 106.690142 106.690142 0.042774 0.042774 0.042774
33600 106.690142 106.690142 106.690142 0.042774 0.042774 0.042774
33700 106.690142 106.690142 106.690142 0.042774 0.042774 0.042774
33800 106.690142 106.690142 106.690142 0.042774 0.042774 0.042774
33900 106.690142 106.690142 106.690142 0.042774 0.042774 0.042774
34000 106.690142 106.690142 106.690142 0.042774 0.042774 0.042774
34100 106.690142 106.690142 106.690142 0.042774 0.042774 0.042774
34200 106.690142 106.690142 106.690142 0.042774 0.042774 0.042774
34300 106.690142 106.690142 106.690142 0.042774 0.042774 0.042774
34400 106.690142 106.690142 106.690142 0.042774 0.042774 0.042774
34500 106.690142 106.690142 106.690142 0.042774 0.042774 0.042774
34600 106.690142 106.690142 106.690142 0.042774 0.042774 0.042774
34700 106.690142 106.690142 106.690142 0.042774 0.042774 0.042774
34800 106.690142 106.690142 106.690142 0.042774 0.042774 0.042774
34900 106.690142 106.690142 106.690142 0.042774 0.042774 0.042774
35000 106.690142 106.690142 106.690142 0.042774 0.042774 0.042774
35100 106.690142 106.690142 106.690142 0.042774 0.042774 0.042774
35200 106.690142 106.690142 106.690142 0.042774 0.042774 0.042774
35300 106.690142 106.690142 106.690142 0.042774 0.042774 0.042774
35400 106.690142 106.690142 106.690142 0.042774 0.042774 0.042774
35500 106.690142 106.690142 106.690142 0.042774 0.042774 0.042774
35600 106.690142 106.690142 106.690142 0.042774 0.042774 0.042774
35700 106.690142 106.690142 106.690142 0.042774 0.042774 0.042774
35800 106.690142 106.690142 106.690142 0.042774 0.042774 0.042774
35900 106.690142 106.690142 106.690142 0.042774 0.042774 0.042774
36000 106.690142 106.690142 106.690142 0.042774 0.042774 0.042774
36100 106.690142 106.690142 106.690142 0.042774 0.042774 0.042774
36200 106.690142 106.690142 106.690142 0.042774 0.042774 0.042774
36300 106.690142 106.690142 106.690142 0.042774 0.042774 0.042774
36400 106.690142 106.690142 106.690142 0.042774 0.042774 0.042774
36500 106.690142 106.690142 106.690142 0.042774 0.042774 0.042774
36600 106.690142 106.690142 106.690142 0.042774 0.042774 0.042774
36700 106.690142 106.690142 106.690142 0.042774 0.042774 0.042774
36800 106.690142 106.690142 106.690142 0.042774 0.042774 0.042774
36900 106.690142 106.690142 106.690142 0.042774 0.042774 0.042774
37000 106.690142 106.690142 106.690142 0.042774 0.042774 0.042774
37100 106.690142 106.690142 106.690142 0.042774 0.042774 0.042774
37200 106.690142 106.690142 106.690142 0.042774 0.042774 0.042774
37300 106.690142 106.690142 106.690142 0.042774 0.042774 0.042774
37400 106.690142 106.690142 106.690142 0.042774 0.042774 0.042774
37500 106.690142 106.690142 106.690142 0.042774 0.042774 0.042774
37600 106.690142 106.690142 106.690142 0.042774 0.042774 0.042774
37700 106.690142 106.690142 106.690142 0.042774 0.042774 0.042774
37800 106.690142 106.690142 106.690142 0.042774 0.042774 0.042774
37900 106.690142 106.690142 106.690142 0.042774 0.042774 0.042774
38000 106.690142 106.690142 106.690142 0.042774 0.042774 0.042774
38100 106.690142 106.690142 106.690142 0.042774 0.042774 0.042774
38200 106.690142 106.690142 106.690142 0.042774 0.042774 0.042774
38300 106.690142 106.690142 106.690142 0.042774 0.042774 0.042774
38400 106.690142 106.690142 106.690142 0.042774 0.042774 0.042774
38500 106.690142 106.690142 106.690142 0.042774 0.042774 0.042774
38600 106.690142 106.690142 106.690142 0.042774 0.042774 0.042774
38700 106.690142 106.690142 106.690142 0.042774 0.042774 0.042774
38800 106.690142 106.690142 106.690142 0.042774 0.042774 0.042774
38900 106.690142 106.690142 106.690142 0.042774 0.042774 0.042774
39000 106.690142 106.690142 106.690142 0.042774 0.042774 0.042774
39100 106.690142 106.690142 106.690142 0.042774 0.042774 0.042774
39200 106.690142 106.690142 106.690142 0.042774 0.042774 0.042774
39300 106.690142 106.690142 106.690142 0.042774 0.042774 0.042774
39400 106.690142 106.690142 106.690142 0.042774 0.042774 0.042774
39500 106.690142 106.690142 106.690142 0.042774 0.042774 0.042774
39600 106.690142 106.690142 106.690142 0.042774 0.042774 0.042774
39700 106.690142 106.690142 106.690142 0.042774 0.042774 0.042774
39800 106.690142 106.690142 106.690142 0.042774 0.042774 0.042774
39900 106.690142 106.690142 106.690142 0.042774 0.042774 0.042774
40000 106.690142 106.690142 106.690142 0.042774 0.042774 0.042774
40100 106.690142 106.690142 106.690142 0.042774 0.042774 0.042774
40200 106.690142 106.690142 106.690142 0.042774 0.042774 0.042774
40300 106.690142 106.690142 106.690142 0.042774 0.042774 0.042774
40400 106.690142 106.690142 106.690142 0.042774 0.042774 0.042774
40500 106.690142 106.690142 106.690142 0.042774 0.042774 0.042774
40600 106.690142 106.690142 106.690142 0.042774 0.042774 0.042774
40700 106.690142 106.690142 106.690142 0.042774 0.042774 0.042774
40800 106.690142 106.690142 106.690142 0.042774 0.042774 0.042774
40900 106.690142 106.690142 106.690142 0.042774 0.042774 0.042774
41000 106.690142 106.690142 106.690142 0.042774 0.042774 0.042774
41100 106.690142 106.690142 106.690142 0.042774 0.042774 0.042774
41200 106.690142 106.690142 106.690142 0.042774 0.042774 0.042774
41300 106.690142 106.690142 106.690142 0.042774 0.042774 0.042774
41400 106.690142 106.690142 106.690142 0.042774 0.042774 0.042774
41500 106.690142 106.690142 106.690142 0.042774 0.042774 0.042774
41600 106.690142 106.690142 106.690142 0.042774 0.042774 0.042774
41700 106.690142 106.690142 106.690142 0.042774 0.042774 0.042774
41800 106.690142 106.690142 106.690142 0.042774 0.042774 0.042774
41900 106.690142 106.690142 106.690142 0.042774 0.042774 0.042774
42000 106.690142 106.690142 106.690142 0.042774 0.042774 0.042774
42100 106.690142 106.690142 106.690142 0.042774 0.042774 0.042774
42200 106.690142 106.690142 106.690142 0.042774 0.042774 0.042774
42300 106.690142 106.690142 106.690142 0.042774 0.042774 0.042774
42400 106.690142 106.690142 106.690142 0.042774 0.042774 0.042774
42500 106.690142 106.690142 106.690142 0.042774 0.042774 0.042774
42600 106.690142 106.690142 106.690142 0.042774 0.042774 0.042774
42700 106.690142 106.690142 106.690142 0.042774 0.042774 0.042774
42800 106.690142 106.690142 106.690142 0.042774 0.042774 0.042774
42900 106.690142 106.690142 106.690142 0.042774 0.042774 0.042774
43000 106.690142 106.690142 106.690142 0.042774 0.042774 0.042774
43100 106.690142 106.690142 106.690142 0.042774 0.042774 0.042774
43200 106.690142 106.690142 106.690142 0.042774 0.042774 0.042774
43300 106.690142 106.690142 106.690142 0.042774 0.042774 0.042774
43400 106.690142 106.690142 106.690142 0.042774 0.042774 0.042774
43500 106.690142 106.690142 106.690142 0.042774 0.042774 0.042774
43600 106.690142 106.690142 106.690142 0.042774 0.042774 0.042774
43700 106.690142 106.690142 106.690142 0.042774 0.042774 0.042774
43800 106.690142 106.690142 106.690142 0.042774 0.042774 0.042774
43900 106.690142 106.690142 106.690142 0.042774 0.042774 0.042774
44000 106.690142 106.690142 106.690142 0.042774 0.042774 0.042774
44100 106.690142 106.690142 106.690142 0.042774 0.042774 0.042774
44200 106.690142 106.690142 106.690142 0.042774 0.042774 0.042774
44300 106.690142 106.690142 106.690142 0.042774 0.042774 0.042774
44400 106.690142 106.690142 106.690142 0.042774 0.042774 0.042774
44500 106.690142 106.690142 106.690142 0.042774 0.042774 0.042774
44600 106.690142 106.690142 106.690142 0.042774 0.042774 0.042774
44700 106.690142 106.690142 106.690142 0.042774 0.042774 0.042774
44800 106.690142 106.690142 106.690142 0.042774 0.042774 0.042774
44900 106.690142 106.690142 106.690142 0.042774 0.042774 0.042774
45000 106.690142 106.690142 106.690142 0.042774 0.042774 0.042774
45100 106.690142 106.690142 106.690142 0.042774 0.042774 0.042774
45200 106.690142 106.690142 106.690142 0.042774 0.042774 0.042774
45300 106.690142 106.690142 106.690142 0.042774 0.042774 0.042774
45400 106.690142 106.690142 106.690142 0.042774 0.042774 0.042774
45500 106.690142 106.690142 106.690142 0.042774 0.042774 0.042774
45600 106.690142 106.690142 106.690142 0.042774 0.042774 0.042774
45700 106.690142 106.690142 106.690142 0.042774 0.042774 0.042774
45800 106.690142 106.690142 106.690142 0.042774 0.042774 0.042774
45900 106.690142 106.690142 106.690142 0.042774 0.042774 0.042774
46000 106.690142 106.690142 106.690142 0.042774 0.042774 0.042774
46100 106.690142 106.690142 106.690142 0.042774 0.042774 0.042774
46200 106.690142 106.690142 106.690142 0.042774 0.042774 0.042774
46300 106.690142 106.690142 106.690142 0.042774 0.042774 0.042774
46400 106.690142 106.690142 106.690142 0.042774 0.042774 0.042774
46500 106.690142 106.690142 106.690142 0.042774 0.042774 0.042774
46600 106.690142 106.690142 106.690142 0.042774 0.042774 0.042774
46700 106.690142 106.690142 106.690142 0.042774 0.042774 0.042774
46800 106.690142 106.690142 106.690142 0.042774 0.042774 0.042774
46900 106.690142 106.690142 106.690142 0.042774 0.042774 0.042774
47000 106.690142 106.690142 106.690142 0.042774 0.042774 0.042774
47100 106.690142 106.690142 106.690142 0.042774 0.042774 0.042774
47200 106.690142 106.690142 106.690142 0.042774 0.042774 0.042774
47300 106.690142 106.690142 106.690142 0.042774 0.042774 0.042774
47400 106.690142 106.690142 106.690142 0.042774 0.042774 0.042774
47500 106.690142 106.690142 106.690142 0.042774 0.042774 0.042774
47600 106.690142 106.690142 106.690142 0.042774 0.042774 0.042774
47700 106.690142 106.690142 106.690142 0.042774 0.042774 0.042774
47800 106.690142 106.690142 106.690142 0.042774 0.042774 0.042774
47900 106.690142 106.690142 106.690142 0.042774 0.042774 0.042774
48000 106.690142 106.690142 106.690142 0.042774 0.042774 0.042774
48100 106.690142 106.690142 106.690142 0.042774 0.042774 0.042774
48200 106.690142 106.690142 106.690142 0.042774 0.042774 0.042774
48300 106.690142 106.690142 106.690142 0.042774 0.042774 0.042774
48400 106.690142 106.690142 106.690142 0.042774 0.042774 0.042774
48500 106.690142 106.690142 106.690142 0.042774 0.042774 0.042774
48600 106.690142 106.690142 106.690142 0.042774 0.042774 0.042774
48700 106.690142 106.690142 106.690142 0.042774 0.042774 0.042774
48800 106.690142 106.690142 106.690142 0.042774 0.042774 0.042774
48900 106.690142 106.690142 106.690142 0.042774 0.042774 0.042774
49000 106.690142 106.690142 106.690142 0.042774 0.042774 0.042774
49100 106.690142 106.690142 106.690142 0.042774 0.042774 0.042774
49200 106.690142 106.690142 106.690142 0.042774 0.042774 0.042774
49300 106.690142 106.690142 106.690142 0.042774 0.042774 0.042774
49400 106.690142 106.690142 106.690142 0.042774 0.042774 0.042774
49500 106.690142 106.690142 106.690142 0.042774 0.042774 0.042774
49600 106.690142 106.690142 106.690142 0.042774 0.042774 0.042774
49700 106.690142 106.690142 106.690142 0.042774 0.042774 0.042774
49800 106.690142 106.690142 106.690142 0.042774 0.042774 0.042774
49900 106.690142 106.690142 106.690142 0.042774 0.042774 0.042774
50000 106.690142 106.690142 106.690142 0.042774 0.042774 0.042774
50100 106.690142 106.690142 106.690142 0.042774 0.042774 0.042774
50200 106.690142 106.690142 106.690142 0.042774 0.042774 0.042774
50300 106.690142 106.690142 106.690142 0.042774 0.042774 0.042774
50400 106.690142 106.690142 106.690142 0.042774 0.042774 0.042774
50500 106.690142 106.690142 106.690142 0.042774 0.042774 0.042774
50600 106.690142 106.690142 106.690142 0.042774 0.042774 0.042774
50700 106.690142 106.690142 106.690142 0.042774 0.042774 0.042774
50800 106.690142 106.690142 106.690142 0.042774 0.042774 0.042774
50900 106.690142 106.690142 106.690142 0.042774 0.042774 0.042774
51000 106.690142 106.690142 106.690142 0.042774 0.042774 0.042774
51100 106.690142 106.690142 106.690142 0.042774 0.042774 0.042774
51200 106.690142 106.690142 106.690142 0.042774 0.042774 0.042774
51300 106.690142 106.690142 106.690142 0.042774 0.042774 0.042774
51400 106.690142 106.690142 106.690142 0.042774 0.042774 0.042774
51500 106.690142 106.690142 106.690142 0.042774 0.042774 0.042774
51600 106.690142 106.690142 106.690142 0.042774 0.042774 0.042774
51700 106.690142 106.690142 106.690142 0.042774 0.042774 0.042774
51800 106.690142 106.690142 106.690142 0.042774 0.042774 0.042774
51900 106.690142 106.690142 106.690142 0.042774 0.042774 0.042774
52000 106.690142 106.690142 106.690142 0.042774 0.042774 0.042774
52100 106.690142 106.690142 106.690142 0.042774 0.042774 0.042774
52200 106.690142 106.690142 106.690142 0.042774 0.042774 0.042774
52300 106.690142 106.690142 106.690142 0.042774 0.042774 0.042774
52400 106.690142 106.690142 106.690142 0.042774 0.042774 0.042774
52500 106.690142 106.690142 106.690142 0.042774 0.042774 0.042774
52600 106.690142 106.690142 106.690142 0.042774 0.042774 0.042774
52700 106.690142 106.690142 106.690142 0.042774 0.042774 0.042774
52800 106.690142 106.690142 106.690142 0.042774 0.042774 0.042774
52900 106.690142 106.690142 106.690142 0.042774 0.042774 0.042774
53000 106.690142 106.690142 106.690142 0.042774 0.042774 0.042774
53100 106.690142 106.690142 106.690142 0.042774 0.042774 0.042774
53200 106.690142 106.690142 106.690142 0.042774 0.042774 0.042774
53300 106.690142 106.690142 106.690142 0.042774 0.042774 0.042774
53400 106.690142 106.690142 106.690142 0.042774 0.042774 0.042774
53500 106.690142 106.690142 106.690142 0.042774 0.042774 0.042774
53600 106.690142 106.690142 106.690142 0.042774 0.042774 0.042774
53700 106.690142 106.690142 106.690142 0.042774 0.042774 0.042774
53800 106.690142 106.690142 106.690142 0.042774 0.042774 0.042774
53900 106.690142 106.690142 106.690142 0.042774 0.042774 0.042774
54000 106.690142 106.690142 106.690142 0.042774 0.042774 0.042774
54100 106.690142 106.690142 106.690142 0.042774 0.042774 0.042774
54200 106.690142 106.690142 106.690142 0.042774 0.042774 0.042774
54300 106.690142 106.690142 106.690142 0.042774 0.042774 0.042774
54400 106.690142 106.690142 106.690142 0.042774 0.042774 0.042774
54500 106.690142 106.690142 106.690142 0.042774 0.042774 0.042774
54600 106.690142 106.690142 106.690142 0.042774 0.042774 0.042774
54700 106.690142 106.690142 106.690142 0.042774 0.042774 0.042774
54800 106.690142 106.690142 106.690142 0.042774 0.042774 0.042774
54900 106.690142 106.690142 106.690142 0.042774 0.042774 0.042774
55000 106.690142 106.690142 106.690142 0.042774 0.042774 0.042774
55100 106.690142 106.690142 106.690142 0.042774 0.042774 0.042774
55200 106.690142 106.690142 106.690142 0.042774 0.042774 0.042774
55300 106.690142 106.690142 106.690142 0.042774 0.042774 0.042774
55400 106.690142 106.690142 106.690142 0.042774 0.042774 0.042774
55500 106.690142 106.690142 106.690142 0.042774 0.042774 0.042774
55600 106.690142 106.690142 106.690142 0.042774 0.042774 0.042774
55700 106.690142 106.690142 106.690142 0.042774 0.042774 0.042774
55800 106.690142 106.690142 106.690142 0.042774 0.042774 0.042774
55900 106.690142 106.690142 106.690142 0.042774 0.042774 0.042774
56000 106.690142 106.690142 106.690142 0.042774 0.042774 0.042774
56100 106.690142 106.690142 106.690142 0.042774 0.042774 0.042774
56200 106.690142 106.690142 106.690142 0.042774 0.042774 0.042774
56300 106.690142 106.690142 106.690142 0.042774 0.042774 0.042774
56400 106.690142 106.690142 106.690142 0.042774 0.042774 0.042774
56500 106.690142 106.690142 106.690142 0.042774 0.042774 0.042774
56600 106.690142 106.690142 106.690142 0.042774 0.042774 0.042774
56700 106.690142 106.690142 106.690142 0.042774 0.042774 0.042774
56800 106.690142 106.690142 106.690142 0.042774 0.042774 0.042774
56900 106.690142 106.690142 106.690142 0.042774 0.042774 0.042774
57000 106.690142 106.690142 106.690142 0.042774 0.042774 0.042774
57100 106.690142 106.690142 106.690142 0.042774 0.042774 0.042774
57200 106.690142 106.690142 106.690142 0.042774 0.042774 0.042774
57300 106.690142 106.690142 106.690142 0.042774 0.042774 0.042774
57400 106.690142 106.690142 106.690142 0.042774 0.042774 0.042774
57500 106.690142 106.690142 106.690142 0.042774 0.042774 0.042774
57600 106.690142 106.690142 106.690142 0.042774 0.042774 0.042774
57700 106.690142 106.690142 106.690142 0.042774 0.042774 0.042774
57800 106.690142 106.690142 106.690142 0.042774 0.042774 0.042774
57900 106.690142 106.690142 106.690142 0.042774 0.042774 0.042774
58000 106.690142 106.690142 106.690142 0.042774 0.042774 0.042774
58100 106.690142 106.690142 106.690142 0.042774 0.042774 0.042774
58200 106.690142 106.690142 106.690142 0.042774 0.042774 0.042774
58300 106.690142 106.690142 106.690142 0.042774 0.042774 0.042774
58400 106.690142 106.690142 106.690142 0.042774 0.042774 0.042774
58500 106.690142 106.690142 106.690142 0.042774 0.042774 0.042774
58600 106.690142 106.690142 106.690142 0.042774 0.042774 0.042774
58700 106.690142 106.690142 106.690142 0.042774 0.042774 0.042774
58800 106.690142 106.690142 106.690142 0.042774 0.042774 0.042774
58900 106.690142 106.690142 106.690142 0.042774 0.042774 0.042774
59000 106.690142 106.690142 106.690142 0.042774 0.042774 0.042774
59100 106.690142 106.690142 106.690142 0.042774 0.042774 0.042774
59200 106.690142 106.690142 106.690142 0.042774 0.042774 0.042774
59300 106.690142 106.690142 106.690142 0.042774 0.042774 0.042774
59400 106.690142 106.690142 106.690142 0.042774 0.042774 0.042774
59500 106.690142 106.690142 106.690142 0.042774 0.042774 0.042774
59600 106.690142 106.690142 106.690142 0.042774 0.042774 0.042774
59700 106.690142 106.690142 106.690142 0.042774 0.042774 0.042774
59800 106.690142 106.690142 106.690142 0.042774 0.042774 0.042774
59900 106.690142 106.690142 106.690142 0.042774 0.042774 0.042774
60000 106.690142 106.690142 106.690142 0.042774 0.042774 0.042774
60100 106.690142 106.690142 106.690142 0.042774 0.042774 0.042774
60200 106.690142 106.690142 106.690142 0.042774 0.042774 0.042774
60300 106.690142 106.690142 106.690142 0.042774 0.042774 0.042774
60400 106.690142 106.690142 106.690142 0.042774 0.042774 0.042774
60500 106.690142 106.690142 106.690142 0.042774 0.042774 0.042774
60600 106.690142 106.690142 106.690142 0.042774 0.042774 0.042774
60700 106.690142 106.690142 106.690142 0.042774 0.042774 0.042774
60800 106.690142 106.690142 106.690142 0.042774 0.042774 0.042774
60900 106.690142 106.690142 106.690142 0.042774 0.042774 0.042774
61000 106.690142 106.690142 106.690142 0.042774 0.042774 0.042774
61100 106.690142 106.690142 106.690142 0.042774 0.042774 0.042774
61200 106.690142 106.690142 106.690142 0.042774 0.042774 0.042774
61300 106.690142 106.690142 106.690142 0.042774 0.042774 0.042774
61400 106.690142 106.690142 106.690142 0.042774 0.042774 0.042774
61500 106.690142 106.690142 106.690142 0.042774 0.042774 0.042774
61600 106.690142 106.690142 106.690142 0.042774 0.042774 0.042774
61700 106.690142 106.690142 106.690142 0.042774 0.042774 0.042774
61800 106.690142 106.690142 106.690142 0.042774 0.042774 0.042774
61900 106.690142 106.690142 106.690142 0.042774 0.042774 0.042774
62000 106.690142 106.690142 106.690142 0.042774 0.042774 0.042774
62100 106.690142 106.690142 106.690142 0.042774 0.042774 0.042774
62200 106.690142 106.690142 106.690142 0.042774 0.042774 0.042774
62300 106.690142 106.690142 106.690142 0.042774 0.042774 0.042774
62400 106.690142 106.690142 106.690142 0.042774 0.042774 0.042774
62500 106.690142 106.690142 106.690142 0.042774 0.042774 0.042774
62600 106.690142 106.690142 106.690142 0.042774 0.042774 0.042774
62700 106.690142 106.690142 106.690142 0.042774 0.042774 0.042774
62800 106.690142 106.690142 106.690142 0.042774 0.042774 0.042774
62900 106.690142 106.690142 106.690142 0.042774 0.042774 0.042774
63000 106.690142 106.690142 106.690142 0.042774 0.042774 0.042774
63100 106.690142 106.690142 106.690142 0.042774 0.042774 0.042774
63200 106.690142 106.690142 106.690142 0.042774 0.042774 0.042774
63300 106.690142 106.690142 106.690142 0.042774 0.042774 0.042774
63400 106.690142 106.690142 106.690142 0.042774 0.042774 0.042774
63500 106.690142 106.690142 106.690142 0.042774 0.042774 0.042774
63600 106.690142 106.690142 106.690142 0.042774 0.042774 0.042774
63700 106.690142 106.690142 106.690142 0.042774 0.042774 0.042774
63800 106.690142 106.690142 106.690142 0.042774 0.042774 0.042774
63900 106.690142 106.690142 106.690142 0.042774 0.042774 0.042774
64000 106.690142 106.690142 106.690142 0.042774 0.042774 0.042774
64100 106.690142 106.690142 106.690142 0.042774 0.042774 0.042774
64200 106.690142 106.690142 106.690142 0.042774 0.042774 0.042774
64300 106.690142 106.690142 106.690142 0.042774 0.042774 0.042774
64400 106.690142 106.690142 106.690142 0.042774 0.042774 0.042774
64500 106.690142 106.690142 106.690142 0.042774 0.042774 0.042774
64600 106.690142 106.690142 106.690142 0.042774 0.042774 0.042774
64700 106.690142 106.690142 106.690142 0.042774 0.042774 0.042774
64800 106.690142 106.690142 106.690142 0.042774 0.042774 0.042774
64900 106.690142 106.690142 106.690142 0.042774 0.042774 0.042774
65000 106.690142 106.690142 106.690142 0.042774 0.042774 0.042774
65100 106.690142 106.690142 106.690142 0.042774 0.042774 0.042774
65200 106.690142 106.690142 106.690142 0.042774 0.042774 0.042774
65300 106.690142 106.690142 106.690142 0.042774 0.042774 0.042774
65400 106.690142 106.690142 106.690142 0.042774 0.042774 0.042774
65500 106.690142 106.690142 106.690142 0.042774 0.042774 0.042774
65600 106.690142 106.690142 106.690142 0.042774 0.042774 0.042774
65700 106.690142 106.690142 106.690142 0.042774 0.042774 0.042774
65800 106.690142 106.690142 106.690142 0.042774 0.042774 0.042774
65900 106.690142 106.690142 106.690142 0.042774 0.042774 0.042774
66000 106.690142 106.690142 106.690142 0.042774 0.042774 0.042774
66100 106.690142 106.690142 106.690142 0.042774 0.042774 0.042774
66200 106.690142 106.690142 106.690142 0.042774 0.042774 0.042774
66300 106.690142 106.690142 106.690142 0.042774 0.042774 0.042774
66400 106.690142 106.690142 106.690142 0.042774 0.042774 0.042774
66500 106.690142 106.690142 106.690142 0.042774 0.042774 0.042774
66600 106.690142 106.690142 106.690142 0.042774 0.042774 0.042774
66700 106.690142 106.690142 106.690142 0.042774 0.042774 0.042774
66800 106.690142 106.690142 106.690142 0.042774 0.042774 0.042774
66900 106.690142 106.690142 106.690142 0.042774 0.042774 0.042774
67000 106.690142 106.690142 106.690142 0.042774 0.042774 0.042774
67100 106.690142 106.690142 106.690142 0.042774 0.042774 0.042774
67200 106.690142 106.690142 106.690142 0.042774 0.042774 0.042774
67300 106.690142 106.690142 106.690142 0.042774 0.042774 0.042774
67400 106.690142 106.690142 106.690142 0.042774 0.042774 0.042774
67500 106.690142 106.690142 106.690142 0.042774 0.042774 0.042774
67600 106.690142 106.690142 106.690142 0.042774 0.042774 0.042774
67700 106.690142 106.690142 106.690142 0.042774 0.042774 0.042774
67800 106.690142 106.690142 106.690142 0.042774 0.042774 0.042774
67900 106.690142 106.690142 106.690142 0.042774 0.042774 0.042774
68000 106.690142 106.690142 106.690142 0.042774 0.042774 0.042774
68100 106.690142 106.690142 106.690142 0.042774 0.042774 0.042774
68200 106.690142 106.690142 106.690142 0.042774 0.042774 0.042774
68300 106.690142 106.690142 106.690142 0.042774 0.042774 0.042774
68400 106.690142 106.690142 106.690142 0.042774 0.042774 0.042774
68500 106.690142 106.690142 106.690142 0.042774 0.042774 0.042774
68600 106.690142 106.690142 106.690142 0.042774 0.042774 0.042774
68700 106.690142 106.690142 106.690142 0.042774 0.042774 0.042774
68800 106.690142 106.690142 106.690142 0.042774 0.042774 0.042774
68900 106.690142 106.690142 106.690142 0.042774 0.042774 0.042774
69000 106.690142 106.690142 106.690142 0.042774 0.042774 0.042774
69100 106.690142 106.690142 106.690142 0.042774 0.042774 0.042774
69200 106.690142 106.690142 106.690142 0.042774 0.042774 0.042774
69300 106.690142 106.690142 106.690142 0.042774 0.042774 0.042774
69400 106.690142 106.690142 106.690142 0.042774 0.042774 0.042774
69500 106.690142 106.690142 106.690142 0.042774 0.042774 0.042774
69600 106.690142 106.690142 106.690142 0.042774 0.042774 0.042774
69700 106.690142 106.690142 106.690142 0.042774 0.042774 0.042774
69800 106.690142 106.690142 106.690142 0.042774 0.042774 0.042774
69900 106.690142 106.690142 106.690142 0.042774 0.042774 0.042774
70000 106.690142 106.690142 106.690142 0.042774 0.042774 0.042774
70100 106.690142 106.690142 106.690142 0.042774 0.042774 0.042774
70200 106.690142 106.690142 106.690142 0.042774 0.042774 0.042774
70300 106.690142 106.690142 106.690142 0.042774 0.042774 0.042774
70400 106.690142 106.690142 106.690142 0.042774 0.042774 0.042774
70500 106.690142 106.690142 106.690142 0.042774 0.042774 0.042774
70600 106.690142 106.690142 106.690142 0.042774 0.042774 0.042774
70700 106.690142 106.690142 106.690142 0.042774 0.042774 0.042774
70800 106.690142 106.690142 106.690142 0.042774 0.042774 0.042774
70900 106.690142 106.690142 106.690142 0.042774 0.042774 0.042774
71000 106.690142 106.690142 106.690142 0.042774 0.042774 0.042774
71100 106.690142 106.690142 106.690142 0.042774 0.042774 0.042774
71200 106.690142 106.690142 106.690142 0.042774 0.042774 0.042774
71300 106.690142 106.690142 106.690142 0.042774 0.042774 0.042774
71400 106.690142 106.690142 106.690142 0.042774 0.042774 0.042774
71500 106.690142 106.690142 106.690142 0.042774 0.042774 0.042774
71600 106.690142 106.690142 106.690142 0.042774 0.042774 0.042774
71700 106.690142 106.690142 106.690142 0.042774 0.042774 0.042774
71800 106.690142 106.690142 106.690142 0.042774 0.042774 0.042774
71900 106.690142 106.690142 106.690142 0.042774 0.042774 0.042774
72000 106.690142 106.690142 106.690142 0.042774 0.042774 0.042774
72100 106.690142 106.690142 106.690142 0.042774 0.042774 0.042774
72200 106.690142 106.690142 106.690142 0.042774 0.042774 0.042774
72300 106.690142 106.690142 106.690142 0.042774 0.042774 0.042774
72400 106.690142 106.690142 106.690142 0.042774 0.042774 0.042774
72500 106.690142 106.690142 106.690142 0.042774 0.042774 0.042774
72600 106.690142 106.690142 106.690142 0.042774 0.042774 0.042774
72700 106.690142 106.690142 106.690142 0.042774 0.042774 0.042774
72800 106.690142 106.690142 106.690142 0.042774 0.042774 0.042774
72900 106.690142 106.690142 106.690142 0.042774 0.042774 0.042774
73000 106.690142 106.690142 106.690142 0.042774 0.042774 0.042774
73100 106.690142 106.690142 106.690142 0.042774 0.042774 0.042774
73200 106.690142 106.690142 106.690142 0.042774 0.042774 0.042774
73300 106.690142 106.690142 106.690142 0.042774 0.042774 0.042774
73400 106.690142 106.690142 106.690142 0.042774 0.042774 0.042774
73500 106.690142 106.690142 106.690142 0.042774 0.042774 0.042774
73600 106.690142 106.690142 106.690142 0.042774 0.042774 0.042774
73700 106.690142 106.690142 106.690142 0.042774 0.042774 0.042774
73800 106.690142 106.690142 106.690142 0.042774 0.042774 0.042774
73900 106.690142 106.690142 106.690142 0.042774 0.042774 0.042774
74000 106.690142 106.690142 106.690142 0.042774 0.042774 0.042774
74100 106.690142 106.690142 106.690142 0.042774 0.042774 0.042774
74200 106.690142 106.690142 106.690142 0.042774 0.042774 0.042774
74300 106.690142 106.690142 106.690142 0.042774 0.042774 0.042774
74400 106.690142 106.690142 106.690142 0.042774 0.042774 0.042774
74500 106.690142 106.690142 106.690142 0.042774 0.042774 0.042774
74600 106.690142 106.690142 106.690142 0.042774 0.042774 0.042774
74700 106.690142 106.690142 106.690142 0.042774 0.042774 0.042774
74800 106.690142 106.690142 106.690142 0.042774 0.042774 0.042774
74900 106.690142 106.690142 106.690142 0.042774 0.042774 0.042774
75000 106.690142 106.690142 106.690142 0.042774 0.042774 0.042774
75100 106.690142 106.690142 106.690142 0.042774 0.042774 0.042774
75200 106.690142 106.690142 106.690142 0.042774 0.042774 0.042774
75300 106.690142 106.690142 106.690142 0.042774 0.042774 0.042774
75400 106.690142 106.690142 106.690142 0.042774 0.042774 0.042774
75500 106.690142 106.690142 106.690142 0.042774 0.042774 0.042774
75600 106.690142 106.690142 106.690142 0.042774 0.042774 0.042774
75700 106.690142 106.690142 106.690142 0.042774 0.042774 0.042774
75800 106.690142 106.690142 106.690142 0.042774 0.042774 0.042774
75900 106.690142 106.690142 106.690142 0.042774 0.042774 0.042774
76000 106.690142 106.690142 106.690142 0.042774 0.042774 0.042774
76100 106.690142 106.690142 106.690142 0.042774 0.042774 0.042774
76200 106.690142 106.690142 106.690142 0.042774 0.042774 0.042774
76300 106.690142 106.690142 106.690142 0.042774 0.042774 0.042774
76400 106.690142 106.690142 106.690142 0.042774 0.042774 0.042774
76500 106.690142 106.690142 106.690142 0.042774 0.042774 0.042774
76600 106.690142 106.690142 106.690142 0.042774 0.042774 0.042774
76700 106.690142 106.690142 106.690142 0.042774 0.042774 0.042774
76800 106.690142 106.690142 106.690142 0.042774 0.042774 0.042774
76900 106.690142 106.690142 106.690142 0.042774 0.042774 0.042774
77000 106.690142 106.690142 106.690142 0.042774 0.042774 0.042774
77100 106.690142 106.690142 106.690142 0.042774 0.042774 0.042774
77200 106.690142 106.690142 106.690142 0.042774 0.042774 0.042774
77300 106.690142 106.690142 106.690142 0.042774 0.042774 0.042774
77400 106.690142 106.690142 106.690142 0.042774 0.042774 0.042774
77500 106.690142 106.690142 106.690142 0.042774 0.042774 0.042774
77600 106.690142 106.690142 106.690142 0.042774 0.042774 0.042774
77700 106.690142 106.690142 106.690142 0.042774 0.042774 0.042774
77800 106.690142 106.690142 106.690142 0.042774 0.042774 0.042774
77900 106.690142 106.690142 106.690142 0.042774 0.042774 0.042774
78000 106.690142 106.690142 106.690142 0.042774 0.042774 0.042774
78100 106.690142 106.690142 106.690142 0.042774 0.042774 0.042774
78200 106.690142 106.690142 106.690142 0.042774 0.042774 0.042774
78300 106.690142 106.690142 106.690142 0.042774 0.042774 0.042774
78400 106.690142 106.690142 106.690142 0.042774 0.042774 0.042774
78500 106.690142 106.690142 106.690142 0.042774 0.042774 0.042774
78600 106.690142 106.690142 106.690142 0.042774 0.042774 0.042774
78700 106.690142 106.690142 106.690142 0.042774 0.042774 0.042774
78800 106.690142 106.690142 106.690142 0.042774 0.042774 0.042774
78900 106.690142 106.690142 106.690142 0.042774 0.042774 0.042774
79000 106.690142 106.690142 106.690142 0.042774 0.042774 0.042774
79100 106.690142 106.690142 106.690142 0.042774 0.042774 0.042774
79200 106.690142 106.690142 106.690142 0.042774 0.042774 0.042774
79300 106.690142 106.690142 106.690142 0.042774 0.042774 0.042774
79400 106.690142 106.690142 106.690142 0.042774 0.042774 0.042774
79500 106.690142 106.690142 106.690142 0.042774 0.042774 0.042774
79600 106.690142 106.690142 106.690142 0.042774 0.042774 0.042774
79700 106.690142 106.690142 106.690142 0.042774 0.042774 0.042774
79800 106.690142 106.690142 106.690142 0.042774 0.042774 0.042774
79900 106.690142 106.690142 106.690142 0.042774 0.042774 0.042774
80000 106.690142 106.690142 106.690142 0.042774 0.042774 0.042774
80100 106.690142 106.690142 106.690142 0.042774 0.042774 0.042774
80200 106.690142 106.690142 106.690142 0.042774 0.042774 0.042774
80300 106.690142 106.690142 106.690142 0.042774 0.042774 0.042774
80400 106.690142 106.690142 106.690142 0.042774 0.042774 0.042774
80500 106.690142 106.690142 106.690142 0.042774 0.042774 0.042774
80600 106.690142 106.690142 106.690142 0.042774 0.042774 0.042774
80700 106.690142 106.690142 106.690142 0.042774 0.042774 0.042774
80800 106.690142 106.690142 106.690142 0.042774 0.042774 0.042774
80900 106.690142 106.690142 106.690142 0.042774 0.042774 0.042774
81000 106.690142 106.690142 106.690142 0.042774 0.042774 0.042774
81100 106.690142 106.690142 106.690142 0.042774 0.042774 0.042774
81200 106.690142 106.690142 106.690142 0.042774 0.042774 0.042774
81300 106.690142 106.690142 106.690142 0.042774 0.042774 0.042774
81400 106.690142 106.690142 106.690142 0.042774 0.042774 0.042774
81500 106.690142 106.690142 106.690142 0.042774 0.042774 0.042774
81600 106.690142 106.690142 106.690142 0.042774 0.042774 0.042774
81700 106.690142 106.690142 106.690142 0.042774 0.042774 0.042774
81800 106.690142 106.690142 106.690142 0.042774 0.042774 0.042774
81900 106.690142 106.690142 106.690142 0.042774 0.042774 0.042774
82000 106.690142 106.690142 106.690142 0.042774 0.042774 0.042774
82100 106.690142 106.690142 106.690142 0.042774 0.042774 0.042774
82200 106.690142 106.690142 106.690142 0.042774 0.042774 0.042774
82300 106.690142 106.690142 106.690142 0.042774 0.042774 0.042774
82400 106.690142 106.690142 106.690142 0.042774 0.042774 0.042774
82500 106.690142 106.690142 106.690142 0.042774 0.042774 0.042774
82600 106.690142 106.690142 106.690142 0.042774 0.042774 0.042774
82700 106.690142 106.690142 106.690142 0.042774 0.042774 0.042774
82800 106.690142 106.690142 106.690142 0.042774 0.042774 0.042774
82900 106.690142 106.690142 106.690142 0.042774 0.042774 0.042774
83000 106.690142 106.690142 106.690142 0.042774 0.042774 0.042774
83100 106.690142 106.690142 106.690142 0.042774 0.042774 0.042774
83200 106.690142 106.690142 106.690142 0.042774 0.042774 0.042774
83300 106.690142 106.690142 106.690142 0.042774 0.042774 0.042774
83400 106.690142 106.690142 106.690142 0.042774 0.042774 0.042774
83500 106.690142 106.690142 106.690142 0.042774 0.042774 0.042774
83600 106.690142 106.690142 106.690142 0.042774 0.042774 0.042774
83700 106.690142 106.690142 106.690142 0.042774 0.042774 0.042774
83800 106.690142 106.690142 106.690142 0.042774 0.042774 0.042774
83900 106.690142 106.690142 106.690142 0.042774 0.042774 0.042774
84000 106.690142 106.690142 106.690142 0.042774 0.042774 0.042774
84100 106.690142 106.690142 106.690142 0.042774 0.042774 0.042774
84200 106.690142 106.690142 106.690142 0.042774 0.042774 0.042774
84300 106.690142 106.690142 106.690142 0.042774 0.042774 0.042774
84400 106.690142 106.690142 106.690142 0.042774 0.042774 0.042774
84500 106.690142 106.690142 106.690142 0.042774 0.042774 0.042774
84600 106.690142 106.690142 106.690142 0.042774 0.042774 0.042774
84700 106.690142 106.690142 106.690142 0.042774 0.042774 0.042774
84800 106.690142 106.690142 106.690142 0.042774 0.042774 0.042774
84900 106.690142 106.690142 106.690142 0.042774 0.042774 0.042774
85000 106.690142 106.690142 106.690142 0.042774 0.042774 0.042774
85100 106.690142 106.690142 106.690142 0.042774 0.042774 0.042774
85200 106.690142 106.690142 106.690142 0.042774 0.042774 0.042774
85300 106.690142 106.690142 106.690142 0.042774 0.042774 0.042774
85400 106.690142 106.690142 106.690142 0.042774 0.042774 0.042774
85500 106.690142 106.690142 106.690142 0.042774 0.042774 0.042774
85600 106.690142 106.690142 106.690142 0.042774 0.042774 0.042774
85700 106.690142 106.690142 106.690142 0.042774 0.042774 0.042774
85800 106.690142 106.690142 106.690142 0.042774 0.042774 0.042774
85900 106.690142 106.690142 106.690142 0.042774 0.042774 0.042774
86000 106.690142 106.690142 106.690142 0.042774 0.042774 0.042774
86100 106.690142 106.690142 106.690142 0.042774 0.042774 0.042774
86200 106.690142 106.690142 106.690142 0.042774 0.042774 0.042774
86300 106.690142 106.690142 106.690142 0.042774 0.042774 0.042774
86400 106.690142 106.690142 106.690142 0.042774 0.042774 0.042774
86500 106.690142 106.690142 106.690142 0.042774 0.042774 0.042774
86600 106.690142 106.690142 106.690142 0.042774 0.042774 0.042774
86700 106.690142 106.690142 106.690142 0.042774 0.042774 0.042774
86800 106.690142 106.690142 106.690142 0.042774 0.042774 0.042774
86900 106.690142 106.690142 106.690142 0.042774 0.042774 0.042774
87000 106.690142 106.690142 106.690142 0.042774 0.042774 0.042774
87100 106.690142 106.690142 106.690142 0.042774 0.042774 0.042774
87200 106.690142 106.690142 106.690142 0.042774 0.042774 0.042774
87300 106.690142 106.690142 106.690142 0.042774 0.042774 0.042774
87400 106.690142 106.690142 106.690142 0.042774 0.042774 0.042774
87500 106.690142 106.690142 106.690142 0.042774 0.042774 0.042774
87600 106.690142 106.690142 106.690142 0.042774 0.042774 0.042774
87700 106.690142 106.690142 106.690142 0.042774 0.042774 0.042774
87800 106.690142 106.690142 106.690142 0.042774 0.042774 0.042774
87900 106.690142 106.690142 106.690142 0.042774 0.042774 0.042774
88000 106.690142 106.690142 106.690142 0.042774 0.042774 0.042774
88100 106.690142 106.690142 106.690142 0.042774 0.042774 0.042774
88200 106.690142 106.690142 106.690142 0.042774 0.042774 0.042774
88300 106.690142 106.690142 106.690142 0.042774 0.042774 0.042774
88400 106.690142 106.690142 106.690142 0.042774 0.042774 0.042774
88500 106.690142 106.690142 106.690142 0.042774 0.042774 0.042774
88600 106.690142 106.690142 106.690142 0.042774 0.042774 0.042774
88700 106.690142 106.690142 106.690142 0.042774 0.042774 0.042774
88800 106.690142 106.690142 106.690142 0.042774 0.042774 0.042774
88900 106.690142 106.690142 106.690142 0.042774 0.042774 0.042774
89000 106.690142 106.690142 106.690142 0.042774 0.042774 0.042774
89100 106.690142 106.690142 106.690142 0.042774 0.042774 0.042774
89200 106.690142 106.690142 106.690142 0.042774 0.042774 0.042774
89300 106.690142 106.690142 106.690142 0.042774 0.042774 0.042774
89400 106.690142 106.690142 106.690142 0.042774 0.042774 0.042774
89500 106.690142 106.690142 106.690142 0.042774 0.042774 0.042774
89600 106.690142 106.690142 106.690142 0.042774 0.042774 0.042774
89700 106.690142 106.690142 106.690142 0.042774 0.042774 0.042774
89800 106.690142 106.690142 106.690142 0.042774 0.042774 0.042774
89900 106.690142 106.690142 106.690142 0.042774 0.042774 0.042774
90000 106.690142 106.690142 106.690142 0.042774 0.042774 0.042774
90100 106.690142 106.690142 106.690142 0.042774 0.042774 0.042774
90200 106.690142 106.690142 106.690142 0.042774 0.042774 0.042774
90300 106.690142 106.690142 106.690142 0.042774 0.042774 0.042774
90400 106.690142 106.690142 106.690142 0.042774 0.042774 0.042774
90500 106.690142 106.690142 106.690142 0.042774 0.042774 0.042774
90600 106.690142 106.690142 106.690142 0.042774 0.042774 0.042774
90700 106.690142 106.690142 106.690142 0.042774 0.042774 0.042774
90800 106.690142 106.690142 106.690142 0.042774 0.042774 0.042774
90900 106.690142 106.690142 106.690142 0.042774 0.042774 0.042774
91000 106.690142 106.690142 106.690142 0.042774 0.042774 0.042774
91100 106.690142 106.690142 106.690142 0.042774 0.042774 0.042774
91200 106.690142 106.690142 106.690142 0.042774 0.042774 0.042774
91300 106.690142 106.690142 106.690142 0.042774 0.042774 0.042774
91400 106.690142 106.690142 106.690142 0.042774 0.042774 0.042774
91500 106.690142 106.690142 106.690142 0.042774 0.042774 0.042774
91600 106.690142 106.690142 106.690142 0.042774 0.042774 0.042774
91700 106.690142 106.690142 106.690142 0.042774 0.042774 0.042774
91800 106.690142 106.690142 106.690142 0.042774 0.042774 0.042774
91900 106.690142 106.690142 106.690142 0.042774 0.042774 0.042774
92000 106.690142 106.690142 106.690142 0.042774 0.042774 0.042774
92100 106.690142 106.690142 106.690142 0.042774 0.042774 0.042774
92200 106.690142 106.690142 106.690142 0.042774 0.042774 0.042774
92300 106.690142 106.690142 106.690142 0.042774 0.042774 0.042774
92400 106.690142 106.690142 106.690142 0.042774 0.042774 0.042774
92500 106.690142 106.690142 106.690142 0.042774 0.042774 0.042774
92600 106.690142 106.690142 106.690142 0.042774 0.042774 0.042774
92700 106.690142 106.690142 106.690142 0.042774 0.042774 0.042774
92800 106.690142 106.690142 106.690142 0.042774 0.042774 0.042774
92900 106.690142 106.690142 106.690142 0.042774 0.042774 0.042774
93000 106.690142 106.690142 106.690142 0.042774 0.042774 0.042774
93100 106.690142 106.690142 106.690142 0.042774 0.042774 0.042774
93200 106.690142 106.690142 106.690142 0.042774 0.042774 0.042774
93300 106.690142 106.690142 106.690142 0.042774 0.042774 0.042774
93400 106.690142 106.690142 106.690142 0.042774 0.042774 0.042774
93500 106.690142 106.690142 106.690142 0.042774 0.042774 0.042774
93600 106.690142 106.690142 106.690142 0.042774 0.042774 0.042774
93700 106.690142 106.690142 106.690142 0.042774 0.042774 0.042774
93800 106.690142 106.690142 106.690142 0.042774 0.042774 0.042774
93900 106.690142 106.690142 106.690142 0.042774 0.042774 0.042774
94000 106.690142 106.690142 106.690142 0.042774 0.042774 0.042774
94100 106.690142 106.690142 106.690142 0.042774 0.042774 0.042774
94200 106.690142 106.690142 106.690142 0.042774 0.042774 0.042774
94300 106.690142 106.690142 106.690142 0.042774 0.042774 0.042774
94400 106.690142 106.690142 106.690142 0.042774 0.042774 0.042774
94500 106.690142 106.690142 106.690142 0.042774 0.042774 0.042774
94600 106.690142 106.690142 106.690142 0.042774 0.042774 0.042774
94700 106.690142 106.690142 106.690142 0.042774 0.042774 0.042774
94800 106.690142 106.690142 106.690142 0.042774 0.042774 0.042774
94900 106.690142 106.690142 106.690142 0.042774 0.042774 0.042774
95000 106.690142 106.690142 106.690142 0.042774 0.042774 0.042774
95100 106.690142 106.690142 106.690142 0.042774 0.042774 0.042774
95200 106.690142 106.690142 106.690142 0.042774 0.042774 0.042774
95300 106.690142 106.690142 106.690142 0.042774 0.042774 0.042774
95400 106.690142 106.690142 106.690142 0.042774 0.042774 0.042774
95500 106.690142 106.690142 106.690142 0.042774 0.042774 0.042774
95600 106.690142 106.690142 106.690142 0.042774 0.042774 0.042774
95700 106.690142 106.690142 106.690142 0.042774 0.042774 0.042774
95800 106.690142 106.690142 106.690142 0.042774 0.042774 0.042774
95900 106.690142 106.690142 106.690142 0.042774 0.042774 0.042774
96000 106.690142 106.690142 106.690142 0.042774 0.042774 0.042774
96100 106.690142 106.690142 106.690142 0.042774 0.042774 0.042774
96200 106.690142 106.690142 106.690142 0.042774 0.042774 0.042774
96300 106.690142 106.690142 106.690142 0.042774 0.042774 0.042774
96400 106.690142 106.690142 106.690142 0.042774 0.042774 0.042774
96500 106.690142 106.690142 106.690142 0.042774 0.042774 0.042774
96600 106.690142 106.690142 106.690142 0.042774 0.042774 0.042774
96700 106.690142 106.690142 106.690142 0.042774 0.042774 0.042774
96800 106.690142 106.690142 106.690142 0.042774 0.042774 0.042774
96900 106.690142 106.690142 106.690142 0.042774 0.042774 0.042774
97000 106.690142 106.690142 106.690142 0.042774 0.042774 0.042774
97100 106.690142 106.690142 106.690142 0.042774 0.042774 0.042774
97200 106.690142 106.690142 106.690142 0.042774 0.042774 0.042774
97300 106.690142 106.690142 106.690142 0.042774 0.042774 0.042774
97400 106.690142 106.690142 106.690142 0.042774 0.042774 0.042774
97500 106.690142 106.690142 106.690142 0.042774 0.042774 0.042774
97600 106.690142 106.690142 106.690142 0.042774 0.042774 0.042774
97700 106.690142 106.690142 106.690142 0.042774 0.042774 0.042774
97800 106.690142 106.690142 106.690142 0.042774 0.042774 0.042774
97900 106.690142 106.690142 106.690142 0.042774 0.042774 0.042774
98000 106.690142 106.690142 106.690142 0.042774 0.042774 0.042774
98100 106.690142 106.690142 106.690142 0.042774 0.042774 0.042774
98200 106.690142 106.690142 106.690142 0.042774 0.042774 0.042774
98300 106.690142 106.690142 106.690142 0.042774 0.042774 0.042774
98400 106.690142 106.690142 106.690142 0.042774 0.042774 0.042774
98500 106.690142 106.690142 106.690142 0.042774 0.042774 0.042774
98600 106.690142 106.690142 106.690142 0.042774 0.042774 0.042774
98700 106.690142 106.690142 106.690142 0.042774 0.042774 0.042774
98800 106.690142 106.690142 106.690142 0.042774 0.042774 0.042774
98900 106.690142 106.690142 106.690142 0.042774 0.042774 0.042774
99000 106.690142 106.690142 106.690142 0.042774 0.042774 0.042774
99100 106.690142 106.690142 106.690142 0.042774 0.042774 0.042774
99200 106.690142 106.690142 106.690142 0.042774 0.042774 0.042774
99300 106.690142 106.690142 106.690142 0.042774 0.042774 0.042774
99400 106.690142 106.690142 106.690142 0.042774 0.042774 0.042774
99500 106.690142 106.690142 106.690142 0.042774 0.042774 0.042774
99600 106.690142 106.690142 106.690142 0.042774 0.042774 0.042774
99700 106.690142 106.690142 106.690142 0.042774 0.042774 0.042774
99800 106.690142 106.690142 106.690142 0.042774 0.042774 0.042774
99900 106.690142 106.690142 106.690142 0.042774 0.042774 0.042774
100000 106.845121 106.845121 106.845121 0.045905 0.045905 0.045905
