# generation power_min power_avg power_max util_min util_avg util_max
1 32.459259 42.159689 50.624845 0.497931 0.680830 0.835047
10 32.172932 41.242137 46.823795 0.497931 0.665683 0.832487
20 32.172932 40.294272 45.609137 0.497931 0.649909 0.805254
30 31.830539 39.401074 44.313045 0.493071 0.637550 0.784135
40 31.830539 38.692656 43.288625 0.493071 0.627709 0.757824
50 31.830539 37.904930 42.015901 0.493071 0.617015 0.746675
60 29.519790 37.082182 41.048156 0.460853 0.603978 0.707359
70 29.213272 36.243682 40.302011 0.447872 0.589755 0.696285
80 29.114514 35.532598 39.611641 0.435478 0.576752 0.696285
90 26.594999 34.583523 39.012240 0.383922 0.559991 0.674988
100 26.594999 33.744452 38.596219 0.383922 0.542950 0.655661
110 25.829755 32.916793 37.603223 0.379298 0.528345 0.645846
120 25.829755 32.123872 36.839005 0.379298 0.511879 0.624602
130 23.783010 31.317815 36.059529 0.336728 0.494840 0.622730
140 23.783010 30.576441 35.315439 0.336728 0.479945 0.592132
150 23.783010 29.869697 34.035202 0.336728 0.466099 0.567064
160 23.783010 29.190309 32.588417 0.336728 0.451938 0.543243
170 23.783010 28.698065 32.004272 0.336728 0.441095 0.533008
180 23.783010 28.171278 31.230825 0.336728 0.429447 0.510286
190 23.647357 27.644643 30.234800 0.320991 0.417740 0.494681
200 23.647357 27.243709 29.666456 0.320991 0.409211 0.468893
210 23.433129 26.788758 29.342872 0.320991 0.399365 0.468517
220 23.433129 26.322593 29.114514 0.320991 0.389544 0.455347
230 22.811249 25.880482 28.380402 0.294451 0.380621 0.455347
240 22.796054 25.483324 27.468955 0.294451 0.371619 0.420054
250 22.473714 25.132810 26.993030 0.294451 0.364393 0.419438
260 22.382168 24.829397 26.718131 0.280497 0.358047 0.417056
270 21.886217 24.543285 26.279191 0.280497 0.351128 0.406391
280 21.886217 24.256984 25.974919 0.280497 0.345298 0.390910
290 21.385708 23.956920 25.641353 0.280497 0.338796 0.390214
300 20.476334 23.624527 25.292716 0.246676 0.331695 0.370453
310 20.476334 23.296880 24.906744 0.246676 0.325119 0.367619
320 20.476334 23.010736 24.668589 0.246676 0.319230 0.361275
330 19.694753 22.728567 24.288667 0.234249 0.313823 0.360957
340 19.513818 22.403713 24.026930 0.234249 0.307228 0.360957
350 19.513818 22.153915 23.772828 0.234249 0.301351 0.342532
360 19.513818 21.876903 23.426779 0.234249 0.295177 0.341077
370 18.659316 21.614215 23.112782 0.234249 0.289160 0.335465
380 18.659316 21.332312 22.794809 0.234249 0.282377 0.329328
390 18.659316 21.033103 22.542807 0.220832 0.275799 0.329328
400 18.659316 20.802354 22.251840 0.220832 0.270198 0.322250
410 17.495409 20.531659 21.972880 0.211902 0.264698 0.301900
420 17.495409 20.264074 21.566131 0.211902 0.259816 0.299266
430 17.495409 19.990183 21.494032 0.211902 0.255508 0.297930
440 17.495409 19.704213 21.080810 0.211902 0.249657 0.287652
450 17.495409 19.503529 20.816479 0.211902 0.245882 0.287476
460 17.237222 19.295557 20.596363 0.192216 0.243125 0.276121
470 17.237222 19.083644 20.377492 0.192216 0.240507 0.274996
480 17.010039 18.871441 20.109670 0.192216 0.237778 0.273030
490 17.010039 18.677492 19.873991 0.189125 0.234980 0.263604
500 16.761994 18.485902 19.633142 0.183726 0.232725 0.263604
510 16.297577 18.248598 19.241600 0.176430 0.228437 0.254548
520 16.297577 18.083160 18.963055 0.176430 0.225581 0.254548
530 16.297577 17.960141 18.659316 0.176430 0.223050 0.252106
540 16.297577 17.769620 18.659316 0.176430 0.217186 0.252106
550 16.297577 17.579111 18.659316 0.176430 0.211419 0.252106
560 15.861411 17.354981 18.659316 0.176430 0.205014 0.252106
570 15.861411 17.136227 18.555368 0.176430 0.199275 0.252106
580 15.861411 16.927397 18.387098 0.176430 0.193700 0.233160
590 15.861411 16.733234 18.021053 0.176430 0.188993 0.231653
600 15.861411 16.587099 17.495409 0.176430 0.185113 0.217087
610 15.861411 16.445508 17.495409 0.176430 0.181047 0.217087
620 15.861411 16.341115 16.968431 0.176430 0.178914 0.206136
630 15.861411 16.263609 16.772061 0.176430 0.177276 0.187322
640 15.861411 16.198346 16.406330 0.176430 0.176430 0.176430
650 15.861411 16.166727 16.297577 0.176430 0.176430 0.176430
660 15.861411 16.153642 16.297577 0.176430 0.176430 0.176430
670 15.861411 16.114387 16.297577 0.176430 0.176430 0.176430
680 15.861411 16.083856 16.297577 0.176430 0.176430 0.176430
690 15.861411 16.040239 16.297577 0.176430 0.176430 0.176430
700 15.861411 15.996622 16.297577 0.176430 0.176430 0.176430
710 15.861411 15.953006 16.297577 0.176430 0.176430 0.176430
720 15.861411 15.909389 16.297577 0.176430 0.176430 0.176430
730 15.861411 15.865773 16.297577 0.176430 0.176430 0.176430
740 15.861411 15.861411 15.861411 0.176430 0.176430 0.176430
750 15.861411 15.861411 15.861411 0.176430 0.176430 0.176430
760 15.861411 15.861411 15.861411 0.176430 0.176430 0.176430
770 15.861411 15.861411 15.861411 0.176430 0.176430 0.176430
780 15.861411 15.861411 15.861411 0.176430 0.176430 0.176430
790 15.861411 15.861411 15.861411 0.176430 0.176430 0.176430
800 15.861411 15.861411 15.861411 0.176430 0.176430 0.176430
810 15.861411 15.861411 15.861411 0.176430 0.176430 0.176430
820 15.861411 15.861411 15.861411 0.176430 0.176430 0.176430
830 15.861411 15.861411 15.861411 0.176430 0.176430 0.176430
840 15.861411 15.861411 15.861411 0.176430 0.176430 0.176430
850 15.861411 15.861411 15.861411 0.176430 0.176430 0.176430
860 15.861411 15.861411 15.861411 0.176430 0.176430 0.176430
870 15.861411 15.861411 15.861411 0.176430 0.176430 0.176430
880 15.861411 15.861411 15.861411 0.176430 0.176430 0.176430
890 15.861411 15.861411 15.861411 0.176430 0.176430 0.176430
900 15.861411 15.861411 15.861411 0.176430 0.176430 0.176430
910 15.861411 15.861411 15.861411 0.176430 0.176430 0.176430
920 15.861411 15.861411 15.861411 0.176430 0.176430 0.176430
930 15.861411 15.861411 15.861411 0.176430 0.176430 0.176430
940 15.861411 15.861411 15.861411 0.176430 0.176430 0.176430
950 15.861411 15.861411 15.861411 0.176430 0.176430 0.176430
960 15.861411 15.861411 15.861411 0.176430 0.176430 0.176430
970 15.861411 15.861411 15.861411 0.176430 0.176430 0.176430
980 15.861411 15.861411 15.861411 0.176430 0.176430 0.176430
990 15.861411 15.861411 15.861411 0.176430 0.176430 0.176430
1000 15.861411 15.861411 15.861411 0.176430 0.176430 0.176430
1010 15.861411 15.861411 15.861411 0.176430 0.176430 0.176430
1020 15.861411 15.861411 15.861411 0.176430 0.176430 0.176430
1030 15.861411 15.861411 15.861411 0.176430 0.176430 0.176430
1040 15.861411 15.861411 15.861411 0.176430 0.176430 0.176430
1050 15.861411 15.861411 15.861411 0.176430 0.176430 0.176430
1060 15.861411 15.861411 15.861411 0.176430 0.176430 0.176430
1070 15.861411 15.861411 15.861411 0.176430 0.176430 0.176430
1080 15.861411 15.861411 15.861411 0.176430 0.176430 0.176430
1090 15.861411 15.861411 15.861411 0.176430 0.176430 0.176430
1100 15.861411 15.861411 15.861411 0.176430 0.176430 0.176430
1110 15.861411 15.861411 15.861411 0.176430 0.176430 0.176430
1120 15.861411 15.861411 15.861411 0.176430 0.176430 0.176430
1130 15.861411 15.861411 15.861411 0.176430 0.176430 0.176430
1140 15.861411 15.861411 15.861411 0.176430 0.176430 0.176430
1150 15.861411 15.861411 15.861411 0.176430 0.176430 0.176430
1160 15.861411 15.861411 15.861411 0.176430 0.176430 0.176430
1170 15.861411 15.861411 15.861411 0.176430 0.176430 0.176430
1180 15.861411 15.861411 15.861411 0.176430 0.176430 0.176430
1190 15.861411 15.861411 15.861411 0.176430 0.176430 0.176430
1200 15.861411 15.861411 15.861411 0.176430 0.176430 0.176430
1210 15.861411 15.861411 15.861411 0.176430 0.176430 0.176430
1220 15.861411 15.861411 15.861411 0.176430 0.176430 0.176430
1230 15.861411 15.861411 15.861411 0.176430 0.176430 0.176430
1240 15.861411 15.861411 15.861411 0.176430 0.176430 0.176430
1250 15.861411 15.861411 15.861411 0.176430 0.176430 0.176430
1260 15.861411 15.861411 15.861411 0.176430 0.176430 0.176430
1270 15.861411 15.861411 15.861411 0.176430 0.176430 0.176430
1280 15.861411 15.861411 15.861411 0.176430 0.176430 0.176430
1290 15.861411 15.861411 15.861411 0.176430 0.176430 0.176430
1300 15.861411 15.861411 15.861411 0.176430 0.176430 0.176430
1310 15.861411 15.861411 15.861411 0.176430 0.176430 0.176430
1320 15.861411 15.861411 15.861411 0.176430 0.176430 0.176430
1330 15.861411 15.861411 15.861411 0.176430 0.176430 0.176430
1340 15.861411 15.861411 15.861411 0.176430 0.176430 0.176430
1350 15.861411 15.861411 15.861411 0.176430 0.176430 0.176430
1360 15.861411 15.861411 15.861411 0.176430 0.176430 0.176430
1370 15.861411 15.861411 15.861411 0.176430 0.176430 0.176430
1380 15.861411 15.861411 15.861411 0.176430 0.176430 0.176430
1390 15.861411 15.861411 15.861411 0.176430 0.176430 0.176430
1400 15.861411 15.861411 15.861411 0.176430 0.176430 0.176430
1410 15.861411 15.861411 15.861411 0.176430 0.176430 0.176430
1420 15.861411 15.861411 15.861411 0.176430 0.176430 0.176430
1430 15.861411 15.861411 15.861411 0.176430 0.176430 0.176430
1440 15.861411 15.861411 15.861411 0.176430 0.176430 0.176430
1450 15.861411 15.861411 15.861411 0.176430 0.176430 0.176430
1460 15.861411 15.861411 15.861411 0.176430 0.176430 0.176430
1470 15.861411 15.861411 15.861411 0.176430 0.176430 0.176430
1480 15.861411 15.861411 15.861411 0.176430 0.176430 0.176430
1490 15.861411 15.861411 15.861411 0.176430 0.176430 0.176430
1500 15.861411 15.861411 15.861411 0.176430 0.176430 0.176430
1510 15.861411 15.861411 15.861411 0.176430 0.176430 0.176430
1520 15.861411 15.861411 15.861411 0.176430 0.176430 0.176430
1530 15.861411 15.861411 15.861411 0.176430 0.176430 0.176430
1540 15.861411 15.861411 15.861411 0.176430 0.176430 0.176430
1550 15.861411 15.861411 15.861411 0.176430 0.176430 0.176430
1560 15.861411 15.861411 15.861411 0.176430 0.176430 0.176430
1570 15.861411 15.861411 15.861411 0.176430 0.176430 0.176430
1580 15.861411 15.861411 15.861411 0.176430 0.176430 0.176430
1590 15.861411 15.861411 15.861411 0.176430 0.176430 0.176430
1600 15.861411 15.861411 15.861411 0.176430 0.176430 0.176430
1610 15.861411 15.861411 15.861411 0.176430 0.176430 0.176430
1620 15.861411 15.861411 15.861411 0.176430 0.176430 0.176430
1630 15.861411 15.861411 15.861411 0.176430 0.176430 0.176430
1640 15.861411 15.861411 15.861411 0.176430 0.176430 0.176430
1650 15.861411 15.861411 15.861411 0.176430 0.176430 0.176430
1660 15.861411 15.861411 15.861411 0.176430 0.176430 0.176430
1670 15.861411 15.861411 15.861411 0.176430 0.176430 0.176430
1680 15.861411 15.861411 15.861411 0.176430 0.176430 0.176430
1690 15.861411 15.861411 15.861411 0.176430 0.176430 0.176430
1700 15.861411 15.861411 15.861411 0.176430 0.176430 0.176430
1710 15.861411 15.861411 15.861411 0.176430 0.176430 0.176430
1720 15.861411 15.861411 15.861411 0.176430 0.176430 0.176430
1730 15.861411 15.861411 15.861411 0.176430 0.176430 0.176430
1740 15.861411 15.861411 15.861411 0.176430 0.176430 0.176430
1750 15.861411 15.861411 15.861411 0.176430 0.176430 0.176430
1760 15.861411 15.861411 15.861411 0.176430 0.176430 0.176430
1770 15.861411 15.861411 15.861411 0.176430 0.176430 0.176430
1780 15.861411 15.861411 15.861411 0.176430 0.176430 0.176430
1790 15.861411 15.861411 15.861411 0.176430 0.176430 0.176430
1800 15.861411 15.861411 15.861411 0.176430 0.176430 0.176430
1810 15.861411 15.861411 15.861411 0.176430 0.176430 0.176430
1820 15.861411 15.861411 15.861411 0.176430 0.176430 0.176430
1830 15.861411 15.861411 15.861411 0.176430 0.176430 0.176430
1840 15.861411 15.861411 15.861411 0.176430 0.176430 0.176430
1850 15.861411 15.861411 15.861411 0.176430 0.176430 0.176430
1860 15.861411 15.861411 15.861411 0.176430 0.176430 0.176430
1870 15.861411 15.861411 15.861411 0.176430 0.176430 0.176430
1880 15.861411 15.861411 15.861411 0.176430 0.176430 0.176430
1890 15.861411 15.861411 15.861411 0.176430 0.176430 0.176430
1900 15.861411 15.861411 15.861411 0.176430 0.176430 0.176430
1910 15.861411 15.861411 15.861411 0.176430 0.176430 0.176430
1920 15.861411 15.861411 15.861411 0.176430 0.176430 0.176430
1930 15.861411 15.861411 15.861411 0.176430 0.176430 0.176430
1940 15.861411 15.861411 15.861411 0.176430 0.176430 0.176430
1950 15.861411 15.861411 15.861411 0.176430 0.176430 0.176430
1960 15.861411 15.861411 15.861411 0.176430 0.176430 0.176430
1970 15.861411 15.861411 15.861411 0.176430 0.176430 0.176430
1980 15.861411 15.861411 15.861411 0.176430 0.176430 0.176430
1990 15.861411 15.861411 15.861411 0.176430 0.176430 0.176430
2000 15.861411 15.861411 15.861411 0.176430 0.176430 0.176430
2010 15.861411 15.861411 15.861411 0.176430 0.176430 0.176430
2020 15.861411 15.861411 15.861411 0.176430 0.176430 0.176430
2030 15.861411 15.861411 15.861411 0.176430 0.176430 0.176430
2040 15.861411 15.861411 15.861411 0.176430 0.176430 0.176430
2050 15.861411 15.861411 15.861411 0.176430 0.176430 0.176430
2060 15.861411 15.861411 15.861411 0.176430 0.176430 0.176430
2070 15.861411 15.861411 15.861411 0.176430 0.176430 0.176430
2080 15.861411 15.861411 15.861411 0.176430 0.176430 0.176430
2090 15.861411 15.861411 15.861411 0.176430 0.176430 0.176430
2100 15.861411 15.861411 15.861411 0.176430 0.176430 0.176430
2110 15.861411 15.861411 15.861411 0.176430 0.176430 0.176430
2120 15.861411 15.861411 15.861411 0.176430 0.176430 0.176430
2130 15.861411 15.861411 15.861411 0.176430 0.176430 0.176430
2140 15.861411 15.861411 15.861411 0.176430 0.176430 0.176430
2150 15.861411 15.861411 15.861411 0.176430 0.176430 0.176430
2160 15.861411 15.861411 15.861411 0.176430 0.176430 0.176430
2170 15.861411 15.861411 15.861411 0.176430 0.176430 0.176430
2180 15.861411 15.861411 15.861411 0.176430 0.176430 0.176430
2190 15.861411 15.861411 15.861411 0.176430 0.176430 0.176430
2200 15.861411 15.861411 15.861411 0.176430 0.176430 0.176430
2210 15.861411 15.861411 15.861411 0.176430 0.176430 0.176430
2220 15.861411 15.861411 15.861411 0.176430 0.176430 0.176430
2230 15.861411 15.861411 15.861411 0.176430 0.176430 0.176430
2240 15.861411 15.861411 15.861411 0.176430 0.176430 0.176430
2250 15.861411 15.861411 15.861411 0.176430 0.176430 0.176430
2260 15.861411 15.861411 15.861411 0.176430 0.176430 0.176430
2270 15.861411 15.861411 15.861411 0.176430 0.176430 0.176430
2280 15.861411 15.861411 15.861411 0.176430 0.176430 0.176430
2290 15.861411 15.861411 15.861411 0.176430 0.176430 0.176430
2300 15.861411 15.861411 15.861411 0.176430 0.176430 0.176430
2310 15.861411 15.861411 15.861411 0.176430 0.176430 0.176430
2320 15.861411 15.861411 15.861411 0.176430 0.176430 0.176430
2330 15.861411 15.861411 15.861411 0.176430 0.176430 0.176430
2340 15.861411 15.861411 15.861411 0.176430 0.176430 0.176430
2350 15.861411 15.861411 15.861411 0.176430 0.176430 0.176430
2360 15.861411 15.861411 15.861411 0.176430 0.176430 0.176430
2370 15.861411 15.861411 15.861411 0.176430 0.176430 0.176430
2380 15.861411 15.861411 15.861411 0.176430 0.176430 0.176430
2390 15.861411 15.861411 15.861411 0.176430 0.176430 0.176430
2400 15.861411 15.861411 15.861411 0.176430 0.176430 0.176430
2410 15.861411 15.861411 15.861411 0.176430 0.176430 0.176430
2420 15.861411 15.861411 15.861411 0.176430 0.176430 0.176430
2430 15.861411 15.861411 15.861411 0.176430 0.176430 0.176430
2440 15.861411 15.861411 15.861411 0.176430 0.176430 0.176430
2450 15.861411 15.861411 15.861411 0.176430 0.176430 0.176430
2460 15.861411 15.861411 15.861411 0.176430 0.176430 0.176430
2470 15.861411 15.861411 15.861411 0.176430 0.176430 0.176430
2480 15.861411 15.861411 15.861411 0.176430 0.176430 0.176430
2490 15.861411 15.861411 15.861411 0.176430 0.176430 0.176430
2500 15.861411 15.861411 15.861411 0.176430 0.176430 0.176430
2510 15.861411 15.861411 15.861411 0.176430 0.176430 0.176430
2520 15.861411 15.861411 15.861411 0.176430 0.176430 0.176430
2530 15.861411 15.861411 15.861411 0.176430 0.176430 0.176430
2540 15.861411 15.861411 15.861411 0.176430 0.176430 0.176430
2550 15.861411 15.861411 15.861411 0.176430 0.176430 0.176430
2560 15.861411 15.861411 15.861411 0.176430 0.176430 0.176430
2570 15.861411 15.861411 15.861411 0.176430 0.176430 0.176430
2580 15.861411 15.861411 15.861411 0.176430 0.176430 0.176430
2590 15.861411 15.861411 15.861411 0.176430 0.176430 0.176430
2600 15.861411 15.861411 15.861411 0.176430 0.176430 0.176430
2610 15.861411 15.861411 15.861411 0.176430 0.176430 0.176430
2620 15.861411 15.861411 15.861411 0.176430 0.176430 0.176430
2630 15.861411 15.861411 15.861411 0.176430 0.176430 0.176430
2640 15.861411 15.861411 15.861411 0.176430 0.176430 0.176430
2650 15.861411 15.861411 15.861411 0.176430 0.176430 0.176430
2660 15.861411 15.861411 15.861411 0.176430 0.176430 0.176430
2670 15.861411 15.861411 15.861411 0.176430 0.176430 0.176430
2680 15.861411 15.861411 15.861411 0.176430 0.176430 0.176430
2690 15.861411 15.861411 15.861411 0.176430 0.176430 0.176430
2700 15.861411 15.861411 15.861411 0.176430 0.176430 0.176430
2710 15.861411 15.861411 15.861411 0.176430 0.176430 0.176430
2720 15.861411 15.861411 15.861411 0.176430 0.176430 0.176430
2730 15.861411 15.861411 15.861411 0.176430 0.176430 0.176430
2740 15.861411 15.861411 15.861411 0.176430 0.176430 0.176430
2750 15.861411 15.861411 15.861411 0.176430 0.176430 0.176430
2760 15.861411 15.861411 15.861411 0.176430 0.176430 0.176430
2770 15.861411 15.861411 15.861411 0.176430 0.176430 0.176430
2780 15.861411 15.861411 15.861411 0.176430 0.176430 0.176430
2790 15.861411 15.861411 15.861411 0.176430 0.176430 0.176430
2800 15.861411 15.861411 15.861411 0.176430 0.176430 0.176430
2810 15.861411 15.861411 15.861411 0.176430 0.176430 0.176430
2820 15.861411 15.861411 15.861411 0.176430 0.176430 0.176430
2830 15.861411 15.861411 15.861411 0.176430 0.176430 0.176430
2840 15.861411 15.861411 15.861411 0.176430 0.176430 0.176430
2850 15.861411 15.861411 15.861411 0.176430 0.176430 0.176430
2860 15.861411 15.861411 15.861411 0.176430 0.176430 0.176430
2870 15.861411 15.861411 15.861411 0.176430 0.176430 0.176430
2880 15.861411 15.861411 15.861411 0.176430 0.176430 0.176430
2890 15.861411 15.861411 15.861411 0.176430 0.176430 0.176430
2900 15.861411 15.861411 15.861411 0.176430 0.176430 0.176430
2910 15.861411 15.861411 15.861411 0.176430 0.176430 0.176430
2920 15.861411 15.861411 15.861411 0.176430 0.176430 0.176430
2930 15.861411 15.861411 15.861411 0.176430 0.176430 0.176430
2940 15.861411 15.861411 15.861411 0.176430 0.176430 0.176430
2950 15.861411 15.861411 15.861411 0.176430 0.176430 0.176430
2960 15.861411 15.861411 15.861411 0.176430 0.176430 0.176430
2970 15.861411 15.861411 15.861411 0.176430 0.176430 0.176430
2980 15.861411 15.861411 15.861411 0.176430 0.176430 0.176430
2990 15.861411 15.861411 15.861411 0.176430 0.176430 0.176430
3000 15.861411 15.861411 15.861411 0.176430 0.176430 0.176430
3010 15.861411 15.861411 15.861411 0.176430 0.176430 0.176430
3020 15.861411 15.861411 15.861411 0.176430 0.176430 0.176430
3030 15.861411 15.861411 15.861411 0.176430 0.176430 0.176430
3040 15.861411 15.861411 15.861411 0.176430 0.176430 0.176430
3050 15.861411 15.861411 15.861411 0.176430 0.176430 0.176430
3060 15.861411 15.861411 15.861411 0.176430 0.176430 0.176430
3070 15.861411 15.861411 15.861411 0.176430 0.176430 0.176430
3080 15.861411 15.861411 15.861411 0.176430 0.176430 0.176430
3090 15.861411 15.861411 15.861411 0.176430 0.176430 0.176430
3100 15.861411 15.861411 15.861411 0.176430 0.176430 0.176430
3110 15.861411 15.861411 15.861411 0.176430 0.176430 0.176430
3120 15.861411 15.861411 15.861411 0.176430 0.176430 0.176430
3130 15.861411 15.861411 15.861411 0.176430 0.176430 0.176430
3140 15.861411 15.861411 15.861411 0.176430 0.176430 0.176430
3150 15.861411 15.861411 15.861411 0.176430 0.176430 0.176430
3160 15.861411 15.861411 15.861411 0.176430 0.176430 0.176430
3170 15.861411 15.861411 15.861411 0.176430 0.176430 0.176430
3180 15.861411 15.861411 15.861411 0.176430 0.176430 0.176430
3190 15.861411 15.861411 15.861411 0.176430 0.176430 0.176430
3200 15.861411 15.861411 15.861411 0.176430 0.176430 0.176430
3210 15.861411 15.861411 15.861411 0.176430 0.176430 0.176430
3220 15.861411 15.861411 15.861411 0.176430 0.176430 0.176430
3230 15.861411 15.861411 15.861411 0.176430 0.176430 0.176430
3240 15.861411 15.861411 15.861411 0.176430 0.176430 0.176430
3250 15.861411 15.861411 15.861411 0.176430 0.176430 0.176430
3260 15.861411 15.861411 15.861411 0.176430 0.176430 0.176430
3270 15.861411 15.861411 15.861411 0.176430 0.176430 0.176430
3280 15.861411 15.861411 15.861411 0.176430 0.176430 0.176430
3290 15.861411 15.861411 15.861411 0.176430 0.176430 0.176430
3300 15.861411 15.861411 15.861411 0.176430 0.176430 0.176430
3310 15.861411 15.861411 15.861411 0.176430 0.176430 0.176430
3320 15.861411 15.861411 15.861411 0.176430 0.176430 0.176430
3330 15.861411 15.861411 15.861411 0.176430 0.176430 0.176430
3340 15.861411 15.861411 15.861411 0.176430 0.176430 0.176430
3350 15.861411 15.861411 15.861411 0.176430 0.176430 0.176430
3360 15.861411 15.861411 15.861411 0.176430 0.176430 0.176430
3370 15.861411 15.861411 15.861411 0.176430 0.176430 0.176430
3380 15.861411 15.861411 15.861411 0.176430 0.176430 0.176430
3390 15.861411 15.861411 15.861411 0.176430 0.176430 0.176430
3400 15.861411 15.861411 15.861411 0.176430 0.176430 0.176430
3410 15.861411 15.861411 15.861411 0.176430 0.176430 0.176430
3420 15.861411 15.861411 15.861411 0.176430 0.176430 0.176430
3430 15.861411 15.861411 15.861411 0.176430 0.176430 0.176430
3440 15.861411 15.861411 15.861411 0.176430 0.176430 0.176430
3450 15.861411 15.861411 15.861411 0.176430 0.176430 0.176430
3460 15.861411 15.861411 15.861411 0.176430 0.176430 0.176430
3470 15.861411 15.861411 15.861411 0.176430 0.176430 0.176430
3480 15.861411 15.861411 15.861411 0.176430 0.176430 0.176430
3490 15.861411 15.861411 15.861411 0.176430 0.176430 0.176430
3500 15.861411 15.861411 15.861411 0.176430 0.176430 0.176430
3510 15.861411 15.861411 15.861411 0.176430 0.176430 0.176430
3520 15.861411 15.861411 15.861411 0.176430 0.176430 0.176430
3530 15.861411 15.861411 15.861411 0.176430 0.176430 0.176430
3540 15.861411 15.861411 15.861411 0.176430 0.176430 0.176430
3550 15.861411 15.861411 15.861411 0.176430 0.176430 0.176430
3560 15.861411 15.861411 15.861411 0.176430 0.176430 0.176430
3570 15.861411 15.861411 15.861411 0.176430 0.176430 0.176430
3580 15.861411 15.861411 15.861411 0.176430 0.176430 0.176430
3590 15.861411 15.861411 15.861411 0.176430 0.176430 0.176430
3600 15.861411 15.861411 15.861411 0.176430 0.176430 0.176430
3610 15.861411 15.861411 15.861411 0.176430 0.176430 0.176430
3620 15.861411 15.861411 15.861411 0.176430 0.176430 0.176430
3630 15.861411 15.861411 15.861411 0.176430 0.176430 0.176430
3640 15.861411 15.861411 15.861411 0.176430 0.176430 0.176430
3650 15.861411 15.861411 15.861411 0.176430 0.176430 0.176430
3660 15.861411 15.861411 15.861411 0.176430 0.176430 0.176430
3670 15.861411 15.861411 15.861411 0.176430 0.176430 0.176430
3680 15.861411 15.861411 15.861411 0.176430 0.176430 0.176430
3690 15.861411 15.861411 15.861411 0.176430 0.176430 0.176430
3700 15.861411 15.861411 15.861411 0.176430 0.176430 0.176430
3710 15.861411 15.861411 15.861411 0.176430 0.176430 0.176430
3720 15.861411 15.861411 15.861411 0.176430 0.176430 0.176430
3730 15.861411 15.861411 15.861411 0.176430 0.176430 0.176430
3740 15.861411 15.861411 15.861411 0.176430 0.176430 0.176430
3750 15.861411 15.861411 15.861411 0.176430 0.176430 0.176430
3760 15.861411 15.861411 15.861411 0.176430 0.176430 0.176430
3770 15.861411 15.861411 15.861411 0.176430 0.176430 0.176430
3780 15.861411 15.861411 15.861411 0.176430 0.176430 0.176430
3790 15.861411 15.861411 15.861411 0.176430 0.176430 0.176430
3800 15.861411 15.861411 15.861411 0.176430 0.176430 0.176430
3810 15.861411 15.861411 15.861411 0.176430 0.176430 0.176430
3820 15.861411 15.861411 15.861411 0.176430 0.176430 0.176430
3830 15.861411 15.861411 15.861411 0.176430 0.176430 0.176430
3840 15.861411 15.861411 15.861411 0.176430 0.176430 0.176430
3850 15.861411 15.861411 15.861411 0.176430 0.176430 0.176430
3860 15.861411 15.861411 15.861411 0.176430 0.176430 0.176430
3870 15.861411 15.861411 15.861411 0.176430 0.176430 0.176430
3880 15.861411 15.861411 15.861411 0.176430 0.176430 0.176430
3890 15.861411 15.861411 15.861411 0.176430 0.176430 0.176430
3900 15.861411 15.861411 15.861411 0.176430 0.176430 0.176430
3910 15.861411 15.861411 15.861411 0.176430 0.176430 0.176430
3920 15.861411 15.861411 15.861411 0.176430 0.176430 0.176430
3930 15.861411 15.861411 15.861411 0.176430 0.176430 0.176430
3940 15.861411 15.861411 15.861411 0.176430 0.176430 0.176430
3950 15.861411 15.861411 15.861411 0.176430 0.176430 0.176430
3960 15.861411 15.861411 15.861411 0.176430 0.176430 0.176430
3970 15.861411 15.861411 15.861411 0.176430 0.176430 0.176430
3980 15.861411 15.861411 15.861411 0.176430 0.176430 0.176430
3990 15.861411 15.861411 15.861411 0.176430 0.176430 0.176430
4000 15.861411 15.861411 15.861411 0.176430 0.176430 0.176430
4010 15.861411 15.861411 15.861411 0.176430 0.176430 0.176430
4020 15.861411 15.861411 15.861411 0.176430 0.176430 0.176430
4030 15.861411 15.861411 15.861411 0.176430 0.176430 0.176430
4040 15.861411 15.861411 15.861411 0.176430 0.176430 0.176430
4050 15.861411 15.861411 15.861411 0.176430 0.176430 0.176430
4060 15.861411 15.861411 15.861411 0.176430 0.176430 0.176430
4070 15.861411 15.861411 15.861411 0.176430 0.176430 0.176430
4080 15.861411 15.861411 15.861411 0.176430 0.176430 0.176430
4090 15.861411 15.861411 15.861411 0.176430 0.176430 0.176430
4100 15.861411 15.861411 15.861411 0.176430 0.176430 0.176430
4110 15.861411 15.861411 15.861411 0.176430 0.176430 0.176430
4120 15.861411 15.861411 15.861411 0.176430 0.176430 0.176430
4130 15.861411 15.861411 15.861411 0.176430 0.176430 0.176430
4140 15.861411 15.861411 15.861411 0.176430 0.176430 0.176430
4150 15.861411 15.861411 15.861411 0.176430 0.176430 0.176430
4160 15.861411 15.861411 15.861411 0.176430 0.176430 0.176430
4170 15.861411 15.861411 15.861411 0.176430 0.176430 0.176430
4180 15.861411 15.861411 15.861411 0.176430 0.176430 0.176430
4190 15.861411 15.861411 15.861411 0.176430 0.176430 0.176430
4200 15.861411 15.861411 15.861411 0.176430 0.176430 0.176430
4210 15.861411 15.861411 15.861411 0.176430 0.176430 0.176430
4220 15.861411 15.861411 15.861411 0.176430 0.176430 0.176430
4230 15.861411 15.861411 15.861411 0.176430 0.176430 0.176430
4240 15.861411 15.861411 15.861411 0.176430 0.176430 0.176430
4250 15.861411 15.861411 15.861411 0.176430 0.176430 0.176430
4260 15.861411 15.861411 15.861411 0.176430 0.176430 0.176430
4270 15.861411 15.861411 15.861411 0.176430 0.176430 0.176430
4280 15.861411 15.861411 15.861411 0.176430 0.176430 0.176430
4290 15.861411 15.861411 15.861411 0.176430 0.176430 0.176430
4300 15.861411 15.861411 15.861411 0.176430 0.176430 0.176430
4310 15.861411 15.861411 15.861411 0.176430 0.176430 0.176430
4320 15.861411 15.861411 15.861411 0.176430 0.176430 0.176430
4330 15.861411 15.861411 15.861411 0.176430 0.176430 0.176430
4340 15.861411 15.861411 15.861411 0.176430 0.176430 0.176430
4350 15.861411 15.861411 15.861411 0.176430 0.176430 0.176430
4360 15.861411 15.861411 15.861411 0.176430 0.176430 0.176430
4370 15.861411 15.861411 15.861411 0.176430 0.176430 0.176430
4380 15.861411 15.861411 15.861411 0.176430 0.176430 0.176430
4390 15.861411 15.861411 15.861411 0.176430 0.176430 0.176430
4400 15.861411 15.861411 15.861411 0.176430 0.176430 0.176430
4410 15.861411 15.861411 15.861411 0.176430 0.176430 0.176430
4420 15.861411 15.861411 15.861411 0.176430 0.176430 0.176430
4430 15.861411 15.861411 15.861411 0.176430 0.176430 0.176430
4440 15.861411 15.861411 15.861411 0.176430 0.176430 0.176430
4450 15.861411 15.861411 15.861411 0.176430 0.176430 0.176430
4460 15.861411 15.861411 15.861411 0.176430 0.176430 0.176430
4470 15.861411 15.861411 15.861411 0.176430 0.176430 0.176430
4480 15.861411 15.861411 15.861411 0.176430 0.176430 0.176430
4490 15.861411 15.861411 15.861411 0.176430 0.176430 0.176430
4500 15.861411 15.861411 15.861411 0.176430 0.176430 0.176430
4510 15.861411 15.861411 15.861411 0.176430 0.176430 0.176430
4520 15.861411 15.861411 15.861411 0.176430 0.176430 0.176430
4530 15.861411 15.861411 15.861411 0.176430 0.176430 0.176430
4540 15.861411 15.861411 15.861411 0.176430 0.176430 0.176430
4550 15.861411 15.861411 15.861411 0.176430 0.176430 0.176430
4560 15.861411 15.861411 15.861411 0.176430 0.176430 0.176430
4570 15.861411 15.861411 15.861411 0.176430 0.176430 0.176430
4580 15.861411 15.861411 15.861411 0.176430 0.176430 0.176430
4590 15.861411 15.861411 15.861411 0.176430 0.176430 0.176430
4600 15.861411 15.861411 15.861411 0.176430 0.176430 0.176430
4610 15.861411 15.861411 15.861411 0.176430 0.176430 0.176430
4620 15.861411 15.861411 15.861411 0.176430 0.176430 0.176430
4630 15.861411 15.861411 15.861411 0.176430 0.176430 0.176430
4640 15.861411 15.861411 15.861411 0.176430 0.176430 0.176430
4650 15.861411 15.861411 15.861411 0.176430 0.176430 0.176430
4660 15.861411 15.861411 15.861411 0.176430 0.176430 0.176430
4670 15.861411 15.861411 15.861411 0.176430 0.176430 0.176430
4680 15.861411 15.861411 15.861411 0.176430 0.176430 0.176430
4690 15.861411 15.861411 15.861411 0.176430 0.176430 0.176430
4700 15.861411 15.861411 15.861411 0.176430 0.176430 0.176430
4710 15.861411 15.861411 15.861411 0.176430 0.176430 0.176430
4720 15.861411 15.861411 15.861411 0.176430 0.176430 0.176430
4730 15.861411 15.861411 15.861411 0.176430 0.176430 0.176430
4740 15.861411 15.861411 15.861411 0.176430 0.176430 0.176430
4750 15.861411 15.861411 15.861411 0.176430 0.176430 0.176430
4760 15.861411 15.861411 15.861411 0.176430 0.176430 0.176430
4770 15.861411 15.861411 15.861411 0.176430 0.176430 0.176430
4780 15.861411 15.861411 15.861411 0.176430 0.176430 0.176430
4790 15.861411 15.861411 15.861411 0.176430 0.176430 0.176430
4800 15.861411 15.861411 15.861411 0.176430 0.176430 0.176430
4810 15.861411 15.861411 15.861411 0.176430 0.176430 0.176430
4820 15.861411 15.861411 15.861411 0.176430 0.176430 0.176430
4830 15.861411 15.861411 15.861411 0.176430 0.176430 0.176430
4840 15.861411 15.861411 15.861411 0.176430 0.176430 0.176430
4850 15.861411 15.861411 15.861411 0.176430 0.176430 0.176430
4860 15.861411 15.861411 15.861411 0.176430 0.176430 0.176430
4870 15.861411 15.861411 15.861411 0.176430 0.176430 0.176430
4880 15.861411 15.861411 15.861411 0.176430 0.176430 0.176430
4890 15.861411 15.861411 15.861411 0.176430 0.176430 0.176430
4900 15.861411 15.861411 15.861411 0.176430 0.176430 0.176430
4910 15.861411 15.861411 15.861411 0.176430 0.176430 0.176430
4920 15.861411 15.861411 15.861411 0.176430 0.176430 0.176430
4930 15.861411 15.861411 15.861411 0.176430 0.176430 0.176430
4940 15.861411 15.861411 15.861411 0.176430 0.176430 0.176430
4950 15.861411 15.861411 15.861411 0.176430 0.176430 0.176430
4960 15.861411 15.861411 15.861411 0.176430 0.176430 0.176430
4970 15.861411 15.861411 15.861411 0.176430 0.176430 0.176430
4980 15.861411 15.861411 15.861411 0.176430 0.176430 0.176430
4990 15.861411 15.861411 15.861411 0.176430 0.176430 0.176430
5000 15.861411 15.861411 15.861411 0.176430 0.176430 0.176430
5010 15.861411 15.861411 15.861411 0.176430 0.176430 0.176430
5020 15.861411 15.861411 15.861411 0.176430 0.176430 0.176430
5030 15.861411 15.861411 15.861411 0.176430 0.176430 0.176430
5040 15.861411 15.861411 15.861411 0.176430 0.176430 0.176430
5050 15.861411 15.861411 15.861411 0.176430 0.176430 0.176430
5060 15.861411 15.861411 15.861411 0.176430 0.176430 0.176430
5070 15.861411 15.861411 15.861411 0.176430 0.176430 0.176430
5080 15.861411 15.861411 15.861411 0.176430 0.176430 0.176430
5090 15.861411 15.861411 15.861411 0.176430 0.176430 0.176430
5100 15.861411 15.861411 15.861411 0.176430 0.176430 0.176430
5110 15.861411 15.861411 15.861411 0.176430 0.176430 0.176430
5120 15.861411 15.861411 15.861411 0.176430 0.176430 0.176430
5130 15.861411 15.861411 15.861411 0.176430 0.176430 0.176430
5140 15.861411 15.861411 15.861411 0.176430 0.176430 0.176430
5150 15.861411 15.861411 15.861411 0.176430 0.176430 0.176430
5160 15.861411 15.861411 15.861411 0.176430 0.176430 0.176430
5170 15.861411 15.861411 15.861411 0.176430 0.176430 0.176430
5180 15.861411 15.861411 15.861411 0.176430 0.176430 0.176430
5190 15.861411 15.861411 15.861411 0.176430 0.176430 0.176430
5200 15.861411 15.861411 15.861411 0.176430 0.176430 0.176430
5210 15.861411 15.861411 15.861411 0.176430 0.176430 0.176430
5220 15.861411 15.861411 15.861411 0.176430 0.176430 0.176430
5230 15.861411 15.861411 15.861411 0.176430 0.176430 0.176430
5240 15.861411 15.861411 15.861411 0.176430 0.176430 0.176430
5250 15.861411 15.861411 15.861411 0.176430 0.176430 0.176430
5260 15.861411 15.861411 15.861411 0.176430 0.176430 0.176430
5270 15.861411 15.861411 15.861411 0.176430 0.176430 0.176430
5280 15.861411 15.861411 15.861411 0.176430 0.176430 0.176430
5290 15.861411 15.861411 15.861411 0.176430 0.176430 0.176430
5300 15.861411 15.861411 15.861411 0.176430 0.176430 0.176430
5310 15.861411 15.861411 15.861411 0.176430 0.176430 0.176430
5320 15.861411 15.861411 15.861411 0.176430 0.176430 0.176430
5330 15.861411 15.861411 15.861411 0.176430 0.176430 0.176430
5340 15.861411 15.861411 15.861411 0.176430 0.176430 0.176430
5350 15.861411 15.861411 15.861411 0.176430 0.176430 0.176430
5360 15.861411 15.861411 15.861411 0.176430 0.176430 0.176430
5370 15.861411 15.861411 15.861411 0.176430 0.176430 0.176430
5380 15.861411 15.861411 15.861411 0.176430 0.176430 0.176430
5390 15.861411 15.861411 15.861411 0.176430 0.176430 0.176430
5400 15.861411 15.861411 15.861411 0.176430 0.176430 0.176430
5410 15.861411 15.861411 15.861411 0.176430 0.176430 0.176430
5420 15.861411 15.861411 15.861411 0.176430 0.176430 0.176430
5430 15.861411 15.861411 15.861411 0.176430 0.176430 0.176430
5440 15.861411 15.861411 15.861411 0.176430 0.176430 0.176430
5450 15.861411 15.861411 15.861411 0.176430 0.176430 0.176430
5460 15.861411 15.861411 15.861411 0.176430 0.176430 0.176430
5470 15.861411 15.861411 15.861411 0.176430 0.176430 0.176430
5480 15.861411 15.861411 15.861411 0.176430 0.176430 0.176430
5490 15.861411 15.861411 15.861411 0.176430 0.176430 0.176430
5500 15.861411 15.861411 15.861411 0.176430 0.176430 0.176430
5510 15.861411 15.861411 15.861411 0.176430 0.176430 0.176430
5520 15.861411 15.861411 15.861411 0.176430 0.176430 0.176430
5530 15.861411 15.861411 15.861411 0.176430 0.176430 0.176430
5540 15.861411 15.861411 15.861411 0.176430 0.176430 0.176430
5550 15.861411 15.861411 15.861411 0.176430 0.176430 0.176430
5560 15.861411 15.861411 15.861411 0.176430 0.176430 0.176430
5570 15.861411 15.861411 15.861411 0.176430 0.176430 0.176430
5580 15.861411 15.861411 15.861411 0.176430 0.176430 0.176430
5590 15.861411 15.861411 15.861411 0.176430 0.176430 0.176430
5600 15.861411 15.861411 15.861411 0.176430 0.176430 0.176430
5610 15.861411 15.861411 15.861411 0.176430 0.176430 0.176430
5620 15.861411 15.861411 15.861411 0.176430 0.176430 0.176430
5630 15.861411 15.861411 15.861411 0.176430 0.176430 0.176430
5640 15.861411 15.861411 15.861411 0.176430 0.176430 0.176430
5650 15.861411 15.861411 15.861411 0.176430 0.176430 0.176430
5660 15.861411 15.861411 15.861411 0.176430 0.176430 0.176430
5670 15.861411 15.861411 15.861411 0.176430 0.176430 0.176430
5680 15.861411 15.861411 15.861411 0.176430 0.176430 0.176430
5690 15.861411 15.861411 15.861411 0.176430 0.176430 0.176430
5700 15.861411 15.861411 15.861411 0.176430 0.176430 0.176430
5710 15.861411 15.861411 15.861411 0.176430 0.176430 0.176430
5720 15.861411 15.861411 15.861411 0.176430 0.176430 0.176430
5730 15.861411 15.861411 15.861411 0.176430 0.176430 0.176430
5740 15.861411 15.861411 15.861411 0.176430 0.176430 0.176430
5750 15.861411 15.861411 15.861411 0.176430 0.176430 0.176430
5760 15.861411 15.861411 15.861411 0.176430 0.176430 0.176430
5770 15.861411 15.861411 15.861411 0.176430 0.176430 0.176430
5780 15.861411 15.861411 15.861411 0.176430 0.176430 0.176430
5790 15.861411 15.861411 15.861411 0.176430 0.176430 0.176430
5800 15.861411 15.861411 15.861411 0.176430 0.176430 0.176430
5810 15.861411 15.861411 15.861411 0.176430 0.176430 0.176430
5820 15.861411 15.861411 15.861411 0.176430 0.176430 0.176430
5830 15.861411 15.861411 15.861411 0.176430 0.176430 0.176430
5840 15.861411 15.861411 15.861411 0.176430 0.176430 0.176430
5850 15.861411 15.861411 15.861411 0.176430 0.176430 0.176430
5860 15.861411 15.861411 15.861411 0.176430 0.176430 0.176430
5870 15.861411 15.861411 15.861411 0.176430 0.176430 0.176430
5880 15.861411 15.861411 15.861411 0.176430 0.176430 0.176430
5890 15.861411 15.861411 15.861411 0.176430 0.176430 0.176430
5900 15.861411 15.861411 15.861411 0.176430 0.176430 0.176430
5910 15.861411 15.861411 15.861411 0.176430 0.176430 0.176430
5920 15.861411 15.861411 15.861411 0.176430 0.176430 0.176430
5930 15.861411 15.861411 15.861411 0.176430 0.176430 0.176430
5940 15.861411 15.861411 15.861411 0.176430 0.176430 0.176430
5950 15.861411 15.861411 15.861411 0.176430 0.176430 0.176430
5960 15.861411 15.861411 15.861411 0.176430 0.176430 0.176430
5970 15.861411 15.861411 15.861411 0.176430 0.176430 0.176430
5980 15.861411 15.861411 15.861411 0.176430 0.176430 0.176430
5990 15.861411 15.861411 15.861411 0.176430 0.176430 0.176430
6000 15.861411 15.861411 15.861411 0.176430 0.176430 0.176430
6010 15.861411 15.861411 15.861411 0.176430 0.176430 0.176430
6020 15.861411 15.861411 15.861411 0.176430 0.176430 0.176430
6030 15.861411 15.861411 15.861411 0.176430 0.176430 0.176430
6040 15.861411 15.861411 15.861411 0.176430 0.176430 0.176430
6050 15.861411 15.861411 15.861411 0.176430 0.176430 0.176430
6060 15.861411 15.861411 15.861411 0.176430 0.176430 0.176430
6070 15.861411 15.861411 15.861411 0.176430 0.176430 0.176430
6080 15.861411 15.861411 15.861411 0.176430 0.176430 0.176430
6090 15.861411 15.861411 15.861411 0.176430 0.176430 0.176430
6100 15.861411 15.861411 15.861411 0.176430 0.176430 0.176430
6110 15.861411 15.861411 15.861411 0.176430 0.176430 0.176430
6120 15.861411 15.861411 15.861411 0.176430 0.176430 0.176430
6130 15.861411 15.861411 15.861411 0.176430 0.176430 0.176430
6140 15.861411 15.861411 15.861411 0.176430 0.176430 0.176430
6150 15.861411 15.861411 15.861411 0.176430 0.176430 0.176430
6160 15.861411 15.861411 15.861411 0.176430 0.176430 0.176430
6170 15.861411 15.861411 15.861411 0.176430 0.176430 0.176430
6180 15.861411 15.861411 15.861411 0.176430 0.176430 0.176430
6190 15.861411 15.861411 15.861411 0.176430 0.176430 0.176430
6200 15.861411 15.861411 15.861411 0.176430 0.176430 0.176430
6210 15.861411 15.861411 15.861411 0.176430 0.176430 0.176430
6220 15.861411 15.861411 15.861411 0.176430 0.176430 0.176430
6230 15.861411 15.861411 15.861411 0.176430 0.176430 0.176430
6240 15.861411 15.861411 15.861411 0.176430 0.176430 0.176430
6250 15.861411 15.861411 15.861411 0.176430 0.176430 0.176430
6260 15.861411 15.861411 15.861411 0.176430 0.176430 0.176430
6270 15.861411 15.861411 15.861411 0.176430 0.176430 0.176430
6280 15.861411 15.861411 15.861411 0.176430 0.176430 0.176430
6290 15.861411 15.861411 15.861411 0.176430 0.176430 0.176430
6300 15.861411 15.861411 15.861411 0.176430 0.176430 0.176430
6310 15.861411 15.861411 15.861411 0.176430 0.176430 0.176430
6320 15.861411 15.861411 15.861411 0.176430 0.176430 0.176430
6330 15.861411 15.861411 15.861411 0.176430 0.176430 0.176430
6340 15.861411 15.861411 15.861411 0.176430 0.176430 0.176430
6350 15.861411 15.861411 15.861411 0.176430 0.176430 0.176430
6360 15.861411 15.861411 15.861411 0.176430 0.176430 0.176430
6370 15.861411 15.861411 15.861411 0.176430 0.176430 0.176430
6380 15.861411 15.861411 15.861411 0.176430 0.176430 0.176430
6390 15.861411 15.861411 15.861411 0.176430 0.176430 0.176430
6400 15.861411 15.861411 15.861411 0.176430 0.176430 0.176430
6410 15.861411 15.861411 15.861411 0.176430 0.176430 0.176430
6420 15.861411 15.861411 15.861411 0.176430 0.176430 0.176430
6430 15.861411 15.861411 15.861411 0.176430 0.176430 0.176430
6440 15.861411 15.861411 15.861411 0.176430 0.176430 0.176430
6450 15.861411 15.861411 15.861411 0.176430 0.176430 0.176430
6460 15.861411 15.861411 15.861411 0.176430 0.176430 0.176430
6470 15.861411 15.861411 15.861411 0.176430 0.176430 0.176430
6480 15.861411 15.861411 15.861411 0.176430 0.176430 0.176430
6490 15.861411 15.861411 15.861411 0.176430 0.176430 0.176430
6500 15.861411 15.861411 15.861411 0.176430 0.176430 0.176430
6510 15.861411 15.861411 15.861411 0.176430 0.176430 0.176430
6520 15.861411 15.861411 15.861411 0.176430 0.176430 0.176430
6530 15.861411 15.861411 15.861411 0.176430 0.176430 0.176430
6540 15.861411 15.861411 15.861411 0.176430 0.176430 0.176430
6550 15.861411 15.861411 15.861411 0.176430 0.176430 0.176430
6560 15.861411 15.861411 15.861411 0.176430 0.176430 0.176430
6570 15.861411 15.861411 15.861411 0.176430 0.176430 0.176430
6580 15.861411 15.861411 15.861411 0.176430 0.176430 0.176430
6590 15.861411 15.861411 15.861411 0.176430 0.176430 0.176430
6600 15.861411 15.861411 15.861411 0.176430 0.176430 0.176430
6610 15.861411 15.861411 15.861411 0.176430 0.176430 0.176430
6620 15.861411 15.861411 15.861411 0.176430 0.176430 0.176430
6630 15.861411 15.861411 15.861411 0.176430 0.176430 0.176430
6640 15.861411 15.861411 15.861411 0.176430 0.176430 0.176430
6650 15.861411 15.861411 15.861411 0.176430 0.176430 0.176430
6660 15.861411 15.861411 15.861411 0.176430 0.176430 0.176430
6670 15.861411 15.861411 15.861411 0.176430 0.176430 0.176430
6680 15.861411 15.861411 15.861411 0.176430 0.176430 0.176430
6690 15.861411 15.861411 15.861411 0.176430 0.176430 0.176430
6700 15.861411 15.861411 15.861411 0.176430 0.176430 0.176430
6710 15.861411 15.861411 15.861411 0.176430 0.176430 0.176430
6720 15.861411 15.861411 15.861411 0.176430 0.176430 0.176430
6730 15.861411 15.861411 15.861411 0.176430 0.176430 0.176430
6740 15.861411 15.861411 15.861411 0.176430 0.176430 0.176430
6750 15.861411 15.861411 15.861411 0.176430 0.176430 0.176430
6760 15.861411 15.861411 15.861411 0.176430 0.176430 0.176430
6770 15.861411 15.861411 15.861411 0.176430 0.176430 0.176430
6780 15.861411 15.861411 15.861411 0.176430 0.176430 0.176430
6790 15.861411 15.861411 15.861411 0.176430 0.176430 0.176430
6800 15.861411 15.861411 15.861411 0.176430 0.176430 0.176430
6810 15.861411 15.861411 15.861411 0.176430 0.176430 0.176430
6820 15.861411 15.861411 15.861411 0.176430 0.176430 0.176430
6830 15.861411 15.861411 15.861411 0.176430 0.176430 0.176430
6840 15.861411 15.861411 15.861411 0.176430 0.176430 0.176430
6850 15.861411 15.861411 15.861411 0.176430 0.176430 0.176430
6860 15.861411 15.861411 15.861411 0.176430 0.176430 0.176430
6870 15.861411 15.861411 15.861411 0.176430 0.176430 0.176430
6880 15.861411 15.861411 15.861411 0.176430 0.176430 0.176430
6890 15.861411 15.861411 15.861411 0.176430 0.176430 0.176430
6900 15.861411 15.861411 15.861411 0.176430 0.176430 0.176430
6910 15.861411 15.861411 15.861411 0.176430 0.176430 0.176430
6920 15.861411 15.861411 15.861411 0.176430 0.176430 0.176430
6930 15.861411 15.861411 15.861411 0.176430 0.176430 0.176430
6940 15.861411 15.861411 15.861411 0.176430 0.176430 0.176430
6950 15.861411 15.861411 15.861411 0.176430 0.176430 0.176430
6960 15.861411 15.861411 15.861411 0.176430 0.176430 0.176430
6970 15.861411 15.861411 15.861411 0.176430 0.176430 0.176430
6980 15.861411 15.861411 15.861411 0.176430 0.176430 0.176430
6990 15.861411 15.861411 15.861411 0.176430 0.176430 0.176430
7000 15.861411 15.861411 15.861411 0.176430 0.176430 0.176430
7010 15.861411 15.861411 15.861411 0.176430 0.176430 0.176430
7020 15.861411 15.861411 15.861411 0.176430 0.176430 0.176430
7030 15.861411 15.861411 15.861411 0.176430 0.176430 0.176430
7040 15.861411 15.861411 15.861411 0.176430 0.176430 0.176430
7050 15.861411 15.861411 15.861411 0.176430 0.176430 0.176430
7060 15.861411 15.861411 15.861411 0.176430 0.176430 0.176430
7070 15.861411 15.861411 15.861411 0.176430 0.176430 0.176430
7080 15.861411 15.861411 15.861411 0.176430 0.176430 0.176430
7090 15.861411 15.861411 15.861411 0.176430 0.176430 0.176430
7100 15.861411 15.861411 15.861411 0.176430 0.176430 0.176430
7110 15.861411 15.861411 15.861411 0.176430 0.176430 0.176430
7120 15.861411 15.861411 15.861411 0.176430 0.176430 0.176430
7130 15.861411 15.861411 15.861411 0.176430 0.176430 0.176430
7140 15.861411 15.861411 15.861411 0.176430 0.176430 0.176430
7150 15.861411 15.861411 15.861411 0.176430 0.176430 0.176430
7160 15.861411 15.861411 15.861411 0.176430 0.176430 0.176430
7170 15.861411 15.861411 15.861411 0.176430 0.176430 0.176430
7180 15.861411 15.861411 15.861411 0.176430 0.176430 0.176430
7190 15.861411 15.861411 15.861411 0.176430 0.176430 0.176430
7200 15.861411 15.861411 15.861411 0.176430 0.176430 0.176430
7210 15.861411 15.861411 15.861411 0.176430 0.176430 0.176430
7220 15.861411 15.861411 15.861411 0.176430 0.176430 0.176430
7230 15.861411 15.861411 15.861411 0.176430 0.176430 0.176430
7240 15.861411 15.861411 15.861411 0.176430 0.176430 0.176430
7250 15.861411 15.861411 15.861411 0.176430 0.176430 0.176430
7260 15.861411 15.861411 15.861411 0.176430 0.176430 0.176430
7270 15.861411 15.861411 15.861411 0.176430 0.176430 0.176430
7280 15.861411 15.861411 15.861411 0.176430 0.176430 0.176430
7290 15.861411 15.861411 15.861411 0.176430 0.176430 0.176430
7300 15.861411 15.861411 15.861411 0.176430 0.176430 0.176430
7310 15.861411 15.861411 15.861411 0.176430 0.176430 0.176430
7320 15.861411 15.861411 15.861411 0.176430 0.176430 0.176430
7330 15.861411 15.861411 15.861411 0.176430 0.176430 0.176430
7340 15.861411 15.861411 15.861411 0.176430 0.176430 0.176430
7350 15.861411 15.861411 15.861411 0.176430 0.176430 0.176430
7360 15.861411 15.861411 15.861411 0.176430 0.176430 0.176430
7370 15.861411 15.861411 15.861411 0.176430 0.176430 0.176430
7380 15.861411 15.861411 15.861411 0.176430 0.176430 0.176430
7390 15.861411 15.861411 15.861411 0.176430 0.176430 0.176430
7400 15.861411 15.861411 15.861411 0.176430 0.176430 0.176430
7410 15.861411 15.861411 15.861411 0.176430 0.176430 0.176430
7420 15.861411 15.861411 15.861411 0.176430 0.176430 0.176430
7430 15.861411 15.861411 15.861411 0.176430 0.176430 0.176430
7440 15.861411 15.861411 15.861411 0.176430 0.176430 0.176430
7450 15.861411 15.861411 15.861411 0.176430 0.176430 0.176430
7460 15.861411 15.861411 15.861411 0.176430 0.176430 0.176430
7470 15.861411 15.861411 15.861411 0.176430 0.176430 0.176430
7480 15.861411 15.861411 15.861411 0.176430 0.176430 0.176430
7490 15.861411 15.861411 15.861411 0.176430 0.176430 0.176430
7500 15.861411 15.861411 15.861411 0.176430 0.176430 0.176430
7510 15.861411 15.861411 15.861411 0.176430 0.176430 0.176430
7520 15.861411 15.861411 15.861411 0.176430 0.176430 0.176430
7530 15.861411 15.861411 15.861411 0.176430 0.176430 0.176430
7540 15.861411 15.861411 15.861411 0.176430 0.176430 0.176430
7550 15.861411 15.861411 15.861411 0.176430 0.176430 0.176430
7560 15.861411 15.861411 15.861411 0.176430 0.176430 0.176430
7570 15.861411 15.861411 15.861411 0.176430 0.176430 0.176430
7580 15.861411 15.861411 15.861411 0.176430 0.176430 0.176430
7590 15.861411 15.861411 15.861411 0.176430 0.176430 0.176430
7600 15.861411 15.861411 15.861411 0.176430 0.176430 0.176430
7610 15.861411 15.861411 15.861411 0.176430 0.176430 0.176430
7620 15.861411 15.861411 15.861411 0.176430 0.176430 0.176430
7630 15.861411 15.861411 15.861411 0.176430 0.176430 0.176430
7640 15.861411 15.861411 15.861411 0.176430 0.176430 0.176430
7650 15.861411 15.861411 15.861411 0.176430 0.176430 0.176430
7660 15.861411 15.861411 15.861411 0.176430 0.176430 0.176430
7670 15.861411 15.861411 15.861411 0.176430 0.176430 0.176430
7680 15.861411 15.861411 15.861411 0.176430 0.176430 0.176430
7690 15.861411 15.861411 15.861411 0.176430 0.176430 0.176430
7700 15.861411 15.861411 15.861411 0.176430 0.176430 0.176430
7710 15.861411 15.861411 15.861411 0.176430 0.176430 0.176430
7720 15.861411 15.861411 15.861411 0.176430 0.176430 0.176430
7730 15.861411 15.861411 15.861411 0.176430 0.176430 0.176430
7740 15.861411 15.861411 15.861411 0.176430 0.176430 0.176430
7750 15.861411 15.861411 15.861411 0.176430 0.176430 0.176430
7760 15.861411 15.861411 15.861411 0.176430 0.176430 0.176430
7770 15.861411 15.861411 15.861411 0.176430 0.176430 0.176430
7780 15.861411 15.861411 15.861411 0.176430 0.176430 0.176430
7790 15.861411 15.861411 15.861411 0.176430 0.176430 0.176430
7800 15.861411 15.861411 15.861411 0.176430 0.176430 0.176430
7810 15.861411 15.861411 15.861411 0.176430 0.176430 0.176430
7820 15.861411 15.861411 15.861411 0.176430 0.176430 0.176430
7830 15.861411 15.861411 15.861411 0.176430 0.176430 0.176430
7840 15.861411 15.861411 15.861411 0.176430 0.176430 0.176430
7850 15.861411 15.861411 15.861411 0.176430 0.176430 0.176430
7860 15.861411 15.861411 15.861411 0.176430 0.176430 0.176430
7870 15.861411 15.861411 15.861411 0.176430 0.176430 0.176430
7880 15.861411 15.861411 15.861411 0.176430 0.176430 0.176430
7890 15.861411 15.861411 15.861411 0.176430 0.176430 0.176430
7900 15.861411 15.861411 15.861411 0.176430 0.176430 0.176430
7910 15.861411 15.861411 15.861411 0.176430 0.176430 0.176430
7920 15.861411 15.861411 15.861411 0.176430 0.176430 0.176430
7930 15.861411 15.861411 15.861411 0.176430 0.176430 0.176430
7940 15.861411 15.861411 15.861411 0.176430 0.176430 0.176430
7950 15.861411 15.861411 15.861411 0.176430 0.176430 0.176430
7960 15.861411 15.861411 15.861411 0.176430 0.176430 0.176430
7970 15.861411 15.861411 15.861411 0.176430 0.176430 0.176430
7980 15.861411 15.861411 15.861411 0.176430 0.176430 0.176430
7990 15.861411 15.861411 15.861411 0.176430 0.176430 0.176430
8000 15.861411 15.861411 15.861411 0.176430 0.176430 0.176430
8010 15.861411 15.861411 15.861411 0.176430 0.176430 0.176430
8020 15.861411 15.861411 15.861411 0.176430 0.176430 0.176430
8030 15.861411 15.861411 15.861411 0.176430 0.176430 0.176430
8040 15.861411 15.861411 15.861411 0.176430 0.176430 0.176430
8050 15.861411 15.861411 15.861411 0.176430 0.176430 0.176430
8060 15.861411 15.861411 15.861411 0.176430 0.176430 0.176430
8070 15.861411 15.861411 15.861411 0.176430 0.176430 0.176430
8080 15.861411 15.861411 15.861411 0.176430 0.176430 0.176430
8090 15.861411 15.861411 15.861411 0.176430 0.176430 0.176430
8100 15.861411 15.861411 15.861411 0.176430 0.176430 0.176430
8110 15.861411 15.861411 15.861411 0.176430 0.176430 0.176430
8120 15.861411 15.861411 15.861411 0.176430 0.176430 0.176430
8130 15.861411 15.861411 15.861411 0.176430 0.176430 0.176430
8140 15.861411 15.861411 15.861411 0.176430 0.176430 0.176430
8150 15.861411 15.861411 15.861411 0.176430 0.176430 0.176430
8160 15.861411 15.861411 15.861411 0.176430 0.176430 0.176430
8170 15.861411 15.861411 15.861411 0.176430 0.176430 0.176430
8180 15.861411 15.861411 15.861411 0.176430 0.176430 0.176430
8190 15.861411 15.861411 15.861411 0.176430 0.176430 0.176430
8200 15.861411 15.861411 15.861411 0.176430 0.176430 0.176430
8210 15.861411 15.861411 15.861411 0.176430 0.176430 0.176430
8220 15.861411 15.861411 15.861411 0.176430 0.176430 0.176430
8230 15.861411 15.861411 15.861411 0.176430 0.176430 0.176430
8240 15.861411 15.861411 15.861411 0.176430 0.176430 0.176430
8250 15.861411 15.861411 15.861411 0.176430 0.176430 0.176430
8260 15.861411 15.861411 15.861411 0.176430 0.176430 0.176430
8270 15.861411 15.861411 15.861411 0.176430 0.176430 0.176430
8280 15.861411 15.861411 15.861411 0.176430 0.176430 0.176430
8290 15.861411 15.861411 15.861411 0.176430 0.176430 0.176430
8300 15.861411 15.861411 15.861411 0.176430 0.176430 0.176430
8310 15.861411 15.861411 15.861411 0.176430 0.176430 0.176430
8320 15.861411 15.861411 15.861411 0.176430 0.176430 0.176430
8330 15.861411 15.861411 15.861411 0.176430 0.176430 0.176430
8340 15.861411 15.861411 15.861411 0.176430 0.176430 0.176430
8350 15.861411 15.861411 15.861411 0.176430 0.176430 0.176430
8360 15.861411 15.861411 15.861411 0.176430 0.176430 0.176430
8370 15.861411 15.861411 15.861411 0.176430 0.176430 0.176430
8380 15.861411 15.861411 15.861411 0.176430 0.176430 0.176430
8390 15.861411 15.861411 15.861411 0.176430 0.176430 0.176430
8400 15.861411 15.861411 15.861411 0.176430 0.176430 0.176430
8410 15.861411 15.861411 15.861411 0.176430 0.176430 0.176430
8420 15.861411 15.861411 15.861411 0.176430 0.176430 0.176430
8430 15.861411 15.861411 15.861411 0.176430 0.176430 0.176430
8440 15.861411 15.861411 15.861411 0.176430 0.176430 0.176430
8450 15.861411 15.861411 15.861411 0.176430 0.176430 0.176430
8460 15.861411 15.861411 15.861411 0.176430 0.176430 0.176430
8470 15.861411 15.861411 15.861411 0.176430 0.176430 0.176430
8480 15.861411 15.861411 15.861411 0.176430 0.176430 0.176430
8490 15.861411 15.861411 15.861411 0.176430 0.176430 0.176430
8500 15.861411 15.861411 15.861411 0.176430 0.176430 0.176430
8510 15.861411 15.861411 15.861411 0.176430 0.176430 0.176430
8520 15.861411 15.861411 15.861411 0.176430 0.176430 0.176430
8530 15.861411 15.861411 15.861411 0.176430 0.176430 0.176430
8540 15.861411 15.861411 15.861411 0.176430 0.176430 0.176430
8550 15.861411 15.861411 15.861411 0.176430 0.176430 0.176430
8560 15.861411 15.861411 15.861411 0.176430 0.176430 0.176430
8570 15.861411 15.861411 15.861411 0.176430 0.176430 0.176430
8580 15.861411 15.861411 15.861411 0.176430 0.176430 0.176430
8590 15.861411 15.861411 15.861411 0.176430 0.176430 0.176430
8600 15.861411 15.861411 15.861411 0.176430 0.176430 0.176430
8610 15.861411 15.861411 15.861411 0.176430 0.176430 0.176430
8620 15.861411 15.861411 15.861411 0.176430 0.176430 0.176430
8630 15.861411 15.861411 15.861411 0.176430 0.176430 0.176430
8640 15.861411 15.861411 15.861411 0.176430 0.176430 0.176430
8650 15.861411 15.861411 15.861411 0.176430 0.176430 0.176430
8660 15.861411 15.861411 15.861411 0.176430 0.176430 0.176430
8670 15.861411 15.861411 15.861411 0.176430 0.176430 0.176430
8680 15.861411 15.861411 15.861411 0.176430 0.176430 0.176430
8690 15.861411 15.861411 15.861411 0.176430 0.176430 0.176430
8700 15.861411 15.861411 15.861411 0.176430 0.176430 0.176430
8710 15.861411 15.861411 15.861411 0.176430 0.176430 0.176430
8720 15.861411 15.861411 15.861411 0.176430 0.176430 0.176430
8730 15.861411 15.861411 15.861411 0.176430 0.176430 0.176430
8740 15.861411 15.861411 15.861411 0.176430 0.176430 0.176430
8750 15.861411 15.861411 15.861411 0.176430 0.176430 0.176430
8760 15.861411 15.861411 15.861411 0.176430 0.176430 0.176430
8770 15.861411 15.861411 15.861411 0.176430 0.176430 0.176430
8780 15.861411 15.861411 15.861411 0.176430 0.176430 0.176430
8790 15.861411 15.861411 15.861411 0.176430 0.176430 0.176430
8800 15.861411 15.861411 15.861411 0.176430 0.176430 0.176430
8810 15.861411 15.861411 15.861411 0.176430 0.176430 0.176430
8820 15.861411 15.861411 15.861411 0.176430 0.176430 0.176430
8830 15.861411 15.861411 15.861411 0.176430 0.176430 0.176430
8840 15.861411 15.861411 15.861411 0.176430 0.176430 0.176430
8850 15.861411 15.861411 15.861411 0.176430 0.176430 0.176430
8860 15.861411 15.861411 15.861411 0.176430 0.176430 0.176430
8870 15.861411 15.861411 15.861411 0.176430 0.176430 0.176430
8880 15.861411 15.861411 15.861411 0.176430 0.176430 0.176430
8890 15.861411 15.861411 15.861411 0.176430 0.176430 0.176430
8900 15.861411 15.861411 15.861411 0.176430 0.176430 0.176430
8910 15.861411 15.861411 15.861411 0.176430 0.176430 0.176430
8920 15.861411 15.861411 15.861411 0.176430 0.176430 0.176430
8930 15.861411 15.861411 15.861411 0.176430 0.176430 0.176430
8940 15.861411 15.861411 15.861411 0.176430 0.176430 0.176430
8950 15.861411 15.861411 15.861411 0.176430 0.176430 0.176430
8960 15.861411 15.861411 15.861411 0.176430 0.176430 0.176430
8970 15.861411 15.861411 15.861411 0.176430 0.176430 0.176430
8980 15.861411 15.861411 15.861411 0.176430 0.176430 0.176430
8990 15.861411 15.861411 15.861411 0.176430 0.176430 0.176430
9000 15.861411 15.861411 15.861411 0.176430 0.176430 0.176430
9010 15.861411 15.861411 15.861411 0.176430 0.176430 0.176430
9020 15.861411 15.861411 15.861411 0.176430 0.176430 0.176430
9030 15.861411 15.861411 15.861411 0.176430 0.176430 0.176430
9040 15.861411 15.861411 15.861411 0.176430 0.176430 0.176430
9050 15.861411 15.861411 15.861411 0.176430 0.176430 0.176430
9060 15.861411 15.861411 15.861411 0.176430 0.176430 0.176430
9070 15.861411 15.861411 15.861411 0.176430 0.176430 0.176430
9080 15.861411 15.861411 15.861411 0.176430 0.176430 0.176430
9090 15.861411 15.861411 15.861411 0.176430 0.176430 0.176430
9100 15.861411 15.861411 15.861411 0.176430 0.176430 0.176430
9110 15.861411 15.861411 15.861411 0.176430 0.176430 0.176430
9120 15.861411 15.861411 15.861411 0.176430 0.176430 0.176430
9130 15.861411 15.861411 15.861411 0.176430 0.176430 0.176430
9140 15.861411 15.861411 15.861411 0.176430 0.176430 0.176430
9150 15.861411 15.861411 15.861411 0.176430 0.176430 0.176430
9160 15.861411 15.861411 15.861411 0.176430 0.176430 0.176430
9170 15.861411 15.861411 15.861411 0.176430 0.176430 0.176430
9180 15.861411 15.861411 15.861411 0.176430 0.176430 0.176430
9190 15.861411 15.861411 15.861411 0.176430 0.176430 0.176430
9200 15.861411 15.861411 15.861411 0.176430 0.176430 0.176430
9210 15.861411 15.861411 15.861411 0.176430 0.176430 0.176430
9220 15.861411 15.861411 15.861411 0.176430 0.176430 0.176430
9230 15.861411 15.861411 15.861411 0.176430 0.176430 0.176430
9240 15.861411 15.861411 15.861411 0.176430 0.176430 0.176430
9250 15.861411 15.861411 15.861411 0.176430 0.176430 0.176430
9260 15.861411 15.861411 15.861411 0.176430 0.176430 0.176430
9270 15.861411 15.861411 15.861411 0.176430 0.176430 0.176430
9280 15.861411 15.861411 15.861411 0.176430 0.176430 0.176430
9290 15.861411 15.861411 15.861411 0.176430 0.176430 0.176430
9300 15.861411 15.861411 15.861411 0.176430 0.176430 0.176430
9310 15.861411 15.861411 15.861411 0.176430 0.176430 0.176430
9320 15.861411 15.861411 15.861411 0.176430 0.176430 0.176430
9330 15.861411 15.861411 15.861411 0.176430 0.176430 0.176430
9340 15.861411 15.861411 15.861411 0.176430 0.176430 0.176430
9350 15.861411 15.861411 15.861411 0.176430 0.176430 0.176430
9360 15.861411 15.861411 15.861411 0.176430 0.176430 0.176430
9370 15.861411 15.861411 15.861411 0.176430 0.176430 0.176430
9380 15.861411 15.861411 15.861411 0.176430 0.176430 0.176430
9390 15.861411 15.861411 15.861411 0.176430 0.176430 0.176430
9400 15.861411 15.861411 15.861411 0.176430 0.176430 0.176430
9410 15.861411 15.861411 15.861411 0.176430 0.176430 0.176430
9420 15.861411 15.861411 15.861411 0.176430 0.176430 0.176430
9430 15.861411 15.861411 15.861411 0.176430 0.176430 0.176430
9440 15.861411 15.861411 15.861411 0.176430 0.176430 0.176430
9450 15.861411 15.861411 15.861411 0.176430 0.176430 0.176430
9460 15.861411 15.861411 15.861411 0.176430 0.176430 0.176430
9470 15.861411 15.861411 15.861411 0.176430 0.176430 0.176430
9480 15.861411 15.861411 15.861411 0.176430 0.176430 0.176430
9490 15.861411 15.861411 15.861411 0.176430 0.176430 0.176430
9500 15.861411 15.861411 15.861411 0.176430 0.176430 0.176430
9510 15.861411 15.861411 15.861411 0.176430 0.176430 0.176430
9520 15.861411 15.861411 15.861411 0.176430 0.176430 0.176430
9530 15.861411 15.861411 15.861411 0.176430 0.176430 0.176430
9540 15.861411 15.861411 15.861411 0.176430 0.176430 0.176430
9550 15.861411 15.861411 15.861411 0.176430 0.176430 0.176430
9560 15.861411 15.861411 15.861411 0.176430 0.176430 0.176430
9570 15.861411 15.861411 15.861411 0.176430 0.176430 0.176430
9580 15.861411 15.861411 15.861411 0.176430 0.176430 0.176430
9590 15.861411 15.861411 15.861411 0.176430 0.176430 0.176430
9600 15.861411 15.861411 15.861411 0.176430 0.176430 0.176430
9610 15.861411 15.861411 15.861411 0.176430 0.176430 0.176430
9620 15.861411 15.861411 15.861411 0.176430 0.176430 0.176430
9630 15.861411 15.861411 15.861411 0.176430 0.176430 0.176430
9640 15.861411 15.861411 15.861411 0.176430 0.176430 0.176430
9650 15.861411 15.861411 15.861411 0.176430 0.176430 0.176430
9660 15.861411 15.861411 15.861411 0.176430 0.176430 0.176430
9670 15.861411 15.861411 15.861411 0.176430 0.176430 0.176430
9680 15.861411 15.861411 15.861411 0.176430 0.176430 0.176430
9690 15.861411 15.861411 15.861411 0.176430 0.176430 0.176430
9700 15.861411 15.861411 15.861411 0.176430 0.176430 0.176430
9710 15.861411 15.861411 15.861411 0.176430 0.176430 0.176430
9720 15.861411 15.861411 15.861411 0.176430 0.176430 0.176430
9730 15.861411 15.861411 15.861411 0.176430 0.176430 0.176430
9740 15.861411 15.861411 15.861411 0.176430 0.176430 0.176430
9750 15.861411 15.861411 15.861411 0.176430 0.176430 0.176430
9760 15.861411 15.861411 15.861411 0.176430 0.176430 0.176430
9770 15.861411 15.861411 15.861411 0.176430 0.176430 0.176430
9780 15.861411 15.861411 15.861411 0.176430 0.176430 0.176430
9790 15.861411 15.861411 15.861411 0.176430 0.176430 0.176430
9800 15.861411 15.861411 15.861411 0.176430 0.176430 0.176430
9810 15.861411 15.861411 15.861411 0.176430 0.176430 0.176430
9820 15.861411 15.861411 15.861411 0.176430 0.176430 0.176430
9830 15.861411 15.861411 15.861411 0.176430 0.176430 0.176430
9840 15.861411 15.861411 15.861411 0.176430 0.176430 0.176430
9850 15.861411 15.861411 15.861411 0.176430 0.176430 0.176430
9860 15.861411 15.861411 15.861411 0.176430 0.176430 0.176430
9870 15.861411 15.861411 15.861411 0.176430 0.176430 0.176430
9880 15.861411 15.861411 15.861411 0.176430 0.176430 0.176430
9890 15.861411 15.861411 15.861411 0.176430 0.176430 0.176430
9900 15.861411 15.861411 15.861411 0.176430 0.176430 0.176430
9910 15.861411 15.861411 15.861411 0.176430 0.176430 0.176430
9920 15.861411 15.861411 15.861411 0.176430 0.176430 0.176430
9930 15.861411 15.861411 15.861411 0.176430 0.176430 0.176430
9940 15.861411 15.861411 15.861411 0.176430 0.176430 0.176430
9950 15.861411 15.861411 15.861411 0.176430 0.176430 0.176430
9960 15.861411 15.861411 15.861411 0.176430 0.176430 0.176430
9970 15.861411 15.861411 15.861411 0.176430 0.176430 0.176430
9980 15.861411 15.861411 15.861411 0.176430 0.176430 0.176430
9990 15.861411 15.861411 15.861411 0.176430 0.176430 0.176430
10000 15.980158 15.980158 15.980158 0.177419 0.177419 0.177419
