# generation power_min power_avg power_max util_min util_avg util_max
1 37.052203 37.786976 38.752846 0.658560 0.682670 0.699980
10 37.052203 37.695914 38.294234 0.668366 0.684439 0.699980
20 37.045184 37.606721 38.086044 0.672270 0.686482 0.699980
30 36.884407 37.518171 37.904989 0.673991 0.688290 0.705555
40 36.820080 37.441661 37.846970 0.674952 0.689813 0.705555
50 36.820080 37.371935 37.790054 0.678328 0.691472 0.705555
60 36.820080 37.295102 37.676634 0.681470 0.693155 0.706518
70 36.740989 37.221428 37.624039 0.681470 0.694546 0.706518
80 36.562184 37.134134 37.548221 0.681470 0.696635 0.710986
90 36.442267 37.050997 37.490930 0.683402 0.698593 0.712707
100 36.442267 36.975715 37.389762 0.683402 0.700149 0.712848
110 36.442267 36.911839 37.263219 0.687545 0.701729 0.714081
120 36.380359 36.852167 37.239769 0.688793 0.703386 0.718441
130 36.380359 36.794321 37.163421 0.688793 0.704669 0.718441
140 36.165604 36.738918 37.052203 0.696135 0.706143 0.719470
150 36.165604 36.690614 36.995361 0.697402 0.707445 0.719470
160 36.165604 36.639297 36.888130 0.698288 0.708902 0.719470
170 36.165604 36.605080 36.833802 0.698288 0.709833 0.719470
180 36.165604 36.563072 36.815881 0.700817 0.710913 0.719470
190 36.090410 36.511997 36.766170 0.701455 0.712225 0.724243
200 36.090410 36.467103 36.701160 0.703970 0.713506 0.724243
210 36.079216 36.426107 36.655473 0.703970 0.714354 0.724243
220 36.079216 36.384301 36.605454 0.709619 0.715429 0.724243
230 36.024832 36.342691 36.562184 0.709619 0.716290 0.724243
240 36.024832 36.309480 36.517180 0.710249 0.717141 0.724766
250 35.932182 36.272051 36.484627 0.710823 0.717966 0.724766
260 35.932182 36.239446 36.459335 0.712707 0.718700 0.724766
270 35.932182 36.198598 36.409885 0.713150 0.719573 0.724766
280 35.932182 36.164238 36.367179 0.713150 0.719976 0.725784
290 35.875076 36.127974 36.323584 0.714784 0.720761 0.727409
300 35.788688 36.089761 36.279502 0.717289 0.721555 0.728428
310 35.788688 36.059926 36.240212 0.718089 0.722114 0.728428
320 35.788688 36.029786 36.165604 0.718439 0.722705 0.728428
330 35.722352 35.999727 36.149783 0.718439 0.723354 0.730350
340 35.722352 35.968845 36.139294 0.719755 0.723866 0.730350
350 35.722352 35.940694 36.084981 0.720488 0.724470 0.730538
360 35.669630 35.914658 36.079216 0.720488 0.725086 0.731556
370 35.667875 35.889722 36.045267 0.720556 0.725666 0.732376
380 35.550521 35.860212 36.002943 0.721898 0.726303 0.732376
390 35.550521 35.833259 35.986567 0.721898 0.726976 0.732931
400 35.550521 35.807394 35.981483 0.721898 0.727689 0.732931
410 35.550521 35.781041 35.932182 0.723450 0.728182 0.732931
420 35.530245 35.757508 35.875076 0.724725 0.728595 0.732931
430 35.530245 35.734997 35.855586 0.724725 0.728862 0.733480
440 35.455361 35.708769 35.834047 0.724725 0.729338 0.734856
450 35.455361 35.683261 35.811940 0.724937 0.729878 0.734856
460 35.455361 35.653728 35.788688 0.724937 0.730573 0.734856
470 35.455361 35.625498 35.783605 0.724937 0.731097 0.734856
480 35.355773 35.594697 35.766181 0.725524 0.731774 0.737523
490 35.355773 35.564478 35.736196 0.727084 0.732442 0.737523
500 35.355773 35.538062 35.687365 0.728646 0.732995 0.737523
510 35.355773 35.515507 35.669630 0.728646 0.733395 0.737523
520 35.355773 35.494276 35.625405 0.728646 0.733756 0.737523
530 35.355773 35.477642 35.597814 0.730990 0.734214 0.737523
540 35.355773 35.465267 35.550521 0.731516 0.734546 0.737523
550 35.355773 35.454976 35.530245 0.731516 0.734879 0.737523
560 35.355773 35.449103 35.462087 0.734715 0.735070 0.737523
570 35.355773 35.448037 35.455361 0.734856 0.735107 0.737523
580 35.355773 35.445705 35.455361 0.734856 0.735190 0.737523
590 35.355773 35.443041 35.455361 0.734856 0.735285 0.737523
600 35.355773 35.439711 35.455361 0.734856 0.735404 0.737523
610 35.355773 35.437046 35.455361 0.734856 0.735499 0.737523
620 35.355773 35.433716 35.455361 0.734856 0.735617 0.737523
630 35.355773 35.430718 35.455361 0.734856 0.735724 0.737523
640 35.355773 35.427388 35.455361 0.734856 0.735842 0.737523
650 35.355773 35.424057 35.455361 0.734856 0.735961 0.737523
660 35.355773 35.420730 35.422056 0.736041 0.736070 0.737523
670 35.355773 35.420067 35.422056 0.736041 0.736085 0.737523
680 35.355773 35.420067 35.422056 0.736041 0.736085 0.737523
690 35.355773 35.420067 35.422056 0.736041 0.736085 0.737523
700 35.355773 35.420067 35.422056 0.736041 0.736085 0.737523
710 35.355773 35.419404 35.422056 0.736041 0.736100 0.737523
720 35.355773 35.418079 35.422056 0.736041 0.736130 0.737523
730 35.355773 35.415427 35.422056 0.736041 0.736189 0.737523
740 35.355773 35.414765 35.422056 0.736041 0.736204 0.737523
750 35.355773 35.414765 35.422056 0.736041 0.736204 0.737523
760 35.355773 35.414102 35.422056 0.736041 0.736219 0.737523
770 35.355773 35.412776 35.422056 0.736041 0.736248 0.737523
780 35.355773 35.408136 35.422056 0.736041 0.736352 0.737523
790 35.355773 35.405485 35.422056 0.736041 0.736411 0.737523
800 35.355773 35.401508 35.422056 0.736041 0.736500 0.737523
810 35.355773 35.398194 35.422056 0.736041 0.736574 0.737523
820 35.355773 35.392229 35.422056 0.736041 0.736708 0.737523
830 35.355773 35.386263 35.422056 0.736041 0.736841 0.737523
840 35.355773 35.379635 35.422056 0.736041 0.736990 0.737523
850 35.355773 35.373007 35.422056 0.736041 0.737138 0.737523
860 35.355773 35.366378 35.422056 0.736041 0.737286 0.737523
870 35.355773 35.359750 35.422056 0.736041 0.737434 0.737523
880 35.355773 35.355773 35.355773 0.737523 0.737523 0.737523
890 35.355773 35.355773 35.355773 0.737523 0.737523 0.737523
900 35.355773 35.355773 35.355773 0.737523 0.737523 0.737523
910 35.355773 35.355773 35.355773 0.737523 0.737523 0.737523
920 35.355773 35.355773 35.355773 0.737523 0.737523 0.737523
930 35.355773 35.355773 35.355773 0.737523 0.737523 0.737523
940 35.355773 35.355773 35.355773 0.737523 0.737523 0.737523
950 35.355773 35.355773 35.355773 0.737523 0.737523 0.737523
960 35.355773 35.355773 35.355773 0.737523 0.737523 0.737523
970 35.355773 35.355773 35.355773 0.737523 0.737523 0.737523
980 35.355773 35.355773 35.355773 0.737523 0.737523 0.737523
990 35.355773 35.355773 35.355773 0.737523 0.737523 0.737523
1000 35.355773 35.355773 35.355773 0.737523 0.737523 0.737523
1010 35.355773 35.355773 35.355773 0.737523 0.737523 0.737523
1020 35.355773 35.355773 35.355773 0.737523 0.737523 0.737523
1030 35.355773 35.355773 35.355773 0.737523 0.737523 0.737523
1040 35.355773 35.355773 35.355773 0.737523 0.737523 0.737523
1050 35.355773 35.355773 35.355773 0.737523 0.737523 0.737523
1060 35.355773 35.355773 35.355773 0.737523 0.737523 0.737523
1070 35.355773 35.355773 35.355773 0.737523 0.737523 0.737523
1080 35.355773 35.355773 35.355773 0.737523 0.737523 0.737523
1090 35.355773 35.355773 35.355773 0.737523 0.737523 0.737523
1100 35.355773 35.355773 35.355773 0.737523 0.737523 0.737523
1110 35.355773 35.355773 35.355773 0.737523 0.737523 0.737523
1120 35.355773 35.355773 35.355773 0.737523 0.737523 0.737523
1130 35.355773 35.355773 35.355773 0.737523 0.737523 0.737523
1140 35.355773 35.355773 35.355773 0.737523 0.737523 0.737523
1150 35.355773 35.355773 35.355773 0.737523 0.737523 0.737523
1160 35.355773 35.355773 35.355773 0.737523 0.737523 0.737523
1170 35.355773 35.355773 35.355773 0.737523 0.737523 0.737523
1180 35.355773 35.355773 35.355773 0.737523 0.737523 0.737523
1190 35.355773 35.355773 35.355773 0.737523 0.737523 0.737523
1200 35.355773 35.355773 35.355773 0.737523 0.737523 0.737523
1210 35.355773 35.355773 35.355773 0.737523 0.737523 0.737523
1220 35.355773 35.355773 35.355773 0.737523 0.737523 0.737523
1230 35.355773 35.355773 35.355773 0.737523 0.737523 0.737523
1240 35.355773 35.355773 35.355773 0.737523 0.737523 0.737523
1250 35.355773 35.355773 35.355773 0.737523 0.737523 0.737523
1260 35.355773 35.355773 35.355773 0.737523 0.737523 0.737523
1270 35.355773 35.355773 35.355773 0.737523 0.737523 0.737523
1280 35.355773 35.355773 35.355773 0.737523 0.737523 0.737523
1290 35.355773 35.355773 35.355773 0.737523 0.737523 0.737523
1300 35.355773 35.355773 35.355773 0.737523 0.737523 0.737523
1310 35.355773 35.355773 35.355773 0.737523 0.737523 0.737523
1320 35.355773 35.355773 35.355773 0.737523 0.737523 0.737523
1330 35.355773 35.355773 35.355773 0.737523 0.737523 0.737523
1340 35.355773 35.355773 35.355773 0.737523 0.737523 0.737523
1350 35.355773 35.355773 35.355773 0.737523 0.737523 0.737523
1360 35.355773 35.355773 35.355773 0.737523 0.737523 0.737523
1370 35.355773 35.355773 35.355773 0.737523 0.737523 0.737523
1380 35.355773 35.355773 35.355773 0.737523 0.737523 0.737523
1390 35.355773 35.355773 35.355773 0.737523 0.737523 0.737523
1400 35.355773 35.355773 35.355773 0.737523 0.737523 0.737523
1410 35.355773 35.355773 35.355773 0.737523 0.737523 0.737523
1420 35.355773 35.355773 35.355773 0.737523 0.737523 0.737523
1430 35.355773 35.355773 35.355773 0.737523 0.737523 0.737523
1440 35.355773 35.355773 35.355773 0.737523 0.737523 0.737523
1450 35.355773 35.355773 35.355773 0.737523 0.737523 0.737523
1460 35.355773 35.355773 35.355773 0.737523 0.737523 0.737523
1470 35.355773 35.355773 35.355773 0.737523 0.737523 0.737523
1480 35.355773 35.355773 35.355773 0.737523 0.737523 0.737523
1490 35.355773 35.355773 35.355773 0.737523 0.737523 0.737523
1500 35.355773 35.355773 35.355773 0.737523 0.737523 0.737523
1510 35.355773 35.355773 35.355773 0.737523 0.737523 0.737523
1520 35.355773 35.355773 35.355773 0.737523 0.737523 0.737523
1530 35.355773 35.355773 35.355773 0.737523 0.737523 0.737523
1540 35.355773 35.355773 35.355773 0.737523 0.737523 0.737523
1550 35.355773 35.355773 35.355773 0.737523 0.737523 0.737523
1560 35.355773 35.355773 35.355773 0.737523 0.737523 0.737523
1570 35.355773 35.355773 35.355773 0.737523 0.737523 0.737523
1580 35.355773 35.355773 35.355773 0.737523 0.737523 0.737523
1590 35.355773 35.355773 35.355773 0.737523 0.737523 0.737523
1600 35.355773 35.355773 35.355773 0.737523 0.737523 0.737523
1610 35.355773 35.355773 35.355773 0.737523 0.737523 0.737523
1620 35.355773 35.355773 35.355773 0.737523 0.737523 0.737523
1630 35.355773 35.355773 35.355773 0.737523 0.737523 0.737523
1640 35.355773 35.355773 35.355773 0.737523 0.737523 0.737523
1650 35.355773 35.355773 35.355773 0.737523 0.737523 0.737523
1660 35.355773 35.355773 35.355773 0.737523 0.737523 0.737523
1670 35.355773 35.355773 35.355773 0.737523 0.737523 0.737523
1680 35.355773 35.355773 35.355773 0.737523 0.737523 0.737523
1690 35.355773 35.355773 35.355773 0.737523 0.737523 0.737523
1700 35.355773 35.355773 35.355773 0.737523 0.737523 0.737523
1710 35.355773 35.355773 35.355773 0.737523 0.737523 0.737523
1720 35.355773 35.355773 35.355773 0.737523 0.737523 0.737523
1730 35.355773 35.355773 35.355773 0.737523 0.737523 0.737523
1740 35.355773 35.355773 35.355773 0.737523 0.737523 0.737523
1750 35.355773 35.355773 35.355773 0.737523 0.737523 0.737523
1760 35.355773 35.355773 35.355773 0.737523 0.737523 0.737523
1770 35.355773 35.355773 35.355773 0.737523 0.737523 0.737523
1780 35.355773 35.355773 35.355773 0.737523 0.737523 0.737523
1790 35.355773 35.355773 35.355773 0.737523 0.737523 0.737523
1800 35.355773 35.355773 35.355773 0.737523 0.737523 0.737523
1810 35.355773 35.355773 35.355773 0.737523 0.737523 0.737523
1820 35.355773 35.355773 35.355773 0.737523 0.737523 0.737523
1830 35.355773 35.355773 35.355773 0.737523 0.737523 0.737523
1840 35.355773 35.355773 35.355773 0.737523 0.737523 0.737523
1850 35.355773 35.355773 35.355773 0.737523 0.737523 0.737523
1860 35.355773 35.355773 35.355773 0.737523 0.737523 0.737523
1870 35.355773 35.355773 35.355773 0.737523 0.737523 0.737523
1880 35.355773 35.355773 35.355773 0.737523 0.737523 0.737523
1890 35.355773 35.355773 35.355773 0.737523 0.737523 0.737523
1900 35.355773 35.355773 35.355773 0.737523 0.737523 0.737523
1910 35.355773 35.355773 35.355773 0.737523 0.737523 0.737523
1920 35.355773 35.355773 35.355773 0.737523 0.737523 0.737523
1930 35.355773 35.355773 35.355773 0.737523 0.737523 0.737523
1940 35.355773 35.355773 35.355773 0.737523 0.737523 0.737523
1950 35.355773 35.355773 35.355773 0.737523 0.737523 0.737523
1960 35.355773 35.355773 35.355773 0.737523 0.737523 0.737523
1970 35.355773 35.355773 35.355773 0.737523 0.737523 0.737523
1980 35.355773 35.355773 35.355773 0.737523 0.737523 0.737523
1990 35.355773 35.355773 35.355773 0.737523 0.737523 0.737523
2000 35.355773 35.355773 35.355773 0.737523 0.737523 0.737523
2010 35.355773 35.355773 35.355773 0.737523 0.737523 0.737523
2020 35.355773 35.355773 35.355773 0.737523 0.737523 0.737523
2030 35.355773 35.355773 35.355773 0.737523 0.737523 0.737523
2040 35.355773 35.355773 35.355773 0.737523 0.737523 0.737523
2050 35.355773 35.355773 35.355773 0.737523 0.737523 0.737523
2060 35.355773 35.355773 35.355773 0.737523 0.737523 0.737523
2070 35.355773 35.355773 35.355773 0.737523 0.737523 0.737523
2080 35.355773 35.355773 35.355773 0.737523 0.737523 0.737523
2090 35.355773 35.355773 35.355773 0.737523 0.737523 0.737523
2100 35.355773 35.355773 35.355773 0.737523 0.737523 0.737523
2110 35.355773 35.355773 35.355773 0.737523 0.737523 0.737523
2120 35.355773 35.355773 35.355773 0.737523 0.737523 0.737523
2130 35.355773 35.355773 35.355773 0.737523 0.737523 0.737523
2140 35.355773 35.355773 35.355773 0.737523 0.737523 0.737523
2150 35.355773 35.355773 35.355773 0.737523 0.737523 0.737523
2160 35.355773 35.355773 35.355773 0.737523 0.737523 0.737523
2170 35.355773 35.355773 35.355773 0.737523 0.737523 0.737523
2180 35.355773 35.355773 35.355773 0.737523 0.737523 0.737523
2190 35.355773 35.355773 35.355773 0.737523 0.737523 0.737523
2200 35.355773 35.355773 35.355773 0.737523 0.737523 0.737523
2210 35.355773 35.355773 35.355773 0.737523 0.737523 0.737523
2220 35.355773 35.355773 35.355773 0.737523 0.737523 0.737523
2230 35.355773 35.355773 35.355773 0.737523 0.737523 0.737523
2240 35.355773 35.355773 35.355773 0.737523 0.737523 0.737523
2250 35.355773 35.355773 35.355773 0.737523 0.737523 0.737523
2260 35.355773 35.355773 35.355773 0.737523 0.737523 0.737523
2270 35.355773 35.355773 35.355773 0.737523 0.737523 0.737523
2280 35.355773 35.355773 35.355773 0.737523 0.737523 0.737523
2290 35.355773 35.355773 35.355773 0.737523 0.737523 0.737523
2300 35.355773 35.355773 35.355773 0.737523 0.737523 0.737523
2310 35.355773 35.355773 35.355773 0.737523 0.737523 0.737523
2320 35.355773 35.355773 35.355773 0.737523 0.737523 0.737523
2330 35.355773 35.355773 35.355773 0.737523 0.737523 0.737523
2340 35.355773 35.355773 35.355773 0.737523 0.737523 0.737523
2350 35.355773 35.355773 35.355773 0.737523 0.737523 0.737523
2360 35.355773 35.355773 35.355773 0.737523 0.737523 0.737523
2370 35.355773 35.355773 35.355773 0.737523 0.737523 0.737523
2380 35.355773 35.355773 35.355773 0.737523 0.737523 0.737523
2390 35.355773 35.355773 35.355773 0.737523 0.737523 0.737523
2400 35.355773 35.355773 35.355773 0.737523 0.737523 0.737523
2410 35.355773 35.355773 35.355773 0.737523 0.737523 0.737523
2420 35.355773 35.355773 35.355773 0.737523 0.737523 0.737523
2430 35.355773 35.355773 35.355773 0.737523 0.737523 0.737523
2440 35.355773 35.355773 35.355773 0.737523 0.737523 0.737523
2450 35.355773 35.355773 35.355773 0.737523 0.737523 0.737523
2460 35.355773 35.355773 35.355773 0.737523 0.737523 0.737523
2470 35.355773 35.355773 35.355773 0.737523 0.737523 0.737523
2480 35.355773 35.355773 35.355773 0.737523 0.737523 0.737523
2490 35.355773 35.355773 35.355773 0.737523 0.737523 0.737523
2500 35.355773 35.355773 35.355773 0.737523 0.737523 0.737523
2510 35.355773 35.355773 35.355773 0.737523 0.737523 0.737523
2520 35.355773 35.355773 35.355773 0.737523 0.737523 0.737523
2530 35.355773 35.355773 35.355773 0.737523 0.737523 0.737523
2540 35.355773 35.355773 35.355773 0.737523 0.737523 0.737523
2550 35.355773 35.355773 35.355773 0.737523 0.737523 0.737523
2560 35.355773 35.355773 35.355773 0.737523 0.737523 0.737523
2570 35.355773 35.355773 35.355773 0.737523 0.737523 0.737523
2580 35.355773 35.355773 35.355773 0.737523 0.737523 0.737523
2590 35.355773 35.355773 35.355773 0.737523 0.737523 0.737523
2600 35.355773 35.355773 35.355773 0.737523 0.737523 0.737523
2610 35.355773 35.355773 35.355773 0.737523 0.737523 0.737523
2620 35.355773 35.355773 35.355773 0.737523 0.737523 0.737523
2630 35.355773 35.355773 35.355773 0.737523 0.737523 0.737523
2640 35.355773 35.355773 35.355773 0.737523 0.737523 0.737523
2650 35.355773 35.355773 35.355773 0.737523 0.737523 0.737523
2660 35.355773 35.355773 35.355773 0.737523 0.737523 0.737523
2670 35.355773 35.355773 35.355773 0.737523 0.737523 0.737523
2680 35.355773 35.355773 35.355773 0.737523 0.737523 0.737523
2690 35.355773 35.355773 35.355773 0.737523 0.737523 0.737523
2700 35.355773 35.355773 35.355773 0.737523 0.737523 0.737523
2710 35.355773 35.355773 35.355773 0.737523 0.737523 0.737523
2720 35.355773 35.355773 35.355773 0.737523 0.737523 0.737523
2730 35.355773 35.355773 35.355773 0.737523 0.737523 0.737523
2740 35.355773 35.355773 35.355773 0.737523 0.737523 0.737523
2750 35.355773 35.355773 35.355773 0.737523 0.737523 0.737523
2760 35.355773 35.355773 35.355773 0.737523 0.737523 0.737523
2770 35.355773 35.355773 35.355773 0.737523 0.737523 0.737523
2780 35.355773 35.355773 35.355773 0.737523 0.737523 0.737523
2790 35.355773 35.355773 35.355773 0.737523 0.737523 0.737523
2800 35.355773 35.355773 35.355773 0.737523 0.737523 0.737523
2810 35.355773 35.355773 35.355773 0.737523 0.737523 0.737523
2820 35.355773 35.355773 35.355773 0.737523 0.737523 0.737523
2830 35.355773 35.355773 35.355773 0.737523 0.737523 0.737523
2840 35.355773 35.355773 35.355773 0.737523 0.737523 0.737523
2850 35.355773 35.355773 35.355773 0.737523 0.737523 0.737523
2860 35.355773 35.355773 35.355773 0.737523 0.737523 0.737523
2870 35.355773 35.355773 35.355773 0.737523 0.737523 0.737523
2880 35.355773 35.355773 35.355773 0.737523 0.737523 0.737523
2890 35.355773 35.355773 35.355773 0.737523 0.737523 0.737523
2900 35.355773 35.355773 35.355773 0.737523 0.737523 0.737523
2910 35.355773 35.355773 35.355773 0.737523 0.737523 0.737523
2920 35.355773 35.355773 35.355773 0.737523 0.737523 0.737523
2930 35.355773 35.355773 35.355773 0.737523 0.737523 0.737523
2940 35.355773 35.355773 35.355773 0.737523 0.737523 0.737523
2950 35.355773 35.355773 35.355773 0.737523 0.737523 0.737523
2960 35.355773 35.355773 35.355773 0.737523 0.737523 0.737523
2970 35.355773 35.355773 35.355773 0.737523 0.737523 0.737523
2980 35.355773 35.355773 35.355773 0.737523 0.737523 0.737523
2990 35.355773 35.355773 35.355773 0.737523 0.737523 0.737523
3000 35.355773 35.355773 35.355773 0.737523 0.737523 0.737523
3010 35.355773 35.355773 35.355773 0.737523 0.737523 0.737523
3020 35.355773 35.355773 35.355773 0.737523 0.737523 0.737523
3030 35.355773 35.355773 35.355773 0.737523 0.737523 0.737523
3040 35.355773 35.355773 35.355773 0.737523 0.737523 0.737523
3050 35.355773 35.355773 35.355773 0.737523 0.737523 0.737523
3060 35.355773 35.355773 35.355773 0.737523 0.737523 0.737523
3070 35.355773 35.355773 35.355773 0.737523 0.737523 0.737523
3080 35.355773 35.355773 35.355773 0.737523 0.737523 0.737523
3090 35.355773 35.355773 35.355773 0.737523 0.737523 0.737523
3100 35.355773 35.355773 35.355773 0.737523 0.737523 0.737523
3110 35.355773 35.355773 35.355773 0.737523 0.737523 0.737523
3120 35.355773 35.355773 35.355773 0.737523 0.737523 0.737523
3130 35.355773 35.355773 35.355773 0.737523 0.737523 0.737523
3140 35.355773 35.355773 35.355773 0.737523 0.737523 0.737523
3150 35.355773 35.355773 35.355773 0.737523 0.737523 0.737523
3160 35.355773 35.355773 35.355773 0.737523 0.737523 0.737523
3170 35.355773 35.355773 35.355773 0.737523 0.737523 0.737523
3180 35.355773 35.355773 35.355773 0.737523 0.737523 0.737523
3190 35.355773 35.355773 35.355773 0.737523 0.737523 0.737523
3200 35.355773 35.355773 35.355773 0.737523 0.737523 0.737523
3210 35.355773 35.355773 35.355773 0.737523 0.737523 0.737523
3220 35.355773 35.355773 35.355773 0.737523 0.737523 0.737523
3230 35.355773 35.355773 35.355773 0.737523 0.737523 0.737523
3240 35.355773 35.355773 35.355773 0.737523 0.737523 0.737523
3250 35.355773 35.355773 35.355773 0.737523 0.737523 0.737523
3260 35.355773 35.355773 35.355773 0.737523 0.737523 0.737523
3270 35.355773 35.355773 35.355773 0.737523 0.737523 0.737523
3280 35.355773 35.355773 35.355773 0.737523 0.737523 0.737523
3290 35.355773 35.355773 35.355773 0.737523 0.737523 0.737523
3300 35.355773 35.355773 35.355773 0.737523 0.737523 0.737523
3310 35.355773 35.355773 35.355773 0.737523 0.737523 0.737523
3320 35.355773 35.355773 35.355773 0.737523 0.737523 0.737523
3330 35.355773 35.355773 35.355773 0.737523 0.737523 0.737523
3340 35.355773 35.355773 35.355773 0.737523 0.737523 0.737523
3350 35.355773 35.355773 35.355773 0.737523 0.737523 0.737523
3360 35.355773 35.355773 35.355773 0.737523 0.737523 0.737523
3370 35.355773 35.355773 35.355773 0.737523 0.737523 0.737523
3380 35.355773 35.355773 35.355773 0.737523 0.737523 0.737523
3390 35.355773 35.355773 35.355773 0.737523 0.737523 0.737523
3400 35.355773 35.355773 35.355773 0.737523 0.737523 0.737523
3410 35.355773 35.355773 35.355773 0.737523 0.737523 0.737523
3420 35.355773 35.355773 35.355773 0.737523 0.737523 0.737523
3430 35.355773 35.355773 35.355773 0.737523 0.737523 0.737523
3440 35.355773 35.355773 35.355773 0.737523 0.737523 0.737523
3450 35.355773 35.355773 35.355773 0.737523 0.737523 0.737523
3460 35.355773 35.355773 35.355773 0.737523 0.737523 0.737523
3470 35.355773 35.355773 35.355773 0.737523 0.737523 0.737523
3480 35.355773 35.355773 35.355773 0.737523 0.737523 0.737523
3490 35.355773 35.355773 35.355773 0.737523 0.737523 0.737523
3500 35.355773 35.355773 35.355773 0.737523 0.737523 0.737523
3510 35.355773 35.355773 35.355773 0.737523 0.737523 0.737523
3520 35.355773 35.355773 35.355773 0.737523 0.737523 0.737523
3530 35.355773 35.355773 35.355773 0.737523 0.737523 0.737523
3540 35.355773 35.355773 35.355773 0.737523 0.737523 0.737523
3550 35.355773 35.355773 35.355773 0.737523 0.737523 0.737523
3560 35.355773 35.355773 35.355773 0.737523 0.737523 0.737523
3570 35.355773 35.355773 35.355773 0.737523 0.737523 0.737523
3580 35.355773 35.355773 35.355773 0.737523 0.737523 0.737523
3590 35.355773 35.355773 35.355773 0.737523 0.737523 0.737523
3600 35.355773 35.355773 35.355773 0.737523 0.737523 0.737523
3610 35.355773 35.355773 35.355773 0.737523 0.737523 0.737523
3620 35.355773 35.355773 35.355773 0.737523 0.737523 0.737523
3630 35.355773 35.355773 35.355773 0.737523 0.737523 0.737523
3640 35.355773 35.355773 35.355773 0.737523 0.737523 0.737523
3650 35.355773 35.355773 35.355773 0.737523 0.737523 0.737523
3660 35.355773 35.355773 35.355773 0.737523 0.737523 0.737523
3670 35.355773 35.355773 35.355773 0.737523 0.737523 0.737523
3680 35.355773 35.355773 35.355773 0.737523 0.737523 0.737523
3690 35.355773 35.355773 35.355773 0.737523 0.737523 0.737523
3700 35.355773 35.355773 35.355773 0.737523 0.737523 0.737523
3710 35.355773 35.355773 35.355773 0.737523 0.737523 0.737523
3720 35.355773 35.355773 35.355773 0.737523 0.737523 0.737523
3730 35.355773 35.355773 35.355773 0.737523 0.737523 0.737523
3740 35.355773 35.355773 35.355773 0.737523 0.737523 0.737523
3750 35.355773 35.355773 35.355773 0.737523 0.737523 0.737523
3760 35.355773 35.355773 35.355773 0.737523 0.737523 0.737523
3770 35.355773 35.355773 35.355773 0.737523 0.737523 0.737523
3780 35.355773 35.355773 35.355773 0.737523 0.737523 0.737523
3790 35.355773 35.355773 35.355773 0.737523 0.737523 0.737523
3800 35.355773 35.355773 35.355773 0.737523 0.737523 0.737523
3810 35.355773 35.355773 35.355773 0.737523 0.737523 0.737523
3820 35.355773 35.355773 35.355773 0.737523 0.737523 0.737523
3830 35.355773 35.355773 35.355773 0.737523 0.737523 0.737523
3840 35.355773 35.355773 35.355773 0.737523 0.737523 0.737523
3850 35.355773 35.355773 35.355773 0.737523 0.737523 0.737523
3860 35.355773 35.355773 35.355773 0.737523 0.737523 0.737523
3870 35.355773 35.355773 35.355773 0.737523 0.737523 0.737523
3880 35.355773 35.355773 35.355773 0.737523 0.737523 0.737523
3890 35.355773 35.355773 35.355773 0.737523 0.737523 0.737523
3900 35.355773 35.355773 35.355773 0.737523 0.737523 0.737523
3910 35.355773 35.355773 35.355773 0.737523 0.737523 0.737523
3920 35.355773 35.355773 35.355773 0.737523 0.737523 0.737523
3930 35.355773 35.355773 35.355773 0.737523 0.737523 0.737523
3940 35.355773 35.355773 35.355773 0.737523 0.737523 0.737523
3950 35.355773 35.355773 35.355773 0.737523 0.737523 0.737523
3960 35.355773 35.355773 35.355773 0.737523 0.737523 0.737523
3970 35.355773 35.355773 35.355773 0.737523 0.737523 0.737523
3980 35.355773 35.355773 35.355773 0.737523 0.737523 0.737523
3990 35.355773 35.355773 35.355773 0.737523 0.737523 0.737523
4000 35.355773 35.355773 35.355773 0.737523 0.737523 0.737523
4010 35.355773 35.355773 35.355773 0.737523 0.737523 0.737523
4020 35.355773 35.355773 35.355773 0.737523 0.737523 0.737523
4030 35.355773 35.355773 35.355773 0.737523 0.737523 0.737523
4040 35.355773 35.355773 35.355773 0.737523 0.737523 0.737523
4050 35.355773 35.355773 35.355773 0.737523 0.737523 0.737523
4060 35.355773 35.355773 35.355773 0.737523 0.737523 0.737523
4070 35.355773 35.355773 35.355773 0.737523 0.737523 0.737523
4080 35.355773 35.355773 35.355773 0.737523 0.737523 0.737523
4090 35.355773 35.355773 35.355773 0.737523 0.737523 0.737523
4100 35.355773 35.355773 35.355773 0.737523 0.737523 0.737523
4110 35.355773 35.355773 35.355773 0.737523 0.737523 0.737523
4120 35.355773 35.355773 35.355773 0.737523 0.737523 0.737523
4130 35.355773 35.355773 35.355773 0.737523 0.737523 0.737523
4140 35.355773 35.355773 35.355773 0.737523 0.737523 0.737523
4150 35.355773 35.355773 35.355773 0.737523 0.737523 0.737523
4160 35.355773 35.355773 35.355773 0.737523 0.737523 0.737523
4170 35.355773 35.355773 35.355773 0.737523 0.737523 0.737523
4180 35.355773 35.355773 35.355773 0.737523 0.737523 0.737523
4190 35.355773 35.355773 35.355773 0.737523 0.737523 0.737523
4200 35.355773 35.355773 35.355773 0.737523 0.737523 0.737523
4210 35.355773 35.355773 35.355773 0.737523 0.737523 0.737523
4220 35.355773 35.355773 35.355773 0.737523 0.737523 0.737523
4230 35.355773 35.355773 35.355773 0.737523 0.737523 0.737523
4240 35.355773 35.355773 35.355773 0.737523 0.737523 0.737523
4250 35.355773 35.355773 35.355773 0.737523 0.737523 0.737523
4260 35.355773 35.355773 35.355773 0.737523 0.737523 0.737523
4270 35.355773 35.355773 35.355773 0.737523 0.737523 0.737523
4280 35.355773 35.355773 35.355773 0.737523 0.737523 0.737523
4290 35.355773 35.355773 35.355773 0.737523 0.737523 0.737523
4300 35.355773 35.355773 35.355773 0.737523 0.737523 0.737523
4310 35.355773 35.355773 35.355773 0.737523 0.737523 0.737523
4320 35.355773 35.355773 35.355773 0.737523 0.737523 0.737523
4330 35.355773 35.355773 35.355773 0.737523 0.737523 0.737523
4340 35.355773 35.355773 35.355773 0.737523 0.737523 0.737523
4350 35.355773 35.355773 35.355773 0.737523 0.737523 0.737523
4360 35.355773 35.355773 35.355773 0.737523 0.737523 0.737523
4370 35.355773 35.355773 35.355773 0.737523 0.737523 0.737523
4380 35.355773 35.355773 35.355773 0.737523 0.737523 0.737523
4390 35.355773 35.355773 35.355773 0.737523 0.737523 0.737523
4400 35.355773 35.355773 35.355773 0.737523 0.737523 0.737523
4410 35.355773 35.355773 35.355773 0.737523 0.737523 0.737523
4420 35.355773 35.355773 35.355773 0.737523 0.737523 0.737523
4430 35.355773 35.355773 35.355773 0.737523 0.737523 0.737523
4440 35.355773 35.355773 35.355773 0.737523 0.737523 0.737523
4450 35.355773 35.355773 35.355773 0.737523 0.737523 0.737523
4460 35.355773 35.355773 35.355773 0.737523 0.737523 0.737523
4470 35.355773 35.355773 35.355773 0.737523 0.737523 0.737523
4480 35.355773 35.355773 35.355773 0.737523 0.737523 0.737523
4490 35.355773 35.355773 35.355773 0.737523 0.737523 0.737523
4500 35.355773 35.355773 35.355773 0.737523 0.737523 0.737523
4510 35.355773 35.355773 35.355773 0.737523 0.737523 0.737523
4520 35.355773 35.355773 35.355773 0.737523 0.737523 0.737523
4530 35.355773 35.355773 35.355773 0.737523 0.737523 0.737523
4540 35.355773 35.355773 35.355773 0.737523 0.737523 0.737523
4550 35.355773 35.355773 35.355773 0.737523 0.737523 0.737523
4560 35.355773 35.355773 35.355773 0.737523 0.737523 0.737523
4570 35.355773 35.355773 35.355773 0.737523 0.737523 0.737523
4580 35.355773 35.355773 35.355773 0.737523 0.737523 0.737523
4590 35.355773 35.355773 35.355773 0.737523 0.737523 0.737523
4600 35.355773 35.355773 35.355773 0.737523 0.737523 0.737523
4610 35.355773 35.355773 35.355773 0.737523 0.737523 0.737523
4620 35.355773 35.355773 35.355773 0.737523 0.737523 0.737523
4630 35.355773 35.355773 35.355773 0.737523 0.737523 0.737523
4640 35.355773 35.355773 35.355773 0.737523 0.737523 0.737523
4650 35.355773 35.355773 35.355773 0.737523 0.737523 0.737523
4660 35.355773 35.355773 35.355773 0.737523 0.737523 0.737523
4670 35.355773 35.355773 35.355773 0.737523 0.737523 0.737523
4680 35.355773 35.355773 35.355773 0.737523 0.737523 0.737523
4690 35.355773 35.355773 35.355773 0.737523 0.737523 0.737523
4700 35.355773 35.355773 35.355773 0.737523 0.737523 0.737523
4710 35.355773 35.355773 35.355773 0.737523 0.737523 0.737523
4720 35.355773 35.355773 35.355773 0.737523 0.737523 0.737523
4730 35.355773 35.355773 35.355773 0.737523 0.737523 0.737523
4740 35.355773 35.355773 35.355773 0.737523 0.737523 0.737523
4750 35.355773 35.355773 35.355773 0.737523 0.737523 0.737523
4760 35.355773 35.355773 35.355773 0.737523 0.737523 0.737523
4770 35.355773 35.355773 35.355773 0.737523 0.737523 0.737523
4780 35.355773 35.355773 35.355773 0.737523 0.737523 0.737523
4790 35.355773 35.355773 35.355773 0.737523 0.737523 0.737523
4800 35.355773 35.355773 35.355773 0.737523 0.737523 0.737523
4810 35.355773 35.355773 35.355773 0.737523 0.737523 0.737523
4820 35.355773 35.355773 35.355773 0.737523 0.737523 0.737523
4830 35.355773 35.355773 35.355773 0.737523 0.737523 0.737523
4840 35.355773 35.355773 35.355773 0.737523 0.737523 0.737523
4850 35.355773 35.355773 35.355773 0.737523 0.737523 0.737523
4860 35.355773 35.355773 35.355773 0.737523 0.737523 0.737523
4870 35.355773 35.355773 35.355773 0.737523 0.737523 0.737523
4880 35.355773 35.355773 35.355773 0.737523 0.737523 0.737523
4890 35.355773 35.355773 35.355773 0.737523 0.737523 0.737523
4900 35.355773 35.355773 35.355773 0.737523 0.737523 0.737523
4910 35.355773 35.355773 35.355773 0.737523 0.737523 0.737523
4920 35.355773 35.355773 35.355773 0.737523 0.737523 0.737523
4930 35.355773 35.355773 35.355773 0.737523 0.737523 0.737523
4940 35.355773 35.355773 35.355773 0.737523 0.737523 0.737523
4950 35.355773 35.355773 35.355773 0.737523 0.737523 0.737523
4960 35.355773 35.355773 35.355773 0.737523 0.737523 0.737523
4970 35.355773 35.355773 35.355773 0.737523 0.737523 0.737523
4980 35.355773 35.355773 35.355773 0.737523 0.737523 0.737523
4990 35.355773 35.355773 35.355773 0.737523 0.737523 0.737523
5000 35.355773 35.355773 35.355773 0.737523 0.737523 0.737523
5010 35.355773 35.355773 35.355773 0.737523 0.737523 0.737523
5020 35.355773 35.355773 35.355773 0.737523 0.737523 0.737523
5030 35.355773 35.355773 35.355773 0.737523 0.737523 0.737523
5040 35.355773 35.355773 35.355773 0.737523 0.737523 0.737523
5050 35.355773 35.355773 35.355773 0.737523 0.737523 0.737523
5060 35.355773 35.355773 35.355773 0.737523 0.737523 0.737523
5070 35.355773 35.355773 35.355773 0.737523 0.737523 0.737523
5080 35.355773 35.355773 35.355773 0.737523 0.737523 0.737523
5090 35.355773 35.355773 35.355773 0.737523 0.737523 0.737523
5100 35.355773 35.355773 35.355773 0.737523 0.737523 0.737523
5110 35.355773 35.355773 35.355773 0.737523 0.737523 0.737523
5120 35.355773 35.355773 35.355773 0.737523 0.737523 0.737523
5130 35.355773 35.355773 35.355773 0.737523 0.737523 0.737523
5140 35.355773 35.355773 35.355773 0.737523 0.737523 0.737523
5150 35.355773 35.355773 35.355773 0.737523 0.737523 0.737523
5160 35.355773 35.355773 35.355773 0.737523 0.737523 0.737523
5170 35.355773 35.355773 35.355773 0.737523 0.737523 0.737523
5180 35.355773 35.355773 35.355773 0.737523 0.737523 0.737523
5190 35.355773 35.355773 35.355773 0.737523 0.737523 0.737523
5200 35.355773 35.355773 35.355773 0.737523 0.737523 0.737523
5210 35.355773 35.355773 35.355773 0.737523 0.737523 0.737523
5220 35.355773 35.355773 35.355773 0.737523 0.737523 0.737523
5230 35.355773 35.355773 35.355773 0.737523 0.737523 0.737523
5240 35.355773 35.355773 35.355773 0.737523 0.737523 0.737523
5250 35.355773 35.355773 35.355773 0.737523 0.737523 0.737523
5260 35.355773 35.355773 35.355773 0.737523 0.737523 0.737523
5270 35.355773 35.355773 35.355773 0.737523 0.737523 0.737523
5280 35.355773 35.355773 35.355773 0.737523 0.737523 0.737523
5290 35.355773 35.355773 35.355773 0.737523 0.737523 0.737523
5300 35.355773 35.355773 35.355773 0.737523 0.737523 0.737523
5310 35.355773 35.355773 35.355773 0.737523 0.737523 0.737523
5320 35.355773 35.355773 35.355773 0.737523 0.737523 0.737523
5330 35.355773 35.355773 35.355773 0.737523 0.737523 0.737523
5340 35.355773 35.355773 35.355773 0.737523 0.737523 0.737523
5350 35.355773 35.355773 35.355773 0.737523 0.737523 0.737523
5360 35.355773 35.355773 35.355773 0.737523 0.737523 0.737523
5370 35.355773 35.355773 35.355773 0.737523 0.737523 0.737523
5380 35.355773 35.355773 35.355773 0.737523 0.737523 0.737523
5390 35.355773 35.355773 35.355773 0.737523 0.737523 0.737523
5400 35.355773 35.355773 35.355773 0.737523 0.737523 0.737523
5410 35.355773 35.355773 35.355773 0.737523 0.737523 0.737523
5420 35.355773 35.355773 35.355773 0.737523 0.737523 0.737523
5430 35.355773 35.355773 35.355773 0.737523 0.737523 0.737523
5440 35.355773 35.355773 35.355773 0.737523 0.737523 0.737523
5450 35.355773 35.355773 35.355773 0.737523 0.737523 0.737523
5460 35.355773 35.355773 35.355773 0.737523 0.737523 0.737523
5470 35.355773 35.355773 35.355773 0.737523 0.737523 0.737523
5480 35.355773 35.355773 35.355773 0.737523 0.737523 0.737523
5490 35.355773 35.355773 35.355773 0.737523 0.737523 0.737523
5500 35.355773 35.355773 35.355773 0.737523 0.737523 0.737523
5510 35.355773 35.355773 35.355773 0.737523 0.737523 0.737523
5520 35.355773 35.355773 35.355773 0.737523 0.737523 0.737523
5530 35.355773 35.355773 35.355773 0.737523 0.737523 0.737523
5540 35.355773 35.355773 35.355773 0.737523 0.737523 0.737523
5550 35.355773 35.355773 35.355773 0.737523 0.737523 0.737523
5560 35.355773 35.355773 35.355773 0.737523 0.737523 0.737523
5570 35.355773 35.355773 35.355773 0.737523 0.737523 0.737523
5580 35.355773 35.355773 35.355773 0.737523 0.737523 0.737523
5590 35.355773 35.355773 35.355773 0.737523 0.737523 0.737523
5600 35.355773 35.355773 35.355773 0.737523 0.737523 0.737523
5610 35.355773 35.355773 35.355773 0.737523 0.737523 0.737523
5620 35.355773 35.355773 35.355773 0.737523 0.737523 0.737523
5630 35.355773 35.355773 35.355773 0.737523 0.737523 0.737523
5640 35.355773 35.355773 35.355773 0.737523 0.737523 0.737523
5650 35.355773 35.355773 35.355773 0.737523 0.737523 0.737523
5660 35.355773 35.355773 35.355773 0.737523 0.737523 0.737523
5670 35.355773 35.355773 35.355773 0.737523 0.737523 0.737523
5680 35.355773 35.355773 35.355773 0.737523 0.737523 0.737523
5690 35.355773 35.355773 35.355773 0.737523 0.737523 0.737523
5700 35.355773 35.355773 35.355773 0.737523 0.737523 0.737523
5710 35.355773 35.355773 35.355773 0.737523 0.737523 0.737523
5720 35.355773 35.355773 35.355773 0.737523 0.737523 0.737523
5730 35.355773 35.355773 35.355773 0.737523 0.737523 0.737523
5740 35.355773 35.355773 35.355773 0.737523 0.737523 0.737523
5750 35.355773 35.355773 35.355773 0.737523 0.737523 0.737523
5760 35.355773 35.355773 35.355773 0.737523 0.737523 0.737523
5770 35.355773 35.355773 35.355773 0.737523 0.737523 0.737523
5780 35.355773 35.355773 35.355773 0.737523 0.737523 0.737523
5790 35.355773 35.355773 35.355773 0.737523 0.737523 0.737523
5800 35.355773 35.355773 35.355773 0.737523 0.737523 0.737523
5810 35.355773 35.355773 35.355773 0.737523 0.737523 0.737523
5820 35.355773 35.355773 35.355773 0.737523 0.737523 0.737523
5830 35.355773 35.355773 35.355773 0.737523 0.737523 0.737523
5840 35.355773 35.355773 35.355773 0.737523 0.737523 0.737523
5850 35.355773 35.355773 35.355773 0.737523 0.737523 0.737523
5860 35.355773 35.355773 35.355773 0.737523 0.737523 0.737523
5870 35.355773 35.355773 35.355773 0.737523 0.737523 0.737523
5880 35.355773 35.355773 35.355773 0.737523 0.737523 0.737523
5890 35.355773 35.355773 35.355773 0.737523 0.737523 0.737523
5900 35.355773 35.355773 35.355773 0.737523 0.737523 0.737523
5910 35.355773 35.355773 35.355773 0.737523 0.737523 0.737523
5920 35.355773 35.355773 35.355773 0.737523 0.737523 0.737523
5930 35.355773 35.355773 35.355773 0.737523 0.737523 0.737523
5940 35.355773 35.355773 35.355773 0.737523 0.737523 0.737523
5950 35.355773 35.355773 35.355773 0.737523 0.737523 0.737523
5960 35.355773 35.355773 35.355773 0.737523 0.737523 0.737523
5970 35.355773 35.355773 35.355773 0.737523 0.737523 0.737523
5980 35.355773 35.355773 35.355773 0.737523 0.737523 0.737523
5990 35.355773 35.355773 35.355773 0.737523 0.737523 0.737523
6000 35.355773 35.355773 35.355773 0.737523 0.737523 0.737523
6010 35.355773 35.355773 35.355773 0.737523 0.737523 0.737523
6020 35.355773 35.355773 35.355773 0.737523 0.737523 0.737523
6030 35.355773 35.355773 35.355773 0.737523 0.737523 0.737523
6040 35.355773 35.355773 35.355773 0.737523 0.737523 0.737523
6050 35.355773 35.355773 35.355773 0.737523 0.737523 0.737523
6060 35.355773 35.355773 35.355773 0.737523 0.737523 0.737523
6070 35.355773 35.355773 35.355773 0.737523 0.737523 0.737523
6080 35.355773 35.355773 35.355773 0.737523 0.737523 0.737523
6090 35.355773 35.355773 35.355773 0.737523 0.737523 0.737523
6100 35.355773 35.355773 35.355773 0.737523 0.737523 0.737523
6110 35.355773 35.355773 35.355773 0.737523 0.737523 0.737523
6120 35.355773 35.355773 35.355773 0.737523 0.737523 0.737523
6130 35.355773 35.355773 35.355773 0.737523 0.737523 0.737523
6140 35.355773 35.355773 35.355773 0.737523 0.737523 0.737523
6150 35.355773 35.355773 35.355773 0.737523 0.737523 0.737523
6160 35.355773 35.355773 35.355773 0.737523 0.737523 0.737523
6170 35.355773 35.355773 35.355773 0.737523 0.737523 0.737523
6180 35.355773 35.355773 35.355773 0.737523 0.737523 0.737523
6190 35.355773 35.355773 35.355773 0.737523 0.737523 0.737523
6200 35.355773 35.355773 35.355773 0.737523 0.737523 0.737523
6210 35.355773 35.355773 35.355773 0.737523 0.737523 0.737523
6220 35.355773 35.355773 35.355773 0.737523 0.737523 0.737523
6230 35.355773 35.355773 35.355773 0.737523 0.737523 0.737523
6240 35.355773 35.355773 35.355773 0.737523 0.737523 0.737523
6250 35.355773 35.355773 35.355773 0.737523 0.737523 0.737523
6260 35.355773 35.355773 35.355773 0.737523 0.737523 0.737523
6270 35.355773 35.355773 35.355773 0.737523 0.737523 0.737523
6280 35.355773 35.355773 35.355773 0.737523 0.737523 0.737523
6290 35.355773 35.355773 35.355773 0.737523 0.737523 0.737523
6300 35.355773 35.355773 35.355773 0.737523 0.737523 0.737523
6310 35.355773 35.355773 35.355773 0.737523 0.737523 0.737523
6320 35.355773 35.355773 35.355773 0.737523 0.737523 0.737523
6330 35.355773 35.355773 35.355773 0.737523 0.737523 0.737523
6340 35.355773 35.355773 35.355773 0.737523 0.737523 0.737523
6350 35.355773 35.355773 35.355773 0.737523 0.737523 0.737523
6360 35.355773 35.355773 35.355773 0.737523 0.737523 0.737523
6370 35.355773 35.355773 35.355773 0.737523 0.737523 0.737523
6380 35.355773 35.355773 35.355773 0.737523 0.737523 0.737523
6390 35.355773 35.355773 35.355773 0.737523 0.737523 0.737523
6400 35.355773 35.355773 35.355773 0.737523 0.737523 0.737523
6410 35.355773 35.355773 35.355773 0.737523 0.737523 0.737523
6420 35.355773 35.355773 35.355773 0.737523 0.737523 0.737523
6430 35.355773 35.355773 35.355773 0.737523 0.737523 0.737523
6440 35.355773 35.355773 35.355773 0.737523 0.737523 0.737523
6450 35.355773 35.355773 35.355773 0.737523 0.737523 0.737523
6460 35.355773 35.355773 35.355773 0.737523 0.737523 0.737523
6470 35.355773 35.355773 35.355773 0.737523 0.737523 0.737523
6480 35.355773 35.355773 35.355773 0.737523 0.737523 0.737523
6490 35.355773 35.355773 35.355773 0.737523 0.737523 0.737523
6500 35.355773 35.355773 35.355773 0.737523 0.737523 0.737523
6510 35.355773 35.355773 35.355773 0.737523 0.737523 0.737523
6520 35.355773 35.355773 35.355773 0.737523 0.737523 0.737523
6530 35.355773 35.355773 35.355773 0.737523 0.737523 0.737523
6540 35.355773 35.355773 35.355773 0.737523 0.737523 0.737523
6550 35.355773 35.355773 35.355773 0.737523 0.737523 0.737523
6560 35.355773 35.355773 35.355773 0.737523 0.737523 0.737523
6570 35.355773 35.355773 35.355773 0.737523 0.737523 0.737523
6580 35.355773 35.355773 35.355773 0.737523 0.737523 0.737523
6590 35.355773 35.355773 35.355773 0.737523 0.737523 0.737523
6600 35.355773 35.355773 35.355773 0.737523 0.737523 0.737523
6610 35.355773 35.355773 35.355773 0.737523 0.737523 0.737523
6620 35.355773 35.355773 35.355773 0.737523 0.737523 0.737523
6630 35.355773 35.355773 35.355773 0.737523 0.737523 0.737523
6640 35.355773 35.355773 35.355773 0.737523 0.737523 0.737523
6650 35.355773 35.355773 35.355773 0.737523 0.737523 0.737523
6660 35.355773 35.355773 35.355773 0.737523 0.737523 0.737523
6670 35.355773 35.355773 35.355773 0.737523 0.737523 0.737523
6680 35.355773 35.355773 35.355773 0.737523 0.737523 0.737523
6690 35.355773 35.355773 35.355773 0.737523 0.737523 0.737523
6700 35.355773 35.355773 35.355773 0.737523 0.737523 0.737523
6710 35.355773 35.355773 35.355773 0.737523 0.737523 0.737523
6720 35.355773 35.355773 35.355773 0.737523 0.737523 0.737523
6730 35.355773 35.355773 35.355773 0.737523 0.737523 0.737523
6740 35.355773 35.355773 35.355773 0.737523 0.737523 0.737523
6750 35.355773 35.355773 35.355773 0.737523 0.737523 0.737523
6760 35.355773 35.355773 35.355773 0.737523 0.737523 0.737523
6770 35.355773 35.355773 35.355773 0.737523 0.737523 0.737523
6780 35.355773 35.355773 35.355773 0.737523 0.737523 0.737523
6790 35.355773 35.355773 35.355773 0.737523 0.737523 0.737523
6800 35.355773 35.355773 35.355773 0.737523 0.737523 0.737523
6810 35.355773 35.355773 35.355773 0.737523 0.737523 0.737523
6820 35.355773 35.355773 35.355773 0.737523 0.737523 0.737523
6830 35.355773 35.355773 35.355773 0.737523 0.737523 0.737523
6840 35.355773 35.355773 35.355773 0.737523 0.737523 0.737523
6850 35.355773 35.355773 35.355773 0.737523 0.737523 0.737523
6860 35.355773 35.355773 35.355773 0.737523 0.737523 0.737523
6870 35.355773 35.355773 35.355773 0.737523 0.737523 0.737523
6880 35.355773 35.355773 35.355773 0.737523 0.737523 0.737523
6890 35.355773 35.355773 35.355773 0.737523 0.737523 0.737523
6900 35.355773 35.355773 35.355773 0.737523 0.737523 0.737523
6910 35.355773 35.355773 35.355773 0.737523 0.737523 0.737523
6920 35.355773 35.355773 35.355773 0.737523 0.737523 0.737523
6930 35.355773 35.355773 35.355773 0.737523 0.737523 0.737523
6940 35.355773 35.355773 35.355773 0.737523 0.737523 0.737523
6950 35.355773 35.355773 35.355773 0.737523 0.737523 0.737523
6960 35.355773 35.355773 35.355773 0.737523 0.737523 0.737523
6970 35.355773 35.355773 35.355773 0.737523 0.737523 0.737523
6980 35.355773 35.355773 35.355773 0.737523 0.737523 0.737523
6990 35.355773 35.355773 35.355773 0.737523 0.737523 0.737523
7000 35.355773 35.355773 35.355773 0.737523 0.737523 0.737523
7010 35.355773 35.355773 35.355773 0.737523 0.737523 0.737523
7020 35.355773 35.355773 35.355773 0.737523 0.737523 0.737523
7030 35.355773 35.355773 35.355773 0.737523 0.737523 0.737523
7040 35.355773 35.355773 35.355773 0.737523 0.737523 0.737523
7050 35.355773 35.355773 35.355773 0.737523 0.737523 0.737523
7060 35.355773 35.355773 35.355773 0.737523 0.737523 0.737523
7070 35.355773 35.355773 35.355773 0.737523 0.737523 0.737523
7080 35.355773 35.355773 35.355773 0.737523 0.737523 0.737523
7090 35.355773 35.355773 35.355773 0.737523 0.737523 0.737523
7100 35.355773 35.355773 35.355773 0.737523 0.737523 0.737523
7110 35.355773 35.355773 35.355773 0.737523 0.737523 0.737523
7120 35.355773 35.355773 35.355773 0.737523 0.737523 0.737523
7130 35.355773 35.355773 35.355773 0.737523 0.737523 0.737523
7140 35.355773 35.355773 35.355773 0.737523 0.737523 0.737523
7150 35.355773 35.355773 35.355773 0.737523 0.737523 0.737523
7160 35.355773 35.355773 35.355773 0.737523 0.737523 0.737523
7170 35.355773 35.355773 35.355773 0.737523 0.737523 0.737523
7180 35.355773 35.355773 35.355773 0.737523 0.737523 0.737523
7190 35.355773 35.355773 35.355773 0.737523 0.737523 0.737523
7200 35.355773 35.355773 35.355773 0.737523 0.737523 0.737523
7210 35.355773 35.355773 35.355773 0.737523 0.737523 0.737523
7220 35.355773 35.355773 35.355773 0.737523 0.737523 0.737523
7230 35.355773 35.355773 35.355773 0.737523 0.737523 0.737523
7240 35.355773 35.355773 35.355773 0.737523 0.737523 0.737523
7250 35.355773 35.355773 35.355773 0.737523 0.737523 0.737523
7260 35.355773 35.355773 35.355773 0.737523 0.737523 0.737523
7270 35.355773 35.355773 35.355773 0.737523 0.737523 0.737523
7280 35.355773 35.355773 35.355773 0.737523 0.737523 0.737523
7290 35.355773 35.355773 35.355773 0.737523 0.737523 0.737523
7300 35.355773 35.355773 35.355773 0.737523 0.737523 0.737523
7310 35.355773 35.355773 35.355773 0.737523 0.737523 0.737523
7320 35.355773 35.355773 35.355773 0.737523 0.737523 0.737523
7330 35.355773 35.355773 35.355773 0.737523 0.737523 0.737523
7340 35.355773 35.355773 35.355773 0.737523 0.737523 0.737523
7350 35.355773 35.355773 35.355773 0.737523 0.737523 0.737523
7360 35.355773 35.355773 35.355773 0.737523 0.737523 0.737523
7370 35.355773 35.355773 35.355773 0.737523 0.737523 0.737523
7380 35.355773 35.355773 35.355773 0.737523 0.737523 0.737523
7390 35.355773 35.355773 35.355773 0.737523 0.737523 0.737523
7400 35.355773 35.355773 35.355773 0.737523 0.737523 0.737523
7410 35.355773 35.355773 35.355773 0.737523 0.737523 0.737523
7420 35.355773 35.355773 35.355773 0.737523 0.737523 0.737523
7430 35.355773 35.355773 35.355773 0.737523 0.737523 0.737523
7440 35.355773 35.355773 35.355773 0.737523 0.737523 0.737523
7450 35.355773 35.355773 35.355773 0.737523 0.737523 0.737523
7460 35.355773 35.355773 35.355773 0.737523 0.737523 0.737523
7470 35.355773 35.355773 35.355773 0.737523 0.737523 0.737523
7480 35.355773 35.355773 35.355773 0.737523 0.737523 0.737523
7490 35.355773 35.355773 35.355773 0.737523 0.737523 0.737523
7500 35.355773 35.355773 35.355773 0.737523 0.737523 0.737523
7510 35.355773 35.355773 35.355773 0.737523 0.737523 0.737523
7520 35.355773 35.355773 35.355773 0.737523 0.737523 0.737523
7530 35.355773 35.355773 35.355773 0.737523 0.737523 0.737523
7540 35.355773 35.355773 35.355773 0.737523 0.737523 0.737523
7550 35.355773 35.355773 35.355773 0.737523 0.737523 0.737523
7560 35.355773 35.355773 35.355773 0.737523 0.737523 0.737523
7570 35.355773 35.355773 35.355773 0.737523 0.737523 0.737523
7580 35.355773 35.355773 35.355773 0.737523 0.737523 0.737523
7590 35.355773 35.355773 35.355773 0.737523 0.737523 0.737523
7600 35.355773 35.355773 35.355773 0.737523 0.737523 0.737523
7610 35.355773 35.355773 35.355773 0.737523 0.737523 0.737523
7620 35.355773 35.355773 35.355773 0.737523 0.737523 0.737523
7630 35.355773 35.355773 35.355773 0.737523 0.737523 0.737523
7640 35.355773 35.355773 35.355773 0.737523 0.737523 0.737523
7650 35.355773 35.355773 35.355773 0.737523 0.737523 0.737523
7660 35.355773 35.355773 35.355773 0.737523 0.737523 0.737523
7670 35.355773 35.355773 35.355773 0.737523 0.737523 0.737523
7680 35.355773 35.355773 35.355773 0.737523 0.737523 0.737523
7690 35.355773 35.355773 35.355773 0.737523 0.737523 0.737523
7700 35.355773 35.355773 35.355773 0.737523 0.737523 0.737523
7710 35.355773 35.355773 35.355773 0.737523 0.737523 0.737523
7720 35.355773 35.355773 35.355773 0.737523 0.737523 0.737523
7730 35.355773 35.355773 35.355773 0.737523 0.737523 0.737523
7740 35.355773 35.355773 35.355773 0.737523 0.737523 0.737523
7750 35.355773 35.355773 35.355773 0.737523 0.737523 0.737523
7760 35.355773 35.355773 35.355773 0.737523 0.737523 0.737523
7770 35.355773 35.355773 35.355773 0.737523 0.737523 0.737523
7780 35.355773 35.355773 35.355773 0.737523 0.737523 0.737523
7790 35.355773 35.355773 35.355773 0.737523 0.737523 0.737523
7800 35.355773 35.355773 35.355773 0.737523 0.737523 0.737523
7810 35.355773 35.355773 35.355773 0.737523 0.737523 0.737523
7820 35.355773 35.355773 35.355773 0.737523 0.737523 0.737523
7830 35.355773 35.355773 35.355773 0.737523 0.737523 0.737523
7840 35.355773 35.355773 35.355773 0.737523 0.737523 0.737523
7850 35.355773 35.355773 35.355773 0.737523 0.737523 0.737523
7860 35.355773 35.355773 35.355773 0.737523 0.737523 0.737523
7870 35.355773 35.355773 35.355773 0.737523 0.737523 0.737523
7880 35.355773 35.355773 35.355773 0.737523 0.737523 0.737523
7890 35.355773 35.355773 35.355773 0.737523 0.737523 0.737523
7900 35.355773 35.355773 35.355773 0.737523 0.737523 0.737523
7910 35.355773 35.355773 35.355773 0.737523 0.737523 0.737523
7920 35.355773 35.355773 35.355773 0.737523 0.737523 0.737523
7930 35.355773 35.355773 35.355773 0.737523 0.737523 0.737523
7940 35.355773 35.355773 35.355773 0.737523 0.737523 0.737523
7950 35.355773 35.355773 35.355773 0.737523 0.737523 0.737523
7960 35.355773 35.355773 35.355773 0.737523 0.737523 0.737523
7970 35.355773 35.355773 35.355773 0.737523 0.737523 0.737523
7980 35.355773 35.355773 35.355773 0.737523 0.737523 0.737523
7990 35.355773 35.355773 35.355773 0.737523 0.737523 0.737523
8000 35.355773 35.355773 35.355773 0.737523 0.737523 0.737523
8010 35.355773 35.355773 35.355773 0.737523 0.737523 0.737523
8020 35.355773 35.355773 35.355773 0.737523 0.737523 0.737523
8030 35.355773 35.355773 35.355773 0.737523 0.737523 0.737523
8040 35.355773 35.355773 35.355773 0.737523 0.737523 0.737523
8050 35.355773 35.355773 35.355773 0.737523 0.737523 0.737523
8060 35.355773 35.355773 35.355773 0.737523 0.737523 0.737523
8070 35.355773 35.355773 35.355773 0.737523 0.737523 0.737523
8080 35.355773 35.355773 35.355773 0.737523 0.737523 0.737523
8090 35.355773 35.355773 35.355773 0.737523 0.737523 0.737523
8100 35.355773 35.355773 35.355773 0.737523 0.737523 0.737523
8110 35.355773 35.355773 35.355773 0.737523 0.737523 0.737523
8120 35.355773 35.355773 35.355773 0.737523 0.737523 0.737523
8130 35.355773 35.355773 35.355773 0.737523 0.737523 0.737523
8140 35.355773 35.355773 35.355773 0.737523 0.737523 0.737523
8150 35.355773 35.355773 35.355773 0.737523 0.737523 0.737523
8160 35.355773 35.355773 35.355773 0.737523 0.737523 0.737523
8170 35.355773 35.355773 35.355773 0.737523 0.737523 0.737523
8180 35.355773 35.355773 35.355773 0.737523 0.737523 0.737523
8190 35.355773 35.355773 35.355773 0.737523 0.737523 0.737523
8200 35.355773 35.355773 35.355773 0.737523 0.737523 0.737523
8210 35.355773 35.355773 35.355773 0.737523 0.737523 0.737523
8220 35.355773 35.355773 35.355773 0.737523 0.737523 0.737523
8230 35.355773 35.355773 35.355773 0.737523 0.737523 0.737523
8240 35.355773 35.355773 35.355773 0.737523 0.737523 0.737523
8250 35.355773 35.355773 35.355773 0.737523 0.737523 0.737523
8260 35.355773 35.355773 35.355773 0.737523 0.737523 0.737523
8270 35.355773 35.355773 35.355773 0.737523 0.737523 0.737523
8280 35.355773 35.355773 35.355773 0.737523 0.737523 0.737523
8290 35.355773 35.355773 35.355773 0.737523 0.737523 0.737523
8300 35.355773 35.355773 35.355773 0.737523 0.737523 0.737523
8310 35.355773 35.355773 35.355773 0.737523 0.737523 0.737523
8320 35.355773 35.355773 35.355773 0.737523 0.737523 0.737523
8330 35.355773 35.355773 35.355773 0.737523 0.737523 0.737523
8340 35.355773 35.355773 35.355773 0.737523 0.737523 0.737523
8350 35.355773 35.355773 35.355773 0.737523 0.737523 0.737523
8360 35.355773 35.355773 35.355773 0.737523 0.737523 0.737523
8370 35.355773 35.355773 35.355773 0.737523 0.737523 0.737523
8380 35.355773 35.355773 35.355773 0.737523 0.737523 0.737523
8390 35.355773 35.355773 35.355773 0.737523 0.737523 0.737523
8400 35.355773 35.355773 35.355773 0.737523 0.737523 0.737523
8410 35.355773 35.355773 35.355773 0.737523 0.737523 0.737523
8420 35.355773 35.355773 35.355773 0.737523 0.737523 0.737523
8430 35.355773 35.355773 35.355773 0.737523 0.737523 0.737523
8440 35.355773 35.355773 35.355773 0.737523 0.737523 0.737523
8450 35.355773 35.355773 35.355773 0.737523 0.737523 0.737523
8460 35.355773 35.355773 35.355773 0.737523 0.737523 0.737523
8470 35.355773 35.355773 35.355773 0.737523 0.737523 0.737523
8480 35.355773 35.355773 35.355773 0.737523 0.737523 0.737523
8490 35.355773 35.355773 35.355773 0.737523 0.737523 0.737523
8500 35.355773 35.355773 35.355773 0.737523 0.737523 0.737523
8510 35.355773 35.355773 35.355773 0.737523 0.737523 0.737523
8520 35.355773 35.355773 35.355773 0.737523 0.737523 0.737523
8530 35.355773 35.355773 35.355773 0.737523 0.737523 0.737523
8540 35.355773 35.355773 35.355773 0.737523 0.737523 0.737523
8550 35.355773 35.355773 35.355773 0.737523 0.737523 0.737523
8560 35.355773 35.355773 35.355773 0.737523 0.737523 0.737523
8570 35.355773 35.355773 35.355773 0.737523 0.737523 0.737523
8580 35.355773 35.355773 35.355773 0.737523 0.737523 0.737523
8590 35.355773 35.355773 35.355773 0.737523 0.737523 0.737523
8600 35.355773 35.355773 35.355773 0.737523 0.737523 0.737523
8610 35.355773 35.355773 35.355773 0.737523 0.737523 0.737523
8620 35.355773 35.355773 35.355773 0.737523 0.737523 0.737523
8630 35.355773 35.355773 35.355773 0.737523 0.737523 0.737523
8640 35.355773 35.355773 35.355773 0.737523 0.737523 0.737523
8650 35.355773 35.355773 35.355773 0.737523 0.737523 0.737523
8660 35.355773 35.355773 35.355773 0.737523 0.737523 0.737523
8670 35.355773 35.355773 35.355773 0.737523 0.737523 0.737523
8680 35.355773 35.355773 35.355773 0.737523 0.737523 0.737523
8690 35.355773 35.355773 35.355773 0.737523 0.737523 0.737523
8700 35.355773 35.355773 35.355773 0.737523 0.737523 0.737523
8710 35.355773 35.355773 35.355773 0.737523 0.737523 0.737523
8720 35.355773 35.355773 35.355773 0.737523 0.737523 0.737523
8730 35.355773 35.355773 35.355773 0.737523 0.737523 0.737523
8740 35.355773 35.355773 35.355773 0.737523 0.737523 0.737523
8750 35.355773 35.355773 35.355773 0.737523 0.737523 0.737523
8760 35.355773 35.355773 35.355773 0.737523 0.737523 0.737523
8770 35.355773 35.355773 35.355773 0.737523 0.737523 0.737523
8780 35.355773 35.355773 35.355773 0.737523 0.737523 0.737523
8790 35.355773 35.355773 35.355773 0.737523 0.737523 0.737523
8800 35.355773 35.355773 35.355773 0.737523 0.737523 0.737523
8810 35.355773 35.355773 35.355773 0.737523 0.737523 0.737523
8820 35.355773 35.355773 35.355773 0.737523 0.737523 0.737523
8830 35.355773 35.355773 35.355773 0.737523 0.737523 0.737523
8840 35.355773 35.355773 35.355773 0.737523 0.737523 0.737523
8850 35.355773 35.355773 35.355773 0.737523 0.737523 0.737523
8860 35.355773 35.355773 35.355773 0.737523 0.737523 0.737523
8870 35.355773 35.355773 35.355773 0.737523 0.737523 0.737523
8880 35.355773 35.355773 35.355773 0.737523 0.737523 0.737523
8890 35.355773 35.355773 35.355773 0.737523 0.737523 0.737523
8900 35.355773 35.355773 35.355773 0.737523 0.737523 0.737523
8910 35.355773 35.355773 35.355773 0.737523 0.737523 0.737523
8920 35.355773 35.355773 35.355773 0.737523 0.737523 0.737523
8930 35.355773 35.355773 35.355773 0.737523 0.737523 0.737523
8940 35.355773 35.355773 35.355773 0.737523 0.737523 0.737523
8950 35.355773 35.355773 35.355773 0.737523 0.737523 0.737523
8960 35.355773 35.355773 35.355773 0.737523 0.737523 0.737523
8970 35.355773 35.355773 35.355773 0.737523 0.737523 0.737523
8980 35.355773 35.355773 35.355773 0.737523 0.737523 0.737523
8990 35.355773 35.355773 35.355773 0.737523 0.737523 0.737523
9000 35.355773 35.355773 35.355773 0.737523 0.737523 0.737523
9010 35.355773 35.355773 35.355773 0.737523 0.737523 0.737523
9020 35.355773 35.355773 35.355773 0.737523 0.737523 0.737523
9030 35.355773 35.355773 35.355773 0.737523 0.737523 0.737523
9040 35.355773 35.355773 35.355773 0.737523 0.737523 0.737523
9050 35.355773 35.355773 35.355773 0.737523 0.737523 0.737523
9060 35.355773 35.355773 35.355773 0.737523 0.737523 0.737523
9070 35.355773 35.355773 35.355773 0.737523 0.737523 0.737523
9080 35.355773 35.355773 35.355773 0.737523 0.737523 0.737523
9090 35.355773 35.355773 35.355773 0.737523 0.737523 0.737523
9100 35.355773 35.355773 35.355773 0.737523 0.737523 0.737523
9110 35.355773 35.355773 35.355773 0.737523 0.737523 0.737523
9120 35.355773 35.355773 35.355773 0.737523 0.737523 0.737523
9130 35.355773 35.355773 35.355773 0.737523 0.737523 0.737523
9140 35.355773 35.355773 35.355773 0.737523 0.737523 0.737523
9150 35.355773 35.355773 35.355773 0.737523 0.737523 0.737523
9160 35.355773 35.355773 35.355773 0.737523 0.737523 0.737523
9170 35.355773 35.355773 35.355773 0.737523 0.737523 0.737523
9180 35.355773 35.355773 35.355773 0.737523 0.737523 0.737523
9190 35.355773 35.355773 35.355773 0.737523 0.737523 0.737523
9200 35.355773 35.355773 35.355773 0.737523 0.737523 0.737523
9210 35.355773 35.355773 35.355773 0.737523 0.737523 0.737523
9220 35.355773 35.355773 35.355773 0.737523 0.737523 0.737523
9230 35.355773 35.355773 35.355773 0.737523 0.737523 0.737523
9240 35.355773 35.355773 35.355773 0.737523 0.737523 0.737523
9250 35.355773 35.355773 35.355773 0.737523 0.737523 0.737523
9260 35.355773 35.355773 35.355773 0.737523 0.737523 0.737523
9270 35.355773 35.355773 35.355773 0.737523 0.737523 0.737523
9280 35.355773 35.355773 35.355773 0.737523 0.737523 0.737523
9290 35.355773 35.355773 35.355773 0.737523 0.737523 0.737523
9300 35.355773 35.355773 35.355773 0.737523 0.737523 0.737523
9310 35.355773 35.355773 35.355773 0.737523 0.737523 0.737523
9320 35.355773 35.355773 35.355773 0.737523 0.737523 0.737523
9330 35.355773 35.355773 35.355773 0.737523 0.737523 0.737523
9340 35.355773 35.355773 35.355773 0.737523 0.737523 0.737523
9350 35.355773 35.355773 35.355773 0.737523 0.737523 0.737523
9360 35.355773 35.355773 35.355773 0.737523 0.737523 0.737523
9370 35.355773 35.355773 35.355773 0.737523 0.737523 0.737523
9380 35.355773 35.355773 35.355773 0.737523 0.737523 0.737523
9390 35.355773 35.355773 35.355773 0.737523 0.737523 0.737523
9400 35.355773 35.355773 35.355773 0.737523 0.737523 0.737523
9410 35.355773 35.355773 35.355773 0.737523 0.737523 0.737523
9420 35.355773 35.355773 35.355773 0.737523 0.737523 0.737523
9430 35.355773 35.355773 35.355773 0.737523 0.737523 0.737523
9440 35.355773 35.355773 35.355773 0.737523 0.737523 0.737523
9450 35.355773 35.355773 35.355773 0.737523 0.737523 0.737523
9460 35.355773 35.355773 35.355773 0.737523 0.737523 0.737523
9470 35.355773 35.355773 35.355773 0.737523 0.737523 0.737523
9480 35.355773 35.355773 35.355773 0.737523 0.737523 0.737523
9490 35.355773 35.355773 35.355773 0.737523 0.737523 0.737523
9500 35.355773 35.355773 35.355773 0.737523 0.737523 0.737523
9510 35.355773 35.355773 35.355773 0.737523 0.737523 0.737523
9520 35.355773 35.355773 35.355773 0.737523 0.737523 0.737523
9530 35.355773 35.355773 35.355773 0.737523 0.737523 0.737523
9540 35.355773 35.355773 35.355773 0.737523 0.737523 0.737523
9550 35.355773 35.355773 35.355773 0.737523 0.737523 0.737523
9560 35.355773 35.355773 35.355773 0.737523 0.737523 0.737523
9570 35.355773 35.355773 35.355773 0.737523 0.737523 0.737523
9580 35.355773 35.355773 35.355773 0.737523 0.737523 0.737523
9590 35.355773 35.355773 35.355773 0.737523 0.737523 0.737523
9600 35.355773 35.355773 35.355773 0.737523 0.737523 0.737523
9610 35.355773 35.355773 35.355773 0.737523 0.737523 0.737523
9620 35.355773 35.355773 35.355773 0.737523 0.737523 0.737523
9630 35.355773 35.355773 35.355773 0.737523 0.737523 0.737523
9640 35.355773 35.355773 35.355773 0.737523 0.737523 0.737523
9650 35.355773 35.355773 35.355773 0.737523 0.737523 0.737523
9660 35.355773 35.355773 35.355773 0.737523 0.737523 0.737523
9670 35.355773 35.355773 35.355773 0.737523 0.737523 0.737523
9680 35.355773 35.355773 35.355773 0.737523 0.737523 0.737523
9690 35.355773 35.355773 35.355773 0.737523 0.737523 0.737523
9700 35.355773 35.355773 35.355773 0.737523 0.737523 0.737523
9710 35.355773 35.355773 35.355773 0.737523 0.737523 0.737523
9720 35.355773 35.355773 35.355773 0.737523 0.737523 0.737523
9730 35.355773 35.355773 35.355773 0.737523 0.737523 0.737523
9740 35.355773 35.355773 35.355773 0.737523 0.737523 0.737523
9750 35.355773 35.355773 35.355773 0.737523 0.737523 0.737523
9760 35.355773 35.355773 35.355773 0.737523 0.737523 0.737523
9770 35.355773 35.355773 35.355773 0.737523 0.737523 0.737523
9780 35.355773 35.355773 35.355773 0.737523 0.737523 0.737523
9790 35.355773 35.355773 35.355773 0.737523 0.737523 0.737523
9800 35.355773 35.355773 35.355773 0.737523 0.737523 0.737523
9810 35.355773 35.355773 35.355773 0.737523 0.737523 0.737523
9820 35.355773 35.355773 35.355773 0.737523 0.737523 0.737523
9830 35.355773 35.355773 35.355773 0.737523 0.737523 0.737523
9840 35.355773 35.355773 35.355773 0.737523 0.737523 0.737523
9850 35.355773 35.355773 35.355773 0.737523 0.737523 0.737523
9860 35.355773 35.355773 35.355773 0.737523 0.737523 0.737523
9870 35.355773 35.355773 35.355773 0.737523 0.737523 0.737523
9880 35.355773 35.355773 35.355773 0.737523 0.737523 0.737523
9890 35.355773 35.355773 35.355773 0.737523 0.737523 0.737523
9900 35.355773 35.355773 35.355773 0.737523 0.737523 0.737523
9910 35.355773 35.355773 35.355773 0.737523 0.737523 0.737523
9920 35.355773 35.355773 35.355773 0.737523 0.737523 0.737523
9930 35.355773 35.355773 35.355773 0.737523 0.737523 0.737523
9940 35.355773 35.355773 35.355773 0.737523 0.737523 0.737523
9950 35.355773 35.355773 35.355773 0.737523 0.737523 0.737523
9960 35.355773 35.355773 35.355773 0.737523 0.737523 0.737523
9970 35.355773 35.355773 35.355773 0.737523 0.737523 0.737523
9980 35.355773 35.355773 35.355773 0.737523 0.737523 0.737523
9990 35.355773 35.355773 35.355773 0.737523 0.737523 0.737523
10000 35.355773 35.355773 35.355773 0.737523 0.737523 0.737523
