# generation power_min power_avg power_max util_min util_avg util_max
1 55.343064 54.573869 55.343064 0.973673 1.009509 1.033746
10 55.343064 54.572227 55.343064 0.973673 1.007067 1.026433
20 55.343064 54.542423 55.343064 0.973673 1.005103 1.025025
30 55.000843 54.462859 55.000843 0.985978 1.003703 1.023198
40 55.000843 54.458705 55.000843 0.985978 1.002047 1.018102
50 54.912099 54.412267 54.912099 0.987786 1.001186 1.018102
60 54.799577 54.383219 54.799577 0.988975 1.000425 1.015423
70 54.757520 54.333388 54.757520 0.988975 0.999756 1.015423
80 54.692841 54.267149 54.692841 0.984738 0.999313 1.011438
90 54.595034 54.232613 54.595034 0.984738 0.998899 1.010440
100 54.510955 54.169475 54.510955 0.984738 0.998919 1.009021
110 54.438644 54.101459 54.438644 0.984738 0.999058 1.007496
120 54.375249 54.034792 54.375249 0.984738 0.999275 1.005024
130 54.324041 53.974054 54.324041 0.990146 0.999411 1.004786
140 54.254261 53.923136 54.254261 0.990146 0.999318 1.003646
150 54.166258 53.886448 54.166258 0.994558 0.999439 1.003646
160 54.075564 53.845111 54.075564 0.993412 0.999271 1.002235
170 53.524218 53.806419 53.975393 0.993412 0.999280 1.002235
180 53.524218 53.794992 53.975393 0.993412 0.999002 1.002235
190 53.912509 53.766219 53.912509 0.994558 0.999114 1.003405
200 53.912509 53.732908 53.912509 0.994558 0.999128 1.003405
210 53.912509 53.696829 53.912509 0.994558 0.999120 1.003405
220 53.880646 53.675328 53.880646 0.994558 0.998908 1.003405
230 53.819037 53.657177 53.819037 0.994558 0.998839 1.002140
240 53.720676 53.644676 53.720676 0.995625 0.998842 1.002112
250 53.719819 53.627185 53.719819 0.995625 0.998877 1.002112
260 53.699115 53.613276 53.699115 0.995625 0.998890 1.002112
270 53.695693 53.592500 53.695693 0.995625 0.999027 1.002112
280 53.683530 53.563005 53.683530 0.995625 0.999275 1.002112
290 53.666922 53.538743 53.666922 0.997395 0.999356 1.002112
300 53.611431 53.512707 53.611431 0.997395 0.999458 1.002112
310 53.566887 53.491903 53.566887 0.997497 0.999490 1.001900
320 53.563091 53.465064 53.563091 0.997497 0.999642 1.001900
330 53.563091 53.435170 53.563091 0.997497 0.999870 1.001900
340 53.334699 53.416270 53.524218 0.998294 0.999827 1.001900
350 53.334699 53.412708 53.524218 0.998294 0.999782 1.001900
360 53.334699 53.407909 53.511324 0.998294 0.999733 1.001900
370 53.334699 53.399759 53.467302 0.998294 0.999671 1.000920
380 53.434285 53.394725 53.434285 0.998294 0.999651 1.000335
390 53.403154 53.390816 53.403154 0.998294 0.999625 1.000335
400 53.403154 53.390048 53.403154 0.998294 0.999543 1.000335
410 53.403154 53.387777 53.403154 0.998294 0.999446 1.000335
420 53.403154 53.383455 53.403154 0.998294 0.999456 1.000059
430 53.403154 53.376741 53.403154 0.998294 0.999506 1.000059
440 53.403154 53.372189 53.403154 0.998294 0.999556 1.000059
450 53.403154 53.365324 53.403154 0.998294 0.999627 1.000644
460 53.403154 53.359916 53.403154 0.998294 0.999699 1.000644
470 53.376444 53.355145 53.376444 0.998294 0.999721 1.000644
480 53.376444 53.350290 53.376444 0.998294 0.999742 1.000644
490 53.376444 53.344882 53.376444 0.998294 0.999758 1.000644
500 53.376444 53.338805 53.376444 0.998294 0.999781 1.000644
510 53.376444 53.330494 53.376444 0.998294 0.999804 1.000644
520 53.370558 53.322161 53.370558 0.998294 0.999819 1.000644
530 53.334699 53.313925 53.334699 0.999268 0.999952 1.000644
540 53.307990 53.307990 53.307990 0.999853 1.000025 1.000644
550 53.307990 53.307990 53.307990 0.999853 1.000046 1.000644
560 53.307990 53.307990 53.307990 0.999853 1.000066 1.000644
570 53.273087 53.273087 53.273087 1.000059 1.000059 1.000059
580 53.273087 53.273087 53.273087 1.000059 1.000059 1.000059
590 53.273087 53.273087 53.273087 1.000059 1.000059 1.000059
600 53.273087 53.273087 53.273087 1.000059 1.000059 1.000059
610 53.273087 53.273087 53.273087 1.000059 1.000059 1.000059
620 53.273087 53.273087 53.273087 1.000059 1.000059 1.000059
630 53.273087 53.273087 53.273087 1.000059 1.000059 1.000059
640 53.273087 53.273087 53.273087 1.000059 1.000059 1.000059
650 53.273087 53.273087 53.273087 1.000059 1.000059 1.000059
660 53.273087 53.273087 53.273087 1.000059 1.000059 1.000059
670 53.273087 53.273087 53.273087 1.000059 1.000059 1.000059
680 53.273087 53.273087 53.273087 1.000059 1.000059 1.000059
690 53.273087 53.273087 53.273087 1.000059 1.000059 1.000059
700 53.273087 53.273087 53.273087 1.000059 1.000059 1.000059
710 53.273087 53.273087 53.273087 1.000059 1.000059 1.000059
720 53.273087 53.273087 53.273087 1.000059 1.000059 1.000059
730 53.273087 53.273087 53.273087 1.000059 1.000059 1.000059
740 53.273087 53.273087 53.273087 1.000059 1.000059 1.000059
750 53.273087 53.273087 53.273087 1.000059 1.000059 1.000059
760 53.273087 53.273087 53.273087 1.000059 1.000059 1.000059
770 53.273087 53.273087 53.273087 1.000059 1.000059 1.000059
780 53.273087 53.273087 53.273087 1.000059 1.000059 1.000059
790 53.273087 53.273087 53.273087 1.000059 1.000059 1.000059
800 53.273087 53.273087 53.273087 1.000059 1.000059 1.000059
810 53.273087 53.273087 53.273087 1.000059 1.000059 1.000059
820 53.273087 53.273087 53.273087 1.000059 1.000059 1.000059
830 53.273087 53.273087 53.273087 1.000059 1.000059 1.000059
840 53.273087 53.273087 53.273087 1.000059 1.000059 1.000059
850 53.273087 53.273087 53.273087 1.000059 1.000059 1.000059
860 53.273087 53.273087 53.273087 1.000059 1.000059 1.000059
870 53.273087 53.273087 53.273087 1.000059 1.000059 1.000059
880 53.273087 53.273087 53.273087 1.000059 1.000059 1.000059
890 53.273087 53.273087 53.273087 1.000059 1.000059 1.000059
900 53.273087 53.273087 53.273087 1.000059 1.000059 1.000059
910 53.273087 53.273087 53.273087 1.000059 1.000059 1.000059
920 53.273087 53.273087 53.273087 1.000059 1.000059 1.000059
930 53.273087 53.273087 53.273087 1.000059 1.000059 1.000059
940 53.273087 53.273087 53.273087 1.000059 1.000059 1.000059
950 53.273087 53.273087 53.273087 1.000059 1.000059 1.000059
960 53.273087 53.273087 53.273087 1.000059 1.000059 1.000059
970 53.273087 53.273087 53.273087 1.000059 1.000059 1.000059
980 53.273087 53.273087 53.273087 1.000059 1.000059 1.000059
990 53.273087 53.273087 53.273087 1.000059 1.000059 1.000059
1000 53.273087 53.273087 53.273087 1.000059 1.000059 1.000059
1010 53.273087 53.273087 53.273087 1.000059 1.000059 1.000059
1020 53.273087 53.273087 53.273087 1.000059 1.000059 1.000059
1030 53.273087 53.273087 53.273087 1.000059 1.000059 1.000059
1040 53.273087 53.273087 53.273087 1.000059 1.000059 1.000059
1050 53.273087 53.273087 53.273087 1.000059 1.000059 1.000059
1060 53.273087 53.273087 53.273087 1.000059 1.000059 1.000059
1070 53.273087 53.273087 53.273087 1.000059 1.000059 1.000059
1080 53.273087 53.273087 53.273087 1.000059 1.000059 1.000059
1090 53.273087 53.273087 53.273087 1.000059 1.000059 1.000059
1100 53.273087 53.273087 53.273087 1.000059 1.000059 1.000059
1110 53.273087 53.273087 53.273087 1.000059 1.000059 1.000059
1120 53.273087 53.273087 53.273087 1.000059 1.000059 1.000059
1130 53.273087 53.273087 53.273087 1.000059 1.000059 1.000059
1140 53.273087 53.273087 53.273087 1.000059 1.000059 1.000059
1150 53.273087 53.273087 53.273087 1.000059 1.000059 1.000059
1160 53.273087 53.273087 53.273087 1.000059 1.000059 1.000059
1170 53.273087 53.273087 53.273087 1.000059 1.000059 1.000059
1180 53.273087 53.273087 53.273087 1.000059 1.000059 1.000059
1190 53.273087 53.273087 53.273087 1.000059 1.000059 1.000059
1200 53.273087 53.273087 53.273087 1.000059 1.000059 1.000059
1210 53.273087 53.273087 53.273087 1.000059 1.000059 1.000059
1220 53.273087 53.273087 53.273087 1.000059 1.000059 1.000059
1230 53.273087 53.273087 53.273087 1.000059 1.000059 1.000059
1240 53.273087 53.273087 53.273087 1.000059 1.000059 1.000059
1250 53.273087 53.273087 53.273087 1.000059 1.000059 1.000059
1260 53.273087 53.273087 53.273087 1.000059 1.000059 1.000059
1270 53.273087 53.273087 53.273087 1.000059 1.000059 1.000059
1280 53.273087 53.273087 53.273087 1.000059 1.000059 1.000059
1290 53.273087 53.273087 53.273087 1.000059 1.000059 1.000059
1300 53.273087 53.273087 53.273087 1.000059 1.000059 1.000059
1310 53.273087 53.273087 53.273087 1.000059 1.000059 1.000059
1320 53.273087 53.273087 53.273087 1.000059 1.000059 1.000059
1330 53.273087 53.273087 53.273087 1.000059 1.000059 1.000059
1340 53.273087 53.273087 53.273087 1.000059 1.000059 1.000059
1350 53.273087 53.273087 53.273087 1.000059 1.000059 1.000059
1360 53.273087 53.273087 53.273087 1.000059 1.000059 1.000059
1370 53.273087 53.273087 53.273087 1.000059 1.000059 1.000059
1380 53.273087 53.273087 53.273087 1.000059 1.000059 1.000059
1390 53.273087 53.273087 53.273087 1.000059 1.000059 1.000059
1400 53.273087 53.273087 53.273087 1.000059 1.000059 1.000059
1410 53.273087 53.273087 53.273087 1.000059 1.000059 1.000059
1420 53.273087 53.273087 53.273087 1.000059 1.000059 1.000059
1430 53.273087 53.273087 53.273087 1.000059 1.000059 1.000059
1440 53.273087 53.273087 53.273087 1.000059 1.000059 1.000059
1450 53.273087 53.273087 53.273087 1.000059 1.000059 1.000059
1460 53.273087 53.273087 53.273087 1.000059 1.000059 1.000059
1470 53.273087 53.273087 53.273087 1.000059 1.000059 1.000059
1480 53.273087 53.273087 53.273087 1.000059 1.000059 1.000059
1490 53.273087 53.273087 53.273087 1.000059 1.000059 1.000059
1500 53.273087 53.273087 53.273087 1.000059 1.000059 1.000059
1510 53.273087 53.273087 53.273087 1.000059 1.000059 1.000059
1520 53.273087 53.273087 53.273087 1.000059 1.000059 1.000059
1530 53.273087 53.273087 53.273087 1.000059 1.000059 1.000059
1540 53.273087 53.273087 53.273087 1.000059 1.000059 1.000059
1550 53.273087 53.273087 53.273087 1.000059 1.000059 1.000059
1560 53.273087 53.273087 53.273087 1.000059 1.000059 1.000059
1570 53.273087 53.273087 53.273087 1.000059 1.000059 1.000059
1580 53.273087 53.273087 53.273087 1.000059 1.000059 1.000059
1590 53.273087 53.273087 53.273087 1.000059 1.000059 1.000059
1600 53.273087 53.273087 53.273087 1.000059 1.000059 1.000059
1610 53.273087 53.273087 53.273087 1.000059 1.000059 1.000059
1620 53.273087 53.273087 53.273087 1.000059 1.000059 1.000059
1630 53.273087 53.273087 53.273087 1.000059 1.000059 1.000059
1640 53.273087 53.273087 53.273087 1.000059 1.000059 1.000059
1650 53.273087 53.273087 53.273087 1.000059 1.000059 1.000059
1660 53.273087 53.273087 53.273087 1.000059 1.000059 1.000059
1670 53.273087 53.273087 53.273087 1.000059 1.000059 1.000059
1680 53.273087 53.273087 53.273087 1.000059 1.000059 1.000059
1690 53.273087 53.273087 53.273087 1.000059 1.000059 1.000059
1700 53.273087 53.273087 53.273087 1.000059 1.000059 1.000059
1710 53.273087 53.273087 53.273087 1.000059 1.000059 1.000059
1720 53.273087 53.273087 53.273087 1.000059 1.000059 1.000059
1730 53.273087 53.273087 53.273087 1.000059 1.000059 1.000059
1740 53.273087 53.273087 53.273087 1.000059 1.000059 1.000059
1750 53.273087 53.273087 53.273087 1.000059 1.000059 1.000059
1760 53.273087 53.273087 53.273087 1.000059 1.000059 1.000059
1770 53.273087 53.273087 53.273087 1.000059 1.000059 1.000059
1780 53.273087 53.273087 53.273087 1.000059 1.000059 1.000059
1790 53.273087 53.273087 53.273087 1.000059 1.000059 1.000059
1800 53.273087 53.273087 53.273087 1.000059 1.000059 1.000059
1810 53.273087 53.273087 53.273087 1.000059 1.000059 1.000059
1820 53.273087 53.273087 53.273087 1.000059 1.000059 1.000059
1830 53.273087 53.273087 53.273087 1.000059 1.000059 1.000059
1840 53.273087 53.273087 53.273087 1.000059 1.000059 1.000059
1850 53.273087 53.273087 53.273087 1.000059 1.000059 1.000059
1860 53.273087 53.273087 53.273087 1.000059 1.000059 1.000059
1870 53.273087 53.273087 53.273087 1.000059 1.000059 1.000059
1880 53.273087 53.273087 53.273087 1.000059 1.000059 1.000059
1890 53.273087 53.273087 53.273087 1.000059 1.000059 1.000059
1900 53.273087 53.273087 53.273087 1.000059 1.000059 1.000059
1910 53.273087 53.273087 53.273087 1.000059 1.000059 1.000059
1920 53.273087 53.273087 53.273087 1.000059 1.000059 1.000059
1930 53.273087 53.273087 53.273087 1.000059 1.000059 1.000059
1940 53.273087 53.273087 53.273087 1.000059 1.000059 1.000059
1950 53.273087 53.273087 53.273087 1.000059 1.000059 1.000059
1960 53.273087 53.273087 53.273087 1.000059 1.000059 1.000059
1970 53.273087 53.273087 53.273087 1.000059 1.000059 1.000059
1980 53.273087 53.273087 53.273087 1.000059 1.000059 1.000059
1990 53.273087 53.273087 53.273087 1.000059 1.000059 1.000059
2000 53.273087 53.273087 53.273087 1.000059 1.000059 1.000059
2010 53.273087 53.273087 53.273087 1.000059 1.000059 1.000059
2020 53.273087 53.273087 53.273087 1.000059 1.000059 1.000059
2030 53.273087 53.273087 53.273087 1.000059 1.000059 1.000059
2040 53.273087 53.273087 53.273087 1.000059 1.000059 1.000059
2050 53.273087 53.273087 53.273087 1.000059 1.000059 1.000059
2060 53.273087 53.273087 53.273087 1.000059 1.000059 1.000059
2070 53.273087 53.273087 53.273087 1.000059 1.000059 1.000059
2080 53.273087 53.273087 53.273087 1.000059 1.000059 1.000059
2090 53.273087 53.273087 53.273087 1.000059 1.000059 1.000059
2100 53.273087 53.273087 53.273087 1.000059 1.000059 1.000059
2110 53.273087 53.273087 53.273087 1.000059 1.000059 1.000059
2120 53.273087 53.273087 53.273087 1.000059 1.000059 1.000059
2130 53.273087 53.273087 53.273087 1.000059 1.000059 1.000059
2140 53.273087 53.273087 53.273087 1.000059 1.000059 1.000059
2150 53.273087 53.273087 53.273087 1.000059 1.000059 1.000059
2160 53.273087 53.273087 53.273087 1.000059 1.000059 1.000059
2170 53.273087 53.273087 53.273087 1.000059 1.000059 1.000059
2180 53.273087 53.273087 53.273087 1.000059 1.000059 1.000059
2190 53.273087 53.273087 53.273087 1.000059 1.000059 1.000059
2200 53.273087 53.273087 53.273087 1.000059 1.000059 1.000059
2210 53.273087 53.273087 53.273087 1.000059 1.000059 1.000059
2220 53.273087 53.273087 53.273087 1.000059 1.000059 1.000059
2230 53.273087 53.273087 53.273087 1.000059 1.000059 1.000059
2240 53.273087 53.273087 53.273087 1.000059 1.000059 1.000059
2250 53.273087 53.273087 53.273087 1.000059 1.000059 1.000059
2260 53.273087 53.273087 53.273087 1.000059 1.000059 1.000059
2270 53.273087 53.273087 53.273087 1.000059 1.000059 1.000059
2280 53.273087 53.273087 53.273087 1.000059 1.000059 1.000059
2290 53.273087 53.273087 53.273087 1.000059 1.000059 1.000059
2300 53.273087 53.273087 53.273087 1.000059 1.000059 1.000059
2310 53.273087 53.273087 53.273087 1.000059 1.000059 1.000059
2320 53.273087 53.273087 53.273087 1.000059 1.000059 1.000059
2330 53.273087 53.273087 53.273087 1.000059 1.000059 1.000059
2340 53.273087 53.273087 53.273087 1.000059 1.000059 1.000059
2350 53.273087 53.273087 53.273087 1.000059 1.000059 1.000059
2360 53.273087 53.273087 53.273087 1.000059 1.000059 1.000059
2370 53.273087 53.273087 53.273087 1.000059 1.000059 1.000059
2380 53.273087 53.273087 53.273087 1.000059 1.000059 1.000059
2390 53.273087 53.273087 53.273087 1.000059 1.000059 1.000059
2400 53.273087 53.273087 53.273087 1.000059 1.000059 1.000059
2410 53.273087 53.273087 53.273087 1.000059 1.000059 1.000059
2420 53.273087 53.273087 53.273087 1.000059 1.000059 1.000059
2430 53.273087 53.273087 53.273087 1.000059 1.000059 1.000059
2440 53.273087 53.273087 53.273087 1.000059 1.000059 1.000059
2450 53.273087 53.273087 53.273087 1.000059 1.000059 1.000059
2460 53.273087 53.273087 53.273087 1.000059 1.000059 1.000059
2470 53.273087 53.273087 53.273087 1.000059 1.000059 1.000059
2480 53.273087 53.273087 53.273087 1.000059 1.000059 1.000059
2490 53.273087 53.273087 53.273087 1.000059 1.000059 1.000059
2500 53.273087 53.273087 53.273087 1.000059 1.000059 1.000059
2510 53.273087 53.273087 53.273087 1.000059 1.000059 1.000059
2520 53.273087 53.273087 53.273087 1.000059 1.000059 1.000059
2530 53.273087 53.273087 53.273087 1.000059 1.000059 1.000059
2540 53.273087 53.273087 53.273087 1.000059 1.000059 1.000059
2550 53.273087 53.273087 53.273087 1.000059 1.000059 1.000059
2560 53.273087 53.273087 53.273087 1.000059 1.000059 1.000059
2570 53.273087 53.273087 53.273087 1.000059 1.000059 1.000059
2580 53.273087 53.273087 53.273087 1.000059 1.000059 1.000059
2590 53.273087 53.273087 53.273087 1.000059 1.000059 1.000059
2600 53.273087 53.273087 53.273087 1.000059 1.000059 1.000059
2610 53.273087 53.273087 53.273087 1.000059 1.000059 1.000059
2620 53.273087 53.273087 53.273087 1.000059 1.000059 1.000059
2630 53.273087 53.273087 53.273087 1.000059 1.000059 1.000059
2640 53.273087 53.273087 53.273087 1.000059 1.000059 1.000059
2650 53.273087 53.273087 53.273087 1.000059 1.000059 1.000059
2660 53.273087 53.273087 53.273087 1.000059 1.000059 1.000059
2670 53.273087 53.273087 53.273087 1.000059 1.000059 1.000059
2680 53.273087 53.273087 53.273087 1.000059 1.000059 1.000059
2690 53.273087 53.273087 53.273087 1.000059 1.000059 1.000059
2700 53.273087 53.273087 53.273087 1.000059 1.000059 1.000059
2710 53.273087 53.273087 53.273087 1.000059 1.000059 1.000059
2720 53.273087 53.273087 53.273087 1.000059 1.000059 1.000059
2730 53.273087 53.273087 53.273087 1.000059 1.000059 1.000059
2740 53.273087 53.273087 53.273087 1.000059 1.000059 1.000059
2750 53.273087 53.273087 53.273087 1.000059 1.000059 1.000059
2760 53.273087 53.273087 53.273087 1.000059 1.000059 1.000059
2770 53.273087 53.273087 53.273087 1.000059 1.000059 1.000059
2780 53.273087 53.273087 53.273087 1.000059 1.000059 1.000059
2790 53.273087 53.273087 53.273087 1.000059 1.000059 1.000059
2800 53.273087 53.273087 53.273087 1.000059 1.000059 1.000059
2810 53.273087 53.273087 53.273087 1.000059 1.000059 1.000059
2820 53.273087 53.273087 53.273087 1.000059 1.000059 1.000059
2830 53.273087 53.273087 53.273087 1.000059 1.000059 1.000059
2840 53.273087 53.273087 53.273087 1.000059 1.000059 1.000059
2850 53.273087 53.273087 53.273087 1.000059 1.000059 1.000059
2860 53.273087 53.273087 53.273087 1.000059 1.000059 1.000059
2870 53.273087 53.273087 53.273087 1.000059 1.000059 1.000059
2880 53.273087 53.273087 53.273087 1.000059 1.000059 1.000059
2890 53.273087 53.273087 53.273087 1.000059 1.000059 1.000059
2900 53.273087 53.273087 53.273087 1.000059 1.000059 1.000059
2910 53.273087 53.273087 53.273087 1.000059 1.000059 1.000059
2920 53.273087 53.273087 53.273087 1.000059 1.000059 1.000059
2930 53.273087 53.273087 53.273087 1.000059 1.000059 1.000059
2940 53.273087 53.273087 53.273087 1.000059 1.000059 1.000059
2950 53.273087 53.273087 53.273087 1.000059 1.000059 1.000059
2960 53.273087 53.273087 53.273087 1.000059 1.000059 1.000059
2970 53.273087 53.273087 53.273087 1.000059 1.000059 1.000059
2980 53.273087 53.273087 53.273087 1.000059 1.000059 1.000059
2990 53.273087 53.273087 53.273087 1.000059 1.000059 1.000059
3000 53.273087 53.273087 53.273087 1.000059 1.000059 1.000059
3010 53.273087 53.273087 53.273087 1.000059 1.000059 1.000059
3020 53.273087 53.273087 53.273087 1.000059 1.000059 1.000059
3030 53.273087 53.273087 53.273087 1.000059 1.000059 1.000059
3040 53.273087 53.273087 53.273087 1.000059 1.000059 1.000059
3050 53.273087 53.273087 53.273087 1.000059 1.000059 1.000059
3060 53.273087 53.273087 53.273087 1.000059 1.000059 1.000059
3070 53.273087 53.273087 53.273087 1.000059 1.000059 1.000059
3080 53.273087 53.273087 53.273087 1.000059 1.000059 1.000059
3090 53.273087 53.273087 53.273087 1.000059 1.000059 1.000059
3100 53.273087 53.273087 53.273087 1.000059 1.000059 1.000059
3110 53.273087 53.273087 53.273087 1.000059 1.000059 1.000059
3120 53.273087 53.273087 53.273087 1.000059 1.000059 1.000059
3130 53.273087 53.273087 53.273087 1.000059 1.000059 1.000059
3140 53.273087 53.273087 53.273087 1.000059 1.000059 1.000059
3150 53.273087 53.273087 53.273087 1.000059 1.000059 1.000059
3160 53.273087 53.273087 53.273087 1.000059 1.000059 1.000059
3170 53.273087 53.273087 53.273087 1.000059 1.000059 1.000059
3180 53.273087 53.273087 53.273087 1.000059 1.000059 1.000059
3190 53.273087 53.273087 53.273087 1.000059 1.000059 1.000059
3200 53.273087 53.273087 53.273087 1.000059 1.000059 1.000059
3210 53.273087 53.273087 53.273087 1.000059 1.000059 1.000059
3220 53.273087 53.273087 53.273087 1.000059 1.000059 1.000059
3230 53.273087 53.273087 53.273087 1.000059 1.000059 1.000059
3240 53.273087 53.273087 53.273087 1.000059 1.000059 1.000059
3250 53.273087 53.273087 53.273087 1.000059 1.000059 1.000059
3260 53.273087 53.273087 53.273087 1.000059 1.000059 1.000059
3270 53.273087 53.273087 53.273087 1.000059 1.000059 1.000059
3280 53.273087 53.273087 53.273087 1.000059 1.000059 1.000059
3290 53.273087 53.273087 53.273087 1.000059 1.000059 1.000059
3300 53.273087 53.273087 53.273087 1.000059 1.000059 1.000059
3310 53.273087 53.273087 53.273087 1.000059 1.000059 1.000059
3320 53.273087 53.273087 53.273087 1.000059 1.000059 1.000059
3330 53.273087 53.273087 53.273087 1.000059 1.000059 1.000059
3340 53.273087 53.273087 53.273087 1.000059 1.000059 1.000059
3350 53.273087 53.273087 53.273087 1.000059 1.000059 1.000059
3360 53.273087 53.273087 53.273087 1.000059 1.000059 1.000059
3370 53.273087 53.273087 53.273087 1.000059 1.000059 1.000059
3380 53.273087 53.273087 53.273087 1.000059 1.000059 1.000059
3390 53.273087 53.273087 53.273087 1.000059 1.000059 1.000059
3400 53.273087 53.273087 53.273087 1.000059 1.000059 1.000059
3410 53.273087 53.273087 53.273087 1.000059 1.000059 1.000059
3420 53.273087 53.273087 53.273087 1.000059 1.000059 1.000059
3430 53.273087 53.273087 53.273087 1.000059 1.000059 1.000059
3440 53.273087 53.273087 53.273087 1.000059 1.000059 1.000059
3450 53.273087 53.273087 53.273087 1.000059 1.000059 1.000059
3460 53.273087 53.273087 53.273087 1.000059 1.000059 1.000059
3470 53.273087 53.273087 53.273087 1.000059 1.000059 1.000059
3480 53.273087 53.273087 53.273087 1.000059 1.000059 1.000059
3490 53.273087 53.273087 53.273087 1.000059 1.000059 1.000059
3500 53.273087 53.273087 53.273087 1.000059 1.000059 1.000059
3510 53.273087 53.273087 53.273087 1.000059 1.000059 1.000059
3520 53.273087 53.273087 53.273087 1.000059 1.000059 1.000059
3530 53.273087 53.273087 53.273087 1.000059 1.000059 1.000059
3540 53.273087 53.273087 53.273087 1.000059 1.000059 1.000059
3550 53.273087 53.273087 53.273087 1.000059 1.000059 1.000059
3560 53.273087 53.273087 53.273087 1.000059 1.000059 1.000059
3570 53.273087 53.273087 53.273087 1.000059 1.000059 1.000059
3580 53.273087 53.273087 53.273087 1.000059 1.000059 1.000059
3590 53.273087 53.273087 53.273087 1.000059 1.000059 1.000059
3600 53.273087 53.273087 53.273087 1.000059 1.000059 1.000059
3610 53.273087 53.273087 53.273087 1.000059 1.000059 1.000059
3620 53.273087 53.273087 53.273087 1.000059 1.000059 1.000059
3630 53.273087 53.273087 53.273087 1.000059 1.000059 1.000059
3640 53.273087 53.273087 53.273087 1.000059 1.000059 1.000059
3650 53.273087 53.273087 53.273087 1.000059 1.000059 1.000059
3660 53.273087 53.273087 53.273087 1.000059 1.000059 1.000059
3670 53.273087 53.273087 53.273087 1.000059 1.000059 1.000059
3680 53.273087 53.273087 53.273087 1.000059 1.000059 1.000059
3690 53.273087 53.273087 53.273087 1.000059 1.000059 1.000059
3700 53.273087 53.273087 53.273087 1.000059 1.000059 1.000059
3710 53.273087 53.273087 53.273087 1.000059 1.000059 1.000059
3720 53.273087 53.273087 53.273087 1.000059 1.000059 1.000059
3730 53.273087 53.273087 53.273087 1.000059 1.000059 1.000059
3740 53.273087 53.273087 53.273087 1.000059 1.000059 1.000059
3750 53.273087 53.273087 53.273087 1.000059 1.000059 1.000059
3760 53.273087 53.273087 53.273087 1.000059 1.000059 1.000059
3770 53.273087 53.273087 53.273087 1.000059 1.000059 1.000059
3780 53.273087 53.273087 53.273087 1.000059 1.000059 1.000059
3790 53.273087 53.273087 53.273087 1.000059 1.000059 1.000059
3800 53.273087 53.273087 53.273087 1.000059 1.000059 1.000059
3810 53.273087 53.273087 53.273087 1.000059 1.000059 1.000059
3820 53.273087 53.273087 53.273087 1.000059 1.000059 1.000059
3830 53.273087 53.273087 53.273087 1.000059 1.000059 1.000059
3840 53.273087 53.273087 53.273087 1.000059 1.000059 1.000059
3850 53.273087 53.273087 53.273087 1.000059 1.000059 1.000059
3860 53.273087 53.273087 53.273087 1.000059 1.000059 1.000059
3870 53.273087 53.273087 53.273087 1.000059 1.000059 1.000059
3880 53.273087 53.273087 53.273087 1.000059 1.000059 1.000059
3890 53.273087 53.273087 53.273087 1.000059 1.000059 1.000059
3900 53.273087 53.273087 53.273087 1.000059 1.000059 1.000059
3910 53.273087 53.273087 53.273087 1.000059 1.000059 1.000059
3920 53.273087 53.273087 53.273087 1.000059 1.000059 1.000059
3930 53.273087 53.273087 53.273087 1.000059 1.000059 1.000059
3940 53.273087 53.273087 53.273087 1.000059 1.000059 1.000059
3950 53.273087 53.273087 53.273087 1.000059 1.000059 1.000059
3960 53.273087 53.273087 53.273087 1.000059 1.000059 1.000059
3970 53.273087 53.273087 53.273087 1.000059 1.000059 1.000059
3980 53.273087 53.273087 53.273087 1.000059 1.000059 1.000059
3990 53.273087 53.273087 53.273087 1.000059 1.000059 1.000059
4000 53.273087 53.273087 53.273087 1.000059 1.000059 1.000059
4010 53.273087 53.273087 53.273087 1.000059 1.000059 1.000059
4020 53.273087 53.273087 53.273087 1.000059 1.000059 1.000059
4030 53.273087 53.273087 53.273087 1.000059 1.000059 1.000059
4040 53.273087 53.273087 53.273087 1.000059 1.000059 1.000059
4050 53.273087 53.273087 53.273087 1.000059 1.000059 1.000059
4060 53.273087 53.273087 53.273087 1.000059 1.000059 1.000059
4070 53.273087 53.273087 53.273087 1.000059 1.000059 1.000059
4080 53.273087 53.273087 53.273087 1.000059 1.000059 1.000059
4090 53.273087 53.273087 53.273087 1.000059 1.000059 1.000059
4100 53.273087 53.273087 53.273087 1.000059 1.000059 1.000059
4110 53.273087 53.273087 53.273087 1.000059 1.000059 1.000059
4120 53.273087 53.273087 53.273087 1.000059 1.000059 1.000059
4130 53.273087 53.273087 53.273087 1.000059 1.000059 1.000059
4140 53.273087 53.273087 53.273087 1.000059 1.000059 1.000059
4150 53.273087 53.273087 53.273087 1.000059 1.000059 1.000059
4160 53.273087 53.273087 53.273087 1.000059 1.000059 1.000059
4170 53.273087 53.273087 53.273087 1.000059 1.000059 1.000059
4180 53.273087 53.273087 53.273087 1.000059 1.000059 1.000059
4190 53.273087 53.273087 53.273087 1.000059 1.000059 1.000059
4200 53.273087 53.273087 53.273087 1.000059 1.000059 1.000059
4210 53.273087 53.273087 53.273087 1.000059 1.000059 1.000059
4220 53.273087 53.273087 53.273087 1.000059 1.000059 1.000059
4230 53.273087 53.273087 53.273087 1.000059 1.000059 1.000059
4240 53.273087 53.273087 53.273087 1.000059 1.000059 1.000059
4250 53.273087 53.273087 53.273087 1.000059 1.000059 1.000059
4260 53.273087 53.273087 53.273087 1.000059 1.000059 1.000059
4270 53.273087 53.273087 53.273087 1.000059 1.000059 1.000059
4280 53.273087 53.273087 53.273087 1.000059 1.000059 1.000059
4290 53.273087 53.273087 53.273087 1.000059 1.000059 1.000059
4300 53.273087 53.273087 53.273087 1.000059 1.000059 1.000059
4310 53.273087 53.273087 53.273087 1.000059 1.000059 1.000059
4320 53.273087 53.273087 53.273087 1.000059 1.000059 1.000059
4330 53.273087 53.273087 53.273087 1.000059 1.000059 1.000059
4340 53.273087 53.273087 53.273087 1.000059 1.000059 1.000059
4350 53.273087 53.273087 53.273087 1.000059 1.000059 1.000059
4360 53.273087 53.273087 53.273087 1.000059 1.000059 1.000059
4370 53.273087 53.273087 53.273087 1.000059 1.000059 1.000059
4380 53.273087 53.273087 53.273087 1.000059 1.000059 1.000059
4390 53.273087 53.273087 53.273087 1.000059 1.000059 1.000059
4400 53.273087 53.273087 53.273087 1.000059 1.000059 1.000059
4410 53.273087 53.273087 53.273087 1.000059 1.000059 1.000059
4420 53.273087 53.273087 53.273087 1.000059 1.000059 1.000059
4430 53.273087 53.273087 53.273087 1.000059 1.000059 1.000059
4440 53.273087 53.273087 53.273087 1.000059 1.000059 1.000059
4450 53.273087 53.273087 53.273087 1.000059 1.000059 1.000059
4460 53.273087 53.273087 53.273087 1.000059 1.000059 1.000059
4470 53.273087 53.273087 53.273087 1.000059 1.000059 1.000059
4480 53.273087 53.273087 53.273087 1.000059 1.000059 1.000059
4490 53.273087 53.273087 53.273087 1.000059 1.000059 1.000059
4500 53.273087 53.273087 53.273087 1.000059 1.000059 1.000059
4510 53.273087 53.273087 53.273087 1.000059 1.000059 1.000059
4520 53.273087 53.273087 53.273087 1.000059 1.000059 1.000059
4530 53.273087 53.273087 53.273087 1.000059 1.000059 1.000059
4540 53.273087 53.273087 53.273087 1.000059 1.000059 1.000059
4550 53.273087 53.273087 53.273087 1.000059 1.000059 1.000059
4560 53.273087 53.273087 53.273087 1.000059 1.000059 1.000059
4570 53.273087 53.273087 53.273087 1.000059 1.000059 1.000059
4580 53.273087 53.273087 53.273087 1.000059 1.000059 1.000059
4590 53.273087 53.273087 53.273087 1.000059 1.000059 1.000059
4600 53.273087 53.273087 53.273087 1.000059 1.000059 1.000059
4610 53.273087 53.273087 53.273087 1.000059 1.000059 1.000059
4620 53.273087 53.273087 53.273087 1.000059 1.000059 1.000059
4630 53.273087 53.273087 53.273087 1.000059 1.000059 1.000059
4640 53.273087 53.273087 53.273087 1.000059 1.000059 1.000059
4650 53.273087 53.273087 53.273087 1.000059 1.000059 1.000059
4660 53.273087 53.273087 53.273087 1.000059 1.000059 1.000059
4670 53.273087 53.273087 53.273087 1.000059 1.000059 1.000059
4680 53.273087 53.273087 53.273087 1.000059 1.000059 1.000059
4690 53.273087 53.273087 53.273087 1.000059 1.000059 1.000059
4700 53.273087 53.273087 53.273087 1.000059 1.000059 1.000059
4710 53.273087 53.273087 53.273087 1.000059 1.000059 1.000059
4720 53.273087 53.273087 53.273087 1.000059 1.000059 1.000059
4730 53.273087 53.273087 53.273087 1.000059 1.000059 1.000059
4740 53.273087 53.273087 53.273087 1.000059 1.000059 1.000059
4750 53.273087 53.273087 53.273087 1.000059 1.000059 1.000059
4760 53.273087 53.273087 53.273087 1.000059 1.000059 1.000059
4770 53.273087 53.273087 53.273087 1.000059 1.000059 1.000059
4780 53.273087 53.273087 53.273087 1.000059 1.000059 1.000059
4790 53.273087 53.273087 53.273087 1.000059 1.000059 1.000059
4800 53.273087 53.273087 53.273087 1.000059 1.000059 1.000059
4810 53.273087 53.273087 53.273087 1.000059 1.000059 1.000059
4820 53.273087 53.273087 53.273087 1.000059 1.000059 1.000059
4830 53.273087 53.273087 53.273087 1.000059 1.000059 1.000059
4840 53.273087 53.273087 53.273087 1.000059 1.000059 1.000059
4850 53.273087 53.273087 53.273087 1.000059 1.000059 1.000059
4860 53.273087 53.273087 53.273087 1.000059 1.000059 1.000059
4870 53.273087 53.273087 53.273087 1.000059 1.000059 1.000059
4880 53.273087 53.273087 53.273087 1.000059 1.000059 1.000059
4890 53.273087 53.273087 53.273087 1.000059 1.000059 1.000059
4900 53.273087 53.273087 53.273087 1.000059 1.000059 1.000059
4910 53.273087 53.273087 53.273087 1.000059 1.000059 1.000059
4920 53.273087 53.273087 53.273087 1.000059 1.000059 1.000059
4930 53.273087 53.273087 53.273087 1.000059 1.000059 1.000059
4940 53.273087 53.273087 53.273087 1.000059 1.000059 1.000059
4950 53.273087 53.273087 53.273087 1.000059 1.000059 1.000059
4960 53.273087 53.273087 53.273087 1.000059 1.000059 1.000059
4970 53.273087 53.273087 53.273087 1.000059 1.000059 1.000059
4980 53.273087 53.273087 53.273087 1.000059 1.000059 1.000059
4990 53.273087 53.273087 53.273087 1.000059 1.000059 1.000059
5000 53.273087 53.273087 53.273087 1.000059 1.000059 1.000059
5010 53.273087 53.273087 53.273087 1.000059 1.000059 1.000059
5020 53.273087 53.273087 53.273087 1.000059 1.000059 1.000059
5030 53.273087 53.273087 53.273087 1.000059 1.000059 1.000059
5040 53.273087 53.273087 53.273087 1.000059 1.000059 1.000059
5050 53.273087 53.273087 53.273087 1.000059 1.000059 1.000059
5060 53.273087 53.273087 53.273087 1.000059 1.000059 1.000059
5070 53.273087 53.273087 53.273087 1.000059 1.000059 1.000059
5080 53.273087 53.273087 53.273087 1.000059 1.000059 1.000059
5090 53.273087 53.273087 53.273087 1.000059 1.000059 1.000059
5100 53.273087 53.273087 53.273087 1.000059 1.000059 1.000059
5110 53.273087 53.273087 53.273087 1.000059 1.000059 1.000059
5120 53.273087 53.273087 53.273087 1.000059 1.000059 1.000059
5130 53.273087 53.273087 53.273087 1.000059 1.000059 1.000059
5140 53.273087 53.273087 53.273087 1.000059 1.000059 1.000059
5150 53.273087 53.273087 53.273087 1.000059 1.000059 1.000059
5160 53.273087 53.273087 53.273087 1.000059 1.000059 1.000059
5170 53.273087 53.273087 53.273087 1.000059 1.000059 1.000059
5180 53.273087 53.273087 53.273087 1.000059 1.000059 1.000059
5190 53.273087 53.273087 53.273087 1.000059 1.000059 1.000059
5200 53.273087 53.273087 53.273087 1.000059 1.000059 1.000059
5210 53.273087 53.273087 53.273087 1.000059 1.000059 1.000059
5220 53.273087 53.273087 53.273087 1.000059 1.000059 1.000059
5230 53.273087 53.273087 53.273087 1.000059 1.000059 1.000059
5240 53.273087 53.273087 53.273087 1.000059 1.000059 1.000059
5250 53.273087 53.273087 53.273087 1.000059 1.000059 1.000059
5260 53.273087 53.273087 53.273087 1.000059 1.000059 1.000059
5270 53.273087 53.273087 53.273087 1.000059 1.000059 1.000059
5280 53.273087 53.273087 53.273087 1.000059 1.000059 1.000059
5290 53.273087 53.273087 53.273087 1.000059 1.000059 1.000059
5300 53.273087 53.273087 53.273087 1.000059 1.000059 1.000059
5310 53.273087 53.273087 53.273087 1.000059 1.000059 1.000059
5320 53.273087 53.273087 53.273087 1.000059 1.000059 1.000059
5330 53.273087 53.273087 53.273087 1.000059 1.000059 1.000059
5340 53.273087 53.273087 53.273087 1.000059 1.000059 1.000059
5350 53.273087 53.273087 53.273087 1.000059 1.000059 1.000059
5360 53.273087 53.273087 53.273087 1.000059 1.000059 1.000059
5370 53.273087 53.273087 53.273087 1.000059 1.000059 1.000059
5380 53.273087 53.273087 53.273087 1.000059 1.000059 1.000059
5390 53.273087 53.273087 53.273087 1.000059 1.000059 1.000059
5400 53.273087 53.273087 53.273087 1.000059 1.000059 1.000059
5410 53.273087 53.273087 53.273087 1.000059 1.000059 1.000059
5420 53.273087 53.273087 53.273087 1.000059 1.000059 1.000059
5430 53.273087 53.273087 53.273087 1.000059 1.000059 1.000059
5440 53.273087 53.273087 53.273087 1.000059 1.000059 1.000059
5450 53.273087 53.273087 53.273087 1.000059 1.000059 1.000059
5460 53.273087 53.273087 53.273087 1.000059 1.000059 1.000059
5470 53.273087 53.273087 53.273087 1.000059 1.000059 1.000059
5480 53.273087 53.273087 53.273087 1.000059 1.000059 1.000059
5490 53.273087 53.273087 53.273087 1.000059 1.000059 1.000059
5500 53.273087 53.273087 53.273087 1.000059 1.000059 1.000059
5510 53.273087 53.273087 53.273087 1.000059 1.000059 1.000059
5520 53.273087 53.273087 53.273087 1.000059 1.000059 1.000059
5530 53.273087 53.273087 53.273087 1.000059 1.000059 1.000059
5540 53.273087 53.273087 53.273087 1.000059 1.000059 1.000059
5550 53.273087 53.273087 53.273087 1.000059 1.000059 1.000059
5560 53.273087 53.273087 53.273087 1.000059 1.000059 1.000059
5570 53.273087 53.273087 53.273087 1.000059 1.000059 1.000059
5580 53.273087 53.273087 53.273087 1.000059 1.000059 1.000059
5590 53.273087 53.273087 53.273087 1.000059 1.000059 1.000059
5600 53.273087 53.273087 53.273087 1.000059 1.000059 1.000059
5610 53.273087 53.273087 53.273087 1.000059 1.000059 1.000059
5620 53.273087 53.273087 53.273087 1.000059 1.000059 1.000059
5630 53.273087 53.273087 53.273087 1.000059 1.000059 1.000059
5640 53.273087 53.273087 53.273087 1.000059 1.000059 1.000059
5650 53.273087 53.273087 53.273087 1.000059 1.000059 1.000059
5660 53.273087 53.273087 53.273087 1.000059 1.000059 1.000059
5670 53.273087 53.273087 53.273087 1.000059 1.000059 1.000059
5680 53.273087 53.273087 53.273087 1.000059 1.000059 1.000059
5690 53.273087 53.273087 53.273087 1.000059 1.000059 1.000059
5700 53.273087 53.273087 53.273087 1.000059 1.000059 1.000059
5710 53.273087 53.273087 53.273087 1.000059 1.000059 1.000059
5720 53.273087 53.273087 53.273087 1.000059 1.000059 1.000059
5730 53.273087 53.273087 53.273087 1.000059 1.000059 1.000059
5740 53.273087 53.273087 53.273087 1.000059 1.000059 1.000059
5750 53.273087 53.273087 53.273087 1.000059 1.000059 1.000059
5760 53.273087 53.273087 53.273087 1.000059 1.000059 1.000059
5770 53.273087 53.273087 53.273087 1.000059 1.000059 1.000059
5780 53.273087 53.273087 53.273087 1.000059 1.000059 1.000059
5790 53.273087 53.273087 53.273087 1.000059 1.000059 1.000059
5800 53.273087 53.273087 53.273087 1.000059 1.000059 1.000059
5810 53.273087 53.273087 53.273087 1.000059 1.000059 1.000059
5820 53.273087 53.273087 53.273087 1.000059 1.000059 1.000059
5830 53.273087 53.273087 53.273087 1.000059 1.000059 1.000059
5840 53.273087 53.273087 53.273087 1.000059 1.000059 1.000059
5850 53.273087 53.273087 53.273087 1.000059 1.000059 1.000059
5860 53.273087 53.273087 53.273087 1.000059 1.000059 1.000059
5870 53.273087 53.273087 53.273087 1.000059 1.000059 1.000059
5880 53.273087 53.273087 53.273087 1.000059 1.000059 1.000059
5890 53.273087 53.273087 53.273087 1.000059 1.000059 1.000059
5900 53.273087 53.273087 53.273087 1.000059 1.000059 1.000059
5910 53.273087 53.273087 53.273087 1.000059 1.000059 1.000059
5920 53.273087 53.273087 53.273087 1.000059 1.000059 1.000059
5930 53.273087 53.273087 53.273087 1.000059 1.000059 1.000059
5940 53.273087 53.273087 53.273087 1.000059 1.000059 1.000059
5950 53.273087 53.273087 53.273087 1.000059 1.000059 1.000059
5960 53.273087 53.273087 53.273087 1.000059 1.000059 1.000059
5970 53.273087 53.273087 53.273087 1.000059 1.000059 1.000059
5980 53.273087 53.273087 53.273087 1.000059 1.000059 1.000059
5990 53.273087 53.273087 53.273087 1.000059 1.000059 1.000059
6000 53.273087 53.273087 53.273087 1.000059 1.000059 1.000059
6010 53.273087 53.273087 53.273087 1.000059 1.000059 1.000059
6020 53.273087 53.273087 53.273087 1.000059 1.000059 1.000059
6030 53.273087 53.273087 53.273087 1.000059 1.000059 1.000059
6040 53.273087 53.273087 53.273087 1.000059 1.000059 1.000059
6050 53.273087 53.273087 53.273087 1.000059 1.000059 1.000059
6060 53.273087 53.273087 53.273087 1.000059 1.000059 1.000059
6070 53.273087 53.273087 53.273087 1.000059 1.000059 1.000059
6080 53.273087 53.273087 53.273087 1.000059 1.000059 1.000059
6090 53.273087 53.273087 53.273087 1.000059 1.000059 1.000059
6100 53.273087 53.273087 53.273087 1.000059 1.000059 1.000059
6110 53.273087 53.273087 53.273087 1.000059 1.000059 1.000059
6120 53.273087 53.273087 53.273087 1.000059 1.000059 1.000059
6130 53.273087 53.273087 53.273087 1.000059 1.000059 1.000059
6140 53.273087 53.273087 53.273087 1.000059 1.000059 1.000059
6150 53.273087 53.273087 53.273087 1.000059 1.000059 1.000059
6160 53.273087 53.273087 53.273087 1.000059 1.000059 1.000059
6170 53.273087 53.273087 53.273087 1.000059 1.000059 1.000059
6180 53.273087 53.273087 53.273087 1.000059 1.000059 1.000059
6190 53.273087 53.273087 53.273087 1.000059 1.000059 1.000059
6200 53.273087 53.273087 53.273087 1.000059 1.000059 1.000059
6210 53.273087 53.273087 53.273087 1.000059 1.000059 1.000059
6220 53.273087 53.273087 53.273087 1.000059 1.000059 1.000059
6230 53.273087 53.273087 53.273087 1.000059 1.000059 1.000059
6240 53.273087 53.273087 53.273087 1.000059 1.000059 1.000059
6250 53.273087 53.273087 53.273087 1.000059 1.000059 1.000059
6260 53.273087 53.273087 53.273087 1.000059 1.000059 1.000059
6270 53.273087 53.273087 53.273087 1.000059 1.000059 1.000059
6280 53.273087 53.273087 53.273087 1.000059 1.000059 1.000059
6290 53.273087 53.273087 53.273087 1.000059 1.000059 1.000059
6300 53.273087 53.273087 53.273087 1.000059 1.000059 1.000059
6310 53.273087 53.273087 53.273087 1.000059 1.000059 1.000059
6320 53.273087 53.273087 53.273087 1.000059 1.000059 1.000059
6330 53.273087 53.273087 53.273087 1.000059 1.000059 1.000059
6340 53.273087 53.273087 53.273087 1.000059 1.000059 1.000059
6350 53.273087 53.273087 53.273087 1.000059 1.000059 1.000059
6360 53.273087 53.273087 53.273087 1.000059 1.000059 1.000059
6370 53.273087 53.273087 53.273087 1.000059 1.000059 1.000059
6380 53.273087 53.273087 53.273087 1.000059 1.000059 1.000059
6390 53.273087 53.273087 53.273087 1.000059 1.000059 1.000059
6400 53.273087 53.273087 53.273087 1.000059 1.000059 1.000059
6410 53.273087 53.273087 53.273087 1.000059 1.000059 1.000059
6420 53.273087 53.273087 53.273087 1.000059 1.000059 1.000059
6430 53.273087 53.273087 53.273087 1.000059 1.000059 1.000059
6440 53.273087 53.273087 53.273087 1.000059 1.000059 1.000059
6450 53.273087 53.273087 53.273087 1.000059 1.000059 1.000059
6460 53.273087 53.273087 53.273087 1.000059 1.000059 1.000059
6470 53.273087 53.273087 53.273087 1.000059 1.000059 1.000059
6480 53.273087 53.273087 53.273087 1.000059 1.000059 1.000059
6490 53.273087 53.273087 53.273087 1.000059 1.000059 1.000059
6500 53.273087 53.273087 53.273087 1.000059 1.000059 1.000059
6510 53.273087 53.273087 53.273087 1.000059 1.000059 1.000059
6520 53.273087 53.273087 53.273087 1.000059 1.000059 1.000059
6530 53.273087 53.273087 53.273087 1.000059 1.000059 1.000059
6540 53.273087 53.273087 53.273087 1.000059 1.000059 1.000059
6550 53.273087 53.273087 53.273087 1.000059 1.000059 1.000059
6560 53.273087 53.273087 53.273087 1.000059 1.000059 1.000059
6570 53.273087 53.273087 53.273087 1.000059 1.000059 1.000059
6580 53.273087 53.273087 53.273087 1.000059 1.000059 1.000059
6590 53.273087 53.273087 53.273087 1.000059 1.000059 1.000059
6600 53.273087 53.273087 53.273087 1.000059 1.000059 1.000059
6610 53.273087 53.273087 53.273087 1.000059 1.000059 1.000059
6620 53.273087 53.273087 53.273087 1.000059 1.000059 1.000059
6630 53.273087 53.273087 53.273087 1.000059 1.000059 1.000059
6640 53.273087 53.273087 53.273087 1.000059 1.000059 1.000059
6650 53.273087 53.273087 53.273087 1.000059 1.000059 1.000059
6660 53.273087 53.273087 53.273087 1.000059 1.000059 1.000059
6670 53.273087 53.273087 53.273087 1.000059 1.000059 1.000059
6680 53.273087 53.273087 53.273087 1.000059 1.000059 1.000059
6690 53.273087 53.273087 53.273087 1.000059 1.000059 1.000059
6700 53.273087 53.273087 53.273087 1.000059 1.000059 1.000059
6710 53.273087 53.273087 53.273087 1.000059 1.000059 1.000059
6720 53.273087 53.273087 53.273087 1.000059 1.000059 1.000059
6730 53.273087 53.273087 53.273087 1.000059 1.000059 1.000059
6740 53.273087 53.273087 53.273087 1.000059 1.000059 1.000059
6750 53.273087 53.273087 53.273087 1.000059 1.000059 1.000059
6760 53.273087 53.273087 53.273087 1.000059 1.000059 1.000059
6770 53.273087 53.273087 53.273087 1.000059 1.000059 1.000059
6780 53.273087 53.273087 53.273087 1.000059 1.000059 1.000059
6790 53.273087 53.273087 53.273087 1.000059 1.000059 1.000059
6800 53.273087 53.273087 53.273087 1.000059 1.000059 1.000059
6810 53.273087 53.273087 53.273087 1.000059 1.000059 1.000059
6820 53.273087 53.273087 53.273087 1.000059 1.000059 1.000059
6830 53.273087 53.273087 53.273087 1.000059 1.000059 1.000059
6840 53.273087 53.273087 53.273087 1.000059 1.000059 1.000059
6850 53.273087 53.273087 53.273087 1.000059 1.000059 1.000059
6860 53.273087 53.273087 53.273087 1.000059 1.000059 1.000059
6870 53.273087 53.273087 53.273087 1.000059 1.000059 1.000059
6880 53.273087 53.273087 53.273087 1.000059 1.000059 1.000059
6890 53.273087 53.273087 53.273087 1.000059 1.000059 1.000059
6900 53.273087 53.273087 53.273087 1.000059 1.000059 1.000059
6910 53.273087 53.273087 53.273087 1.000059 1.000059 1.000059
6920 53.273087 53.273087 53.273087 1.000059 1.000059 1.000059
6930 53.273087 53.273087 53.273087 1.000059 1.000059 1.000059
6940 53.273087 53.273087 53.273087 1.000059 1.000059 1.000059
6950 53.273087 53.273087 53.273087 1.000059 1.000059 1.000059
6960 53.273087 53.273087 53.273087 1.000059 1.000059 1.000059
6970 53.273087 53.273087 53.273087 1.000059 1.000059 1.000059
6980 53.273087 53.273087 53.273087 1.000059 1.000059 1.000059
6990 53.273087 53.273087 53.273087 1.000059 1.000059 1.000059
7000 53.273087 53.273087 53.273087 1.000059 1.000059 1.000059
7010 53.273087 53.273087 53.273087 1.000059 1.000059 1.000059
7020 53.273087 53.273087 53.273087 1.000059 1.000059 1.000059
7030 53.273087 53.273087 53.273087 1.000059 1.000059 1.000059
7040 53.273087 53.273087 53.273087 1.000059 1.000059 1.000059
7050 53.273087 53.273087 53.273087 1.000059 1.000059 1.000059
7060 53.273087 53.273087 53.273087 1.000059 1.000059 1.000059
7070 53.273087 53.273087 53.273087 1.000059 1.000059 1.000059
7080 53.273087 53.273087 53.273087 1.000059 1.000059 1.000059
7090 53.273087 53.273087 53.273087 1.000059 1.000059 1.000059
7100 53.273087 53.273087 53.273087 1.000059 1.000059 1.000059
7110 53.273087 53.273087 53.273087 1.000059 1.000059 1.000059
7120 53.273087 53.273087 53.273087 1.000059 1.000059 1.000059
7130 53.273087 53.273087 53.273087 1.000059 1.000059 1.000059
7140 53.273087 53.273087 53.273087 1.000059 1.000059 1.000059
7150 53.273087 53.273087 53.273087 1.000059 1.000059 1.000059
7160 53.273087 53.273087 53.273087 1.000059 1.000059 1.000059
7170 53.273087 53.273087 53.273087 1.000059 1.000059 1.000059
7180 53.273087 53.273087 53.273087 1.000059 1.000059 1.000059
7190 53.273087 53.273087 53.273087 1.000059 1.000059 1.000059
7200 53.273087 53.273087 53.273087 1.000059 1.000059 1.000059
7210 53.273087 53.273087 53.273087 1.000059 1.000059 1.000059
7220 53.273087 53.273087 53.273087 1.000059 1.000059 1.000059
7230 53.273087 53.273087 53.273087 1.000059 1.000059 1.000059
7240 53.273087 53.273087 53.273087 1.000059 1.000059 1.000059
7250 53.273087 53.273087 53.273087 1.000059 1.000059 1.000059
7260 53.273087 53.273087 53.273087 1.000059 1.000059 1.000059
7270 53.273087 53.273087 53.273087 1.000059 1.000059 1.000059
7280 53.273087 53.273087 53.273087 1.000059 1.000059 1.000059
7290 53.273087 53.273087 53.273087 1.000059 1.000059 1.000059
7300 53.273087 53.273087 53.273087 1.000059 1.000059 1.000059
7310 53.273087 53.273087 53.273087 1.000059 1.000059 1.000059
7320 53.273087 53.273087 53.273087 1.000059 1.000059 1.000059
7330 53.273087 53.273087 53.273087 1.000059 1.000059 1.000059
7340 53.273087 53.273087 53.273087 1.000059 1.000059 1.000059
7350 53.273087 53.273087 53.273087 1.000059 1.000059 1.000059
7360 53.273087 53.273087 53.273087 1.000059 1.000059 1.000059
7370 53.273087 53.273087 53.273087 1.000059 1.000059 1.000059
7380 53.273087 53.273087 53.273087 1.000059 1.000059 1.000059
7390 53.273087 53.273087 53.273087 1.000059 1.000059 1.000059
7400 53.273087 53.273087 53.273087 1.000059 1.000059 1.000059
7410 53.273087 53.273087 53.273087 1.000059 1.000059 1.000059
7420 53.273087 53.273087 53.273087 1.000059 1.000059 1.000059
7430 53.273087 53.273087 53.273087 1.000059 1.000059 1.000059
7440 53.273087 53.273087 53.273087 1.000059 1.000059 1.000059
7450 53.273087 53.273087 53.273087 1.000059 1.000059 1.000059
7460 53.273087 53.273087 53.273087 1.000059 1.000059 1.000059
7470 53.273087 53.273087 53.273087 1.000059 1.000059 1.000059
7480 53.273087 53.273087 53.273087 1.000059 1.000059 1.000059
7490 53.273087 53.273087 53.273087 1.000059 1.000059 1.000059
7500 53.273087 53.273087 53.273087 1.000059 1.000059 1.000059
7510 53.273087 53.273087 53.273087 1.000059 1.000059 1.000059
7520 53.273087 53.273087 53.273087 1.000059 1.000059 1.000059
7530 53.273087 53.273087 53.273087 1.000059 1.000059 1.000059
7540 53.273087 53.273087 53.273087 1.000059 1.000059 1.000059
7550 53.273087 53.273087 53.273087 1.000059 1.000059 1.000059
7560 53.273087 53.273087 53.273087 1.000059 1.000059 1.000059
7570 53.273087 53.273087 53.273087 1.000059 1.000059 1.000059
7580 53.273087 53.273087 53.273087 1.000059 1.000059 1.000059
7590 53.273087 53.273087 53.273087 1.000059 1.000059 1.000059
7600 53.273087 53.273087 53.273087 1.000059 1.000059 1.000059
7610 53.273087 53.273087 53.273087 1.000059 1.000059 1.000059
7620 53.273087 53.273087 53.273087 1.000059 1.000059 1.000059
7630 53.273087 53.273087 53.273087 1.000059 1.000059 1.000059
7640 53.273087 53.273087 53.273087 1.000059 1.000059 1.000059
7650 53.273087 53.273087 53.273087 1.000059 1.000059 1.000059
7660 53.273087 53.273087 53.273087 1.000059 1.000059 1.000059
7670 53.273087 53.273087 53.273087 1.000059 1.000059 1.000059
7680 53.273087 53.273087 53.273087 1.000059 1.000059 1.000059
7690 53.273087 53.273087 53.273087 1.000059 1.000059 1.000059
7700 53.273087 53.273087 53.273087 1.000059 1.000059 1.000059
7710 53.273087 53.273087 53.273087 1.000059 1.000059 1.000059
7720 53.273087 53.273087 53.273087 1.000059 1.000059 1.000059
7730 53.273087 53.273087 53.273087 1.000059 1.000059 1.000059
7740 53.273087 53.273087 53.273087 1.000059 1.000059 1.000059
7750 53.273087 53.273087 53.273087 1.000059 1.000059 1.000059
7760 53.273087 53.273087 53.273087 1.000059 1.000059 1.000059
7770 53.273087 53.273087 53.273087 1.000059 1.000059 1.000059
7780 53.273087 53.273087 53.273087 1.000059 1.000059 1.000059
7790 53.273087 53.273087 53.273087 1.000059 1.000059 1.000059
7800 53.273087 53.273087 53.273087 1.000059 1.000059 1.000059
7810 53.273087 53.273087 53.273087 1.000059 1.000059 1.000059
7820 53.273087 53.273087 53.273087 1.000059 1.000059 1.000059
7830 53.273087 53.273087 53.273087 1.000059 1.000059 1.000059
7840 53.273087 53.273087 53.273087 1.000059 1.000059 1.000059
7850 53.273087 53.273087 53.273087 1.000059 1.000059 1.000059
7860 53.273087 53.273087 53.273087 1.000059 1.000059 1.000059
7870 53.273087 53.273087 53.273087 1.000059 1.000059 1.000059
7880 53.273087 53.273087 53.273087 1.000059 1.000059 1.000059
7890 53.273087 53.273087 53.273087 1.000059 1.000059 1.000059
7900 53.273087 53.273087 53.273087 1.000059 1.000059 1.000059
7910 53.273087 53.273087 53.273087 1.000059 1.000059 1.000059
7920 53.273087 53.273087 53.273087 1.000059 1.000059 1.000059
7930 53.273087 53.273087 53.273087 1.000059 1.000059 1.000059
7940 53.273087 53.273087 53.273087 1.000059 1.000059 1.000059
7950 53.273087 53.273087 53.273087 1.000059 1.000059 1.000059
7960 53.273087 53.273087 53.273087 1.000059 1.000059 1.000059
7970 53.273087 53.273087 53.273087 1.000059 1.000059 1.000059
7980 53.273087 53.273087 53.273087 1.000059 1.000059 1.000059
7990 53.273087 53.273087 53.273087 1.000059 1.000059 1.000059
8000 53.273087 53.273087 53.273087 1.000059 1.000059 1.000059
8010 53.273087 53.273087 53.273087 1.000059 1.000059 1.000059
8020 53.273087 53.273087 53.273087 1.000059 1.000059 1.000059
8030 53.273087 53.273087 53.273087 1.000059 1.000059 1.000059
8040 53.273087 53.273087 53.273087 1.000059 1.000059 1.000059
8050 53.273087 53.273087 53.273087 1.000059 1.000059 1.000059
8060 53.273087 53.273087 53.273087 1.000059 1.000059 1.000059
8070 53.273087 53.273087 53.273087 1.000059 1.000059 1.000059
8080 53.273087 53.273087 53.273087 1.000059 1.000059 1.000059
8090 53.273087 53.273087 53.273087 1.000059 1.000059 1.000059
8100 53.273087 53.273087 53.273087 1.000059 1.000059 1.000059
8110 53.273087 53.273087 53.273087 1.000059 1.000059 1.000059
8120 53.273087 53.273087 53.273087 1.000059 1.000059 1.000059
8130 53.273087 53.273087 53.273087 1.000059 1.000059 1.000059
8140 53.273087 53.273087 53.273087 1.000059 1.000059 1.000059
8150 53.273087 53.273087 53.273087 1.000059 1.000059 1.000059
8160 53.273087 53.273087 53.273087 1.000059 1.000059 1.000059
8170 53.273087 53.273087 53.273087 1.000059 1.000059 1.000059
8180 53.273087 53.273087 53.273087 1.000059 1.000059 1.000059
8190 53.273087 53.273087 53.273087 1.000059 1.000059 1.000059
8200 53.273087 53.273087 53.273087 1.000059 1.000059 1.000059
8210 53.273087 53.273087 53.273087 1.000059 1.000059 1.000059
8220 53.273087 53.273087 53.273087 1.000059 1.000059 1.000059
8230 53.273087 53.273087 53.273087 1.000059 1.000059 1.000059
8240 53.273087 53.273087 53.273087 1.000059 1.000059 1.000059
8250 53.273087 53.273087 53.273087 1.000059 1.000059 1.000059
8260 53.273087 53.273087 53.273087 1.000059 1.000059 1.000059
8270 53.273087 53.273087 53.273087 1.000059 1.000059 1.000059
8280 53.273087 53.273087 53.273087 1.000059 1.000059 1.000059
8290 53.273087 53.273087 53.273087 1.000059 1.000059 1.000059
8300 53.273087 53.273087 53.273087 1.000059 1.000059 1.000059
8310 53.273087 53.273087 53.273087 1.000059 1.000059 1.000059
8320 53.273087 53.273087 53.273087 1.000059 1.000059 1.000059
8330 53.273087 53.273087 53.273087 1.000059 1.000059 1.000059
8340 53.273087 53.273087 53.273087 1.000059 1.000059 1.000059
8350 53.273087 53.273087 53.273087 1.000059 1.000059 1.000059
8360 53.273087 53.273087 53.273087 1.000059 1.000059 1.000059
8370 53.273087 53.273087 53.273087 1.000059 1.000059 1.000059
8380 53.273087 53.273087 53.273087 1.000059 1.000059 1.000059
8390 53.273087 53.273087 53.273087 1.000059 1.000059 1.000059
8400 53.273087 53.273087 53.273087 1.000059 1.000059 1.000059
8410 53.273087 53.273087 53.273087 1.000059 1.000059 1.000059
8420 53.273087 53.273087 53.273087 1.000059 1.000059 1.000059
8430 53.273087 53.273087 53.273087 1.000059 1.000059 1.000059
8440 53.273087 53.273087 53.273087 1.000059 1.000059 1.000059
8450 53.273087 53.273087 53.273087 1.000059 1.000059 1.000059
8460 53.273087 53.273087 53.273087 1.000059 1.000059 1.000059
8470 53.273087 53.273087 53.273087 1.000059 1.000059 1.000059
8480 53.273087 53.273087 53.273087 1.000059 1.000059 1.000059
8490 53.273087 53.273087 53.273087 1.000059 1.000059 1.000059
8500 53.273087 53.273087 53.273087 1.000059 1.000059 1.000059
8510 53.273087 53.273087 53.273087 1.000059 1.000059 1.000059
8520 53.273087 53.273087 53.273087 1.000059 1.000059 1.000059
8530 53.273087 53.273087 53.273087 1.000059 1.000059 1.000059
8540 53.273087 53.273087 53.273087 1.000059 1.000059 1.000059
8550 53.273087 53.273087 53.273087 1.000059 1.000059 1.000059
8560 53.273087 53.273087 53.273087 1.000059 1.000059 1.000059
8570 53.273087 53.273087 53.273087 1.000059 1.000059 1.000059
8580 53.273087 53.273087 53.273087 1.000059 1.000059 1.000059
8590 53.273087 53.273087 53.273087 1.000059 1.000059 1.000059
8600 53.273087 53.273087 53.273087 1.000059 1.000059 1.000059
8610 53.273087 53.273087 53.273087 1.000059 1.000059 1.000059
8620 53.273087 53.273087 53.273087 1.000059 1.000059 1.000059
8630 53.273087 53.273087 53.273087 1.000059 1.000059 1.000059
8640 53.273087 53.273087 53.273087 1.000059 1.000059 1.000059
8650 53.273087 53.273087 53.273087 1.000059 1.000059 1.000059
8660 53.273087 53.273087 53.273087 1.000059 1.000059 1.000059
8670 53.273087 53.273087 53.273087 1.000059 1.000059 1.000059
8680 53.273087 53.273087 53.273087 1.000059 1.000059 1.000059
8690 53.273087 53.273087 53.273087 1.000059 1.000059 1.000059
8700 53.273087 53.273087 53.273087 1.000059 1.000059 1.000059
8710 53.273087 53.273087 53.273087 1.000059 1.000059 1.000059
8720 53.273087 53.273087 53.273087 1.000059 1.000059 1.000059
8730 53.273087 53.273087 53.273087 1.000059 1.000059 1.000059
8740 53.273087 53.273087 53.273087 1.000059 1.000059 1.000059
8750 53.273087 53.273087 53.273087 1.000059 1.000059 1.000059
8760 53.273087 53.273087 53.273087 1.000059 1.000059 1.000059
8770 53.273087 53.273087 53.273087 1.000059 1.000059 1.000059
8780 53.273087 53.273087 53.273087 1.000059 1.000059 1.000059
8790 53.273087 53.273087 53.273087 1.000059 1.000059 1.000059
8800 53.273087 53.273087 53.273087 1.000059 1.000059 1.000059
8810 53.273087 53.273087 53.273087 1.000059 1.000059 1.000059
8820 53.273087 53.273087 53.273087 1.000059 1.000059 1.000059
8830 53.273087 53.273087 53.273087 1.000059 1.000059 1.000059
8840 53.273087 53.273087 53.273087 1.000059 1.000059 1.000059
8850 53.273087 53.273087 53.273087 1.000059 1.000059 1.000059
8860 53.273087 53.273087 53.273087 1.000059 1.000059 1.000059
8870 53.273087 53.273087 53.273087 1.000059 1.000059 1.000059
8880 53.273087 53.273087 53.273087 1.000059 1.000059 1.000059
8890 53.273087 53.273087 53.273087 1.000059 1.000059 1.000059
8900 53.273087 53.273087 53.273087 1.000059 1.000059 1.000059
8910 53.273087 53.273087 53.273087 1.000059 1.000059 1.000059
8920 53.273087 53.273087 53.273087 1.000059 1.000059 1.000059
8930 53.273087 53.273087 53.273087 1.000059 1.000059 1.000059
8940 53.273087 53.273087 53.273087 1.000059 1.000059 1.000059
8950 53.273087 53.273087 53.273087 1.000059 1.000059 1.000059
8960 53.273087 53.273087 53.273087 1.000059 1.000059 1.000059
8970 53.273087 53.273087 53.273087 1.000059 1.000059 1.000059
8980 53.273087 53.273087 53.273087 1.000059 1.000059 1.000059
8990 53.273087 53.273087 53.273087 1.000059 1.000059 1.000059
9000 53.273087 53.273087 53.273087 1.000059 1.000059 1.000059
9010 53.273087 53.273087 53.273087 1.000059 1.000059 1.000059
9020 53.273087 53.273087 53.273087 1.000059 1.000059 1.000059
9030 53.273087 53.273087 53.273087 1.000059 1.000059 1.000059
9040 53.273087 53.273087 53.273087 1.000059 1.000059 1.000059
9050 53.273087 53.273087 53.273087 1.000059 1.000059 1.000059
9060 53.273087 53.273087 53.273087 1.000059 1.000059 1.000059
9070 53.273087 53.273087 53.273087 1.000059 1.000059 1.000059
9080 53.273087 53.273087 53.273087 1.000059 1.000059 1.000059
9090 53.273087 53.273087 53.273087 1.000059 1.000059 1.000059
9100 53.273087 53.273087 53.273087 1.000059 1.000059 1.000059
9110 53.273087 53.273087 53.273087 1.000059 1.000059 1.000059
9120 53.273087 53.273087 53.273087 1.000059 1.000059 1.000059
9130 53.273087 53.273087 53.273087 1.000059 1.000059 1.000059
9140 53.273087 53.273087 53.273087 1.000059 1.000059 1.000059
9150 53.273087 53.273087 53.273087 1.000059 1.000059 1.000059
9160 53.273087 53.273087 53.273087 1.000059 1.000059 1.000059
9170 53.273087 53.273087 53.273087 1.000059 1.000059 1.000059
9180 53.273087 53.273087 53.273087 1.000059 1.000059 1.000059
9190 53.273087 53.273087 53.273087 1.000059 1.000059 1.000059
9200 53.273087 53.273087 53.273087 1.000059 1.000059 1.000059
9210 53.273087 53.273087 53.273087 1.000059 1.000059 1.000059
9220 53.273087 53.273087 53.273087 1.000059 1.000059 1.000059
9230 53.273087 53.273087 53.273087 1.000059 1.000059 1.000059
9240 53.273087 53.273087 53.273087 1.000059 1.000059 1.000059
9250 53.273087 53.273087 53.273087 1.000059 1.000059 1.000059
9260 53.273087 53.273087 53.273087 1.000059 1.000059 1.000059
9270 53.273087 53.273087 53.273087 1.000059 1.000059 1.000059
9280 53.273087 53.273087 53.273087 1.000059 1.000059 1.000059
9290 53.273087 53.273087 53.273087 1.000059 1.000059 1.000059
9300 53.273087 53.273087 53.273087 1.000059 1.000059 1.000059
9310 53.273087 53.273087 53.273087 1.000059 1.000059 1.000059
9320 53.273087 53.273087 53.273087 1.000059 1.000059 1.000059
9330 53.273087 53.273087 53.273087 1.000059 1.000059 1.000059
9340 53.273087 53.273087 53.273087 1.000059 1.000059 1.000059
9350 53.273087 53.273087 53.273087 1.000059 1.000059 1.000059
9360 53.273087 53.273087 53.273087 1.000059 1.000059 1.000059
9370 53.273087 53.273087 53.273087 1.000059 1.000059 1.000059
9380 53.273087 53.273087 53.273087 1.000059 1.000059 1.000059
9390 53.273087 53.273087 53.273087 1.000059 1.000059 1.000059
9400 53.273087 53.273087 53.273087 1.000059 1.000059 1.000059
9410 53.273087 53.273087 53.273087 1.000059 1.000059 1.000059
9420 53.273087 53.273087 53.273087 1.000059 1.000059 1.000059
9430 53.273087 53.273087 53.273087 1.000059 1.000059 1.000059
9440 53.273087 53.273087 53.273087 1.000059 1.000059 1.000059
9450 53.273087 53.273087 53.273087 1.000059 1.000059 1.000059
9460 53.273087 53.273087 53.273087 1.000059 1.000059 1.000059
9470 53.273087 53.273087 53.273087 1.000059 1.000059 1.000059
9480 53.273087 53.273087 53.273087 1.000059 1.000059 1.000059
9490 53.273087 53.273087 53.273087 1.000059 1.000059 1.000059
9500 53.273087 53.273087 53.273087 1.000059 1.000059 1.000059
9510 53.273087 53.273087 53.273087 1.000059 1.000059 1.000059
9520 53.273087 53.273087 53.273087 1.000059 1.000059 1.000059
9530 53.273087 53.273087 53.273087 1.000059 1.000059 1.000059
9540 53.273087 53.273087 53.273087 1.000059 1.000059 1.000059
9550 53.273087 53.273087 53.273087 1.000059 1.000059 1.000059
9560 53.273087 53.273087 53.273087 1.000059 1.000059 1.000059
9570 53.273087 53.273087 53.273087 1.000059 1.000059 1.000059
9580 53.273087 53.273087 53.273087 1.000059 1.000059 1.000059
9590 53.273087 53.273087 53.273087 1.000059 1.000059 1.000059
9600 53.273087 53.273087 53.273087 1.000059 1.000059 1.000059
9610 53.273087 53.273087 53.273087 1.000059 1.000059 1.000059
9620 53.273087 53.273087 53.273087 1.000059 1.000059 1.000059
9630 53.273087 53.273087 53.273087 1.000059 1.000059 1.000059
9640 53.273087 53.273087 53.273087 1.000059 1.000059 1.000059
9650 53.273087 53.273087 53.273087 1.000059 1.000059 1.000059
9660 53.273087 53.273087 53.273087 1.000059 1.000059 1.000059
9670 53.273087 53.273087 53.273087 1.000059 1.000059 1.000059
9680 53.273087 53.273087 53.273087 1.000059 1.000059 1.000059
9690 53.273087 53.273087 53.273087 1.000059 1.000059 1.000059
9700 53.273087 53.273087 53.273087 1.000059 1.000059 1.000059
9710 53.273087 53.273087 53.273087 1.000059 1.000059 1.000059
9720 53.273087 53.273087 53.273087 1.000059 1.000059 1.000059
9730 53.273087 53.273087 53.273087 1.000059 1.000059 1.000059
9740 53.273087 53.273087 53.273087 1.000059 1.000059 1.000059
9750 53.273087 53.273087 53.273087 1.000059 1.000059 1.000059
9760 53.273087 53.273087 53.273087 1.000059 1.000059 1.000059
9770 53.273087 53.273087 53.273087 1.000059 1.000059 1.000059
9780 53.273087 53.273087 53.273087 1.000059 1.000059 1.000059
9790 53.273087 53.273087 53.273087 1.000059 1.000059 1.000059
9800 53.273087 53.273087 53.273087 1.000059 1.000059 1.000059
9810 53.273087 53.273087 53.273087 1.000059 1.000059 1.000059
9820 53.273087 53.273087 53.273087 1.000059 1.000059 1.000059
9830 53.273087 53.273087 53.273087 1.000059 1.000059 1.000059
9840 53.273087 53.273087 53.273087 1.000059 1.000059 1.000059
9850 53.273087 53.273087 53.273087 1.000059 1.000059 1.000059
9860 53.273087 53.273087 53.273087 1.000059 1.000059 1.000059
9870 53.273087 53.273087 53.273087 1.000059 1.000059 1.000059
9880 53.273087 53.273087 53.273087 1.000059 1.000059 1.000059
9890 53.273087 53.273087 53.273087 1.000059 1.000059 1.000059
9900 53.273087 53.273087 53.273087 1.000059 1.000059 1.000059
9910 53.273087 53.273087 53.273087 1.000059 1.000059 1.000059
9920 53.273087 53.273087 53.273087 1.000059 1.000059 1.000059
9930 53.273087 53.273087 53.273087 1.000059 1.000059 1.000059
9940 53.273087 53.273087 53.273087 1.000059 1.000059 1.000059
9950 53.273087 53.273087 53.273087 1.000059 1.000059 1.000059
9960 53.273087 53.273087 53.273087 1.000059 1.000059 1.000059
9970 53.273087 53.273087 53.273087 1.000059 1.000059 1.000059
9980 53.273087 53.273087 53.273087 1.000059 1.000059 1.000059
9990 53.273087 53.273087 53.273087 1.000059 1.000059 1.000059
10000 53.273087 53.273087 53.273087 1.000059 1.000059 1.000059
