899 389057 10 0.149200 4214 2160 1394 1
501 225764 15 0.115700 5890 2387 1323 1
881 503281 12 0.081000 5261 2479 1209 1
576 214265 11 0.127500 4890 3101 1282 1
765 417270 14 0.120100 5177 2276 1843 1
780 373514 10 0.104800 4567 3759 1592 1
580 307002 9 0.188000 4405 2870 1387 1
901 421377 15 0.112600 5607 1061 1385 1
551 241229 13 0.078700 4297 3024 1379 1
673 404069 9 0.138500 5638 2283 1393 1
890 385774 14 0.073600 5563 3452 1151 1
708 238850 13 0.085600 5977 3152 1150 1
629 259111 18 0.057500 5040 1624 1477 1
946 498174 8 0.016900 4160 3251 1369 1
987 373185 16 0.134000 5393 1670 1755 1
767 302326 10 0.056000 4430 2060 1790 1
966 405642 15 0.133300 4385 1344 1411 1
540 185074 13 0.124600 4010 2909 1609 1
761 370671 10 0.168900 5913 2212 1643 1
838 429925 16 0.040200 5062 1007 1033 1
639 255758 14 0.130400 4823 3814 1551 1
606 320609 14 0.097200 4790 2201 828 1
894 415059 12 0.064900 4979 3516 1335 1
821 399033 12 0.022900 5416 1976 1459 1
727 319591 9 0.088600 4380 3663 1560 1
728 387207 13 0.188400 5048 3410 941 1
700 276685 16 0.107800 4258 3778 1493 1
810 464048 16 0.053100 4939 2748 921 1
819 322839 9 0.155400 4919 3542 1809 1
553 261784 9 0.108500 4070 3303 1815 1
524 273150 14 0.111800 4755 2049 866 1
677 305480 15 0.084700 5856 1532 1009 1
899 444722 15 0.113500 4081 2051 1164 1
738 362108 13 0.120000 4780 874 1285 1
708 298749 12 0.149800 5266 3643 1477 1
748 270720 9 0.050100 4073 3864 1434 1
783 407055 13 0.181100 4480 1245 1521 1
616 417098 9 0.075600 5213 1822 1472 1
601 313381 13 0.095600 5139 1150 1355 1
805 305254 13 0.126900 5755 3632 1590 1
841 526351 14 0.050200 4796 3379 1786 1
560 247321 10 0.089800 4172 3467 1982 1
545 316099 9 0.091500 5589 1435 913 1
834 357146 12 0.061200 5132 3428 1230 1
849 463012 14 0.085200 4294 988 1403 1
906 367284 14 0.137000 4540 2100 1199 1
979 512681 16 0.078000 4282 3437 931 1
598 248146 13 0.077200 4666 2380 1401 1
519 269759 11 0.084800 5433 2663 1815 1
586 236329 11 0.076300 5015 1970 1666 1
784 525814 16 0.085500 4050 2617 866 1
859 446069 13 0.129600 5233 2784 1274 1
717 277822 8 0.048600 5514 3912 1890 1
535 297971 13 0.184900 5190 3536 1117 1
515 267205 9 0.054900 4496 3511 958 1
656 488280 13 0.076700 4936 1557 1977 1
887 490935 13 0.116400 5687 1029 1472 1
558 240162 14 0.096800 4243 3210 1101 1
646 363983 12 0.142700 4761 954 1070 1
741 511712 9 0.029800 4093 1861 1903 1
835 424749 13 0.142500 4373 3825 1675 1
914 436403 16 0.147100 4066 3423 1454 1
720 395513 11 0.170400 5423 2000 1368 1
651 239704 12 0.099500 5575 2178 824 1
743 477279 16 0.161300 5361 3303 1979 1
703 326628 16 0.088500 5528 3796 1052 1
594 222661 11 0.128700 5886 1768 1246 1
880 457645 13 0.140600 5463 3006 1773 1
546 326732 14 0.031400 5034 2349 1582 1
566 405093 12 0.124300 5393 2217 1490 1
990 593184 13 0.028400 4623 1906 868 1
638 347691 17 0.159500 5442 1714 1537 1
794 296307 10 0.091600 4434 3750 1533 1
816 476617 13 0.068100 5167 1316 1549 1
565 285097 13 0.171500 4503 3183 1092 1
648 375662 9 0.082900 5550 3393 1686 1
553 343274 16 0.140200 5084 2537 1059 1
980 581554 12 0.185400 4384 2751 1252 1
800 389664 13 0.164600 5783 2773 986 1
768 319776 14 0.125800 4151 3705 1492 1
594 296008 14 0.158600 5970 1157 1666 1
651 381093 11 0.182700 5478 3752 1143 1
751 309810 15 0.086000 5737 1548 1393 1
993 472047 10 0.069600 4234 2696 1208 1
704 325382 9 0.130000 5962 1543 1214 1
729 302621 15 0.124400 4822 3237 1188 1
805 256098 13 0.102200 5842 3487 1871 1
612 231126 8 0.081300 5510 2259 1384 1
769 366609 15 0.045100 4293 1317 975 1
618 210530 11 0.058400 4629 1146 1308 1
709 454795 16 0.049600 4485 1614 811 1
856 452335 17 0.055200 4897 1986 1648 1
956 344789 14 0.122100 5572 801 814 1
961 470628 14 0.112100 4141 1712 1355 1
629 308744 11 0.008500 4218 2258 1049 1
798 338689 14 0.076200 5969 2549 1920 1
845 505212 18 0.106500 5060 3770 1670 1
514 330337 11 0.096400 5220 1692 1360 1
870 399711 10 0.086100 4488 2159 1390 1
953 350565 12 0.162100 4114 915 1022 1
