# generation power_min power_avg power_max util_min util_avg util_max
1 40.113011 40.113011 40.113011 1.075611 1.436333 1.499395
10 39.149679 39.149679 39.149679 1.043708 1.410287 1.499327
20 39.138211 24.889899 39.138211 0.833272 1.372370 1.499327
30 38.616469 23.517553 38.616469 0.833272 1.338952 1.499327
40 33.518094 23.415281 33.518094 0.833272 1.298602 1.499327
50 27.140762 22.820487 27.140762 0.833272 1.255757 1.499327
60 27.140762 22.277711 27.140762 0.795942 1.210552 1.499220
70 27.140762 22.328393 27.140762 0.795942 1.172248 1.499220
80 27.140762 21.840724 27.140762 0.795942 1.122498 1.494613
90 18.046984 21.326247 27.140762 0.778086 1.081546 1.379963
100 18.046984 20.996021 26.002404 0.778086 1.049624 1.344698
110 18.046984 20.955978 24.932833 0.778086 1.022108 1.322712
120 18.046984 20.748715 24.932833 0.778086 0.989389 1.235385
130 17.187796 20.404180 24.654849 0.778086 0.973796 1.143839
140 17.187796 20.027798 23.931402 0.766973 0.955049 1.143839
150 22.533914 19.781110 22.533914 0.613259 0.939117 1.119858
160 21.791606 19.434574 21.791606 0.613259 0.928240 1.107231
170 16.692549 19.055483 21.158526 0.613259 0.925711 1.107231
180 16.613019 18.755777 20.832490 0.613259 0.924081 1.046047
190 15.726735 18.445890 20.178589 0.766973 0.924083 1.046047
200 15.726735 18.221394 20.024323 0.655854 0.912400 1.024988
210 15.726735 17.971771 19.658918 0.655854 0.901602 1.057159
220 15.354583 17.656486 19.379285 0.655854 0.899443 1.057159
230 15.332692 17.370958 18.851861 0.655854 0.892212 1.057159
240 15.153453 17.113571 18.367904 0.655854 0.886835 1.057159
250 14.574563 16.906331 18.233349 0.655854 0.881978 1.057159
260 14.574563 16.658443 17.946330 0.655854 0.877019 1.057159
270 14.223171 16.418428 17.661378 0.655854 0.881756 1.057159
280 14.050286 16.166655 17.441965 0.655854 0.882994 1.057159
290 14.050286 15.977780 17.328045 0.655854 0.880251 0.997644
300 14.050286 15.742716 17.091575 0.655854 0.886773 1.016959
310 13.892689 15.506046 16.844892 0.655854 0.886972 1.016959
320 13.426906 15.271008 16.703009 0.669802 0.889093 1.016959
330 13.426906 15.033746 16.345032 0.669802 0.888640 1.016959
340 13.426906 14.820816 15.808664 0.669802 0.888925 1.016959
350 13.426906 14.644534 15.512430 0.669802 0.884416 1.016959
360 13.374381 14.472814 15.354583 0.669802 0.887632 1.016959
370 15.257045 14.313862 15.257045 0.674671 0.896710 1.023861
380 12.925713 14.144799 15.056590 0.674671 0.896115 1.023861
390 12.437335 13.981759 14.817008 0.684805 0.904515 1.023861
400 12.437335 13.854171 14.639413 0.684805 0.911377 1.023861
410 12.437335 13.712836 14.491346 0.709937 0.917340 1.023861
420 12.437335 13.593228 14.315283 0.709937 0.919940 1.023861
430 12.303509 13.464980 14.084519 0.734531 0.924539 1.023861
440 13.954806 13.359599 13.954806 0.734531 0.927354 1.023861
450 12.189206 13.222268 13.827850 0.734531 0.930438 1.023861
460 12.016198 13.112995 13.743309 0.734531 0.928148 1.013988
470 12.016198 13.001289 13.666131 0.805791 0.937323 1.013988
480 12.016198 12.877274 13.529349 0.805791 0.937945 1.013988
490 11.794062 12.747062 13.383498 0.805791 0.939413 1.013988
500 11.704708 12.627762 13.262036 0.805791 0.941228 1.013988
510 11.588915 12.511772 13.181197 0.806808 0.944536 1.028736
520 11.588915 12.427080 12.970186 0.806808 0.950215 1.028736
530 11.588915 12.310905 12.873675 0.806808 0.948617 1.028736
540 11.588915 12.228897 12.723015 0.806808 0.949024 1.028736
550 12.590870 12.152735 12.590870 0.833971 0.949765 1.028736
560 12.518338 12.073304 12.518338 0.859589 0.951983 1.028736
570 12.437335 11.985069 12.437335 0.859589 0.952577 1.028736
580 12.303509 11.919842 12.303509 0.859589 0.951453 1.008811
590 12.183046 11.846321 12.183046 0.859589 0.953066 1.008811
600 12.141844 11.785583 12.141844 0.859589 0.952264 1.008811
610 12.056914 11.724369 12.056914 0.865091 0.955953 1.008811
620 11.246791 11.662964 12.013456 0.865091 0.960110 1.008260
630 11.246791 11.621015 11.954585 0.865091 0.963201 1.008176
640 11.144173 11.565790 11.858386 0.865091 0.968116 1.008176
650 11.144173 11.528148 11.796025 0.865091 0.973147 1.008415
660 11.704708 11.487928 11.704708 0.881035 0.981373 1.008415
670 11.649291 11.451138 11.649291 0.910788 0.988433 1.008415
680 11.604880 11.423221 11.604880 0.921454 0.992336 1.008415
690 11.545210 11.391887 11.545210 0.935639 0.995187 1.008415
700 11.510989 11.364019 11.510989 0.983237 0.996063 1.008415
710 11.441913 11.340274 11.441913 0.988929 0.996498 1.008415
720 11.441913 11.316173 11.441913 0.988929 0.996109 1.008415
730 11.441913 11.290619 11.441913 0.959071 0.995536 1.008415
740 11.381066 11.259547 11.381066 0.959071 0.995028 1.008415
750 11.377143 11.244743 11.377143 0.959071 0.994955 1.008415
760 11.310011 11.226105 11.310011 0.959071 0.994781 1.008415
770 11.308067 11.221167 11.308067 0.959071 0.993655 1.001237
780 11.303377 11.204644 11.303377 0.959071 0.993082 1.001237
790 11.278019 11.189937 11.278019 0.959071 0.992630 1.001237
800 11.278019 11.175844 11.278019 0.959071 0.992807 1.001237
810 11.246791 11.162586 11.246791 0.959071 0.992995 1.001237
820 11.246791 11.150939 11.246791 0.959071 0.992933 1.001237
830 10.933267 11.141091 11.168069 0.959071 0.992435 1.001237
840 10.933267 11.139762 11.144173 0.959071 0.992656 1.001237
850 10.933267 11.139094 11.144173 0.959071 0.992763 1.001288
860 10.933267 11.138575 11.144173 0.959071 0.993288 1.001288
870 10.933267 11.136202 11.142710 0.959071 0.993708 1.001288
880 10.933267 11.135117 11.142710 0.959071 0.994521 1.001288
890 10.928786 11.128250 11.142710 0.959071 0.995132 1.001288
900 10.928786 11.120886 11.142710 0.959071 0.995715 1.001288
910 10.928786 11.102372 11.142710 0.959071 0.996407 1.001288
920 10.928786 11.058221 11.142710 0.959071 0.997098 1.001288
930 10.928786 10.951956 11.044578 0.959071 0.997165 1.001288
940 10.928786 10.948856 11.044578 0.959071 0.996476 1.001288
950 10.928786 10.944844 11.044578 0.959071 0.995173 1.001019
960 10.928786 10.941442 11.044578 0.959071 0.993264 1.001019
970 10.928786 10.939344 11.044578 0.959071 0.991357 1.001019
980 10.928786 10.938235 11.044578 0.959071 0.989754 1.001019
990 10.928786 10.931330 11.030645 0.968950 0.988101 1.000500
1000 10.928786 10.931355 11.030645 0.968950 0.985311 1.000500
1010 10.928786 10.931165 11.030645 0.968950 0.982531 1.000500
1020 10.928786 10.931126 11.030645 0.968950 0.979436 1.000500
1030 10.928786 10.930903 11.030645 0.968950 0.976355 1.000500
1040 10.928786 10.930834 11.030645 0.968950 0.973265 1.000500
1050 10.928786 10.930625 11.030645 0.968950 0.970189 1.000500
1060 10.928786 10.930355 10.931804 0.969469 0.969598 0.969738
1070 10.928786 10.930084 10.931804 0.969469 0.969623 0.969738
1080 10.928786 10.929782 10.931804 0.969469 0.969649 0.969738
1090 10.928786 10.929480 10.931804 0.969469 0.969676 0.969738
1100 10.928786 10.929178 10.931804 0.969469 0.969703 0.969738
1110 10.928786 10.928876 10.931804 0.969469 0.969730 0.969738
1120 10.928786 10.928786 10.928786 0.969738 0.969738 0.969738
1130 10.928786 10.928786 10.928786 0.969738 0.969738 0.969738
1140 10.928786 10.928786 10.928786 0.969738 0.969738 0.969738
1150 10.928786 10.928786 10.928786 0.969738 0.969738 0.969738
1160 10.928786 10.928786 10.928786 0.969738 0.969738 0.969738
1170 10.928786 10.928786 10.928786 0.969738 0.969738 0.969738
1180 10.928786 10.928786 10.928786 0.969738 0.969738 0.969738
1190 10.928786 10.928786 10.928786 0.969738 0.969738 0.969738
1200 10.928786 10.928786 10.928786 0.969738 0.969738 0.969738
1210 10.928786 10.928786 10.928786 0.969738 0.969738 0.969738
1220 10.928786 10.928786 10.928786 0.969738 0.969738 0.969738
1230 10.928786 10.928786 10.928786 0.969738 0.969738 0.969738
1240 10.928786 10.928786 10.928786 0.969738 0.969738 0.969738
1250 10.928786 10.928786 10.928786 0.969738 0.969738 0.969738
1260 10.928786 10.928786 10.928786 0.969738 0.969738 0.969738
1270 10.928786 10.928786 10.928786 0.969738 0.969738 0.969738
1280 10.928786 10.928786 10.928786 0.969738 0.969738 0.969738
1290 10.928786 10.928786 10.928786 0.969738 0.969738 0.969738
1300 10.928786 10.928786 10.928786 0.969738 0.969738 0.969738
1310 10.928786 10.928786 10.928786 0.969738 0.969738 0.969738
1320 10.928786 10.928786 10.928786 0.969738 0.969738 0.969738
1330 10.928786 10.928786 10.928786 0.969738 0.969738 0.969738
1340 10.928786 10.928786 10.928786 0.969738 0.969738 0.969738
1350 10.928786 10.928786 10.928786 0.969738 0.969738 0.969738
1360 10.928786 10.928786 10.928786 0.969738 0.969738 0.969738
1370 10.928786 10.928786 10.928786 0.969738 0.969738 0.969738
1380 10.928786 10.928786 10.928786 0.969738 0.969738 0.969738
1390 10.928786 10.928786 10.928786 0.969738 0.969738 0.969738
1400 10.928786 10.928786 10.928786 0.969738 0.969738 0.969738
1410 10.928786 10.928786 10.928786 0.969738 0.969738 0.969738
1420 10.928786 10.928786 10.928786 0.969738 0.969738 0.969738
1430 10.928786 10.928786 10.928786 0.969738 0.969738 0.969738
1440 10.928786 10.928786 10.928786 0.969738 0.969738 0.969738
1450 10.928786 10.928786 10.928786 0.969738 0.969738 0.969738
1460 10.928786 10.928786 10.928786 0.969738 0.969738 0.969738
1470 10.928786 10.928786 10.928786 0.969738 0.969738 0.969738
1480 10.928786 10.928786 10.928786 0.969738 0.969738 0.969738
1490 10.928786 10.928786 10.928786 0.969738 0.969738 0.969738
1500 10.928786 10.928786 10.928786 0.969738 0.969738 0.969738
1510 10.928786 10.928786 10.928786 0.969738 0.969738 0.969738
1520 10.928786 10.928786 10.928786 0.969738 0.969738 0.969738
1530 10.928786 10.928786 10.928786 0.969738 0.969738 0.969738
1540 10.928786 10.928786 10.928786 0.969738 0.969738 0.969738
1550 10.928786 10.928786 10.928786 0.969738 0.969738 0.969738
1560 10.928786 10.928786 10.928786 0.969738 0.969738 0.969738
1570 10.928786 10.928786 10.928786 0.969738 0.969738 0.969738
1580 10.928786 10.928786 10.928786 0.969738 0.969738 0.969738
1590 10.928786 10.928786 10.928786 0.969738 0.969738 0.969738
1600 10.928786 10.928786 10.928786 0.969738 0.969738 0.969738
1610 10.928786 10.928786 10.928786 0.969738 0.969738 0.969738
1620 10.928786 10.928786 10.928786 0.969738 0.969738 0.969738
1630 10.928786 10.928786 10.928786 0.969738 0.969738 0.969738
1640 10.928786 10.928786 10.928786 0.969738 0.969738 0.969738
1650 10.928786 10.928786 10.928786 0.969738 0.969738 0.969738
1660 10.928786 10.928786 10.928786 0.969738 0.969738 0.969738
1670 10.928786 10.928786 10.928786 0.969738 0.969738 0.969738
1680 10.928786 10.928786 10.928786 0.969738 0.969738 0.969738
1690 10.928786 10.928786 10.928786 0.969738 0.969738 0.969738
1700 10.928786 10.928786 10.928786 0.969738 0.969738 0.969738
1710 10.928786 10.928786 10.928786 0.969738 0.969738 0.969738
1720 10.928786 10.928786 10.928786 0.969738 0.969738 0.969738
1730 10.928786 10.928786 10.928786 0.969738 0.969738 0.969738
1740 10.928786 10.928786 10.928786 0.969738 0.969738 0.969738
1750 10.928786 10.928786 10.928786 0.969738 0.969738 0.969738
1760 10.928786 10.928786 10.928786 0.969738 0.969738 0.969738
1770 10.928786 10.928786 10.928786 0.969738 0.969738 0.969738
1780 10.928786 10.928786 10.928786 0.969738 0.969738 0.969738
1790 10.928786 10.928786 10.928786 0.969738 0.969738 0.969738
1800 10.928786 10.928786 10.928786 0.969738 0.969738 0.969738
1810 10.928786 10.928786 10.928786 0.969738 0.969738 0.969738
1820 10.928786 10.928786 10.928786 0.969738 0.969738 0.969738
1830 10.928786 10.928786 10.928786 0.969738 0.969738 0.969738
1840 10.928786 10.928786 10.928786 0.969738 0.969738 0.969738
1850 10.928786 10.928786 10.928786 0.969738 0.969738 0.969738
1860 10.928786 10.928786 10.928786 0.969738 0.969738 0.969738
1870 10.928786 10.928786 10.928786 0.969738 0.969738 0.969738
1880 10.928786 10.928786 10.928786 0.969738 0.969738 0.969738
1890 10.928786 10.928786 10.928786 0.969738 0.969738 0.969738
1900 10.928786 10.928786 10.928786 0.969738 0.969738 0.969738
1910 10.928786 10.928786 10.928786 0.969738 0.969738 0.969738
1920 10.928786 10.928786 10.928786 0.969738 0.969738 0.969738
1930 10.928786 10.928786 10.928786 0.969738 0.969738 0.969738
1940 10.928786 10.928786 10.928786 0.969738 0.969738 0.969738
1950 10.928786 10.928786 10.928786 0.969738 0.969738 0.969738
1960 10.928786 10.928786 10.928786 0.969738 0.969738 0.969738
1970 10.928786 10.928786 10.928786 0.969738 0.969738 0.969738
1980 10.928786 10.928786 10.928786 0.969738 0.969738 0.969738
1990 10.928786 10.928786 10.928786 0.969738 0.969738 0.969738
2000 10.928786 10.928786 10.928786 0.969738 0.969738 0.969738
2010 10.928786 10.928786 10.928786 0.969738 0.969738 0.969738
2020 10.928786 10.928786 10.928786 0.969738 0.969738 0.969738
2030 10.928786 10.928786 10.928786 0.969738 0.969738 0.969738
2040 10.928786 10.928786 10.928786 0.969738 0.969738 0.969738
2050 10.928786 10.928786 10.928786 0.969738 0.969738 0.969738
2060 10.928786 10.928786 10.928786 0.969738 0.969738 0.969738
2070 10.928786 10.928786 10.928786 0.969738 0.969738 0.969738
2080 10.928786 10.928786 10.928786 0.969738 0.969738 0.969738
2090 10.928786 10.928786 10.928786 0.969738 0.969738 0.969738
2100 10.928786 10.928786 10.928786 0.969738 0.969738 0.969738
2110 10.928786 10.928786 10.928786 0.969738 0.969738 0.969738
2120 10.928786 10.928786 10.928786 0.969738 0.969738 0.969738
2130 10.928786 10.928786 10.928786 0.969738 0.969738 0.969738
2140 10.928786 10.928786 10.928786 0.969738 0.969738 0.969738
2150 10.928786 10.928786 10.928786 0.969738 0.969738 0.969738
2160 10.928786 10.928786 10.928786 0.969738 0.969738 0.969738
2170 10.928786 10.928786 10.928786 0.969738 0.969738 0.969738
2180 10.928786 10.928786 10.928786 0.969738 0.969738 0.969738
2190 10.928786 10.928786 10.928786 0.969738 0.969738 0.969738
2200 10.928786 10.928786 10.928786 0.969738 0.969738 0.969738
2210 10.928786 10.928786 10.928786 0.969738 0.969738 0.969738
2220 10.928786 10.928786 10.928786 0.969738 0.969738 0.969738
2230 10.928786 10.928786 10.928786 0.969738 0.969738 0.969738
2240 10.928786 10.928786 10.928786 0.969738 0.969738 0.969738
2250 10.928786 10.928786 10.928786 0.969738 0.969738 0.969738
2260 10.928786 10.928786 10.928786 0.969738 0.969738 0.969738
2270 10.928786 10.928786 10.928786 0.969738 0.969738 0.969738
2280 10.928786 10.928786 10.928786 0.969738 0.969738 0.969738
2290 10.928786 10.928786 10.928786 0.969738 0.969738 0.969738
2300 10.928786 10.928786 10.928786 0.969738 0.969738 0.969738
2310 10.928786 10.928786 10.928786 0.969738 0.969738 0.969738
2320 10.928786 10.928786 10.928786 0.969738 0.969738 0.969738
2330 10.928786 10.928786 10.928786 0.969738 0.969738 0.969738
2340 10.928786 10.928786 10.928786 0.969738 0.969738 0.969738
2350 10.928786 10.928786 10.928786 0.969738 0.969738 0.969738
2360 10.928786 10.928786 10.928786 0.969738 0.969738 0.969738
2370 10.928786 10.928786 10.928786 0.969738 0.969738 0.969738
2380 10.928786 10.928786 10.928786 0.969738 0.969738 0.969738
2390 10.928786 10.928786 10.928786 0.969738 0.969738 0.969738
2400 10.928786 10.928786 10.928786 0.969738 0.969738 0.969738
2410 10.928786 10.928786 10.928786 0.969738 0.969738 0.969738
2420 10.928786 10.928786 10.928786 0.969738 0.969738 0.969738
2430 10.928786 10.928786 10.928786 0.969738 0.969738 0.969738
2440 10.928786 10.928786 10.928786 0.969738 0.969738 0.969738
2450 10.928786 10.928786 10.928786 0.969738 0.969738 0.969738
2460 10.928786 10.928786 10.928786 0.969738 0.969738 0.969738
2470 10.928786 10.928786 10.928786 0.969738 0.969738 0.969738
2480 10.928786 10.928786 10.928786 0.969738 0.969738 0.969738
2490 10.928786 10.928786 10.928786 0.969738 0.969738 0.969738
2500 10.928786 10.928786 10.928786 0.969738 0.969738 0.969738
2510 10.928786 10.928786 10.928786 0.969738 0.969738 0.969738
2520 10.928786 10.928786 10.928786 0.969738 0.969738 0.969738
2530 10.928786 10.928786 10.928786 0.969738 0.969738 0.969738
2540 10.928786 10.928786 10.928786 0.969738 0.969738 0.969738
2550 10.928786 10.928786 10.928786 0.969738 0.969738 0.969738
2560 10.928786 10.928786 10.928786 0.969738 0.969738 0.969738
2570 10.928786 10.928786 10.928786 0.969738 0.969738 0.969738
2580 10.928786 10.928786 10.928786 0.969738 0.969738 0.969738
2590 10.928786 10.928786 10.928786 0.969738 0.969738 0.969738
2600 10.928786 10.928786 10.928786 0.969738 0.969738 0.969738
2610 10.928786 10.928786 10.928786 0.969738 0.969738 0.969738
2620 10.928786 10.928786 10.928786 0.969738 0.969738 0.969738
2630 10.928786 10.928786 10.928786 0.969738 0.969738 0.969738
2640 10.928786 10.928786 10.928786 0.969738 0.969738 0.969738
2650 10.928786 10.928786 10.928786 0.969738 0.969738 0.969738
2660 10.928786 10.928786 10.928786 0.969738 0.969738 0.969738
2670 10.928786 10.928786 10.928786 0.969738 0.969738 0.969738
2680 10.928786 10.928786 10.928786 0.969738 0.969738 0.969738
2690 10.928786 10.928786 10.928786 0.969738 0.969738 0.969738
2700 10.928786 10.928786 10.928786 0.969738 0.969738 0.969738
2710 10.928786 10.928786 10.928786 0.969738 0.969738 0.969738
2720 10.928786 10.928786 10.928786 0.969738 0.969738 0.969738
2730 10.928786 10.928786 10.928786 0.969738 0.969738 0.969738
2740 10.928786 10.928786 10.928786 0.969738 0.969738 0.969738
2750 10.928786 10.928786 10.928786 0.969738 0.969738 0.969738
2760 10.928786 10.928786 10.928786 0.969738 0.969738 0.969738
2770 10.928786 10.928786 10.928786 0.969738 0.969738 0.969738
2780 10.928786 10.928786 10.928786 0.969738 0.969738 0.969738
2790 10.928786 10.928786 10.928786 0.969738 0.969738 0.969738
2800 10.928786 10.928786 10.928786 0.969738 0.969738 0.969738
2810 10.928786 10.928786 10.928786 0.969738 0.969738 0.969738
2820 10.928786 10.928786 10.928786 0.969738 0.969738 0.969738
2830 10.928786 10.928786 10.928786 0.969738 0.969738 0.969738
2840 10.928786 10.928786 10.928786 0.969738 0.969738 0.969738
2850 10.928786 10.928786 10.928786 0.969738 0.969738 0.969738
2860 10.928786 10.928786 10.928786 0.969738 0.969738 0.969738
2870 10.928786 10.928786 10.928786 0.969738 0.969738 0.969738
2880 10.928786 10.928786 10.928786 0.969738 0.969738 0.969738
2890 10.928786 10.928786 10.928786 0.969738 0.969738 0.969738
2900 10.928786 10.928786 10.928786 0.969738 0.969738 0.969738
2910 10.928786 10.928786 10.928786 0.969738 0.969738 0.969738
2920 10.928786 10.928786 10.928786 0.969738 0.969738 0.969738
2930 10.928786 10.928786 10.928786 0.969738 0.969738 0.969738
2940 10.928786 10.928786 10.928786 0.969738 0.969738 0.969738
2950 10.928786 10.928786 10.928786 0.969738 0.969738 0.969738
2960 10.928786 10.928786 10.928786 0.969738 0.969738 0.969738
2970 10.928786 10.928786 10.928786 0.969738 0.969738 0.969738
2980 10.928786 10.928786 10.928786 0.969738 0.969738 0.969738
2990 10.928786 10.928786 10.928786 0.969738 0.969738 0.969738
3000 10.928786 10.928786 10.928786 0.969738 0.969738 0.969738
3010 10.928786 10.928786 10.928786 0.969738 0.969738 0.969738
3020 10.928786 10.928786 10.928786 0.969738 0.969738 0.969738
3030 10.928786 10.928786 10.928786 0.969738 0.969738 0.969738
3040 10.928786 10.928786 10.928786 0.969738 0.969738 0.969738
3050 10.928786 10.928786 10.928786 0.969738 0.969738 0.969738
3060 10.928786 10.928786 10.928786 0.969738 0.969738 0.969738
3070 10.928786 10.928786 10.928786 0.969738 0.969738 0.969738
3080 10.928786 10.928786 10.928786 0.969738 0.969738 0.969738
3090 10.928786 10.928786 10.928786 0.969738 0.969738 0.969738
3100 10.928786 10.928786 10.928786 0.969738 0.969738 0.969738
3110 10.928786 10.928786 10.928786 0.969738 0.969738 0.969738
3120 10.928786 10.928786 10.928786 0.969738 0.969738 0.969738
3130 10.928786 10.928786 10.928786 0.969738 0.969738 0.969738
3140 10.928786 10.928786 10.928786 0.969738 0.969738 0.969738
3150 10.928786 10.928786 10.928786 0.969738 0.969738 0.969738
3160 10.928786 10.928786 10.928786 0.969738 0.969738 0.969738
3170 10.928786 10.928786 10.928786 0.969738 0.969738 0.969738
3180 10.928786 10.928786 10.928786 0.969738 0.969738 0.969738
3190 10.928786 10.928786 10.928786 0.969738 0.969738 0.969738
3200 10.928786 10.928786 10.928786 0.969738 0.969738 0.969738
3210 10.928786 10.928786 10.928786 0.969738 0.969738 0.969738
3220 10.928786 10.928786 10.928786 0.969738 0.969738 0.969738
3230 10.928786 10.928786 10.928786 0.969738 0.969738 0.969738
3240 10.928786 10.928786 10.928786 0.969738 0.969738 0.969738
3250 10.928786 10.928786 10.928786 0.969738 0.969738 0.969738
3260 10.928786 10.928786 10.928786 0.969738 0.969738 0.969738
3270 10.928786 10.928786 10.928786 0.969738 0.969738 0.969738
3280 10.928786 10.928786 10.928786 0.969738 0.969738 0.969738
3290 10.928786 10.928786 10.928786 0.969738 0.969738 0.969738
3300 10.928786 10.928786 10.928786 0.969738 0.969738 0.969738
3310 10.928786 10.928786 10.928786 0.969738 0.969738 0.969738
3320 10.928786 10.928786 10.928786 0.969738 0.969738 0.969738
3330 10.928786 10.928786 10.928786 0.969738 0.969738 0.969738
3340 10.928786 10.928786 10.928786 0.969738 0.969738 0.969738
3350 10.928786 10.928786 10.928786 0.969738 0.969738 0.969738
3360 10.928786 10.928786 10.928786 0.969738 0.969738 0.969738
3370 10.928786 10.928786 10.928786 0.969738 0.969738 0.969738
3380 10.928786 10.928786 10.928786 0.969738 0.969738 0.969738
3390 10.928786 10.928786 10.928786 0.969738 0.969738 0.969738
3400 10.928786 10.928786 10.928786 0.969738 0.969738 0.969738
3410 10.928786 10.928786 10.928786 0.969738 0.969738 0.969738
3420 10.928786 10.928786 10.928786 0.969738 0.969738 0.969738
3430 10.928786 10.928786 10.928786 0.969738 0.969738 0.969738
3440 10.928786 10.928786 10.928786 0.969738 0.969738 0.969738
3450 10.928786 10.928786 10.928786 0.969738 0.969738 0.969738
3460 10.928786 10.928786 10.928786 0.969738 0.969738 0.969738
3470 10.928786 10.928786 10.928786 0.969738 0.969738 0.969738
3480 10.928786 10.928786 10.928786 0.969738 0.969738 0.969738
3490 10.928786 10.928786 10.928786 0.969738 0.969738 0.969738
3500 10.928786 10.928786 10.928786 0.969738 0.969738 0.969738
3510 10.928786 10.928786 10.928786 0.969738 0.969738 0.969738
3520 10.928786 10.928786 10.928786 0.969738 0.969738 0.969738
3530 10.928786 10.928786 10.928786 0.969738 0.969738 0.969738
3540 10.928786 10.928786 10.928786 0.969738 0.969738 0.969738
3550 10.928786 10.928786 10.928786 0.969738 0.969738 0.969738
3560 10.928786 10.928786 10.928786 0.969738 0.969738 0.969738
3570 10.928786 10.928786 10.928786 0.969738 0.969738 0.969738
3580 10.928786 10.928786 10.928786 0.969738 0.969738 0.969738
3590 10.928786 10.928786 10.928786 0.969738 0.969738 0.969738
3600 10.928786 10.928786 10.928786 0.969738 0.969738 0.969738
3610 10.928786 10.928786 10.928786 0.969738 0.969738 0.969738
3620 10.928786 10.928786 10.928786 0.969738 0.969738 0.969738
3630 10.928786 10.928786 10.928786 0.969738 0.969738 0.969738
3640 10.928786 10.928786 10.928786 0.969738 0.969738 0.969738
3650 10.928786 10.928786 10.928786 0.969738 0.969738 0.969738
3660 10.928786 10.928786 10.928786 0.969738 0.969738 0.969738
3670 10.928786 10.928786 10.928786 0.969738 0.969738 0.969738
3680 10.928786 10.928786 10.928786 0.969738 0.969738 0.969738
3690 10.928786 10.928786 10.928786 0.969738 0.969738 0.969738
3700 10.928786 10.928786 10.928786 0.969738 0.969738 0.969738
3710 10.928786 10.928786 10.928786 0.969738 0.969738 0.969738
3720 10.928786 10.928786 10.928786 0.969738 0.969738 0.969738
3730 10.928786 10.928786 10.928786 0.969738 0.969738 0.969738
3740 10.928786 10.928786 10.928786 0.969738 0.969738 0.969738
3750 10.928786 10.928786 10.928786 0.969738 0.969738 0.969738
3760 10.928786 10.928786 10.928786 0.969738 0.969738 0.969738
3770 10.928786 10.928786 10.928786 0.969738 0.969738 0.969738
3780 10.928786 10.928786 10.928786 0.969738 0.969738 0.969738
3790 10.928786 10.928786 10.928786 0.969738 0.969738 0.969738
3800 10.928786 10.928786 10.928786 0.969738 0.969738 0.969738
3810 10.928786 10.928786 10.928786 0.969738 0.969738 0.969738
3820 10.928786 10.928786 10.928786 0.969738 0.969738 0.969738
3830 10.928786 10.928786 10.928786 0.969738 0.969738 0.969738
3840 10.928786 10.928786 10.928786 0.969738 0.969738 0.969738
3850 10.928786 10.928786 10.928786 0.969738 0.969738 0.969738
3860 10.928786 10.928786 10.928786 0.969738 0.969738 0.969738
3870 10.928786 10.928786 10.928786 0.969738 0.969738 0.969738
3880 10.928786 10.928786 10.928786 0.969738 0.969738 0.969738
3890 10.928786 10.928786 10.928786 0.969738 0.969738 0.969738
3900 10.928786 10.928786 10.928786 0.969738 0.969738 0.969738
3910 10.928786 10.928786 10.928786 0.969738 0.969738 0.969738
3920 10.928786 10.928786 10.928786 0.969738 0.969738 0.969738
3930 10.928786 10.928786 10.928786 0.969738 0.969738 0.969738
3940 10.928786 10.928786 10.928786 0.969738 0.969738 0.969738
3950 10.928786 10.928786 10.928786 0.969738 0.969738 0.969738
3960 10.928786 10.928786 10.928786 0.969738 0.969738 0.969738
3970 10.928786 10.928786 10.928786 0.969738 0.969738 0.969738
3980 10.928786 10.928786 10.928786 0.969738 0.969738 0.969738
3990 10.928786 10.928786 10.928786 0.969738 0.969738 0.969738
4000 10.928786 10.928786 10.928786 0.969738 0.969738 0.969738
4010 10.928786 10.928786 10.928786 0.969738 0.969738 0.969738
4020 10.928786 10.928786 10.928786 0.969738 0.969738 0.969738
4030 10.928786 10.928786 10.928786 0.969738 0.969738 0.969738
4040 10.928786 10.928786 10.928786 0.969738 0.969738 0.969738
4050 10.928786 10.928786 10.928786 0.969738 0.969738 0.969738
4060 10.928786 10.928786 10.928786 0.969738 0.969738 0.969738
4070 10.928786 10.928786 10.928786 0.969738 0.969738 0.969738
4080 10.928786 10.928786 10.928786 0.969738 0.969738 0.969738
4090 10.928786 10.928786 10.928786 0.969738 0.969738 0.969738
4100 10.928786 10.928786 10.928786 0.969738 0.969738 0.969738
4110 10.928786 10.928786 10.928786 0.969738 0.969738 0.969738
4120 10.928786 10.928786 10.928786 0.969738 0.969738 0.969738
4130 10.928786 10.928786 10.928786 0.969738 0.969738 0.969738
4140 10.928786 10.928786 10.928786 0.969738 0.969738 0.969738
4150 10.928786 10.928786 10.928786 0.969738 0.969738 0.969738
4160 10.928786 10.928786 10.928786 0.969738 0.969738 0.969738
4170 10.928786 10.928786 10.928786 0.969738 0.969738 0.969738
4180 10.928786 10.928786 10.928786 0.969738 0.969738 0.969738
4190 10.928786 10.928786 10.928786 0.969738 0.969738 0.969738
4200 10.928786 10.928786 10.928786 0.969738 0.969738 0.969738
4210 10.928786 10.928786 10.928786 0.969738 0.969738 0.969738
4220 10.928786 10.928786 10.928786 0.969738 0.969738 0.969738
4230 10.928786 10.928786 10.928786 0.969738 0.969738 0.969738
4240 10.928786 10.928786 10.928786 0.969738 0.969738 0.969738
4250 10.928786 10.928786 10.928786 0.969738 0.969738 0.969738
4260 10.928786 10.928786 10.928786 0.969738 0.969738 0.969738
4270 10.928786 10.928786 10.928786 0.969738 0.969738 0.969738
4280 10.928786 10.928786 10.928786 0.969738 0.969738 0.969738
4290 10.928786 10.928786 10.928786 0.969738 0.969738 0.969738
4300 10.928786 10.928786 10.928786 0.969738 0.969738 0.969738
4310 10.928786 10.928786 10.928786 0.969738 0.969738 0.969738
4320 10.928786 10.928786 10.928786 0.969738 0.969738 0.969738
4330 10.928786 10.928786 10.928786 0.969738 0.969738 0.969738
4340 10.928786 10.928786 10.928786 0.969738 0.969738 0.969738
4350 10.928786 10.928786 10.928786 0.969738 0.969738 0.969738
4360 10.928786 10.928786 10.928786 0.969738 0.969738 0.969738
4370 10.928786 10.928786 10.928786 0.969738 0.969738 0.969738
4380 10.928786 10.928786 10.928786 0.969738 0.969738 0.969738
4390 10.928786 10.928786 10.928786 0.969738 0.969738 0.969738
4400 10.928786 10.928786 10.928786 0.969738 0.969738 0.969738
4410 10.928786 10.928786 10.928786 0.969738 0.969738 0.969738
4420 10.928786 10.928786 10.928786 0.969738 0.969738 0.969738
4430 10.928786 10.928786 10.928786 0.969738 0.969738 0.969738
4440 10.928786 10.928786 10.928786 0.969738 0.969738 0.969738
4450 10.928786 10.928786 10.928786 0.969738 0.969738 0.969738
4460 10.928786 10.928786 10.928786 0.969738 0.969738 0.969738
4470 10.928786 10.928786 10.928786 0.969738 0.969738 0.969738
4480 10.928786 10.928786 10.928786 0.969738 0.969738 0.969738
4490 10.928786 10.928786 10.928786 0.969738 0.969738 0.969738
4500 10.928786 10.928786 10.928786 0.969738 0.969738 0.969738
4510 10.928786 10.928786 10.928786 0.969738 0.969738 0.969738
4520 10.928786 10.928786 10.928786 0.969738 0.969738 0.969738
4530 10.928786 10.928786 10.928786 0.969738 0.969738 0.969738
4540 10.928786 10.928786 10.928786 0.969738 0.969738 0.969738
4550 10.928786 10.928786 10.928786 0.969738 0.969738 0.969738
4560 10.928786 10.928786 10.928786 0.969738 0.969738 0.969738
4570 10.928786 10.928786 10.928786 0.969738 0.969738 0.969738
4580 10.928786 10.928786 10.928786 0.969738 0.969738 0.969738
4590 10.928786 10.928786 10.928786 0.969738 0.969738 0.969738
4600 10.928786 10.928786 10.928786 0.969738 0.969738 0.969738
4610 10.928786 10.928786 10.928786 0.969738 0.969738 0.969738
4620 10.928786 10.928786 10.928786 0.969738 0.969738 0.969738
4630 10.928786 10.928786 10.928786 0.969738 0.969738 0.969738
4640 10.928786 10.928786 10.928786 0.969738 0.969738 0.969738
4650 10.928786 10.928786 10.928786 0.969738 0.969738 0.969738
4660 10.928786 10.928786 10.928786 0.969738 0.969738 0.969738
4670 10.928786 10.928786 10.928786 0.969738 0.969738 0.969738
4680 10.928786 10.928786 10.928786 0.969738 0.969738 0.969738
4690 10.928786 10.928786 10.928786 0.969738 0.969738 0.969738
4700 10.928786 10.928786 10.928786 0.969738 0.969738 0.969738
4710 10.928786 10.928786 10.928786 0.969738 0.969738 0.969738
4720 10.928786 10.928786 10.928786 0.969738 0.969738 0.969738
4730 10.928786 10.928786 10.928786 0.969738 0.969738 0.969738
4740 10.928786 10.928786 10.928786 0.969738 0.969738 0.969738
4750 10.928786 10.928786 10.928786 0.969738 0.969738 0.969738
4760 10.928786 10.928786 10.928786 0.969738 0.969738 0.969738
4770 10.928786 10.928786 10.928786 0.969738 0.969738 0.969738
4780 10.928786 10.928786 10.928786 0.969738 0.969738 0.969738
4790 10.928786 10.928786 10.928786 0.969738 0.969738 0.969738
4800 10.928786 10.928786 10.928786 0.969738 0.969738 0.969738
4810 10.928786 10.928786 10.928786 0.969738 0.969738 0.969738
4820 10.928786 10.928786 10.928786 0.969738 0.969738 0.969738
4830 10.928786 10.928786 10.928786 0.969738 0.969738 0.969738
4840 10.928786 10.928786 10.928786 0.969738 0.969738 0.969738
4850 10.928786 10.928786 10.928786 0.969738 0.969738 0.969738
4860 10.928786 10.928786 10.928786 0.969738 0.969738 0.969738
4870 10.928786 10.928786 10.928786 0.969738 0.969738 0.969738
4880 10.928786 10.928786 10.928786 0.969738 0.969738 0.969738
4890 10.928786 10.928786 10.928786 0.969738 0.969738 0.969738
4900 10.928786 10.928786 10.928786 0.969738 0.969738 0.969738
4910 10.928786 10.928786 10.928786 0.969738 0.969738 0.969738
4920 10.928786 10.928786 10.928786 0.969738 0.969738 0.969738
4930 10.928786 10.928786 10.928786 0.969738 0.969738 0.969738
4940 10.928786 10.928786 10.928786 0.969738 0.969738 0.969738
4950 10.928786 10.928786 10.928786 0.969738 0.969738 0.969738
4960 10.928786 10.928786 10.928786 0.969738 0.969738 0.969738
4970 10.928786 10.928786 10.928786 0.969738 0.969738 0.969738
4980 10.928786 10.928786 10.928786 0.969738 0.969738 0.969738
4990 10.928786 10.928786 10.928786 0.969738 0.969738 0.969738
5000 10.928786 10.928786 10.928786 0.969738 0.969738 0.969738
5010 10.928786 10.928786 10.928786 0.969738 0.969738 0.969738
5020 10.928786 10.928786 10.928786 0.969738 0.969738 0.969738
5030 10.928786 10.928786 10.928786 0.969738 0.969738 0.969738
5040 10.928786 10.928786 10.928786 0.969738 0.969738 0.969738
5050 10.928786 10.928786 10.928786 0.969738 0.969738 0.969738
5060 10.928786 10.928786 10.928786 0.969738 0.969738 0.969738
5070 10.928786 10.928786 10.928786 0.969738 0.969738 0.969738
5080 10.928786 10.928786 10.928786 0.969738 0.969738 0.969738
5090 10.928786 10.928786 10.928786 0.969738 0.969738 0.969738
5100 10.928786 10.928786 10.928786 0.969738 0.969738 0.969738
5110 10.928786 10.928786 10.928786 0.969738 0.969738 0.969738
5120 10.928786 10.928786 10.928786 0.969738 0.969738 0.969738
5130 10.928786 10.928786 10.928786 0.969738 0.969738 0.969738
5140 10.928786 10.928786 10.928786 0.969738 0.969738 0.969738
5150 10.928786 10.928786 10.928786 0.969738 0.969738 0.969738
5160 10.928786 10.928786 10.928786 0.969738 0.969738 0.969738
5170 10.928786 10.928786 10.928786 0.969738 0.969738 0.969738
5180 10.928786 10.928786 10.928786 0.969738 0.969738 0.969738
5190 10.928786 10.928786 10.928786 0.969738 0.969738 0.969738
5200 10.928786 10.928786 10.928786 0.969738 0.969738 0.969738
5210 10.928786 10.928786 10.928786 0.969738 0.969738 0.969738
5220 10.928786 10.928786 10.928786 0.969738 0.969738 0.969738
5230 10.928786 10.928786 10.928786 0.969738 0.969738 0.969738
5240 10.928786 10.928786 10.928786 0.969738 0.969738 0.969738
5250 10.928786 10.928786 10.928786 0.969738 0.969738 0.969738
5260 10.928786 10.928786 10.928786 0.969738 0.969738 0.969738
5270 10.928786 10.928786 10.928786 0.969738 0.969738 0.969738
5280 10.928786 10.928786 10.928786 0.969738 0.969738 0.969738
5290 10.928786 10.928786 10.928786 0.969738 0.969738 0.969738
5300 10.928786 10.928786 10.928786 0.969738 0.969738 0.969738
5310 10.928786 10.928786 10.928786 0.969738 0.969738 0.969738
5320 10.928786 10.928786 10.928786 0.969738 0.969738 0.969738
5330 10.928786 10.928786 10.928786 0.969738 0.969738 0.969738
5340 10.928786 10.928786 10.928786 0.969738 0.969738 0.969738
5350 10.928786 10.928786 10.928786 0.969738 0.969738 0.969738
5360 10.928786 10.928786 10.928786 0.969738 0.969738 0.969738
5370 10.928786 10.928786 10.928786 0.969738 0.969738 0.969738
5380 10.928786 10.928786 10.928786 0.969738 0.969738 0.969738
5390 10.928786 10.928786 10.928786 0.969738 0.969738 0.969738
5400 10.928786 10.928786 10.928786 0.969738 0.969738 0.969738
5410 10.928786 10.928786 10.928786 0.969738 0.969738 0.969738
5420 10.928786 10.928786 10.928786 0.969738 0.969738 0.969738
5430 10.928786 10.928786 10.928786 0.969738 0.969738 0.969738
5440 10.928786 10.928786 10.928786 0.969738 0.969738 0.969738
5450 10.928786 10.928786 10.928786 0.969738 0.969738 0.969738
5460 10.928786 10.928786 10.928786 0.969738 0.969738 0.969738
5470 10.928786 10.928786 10.928786 0.969738 0.969738 0.969738
5480 10.928786 10.928786 10.928786 0.969738 0.969738 0.969738
5490 10.928786 10.928786 10.928786 0.969738 0.969738 0.969738
5500 10.928786 10.928786 10.928786 0.969738 0.969738 0.969738
5510 10.928786 10.928786 10.928786 0.969738 0.969738 0.969738
5520 10.928786 10.928786 10.928786 0.969738 0.969738 0.969738
5530 10.928786 10.928786 10.928786 0.969738 0.969738 0.969738
5540 10.928786 10.928786 10.928786 0.969738 0.969738 0.969738
5550 10.928786 10.928786 10.928786 0.969738 0.969738 0.969738
5560 10.928786 10.928786 10.928786 0.969738 0.969738 0.969738
5570 10.928786 10.928786 10.928786 0.969738 0.969738 0.969738
5580 10.928786 10.928786 10.928786 0.969738 0.969738 0.969738
5590 10.928786 10.928786 10.928786 0.969738 0.969738 0.969738
5600 10.928786 10.928786 10.928786 0.969738 0.969738 0.969738
5610 10.928786 10.928786 10.928786 0.969738 0.969738 0.969738
5620 10.928786 10.928786 10.928786 0.969738 0.969738 0.969738
5630 10.928786 10.928786 10.928786 0.969738 0.969738 0.969738
5640 10.928786 10.928786 10.928786 0.969738 0.969738 0.969738
5650 10.928786 10.928786 10.928786 0.969738 0.969738 0.969738
5660 10.928786 10.928786 10.928786 0.969738 0.969738 0.969738
5670 10.928786 10.928786 10.928786 0.969738 0.969738 0.969738
5680 10.928786 10.928786 10.928786 0.969738 0.969738 0.969738
5690 10.928786 10.928786 10.928786 0.969738 0.969738 0.969738
5700 10.928786 10.928786 10.928786 0.969738 0.969738 0.969738
5710 10.928786 10.928786 10.928786 0.969738 0.969738 0.969738
5720 10.928786 10.928786 10.928786 0.969738 0.969738 0.969738
5730 10.928786 10.928786 10.928786 0.969738 0.969738 0.969738
5740 10.928786 10.928786 10.928786 0.969738 0.969738 0.969738
5750 10.928786 10.928786 10.928786 0.969738 0.969738 0.969738
5760 10.928786 10.928786 10.928786 0.969738 0.969738 0.969738
5770 10.928786 10.928786 10.928786 0.969738 0.969738 0.969738
5780 10.928786 10.928786 10.928786 0.969738 0.969738 0.969738
5790 10.928786 10.928786 10.928786 0.969738 0.969738 0.969738
5800 10.928786 10.928786 10.928786 0.969738 0.969738 0.969738
5810 10.928786 10.928786 10.928786 0.969738 0.969738 0.969738
5820 10.928786 10.928786 10.928786 0.969738 0.969738 0.969738
5830 10.928786 10.928786 10.928786 0.969738 0.969738 0.969738
5840 10.928786 10.928786 10.928786 0.969738 0.969738 0.969738
5850 10.928786 10.928786 10.928786 0.969738 0.969738 0.969738
5860 10.928786 10.928786 10.928786 0.969738 0.969738 0.969738
5870 10.928786 10.928786 10.928786 0.969738 0.969738 0.969738
5880 10.928786 10.928786 10.928786 0.969738 0.969738 0.969738
5890 10.928786 10.928786 10.928786 0.969738 0.969738 0.969738
5900 10.928786 10.928786 10.928786 0.969738 0.969738 0.969738
5910 10.928786 10.928786 10.928786 0.969738 0.969738 0.969738
5920 10.928786 10.928786 10.928786 0.969738 0.969738 0.969738
5930 10.928786 10.928786 10.928786 0.969738 0.969738 0.969738
5940 10.928786 10.928786 10.928786 0.969738 0.969738 0.969738
5950 10.928786 10.928786 10.928786 0.969738 0.969738 0.969738
5960 10.928786 10.928786 10.928786 0.969738 0.969738 0.969738
5970 10.928786 10.928786 10.928786 0.969738 0.969738 0.969738
5980 10.928786 10.928786 10.928786 0.969738 0.969738 0.969738
5990 10.928786 10.928786 10.928786 0.969738 0.969738 0.969738
6000 10.928786 10.928786 10.928786 0.969738 0.969738 0.969738
6010 10.928786 10.928786 10.928786 0.969738 0.969738 0.969738
6020 10.928786 10.928786 10.928786 0.969738 0.969738 0.969738
6030 10.928786 10.928786 10.928786 0.969738 0.969738 0.969738
6040 10.928786 10.928786 10.928786 0.969738 0.969738 0.969738
6050 10.928786 10.928786 10.928786 0.969738 0.969738 0.969738
6060 10.928786 10.928786 10.928786 0.969738 0.969738 0.969738
6070 10.928786 10.928786 10.928786 0.969738 0.969738 0.969738
6080 10.928786 10.928786 10.928786 0.969738 0.969738 0.969738
6090 10.928786 10.928786 10.928786 0.969738 0.969738 0.969738
6100 10.928786 10.928786 10.928786 0.969738 0.969738 0.969738
6110 10.928786 10.928786 10.928786 0.969738 0.969738 0.969738
6120 10.928786 10.928786 10.928786 0.969738 0.969738 0.969738
6130 10.928786 10.928786 10.928786 0.969738 0.969738 0.969738
6140 10.928786 10.928786 10.928786 0.969738 0.969738 0.969738
6150 10.928786 10.928786 10.928786 0.969738 0.969738 0.969738
6160 10.928786 10.928786 10.928786 0.969738 0.969738 0.969738
6170 10.928786 10.928786 10.928786 0.969738 0.969738 0.969738
6180 10.928786 10.928786 10.928786 0.969738 0.969738 0.969738
6190 10.928786 10.928786 10.928786 0.969738 0.969738 0.969738
6200 10.928786 10.928786 10.928786 0.969738 0.969738 0.969738
6210 10.928786 10.928786 10.928786 0.969738 0.969738 0.969738
6220 10.928786 10.928786 10.928786 0.969738 0.969738 0.969738
6230 10.928786 10.928786 10.928786 0.969738 0.969738 0.969738
6240 10.928786 10.928786 10.928786 0.969738 0.969738 0.969738
6250 10.928786 10.928786 10.928786 0.969738 0.969738 0.969738
6260 10.928786 10.928786 10.928786 0.969738 0.969738 0.969738
6270 10.928786 10.928786 10.928786 0.969738 0.969738 0.969738
6280 10.928786 10.928786 10.928786 0.969738 0.969738 0.969738
6290 10.928786 10.928786 10.928786 0.969738 0.969738 0.969738
6300 10.928786 10.928786 10.928786 0.969738 0.969738 0.969738
6310 10.928786 10.928786 10.928786 0.969738 0.969738 0.969738
6320 10.928786 10.928786 10.928786 0.969738 0.969738 0.969738
6330 10.928786 10.928786 10.928786 0.969738 0.969738 0.969738
6340 10.928786 10.928786 10.928786 0.969738 0.969738 0.969738
6350 10.928786 10.928786 10.928786 0.969738 0.969738 0.969738
6360 10.928786 10.928786 10.928786 0.969738 0.969738 0.969738
6370 10.928786 10.928786 10.928786 0.969738 0.969738 0.969738
6380 10.928786 10.928786 10.928786 0.969738 0.969738 0.969738
6390 10.928786 10.928786 10.928786 0.969738 0.969738 0.969738
6400 10.928786 10.928786 10.928786 0.969738 0.969738 0.969738
6410 10.928786 10.928786 10.928786 0.969738 0.969738 0.969738
6420 10.928786 10.928786 10.928786 0.969738 0.969738 0.969738
6430 10.928786 10.928786 10.928786 0.969738 0.969738 0.969738
6440 10.928786 10.928786 10.928786 0.969738 0.969738 0.969738
6450 10.928786 10.928786 10.928786 0.969738 0.969738 0.969738
6460 10.928786 10.928786 10.928786 0.969738 0.969738 0.969738
6470 10.928786 10.928786 10.928786 0.969738 0.969738 0.969738
6480 10.928786 10.928786 10.928786 0.969738 0.969738 0.969738
6490 10.928786 10.928786 10.928786 0.969738 0.969738 0.969738
6500 10.928786 10.928786 10.928786 0.969738 0.969738 0.969738
6510 10.928786 10.928786 10.928786 0.969738 0.969738 0.969738
6520 10.928786 10.928786 10.928786 0.969738 0.969738 0.969738
6530 10.928786 10.928786 10.928786 0.969738 0.969738 0.969738
6540 10.928786 10.928786 10.928786 0.969738 0.969738 0.969738
6550 10.928786 10.928786 10.928786 0.969738 0.969738 0.969738
6560 10.928786 10.928786 10.928786 0.969738 0.969738 0.969738
6570 10.928786 10.928786 10.928786 0.969738 0.969738 0.969738
6580 10.928786 10.928786 10.928786 0.969738 0.969738 0.969738
6590 10.928786 10.928786 10.928786 0.969738 0.969738 0.969738
6600 10.928786 10.928786 10.928786 0.969738 0.969738 0.969738
6610 10.928786 10.928786 10.928786 0.969738 0.969738 0.969738
6620 10.928786 10.928786 10.928786 0.969738 0.969738 0.969738
6630 10.928786 10.928786 10.928786 0.969738 0.969738 0.969738
6640 10.928786 10.928786 10.928786 0.969738 0.969738 0.969738
6650 10.928786 10.928786 10.928786 0.969738 0.969738 0.969738
6660 10.928786 10.928786 10.928786 0.969738 0.969738 0.969738
6670 10.928786 10.928786 10.928786 0.969738 0.969738 0.969738
6680 10.928786 10.928786 10.928786 0.969738 0.969738 0.969738
6690 10.928786 10.928786 10.928786 0.969738 0.969738 0.969738
6700 10.928786 10.928786 10.928786 0.969738 0.969738 0.969738
6710 10.928786 10.928786 10.928786 0.969738 0.969738 0.969738
6720 10.928786 10.928786 10.928786 0.969738 0.969738 0.969738
6730 10.928786 10.928786 10.928786 0.969738 0.969738 0.969738
6740 10.928786 10.928786 10.928786 0.969738 0.969738 0.969738
6750 10.928786 10.928786 10.928786 0.969738 0.969738 0.969738
6760 10.928786 10.928786 10.928786 0.969738 0.969738 0.969738
6770 10.928786 10.928786 10.928786 0.969738 0.969738 0.969738
6780 10.928786 10.928786 10.928786 0.969738 0.969738 0.969738
6790 10.928786 10.928786 10.928786 0.969738 0.969738 0.969738
6800 10.928786 10.928786 10.928786 0.969738 0.969738 0.969738
6810 10.928786 10.928786 10.928786 0.969738 0.969738 0.969738
6820 10.928786 10.928786 10.928786 0.969738 0.969738 0.969738
6830 10.928786 10.928786 10.928786 0.969738 0.969738 0.969738
6840 10.928786 10.928786 10.928786 0.969738 0.969738 0.969738
6850 10.928786 10.928786 10.928786 0.969738 0.969738 0.969738
6860 10.928786 10.928786 10.928786 0.969738 0.969738 0.969738
6870 10.928786 10.928786 10.928786 0.969738 0.969738 0.969738
6880 10.928786 10.928786 10.928786 0.969738 0.969738 0.969738
6890 10.928786 10.928786 10.928786 0.969738 0.969738 0.969738
6900 10.928786 10.928786 10.928786 0.969738 0.969738 0.969738
6910 10.928786 10.928786 10.928786 0.969738 0.969738 0.969738
6920 10.928786 10.928786 10.928786 0.969738 0.969738 0.969738
6930 10.928786 10.928786 10.928786 0.969738 0.969738 0.969738
6940 10.928786 10.928786 10.928786 0.969738 0.969738 0.969738
6950 10.928786 10.928786 10.928786 0.969738 0.969738 0.969738
6960 10.928786 10.928786 10.928786 0.969738 0.969738 0.969738
6970 10.928786 10.928786 10.928786 0.969738 0.969738 0.969738
6980 10.928786 10.928786 10.928786 0.969738 0.969738 0.969738
6990 10.928786 10.928786 10.928786 0.969738 0.969738 0.969738
7000 10.928786 10.928786 10.928786 0.969738 0.969738 0.969738
7010 10.928786 10.928786 10.928786 0.969738 0.969738 0.969738
7020 10.928786 10.928786 10.928786 0.969738 0.969738 0.969738
7030 10.928786 10.928786 10.928786 0.969738 0.969738 0.969738
7040 10.928786 10.928786 10.928786 0.969738 0.969738 0.969738
7050 10.928786 10.928786 10.928786 0.969738 0.969738 0.969738
7060 10.928786 10.928786 10.928786 0.969738 0.969738 0.969738
7070 10.928786 10.928786 10.928786 0.969738 0.969738 0.969738
7080 10.928786 10.928786 10.928786 0.969738 0.969738 0.969738
7090 10.928786 10.928786 10.928786 0.969738 0.969738 0.969738
7100 10.928786 10.928786 10.928786 0.969738 0.969738 0.969738
7110 10.928786 10.928786 10.928786 0.969738 0.969738 0.969738
7120 10.928786 10.928786 10.928786 0.969738 0.969738 0.969738
7130 10.928786 10.928786 10.928786 0.969738 0.969738 0.969738
7140 10.928786 10.928786 10.928786 0.969738 0.969738 0.969738
7150 10.928786 10.928786 10.928786 0.969738 0.969738 0.969738
7160 10.928786 10.928786 10.928786 0.969738 0.969738 0.969738
7170 10.928786 10.928786 10.928786 0.969738 0.969738 0.969738
7180 10.928786 10.928786 10.928786 0.969738 0.969738 0.969738
7190 10.928786 10.928786 10.928786 0.969738 0.969738 0.969738
7200 10.928786 10.928786 10.928786 0.969738 0.969738 0.969738
7210 10.928786 10.928786 10.928786 0.969738 0.969738 0.969738
7220 10.928786 10.928786 10.928786 0.969738 0.969738 0.969738
7230 10.928786 10.928786 10.928786 0.969738 0.969738 0.969738
7240 10.928786 10.928786 10.928786 0.969738 0.969738 0.969738
7250 10.928786 10.928786 10.928786 0.969738 0.969738 0.969738
7260 10.928786 10.928786 10.928786 0.969738 0.969738 0.969738
7270 10.928786 10.928786 10.928786 0.969738 0.969738 0.969738
7280 10.928786 10.928786 10.928786 0.969738 0.969738 0.969738
7290 10.928786 10.928786 10.928786 0.969738 0.969738 0.969738
7300 10.928786 10.928786 10.928786 0.969738 0.969738 0.969738
7310 10.928786 10.928786 10.928786 0.969738 0.969738 0.969738
7320 10.928786 10.928786 10.928786 0.969738 0.969738 0.969738
7330 10.928786 10.928786 10.928786 0.969738 0.969738 0.969738
7340 10.928786 10.928786 10.928786 0.969738 0.969738 0.969738
7350 10.928786 10.928786 10.928786 0.969738 0.969738 0.969738
7360 10.928786 10.928786 10.928786 0.969738 0.969738 0.969738
7370 10.928786 10.928786 10.928786 0.969738 0.969738 0.969738
7380 10.928786 10.928786 10.928786 0.969738 0.969738 0.969738
7390 10.928786 10.928786 10.928786 0.969738 0.969738 0.969738
7400 10.928786 10.928786 10.928786 0.969738 0.969738 0.969738
7410 10.928786 10.928786 10.928786 0.969738 0.969738 0.969738
7420 10.928786 10.928786 10.928786 0.969738 0.969738 0.969738
7430 10.928786 10.928786 10.928786 0.969738 0.969738 0.969738
7440 10.928786 10.928786 10.928786 0.969738 0.969738 0.969738
7450 10.928786 10.928786 10.928786 0.969738 0.969738 0.969738
7460 10.928786 10.928786 10.928786 0.969738 0.969738 0.969738
7470 10.928786 10.928786 10.928786 0.969738 0.969738 0.969738
7480 10.928786 10.928786 10.928786 0.969738 0.969738 0.969738
7490 10.928786 10.928786 10.928786 0.969738 0.969738 0.969738
7500 10.928786 10.928786 10.928786 0.969738 0.969738 0.969738
7510 10.928786 10.928786 10.928786 0.969738 0.969738 0.969738
7520 10.928786 10.928786 10.928786 0.969738 0.969738 0.969738
7530 10.928786 10.928786 10.928786 0.969738 0.969738 0.969738
7540 10.928786 10.928786 10.928786 0.969738 0.969738 0.969738
7550 10.928786 10.928786 10.928786 0.969738 0.969738 0.969738
7560 10.928786 10.928786 10.928786 0.969738 0.969738 0.969738
7570 10.928786 10.928786 10.928786 0.969738 0.969738 0.969738
7580 10.928786 10.928786 10.928786 0.969738 0.969738 0.969738
7590 10.928786 10.928786 10.928786 0.969738 0.969738 0.969738
7600 10.928786 10.928786 10.928786 0.969738 0.969738 0.969738
7610 10.928786 10.928786 10.928786 0.969738 0.969738 0.969738
7620 10.928786 10.928786 10.928786 0.969738 0.969738 0.969738
7630 10.928786 10.928786 10.928786 0.969738 0.969738 0.969738
7640 10.928786 10.928786 10.928786 0.969738 0.969738 0.969738
7650 10.928786 10.928786 10.928786 0.969738 0.969738 0.969738
7660 10.928786 10.928786 10.928786 0.969738 0.969738 0.969738
7670 10.928786 10.928786 10.928786 0.969738 0.969738 0.969738
7680 10.928786 10.928786 10.928786 0.969738 0.969738 0.969738
7690 10.928786 10.928786 10.928786 0.969738 0.969738 0.969738
7700 10.928786 10.928786 10.928786 0.969738 0.969738 0.969738
7710 10.928786 10.928786 10.928786 0.969738 0.969738 0.969738
7720 10.928786 10.928786 10.928786 0.969738 0.969738 0.969738
7730 10.928786 10.928786 10.928786 0.969738 0.969738 0.969738
7740 10.928786 10.928786 10.928786 0.969738 0.969738 0.969738
7750 10.928786 10.928786 10.928786 0.969738 0.969738 0.969738
7760 10.928786 10.928786 10.928786 0.969738 0.969738 0.969738
7770 10.928786 10.928786 10.928786 0.969738 0.969738 0.969738
7780 10.928786 10.928786 10.928786 0.969738 0.969738 0.969738
7790 10.928786 10.928786 10.928786 0.969738 0.969738 0.969738
7800 10.928786 10.928786 10.928786 0.969738 0.969738 0.969738
7810 10.928786 10.928786 10.928786 0.969738 0.969738 0.969738
7820 10.928786 10.928786 10.928786 0.969738 0.969738 0.969738
7830 10.928786 10.928786 10.928786 0.969738 0.969738 0.969738
7840 10.928786 10.928786 10.928786 0.969738 0.969738 0.969738
7850 10.928786 10.928786 10.928786 0.969738 0.969738 0.969738
7860 10.928786 10.928786 10.928786 0.969738 0.969738 0.969738
7870 10.928786 10.928786 10.928786 0.969738 0.969738 0.969738
7880 10.928786 10.928786 10.928786 0.969738 0.969738 0.969738
7890 10.928786 10.928786 10.928786 0.969738 0.969738 0.969738
7900 10.928786 10.928786 10.928786 0.969738 0.969738 0.969738
7910 10.928786 10.928786 10.928786 0.969738 0.969738 0.969738
7920 10.928786 10.928786 10.928786 0.969738 0.969738 0.969738
7930 10.928786 10.928786 10.928786 0.969738 0.969738 0.969738
7940 10.928786 10.928786 10.928786 0.969738 0.969738 0.969738
7950 10.928786 10.928786 10.928786 0.969738 0.969738 0.969738
7960 10.928786 10.928786 10.928786 0.969738 0.969738 0.969738
7970 10.928786 10.928786 10.928786 0.969738 0.969738 0.969738
7980 10.928786 10.928786 10.928786 0.969738 0.969738 0.969738
7990 10.928786 10.928786 10.928786 0.969738 0.969738 0.969738
8000 10.928786 10.928786 10.928786 0.969738 0.969738 0.969738
8010 10.928786 10.928786 10.928786 0.969738 0.969738 0.969738
8020 10.928786 10.928786 10.928786 0.969738 0.969738 0.969738
8030 10.928786 10.928786 10.928786 0.969738 0.969738 0.969738
8040 10.928786 10.928786 10.928786 0.969738 0.969738 0.969738
8050 10.928786 10.928786 10.928786 0.969738 0.969738 0.969738
8060 10.928786 10.928786 10.928786 0.969738 0.969738 0.969738
8070 10.928786 10.928786 10.928786 0.969738 0.969738 0.969738
8080 10.928786 10.928786 10.928786 0.969738 0.969738 0.969738
8090 10.928786 10.928786 10.928786 0.969738 0.969738 0.969738
8100 10.928786 10.928786 10.928786 0.969738 0.969738 0.969738
8110 10.928786 10.928786 10.928786 0.969738 0.969738 0.969738
8120 10.928786 10.928786 10.928786 0.969738 0.969738 0.969738
8130 10.928786 10.928786 10.928786 0.969738 0.969738 0.969738
8140 10.928786 10.928786 10.928786 0.969738 0.969738 0.969738
8150 10.928786 10.928786 10.928786 0.969738 0.969738 0.969738
8160 10.928786 10.928786 10.928786 0.969738 0.969738 0.969738
8170 10.928786 10.928786 10.928786 0.969738 0.969738 0.969738
8180 10.928786 10.928786 10.928786 0.969738 0.969738 0.969738
8190 10.928786 10.928786 10.928786 0.969738 0.969738 0.969738
8200 10.928786 10.928786 10.928786 0.969738 0.969738 0.969738
8210 10.928786 10.928786 10.928786 0.969738 0.969738 0.969738
8220 10.928786 10.928786 10.928786 0.969738 0.969738 0.969738
8230 10.928786 10.928786 10.928786 0.969738 0.969738 0.969738
8240 10.928786 10.928786 10.928786 0.969738 0.969738 0.969738
8250 10.928786 10.928786 10.928786 0.969738 0.969738 0.969738
8260 10.928786 10.928786 10.928786 0.969738 0.969738 0.969738
8270 10.928786 10.928786 10.928786 0.969738 0.969738 0.969738
8280 10.928786 10.928786 10.928786 0.969738 0.969738 0.969738
8290 10.928786 10.928786 10.928786 0.969738 0.969738 0.969738
8300 10.928786 10.928786 10.928786 0.969738 0.969738 0.969738
8310 10.928786 10.928786 10.928786 0.969738 0.969738 0.969738
8320 10.928786 10.928786 10.928786 0.969738 0.969738 0.969738
8330 10.928786 10.928786 10.928786 0.969738 0.969738 0.969738
8340 10.928786 10.928786 10.928786 0.969738 0.969738 0.969738
8350 10.928786 10.928786 10.928786 0.969738 0.969738 0.969738
8360 10.928786 10.928786 10.928786 0.969738 0.969738 0.969738
8370 10.928786 10.928786 10.928786 0.969738 0.969738 0.969738
8380 10.928786 10.928786 10.928786 0.969738 0.969738 0.969738
8390 10.928786 10.928786 10.928786 0.969738 0.969738 0.969738
8400 10.928786 10.928786 10.928786 0.969738 0.969738 0.969738
8410 10.928786 10.928786 10.928786 0.969738 0.969738 0.969738
8420 10.928786 10.928786 10.928786 0.969738 0.969738 0.969738
8430 10.928786 10.928786 10.928786 0.969738 0.969738 0.969738
8440 10.928786 10.928786 10.928786 0.969738 0.969738 0.969738
8450 10.928786 10.928786 10.928786 0.969738 0.969738 0.969738
8460 10.928786 10.928786 10.928786 0.969738 0.969738 0.969738
8470 10.928786 10.928786 10.928786 0.969738 0.969738 0.969738
8480 10.928786 10.928786 10.928786 0.969738 0.969738 0.969738
8490 10.928786 10.928786 10.928786 0.969738 0.969738 0.969738
8500 10.928786 10.928786 10.928786 0.969738 0.969738 0.969738
8510 10.928786 10.928786 10.928786 0.969738 0.969738 0.969738
8520 10.928786 10.928786 10.928786 0.969738 0.969738 0.969738
8530 10.928786 10.928786 10.928786 0.969738 0.969738 0.969738
8540 10.928786 10.928786 10.928786 0.969738 0.969738 0.969738
8550 10.928786 10.928786 10.928786 0.969738 0.969738 0.969738
8560 10.928786 10.928786 10.928786 0.969738 0.969738 0.969738
8570 10.928786 10.928786 10.928786 0.969738 0.969738 0.969738
8580 10.928786 10.928786 10.928786 0.969738 0.969738 0.969738
8590 10.928786 10.928786 10.928786 0.969738 0.969738 0.969738
8600 10.928786 10.928786 10.928786 0.969738 0.969738 0.969738
8610 10.928786 10.928786 10.928786 0.969738 0.969738 0.969738
8620 10.928786 10.928786 10.928786 0.969738 0.969738 0.969738
8630 10.928786 10.928786 10.928786 0.969738 0.969738 0.969738
8640 10.928786 10.928786 10.928786 0.969738 0.969738 0.969738
8650 10.928786 10.928786 10.928786 0.969738 0.969738 0.969738
8660 10.928786 10.928786 10.928786 0.969738 0.969738 0.969738
8670 10.928786 10.928786 10.928786 0.969738 0.969738 0.969738
8680 10.928786 10.928786 10.928786 0.969738 0.969738 0.969738
8690 10.928786 10.928786 10.928786 0.969738 0.969738 0.969738
8700 10.928786 10.928786 10.928786 0.969738 0.969738 0.969738
8710 10.928786 10.928786 10.928786 0.969738 0.969738 0.969738
8720 10.928786 10.928786 10.928786 0.969738 0.969738 0.969738
8730 10.928786 10.928786 10.928786 0.969738 0.969738 0.969738
8740 10.928786 10.928786 10.928786 0.969738 0.969738 0.969738
8750 10.928786 10.928786 10.928786 0.969738 0.969738 0.969738
8760 10.928786 10.928786 10.928786 0.969738 0.969738 0.969738
8770 10.928786 10.928786 10.928786 0.969738 0.969738 0.969738
8780 10.928786 10.928786 10.928786 0.969738 0.969738 0.969738
8790 10.928786 10.928786 10.928786 0.969738 0.969738 0.969738
8800 10.928786 10.928786 10.928786 0.969738 0.969738 0.969738
8810 10.928786 10.928786 10.928786 0.969738 0.969738 0.969738
8820 10.928786 10.928786 10.928786 0.969738 0.969738 0.969738
8830 10.928786 10.928786 10.928786 0.969738 0.969738 0.969738
8840 10.928786 10.928786 10.928786 0.969738 0.969738 0.969738
8850 10.928786 10.928786 10.928786 0.969738 0.969738 0.969738
8860 10.928786 10.928786 10.928786 0.969738 0.969738 0.969738
8870 10.928786 10.928786 10.928786 0.969738 0.969738 0.969738
8880 10.928786 10.928786 10.928786 0.969738 0.969738 0.969738
8890 10.928786 10.928786 10.928786 0.969738 0.969738 0.969738
8900 10.928786 10.928786 10.928786 0.969738 0.969738 0.969738
8910 10.928786 10.928786 10.928786 0.969738 0.969738 0.969738
8920 10.928786 10.928786 10.928786 0.969738 0.969738 0.969738
8930 10.928786 10.928786 10.928786 0.969738 0.969738 0.969738
8940 10.928786 10.928786 10.928786 0.969738 0.969738 0.969738
8950 10.928786 10.928786 10.928786 0.969738 0.969738 0.969738
8960 10.928786 10.928786 10.928786 0.969738 0.969738 0.969738
8970 10.928786 10.928786 10.928786 0.969738 0.969738 0.969738
8980 10.928786 10.928786 10.928786 0.969738 0.969738 0.969738
8990 10.928786 10.928786 10.928786 0.969738 0.969738 0.969738
9000 10.928786 10.928786 10.928786 0.969738 0.969738 0.969738
9010 10.928786 10.928786 10.928786 0.969738 0.969738 0.969738
9020 10.928786 10.928786 10.928786 0.969738 0.969738 0.969738
9030 10.928786 10.928786 10.928786 0.969738 0.969738 0.969738
9040 10.928786 10.928786 10.928786 0.969738 0.969738 0.969738
9050 10.928786 10.928786 10.928786 0.969738 0.969738 0.969738
9060 10.928786 10.928786 10.928786 0.969738 0.969738 0.969738
9070 10.928786 10.928786 10.928786 0.969738 0.969738 0.969738
9080 10.928786 10.928786 10.928786 0.969738 0.969738 0.969738
9090 10.928786 10.928786 10.928786 0.969738 0.969738 0.969738
9100 10.928786 10.928786 10.928786 0.969738 0.969738 0.969738
9110 10.928786 10.928786 10.928786 0.969738 0.969738 0.969738
9120 10.928786 10.928786 10.928786 0.969738 0.969738 0.969738
9130 10.928786 10.928786 10.928786 0.969738 0.969738 0.969738
9140 10.928786 10.928786 10.928786 0.969738 0.969738 0.969738
9150 10.928786 10.928786 10.928786 0.969738 0.969738 0.969738
9160 10.928786 10.928786 10.928786 0.969738 0.969738 0.969738
9170 10.928786 10.928786 10.928786 0.969738 0.969738 0.969738
9180 10.928786 10.928786 10.928786 0.969738 0.969738 0.969738
9190 10.928786 10.928786 10.928786 0.969738 0.969738 0.969738
9200 10.928786 10.928786 10.928786 0.969738 0.969738 0.969738
9210 10.928786 10.928786 10.928786 0.969738 0.969738 0.969738
9220 10.928786 10.928786 10.928786 0.969738 0.969738 0.969738
9230 10.928786 10.928786 10.928786 0.969738 0.969738 0.969738
9240 10.928786 10.928786 10.928786 0.969738 0.969738 0.969738
9250 10.928786 10.928786 10.928786 0.969738 0.969738 0.969738
9260 10.928786 10.928786 10.928786 0.969738 0.969738 0.969738
9270 10.928786 10.928786 10.928786 0.969738 0.969738 0.969738
9280 10.928786 10.928786 10.928786 0.969738 0.969738 0.969738
9290 10.928786 10.928786 10.928786 0.969738 0.969738 0.969738
9300 10.928786 10.928786 10.928786 0.969738 0.969738 0.969738
9310 10.928786 10.928786 10.928786 0.969738 0.969738 0.969738
9320 10.928786 10.928786 10.928786 0.969738 0.969738 0.969738
9330 10.928786 10.928786 10.928786 0.969738 0.969738 0.969738
9340 10.928786 10.928786 10.928786 0.969738 0.969738 0.969738
9350 10.928786 10.928786 10.928786 0.969738 0.969738 0.969738
9360 10.928786 10.928786 10.928786 0.969738 0.969738 0.969738
9370 10.928786 10.928786 10.928786 0.969738 0.969738 0.969738
9380 10.928786 10.928786 10.928786 0.969738 0.969738 0.969738
9390 10.928786 10.928786 10.928786 0.969738 0.969738 0.969738
9400 10.928786 10.928786 10.928786 0.969738 0.969738 0.969738
9410 10.928786 10.928786 10.928786 0.969738 0.969738 0.969738
9420 10.928786 10.928786 10.928786 0.969738 0.969738 0.969738
9430 10.928786 10.928786 10.928786 0.969738 0.969738 0.969738
9440 10.928786 10.928786 10.928786 0.969738 0.969738 0.969738
9450 10.928786 10.928786 10.928786 0.969738 0.969738 0.969738
9460 10.928786 10.928786 10.928786 0.969738 0.969738 0.969738
9470 10.928786 10.928786 10.928786 0.969738 0.969738 0.969738
9480 10.928786 10.928786 10.928786 0.969738 0.969738 0.969738
9490 10.928786 10.928786 10.928786 0.969738 0.969738 0.969738
9500 10.928786 10.928786 10.928786 0.969738 0.969738 0.969738
9510 10.928786 10.928786 10.928786 0.969738 0.969738 0.969738
9520 10.928786 10.928786 10.928786 0.969738 0.969738 0.969738
9530 10.928786 10.928786 10.928786 0.969738 0.969738 0.969738
9540 10.928786 10.928786 10.928786 0.969738 0.969738 0.969738
9550 10.928786 10.928786 10.928786 0.969738 0.969738 0.969738
9560 10.928786 10.928786 10.928786 0.969738 0.969738 0.969738
9570 10.928786 10.928786 10.928786 0.969738 0.969738 0.969738
9580 10.928786 10.928786 10.928786 0.969738 0.969738 0.969738
9590 10.928786 10.928786 10.928786 0.969738 0.969738 0.969738
9600 10.928786 10.928786 10.928786 0.969738 0.969738 0.969738
9610 10.928786 10.928786 10.928786 0.969738 0.969738 0.969738
9620 10.928786 10.928786 10.928786 0.969738 0.969738 0.969738
9630 10.928786 10.928786 10.928786 0.969738 0.969738 0.969738
9640 10.928786 10.928786 10.928786 0.969738 0.969738 0.969738
9650 10.928786 10.928786 10.928786 0.969738 0.969738 0.969738
9660 10.928786 10.928786 10.928786 0.969738 0.969738 0.969738
9670 10.928786 10.928786 10.928786 0.969738 0.969738 0.969738
9680 10.928786 10.928786 10.928786 0.969738 0.969738 0.969738
9690 10.928786 10.928786 10.928786 0.969738 0.969738 0.969738
9700 10.928786 10.928786 10.928786 0.969738 0.969738 0.969738
9710 10.928786 10.928786 10.928786 0.969738 0.969738 0.969738
9720 10.928786 10.928786 10.928786 0.969738 0.969738 0.969738
9730 10.928786 10.928786 10.928786 0.969738 0.969738 0.969738
9740 10.928786 10.928786 10.928786 0.969738 0.969738 0.969738
9750 10.928786 10.928786 10.928786 0.969738 0.969738 0.969738
9760 10.928786 10.928786 10.928786 0.969738 0.969738 0.969738
9770 10.928786 10.928786 10.928786 0.969738 0.969738 0.969738
9780 10.928786 10.928786 10.928786 0.969738 0.969738 0.969738
9790 10.928786 10.928786 10.928786 0.969738 0.969738 0.969738
9800 10.928786 10.928786 10.928786 0.969738 0.969738 0.969738
9810 10.928786 10.928786 10.928786 0.969738 0.969738 0.969738
9820 10.928786 10.928786 10.928786 0.969738 0.969738 0.969738
9830 10.928786 10.928786 10.928786 0.969738 0.969738 0.969738
9840 10.928786 10.928786 10.928786 0.969738 0.969738 0.969738
9850 10.928786 10.928786 10.928786 0.969738 0.969738 0.969738
9860 10.928786 10.928786 10.928786 0.969738 0.969738 0.969738
9870 10.928786 10.928786 10.928786 0.969738 0.969738 0.969738
9880 10.928786 10.928786 10.928786 0.969738 0.969738 0.969738
9890 10.928786 10.928786 10.928786 0.969738 0.969738 0.969738
9900 10.928786 10.928786 10.928786 0.969738 0.969738 0.969738
9910 10.928786 10.928786 10.928786 0.969738 0.969738 0.969738
9920 10.928786 10.928786 10.928786 0.969738 0.969738 0.969738
9930 10.928786 10.928786 10.928786 0.969738 0.969738 0.969738
9940 10.928786 10.928786 10.928786 0.969738 0.969738 0.969738
9950 10.928786 10.928786 10.928786 0.969738 0.969738 0.969738
9960 10.928786 10.928786 10.928786 0.969738 0.969738 0.969738
9970 10.928786 10.928786 10.928786 0.969738 0.969738 0.969738
9980 10.928786 10.928786 10.928786 0.969738 0.969738 0.969738
9990 10.928786 10.928786 10.928786 0.969738 0.969738 0.969738
10000 11.049992 11.049992 11.049992 0.975525 0.975525 0.975525
