# generation power_min power_avg power_max util_min util_avg util_max
1 36.420059 36.420059 36.420059 1.003756 1.397740 1.499969
100 10.814336 13.329158 16.666822 0.677003 0.962576 1.279444
200 8.299088 10.354409 11.714836 0.412706 0.793951 1.070012
300 6.601845 8.249864 9.291139 0.464724 0.658729 0.937118
400 5.813776 6.945845 7.595472 0.460098 0.614288 0.773334
500 4.960241 5.746675 6.383505 0.474551 0.561822 0.729229
600 4.706059 4.976315 5.267789 0.550583 0.571594 0.626530
700 4.690791 4.790491 4.861745 0.570585 0.597716 0.628654
800 4.680677 4.697621 4.721076 0.625237 0.628068 0.633665
900 4.679350 4.682862 4.690784 0.627946 0.632254 0.633665
1000 4.679139 4.680231 4.680459 0.633135 0.633523 0.633740
1100 4.679139 4.679159 4.680298 0.633135 0.633714 0.633740
1200 4.679139 4.679139 4.679139 0.633740 0.633740 0.633740
1300 4.679139 4.679139 4.679139 0.633740 0.633740 0.633740
1400 4.679139 4.679139 4.679139 0.633740 0.633740 0.633740
1500 4.679139 4.679139 4.679139 0.633740 0.633740 0.633740
1600 4.679139 4.679139 4.679139 0.633740 0.633740 0.633740
1700 4.679139 4.679139 4.679139 0.633740 0.633740 0.633740
1800 4.679139 4.679139 4.679139 0.633740 0.633740 0.633740
1900 4.679139 4.679139 4.679139 0.633740 0.633740 0.633740
2000 4.679139 4.679139 4.679139 0.633740 0.633740 0.633740
2100 4.679139 4.679139 4.679139 0.633740 0.633740 0.633740
2200 4.679139 4.679139 4.679139 0.633740 0.633740 0.633740
2300 4.679139 4.679139 4.679139 0.633740 0.633740 0.633740
2400 4.679139 4.679139 4.679139 0.633740 0.633740 0.633740
2500 4.679139 4.679139 4.679139 0.633740 0.633740 0.633740
2600 4.679139 4.679139 4.679139 0.633740 0.633740 0.633740
2700 4.679139 4.679139 4.679139 0.633740 0.633740 0.633740
2800 4.679139 4.679139 4.679139 0.633740 0.633740 0.633740
2900 4.679139 4.679139 4.679139 0.633740 0.633740 0.633740
3000 4.679139 4.679139 4.679139 0.633740 0.633740 0.633740
3100 4.679139 4.679139 4.679139 0.633740 0.633740 0.633740
3200 4.679139 4.679139 4.679139 0.633740 0.633740 0.633740
3300 4.679139 4.679139 4.679139 0.633740 0.633740 0.633740
3400 4.679139 4.679139 4.679139 0.633740 0.633740 0.633740
3500 4.679139 4.679139 4.679139 0.633740 0.633740 0.633740
3600 4.679139 4.679139 4.679139 0.633740 0.633740 0.633740
3700 4.679139 4.679139 4.679139 0.633740 0.633740 0.633740
3800 4.679139 4.679139 4.679139 0.633740 0.633740 0.633740
3900 4.679139 4.679139 4.679139 0.633740 0.633740 0.633740
4000 4.679139 4.679139 4.679139 0.633740 0.633740 0.633740
4100 4.679139 4.679139 4.679139 0.633740 0.633740 0.633740
4200 4.679139 4.679139 4.679139 0.633740 0.633740 0.633740
4300 4.679139 4.679139 4.679139 0.633740 0.633740 0.633740
4400 4.679139 4.679139 4.679139 0.633740 0.633740 0.633740
4500 4.679139 4.679139 4.679139 0.633740 0.633740 0.633740
4600 4.679139 4.679139 4.679139 0.633740 0.633740 0.633740
4700 4.679139 4.679139 4.679139 0.633740 0.633740 0.633740
4800 4.679139 4.679139 4.679139 0.633740 0.633740 0.633740
4900 4.679139 4.679139 4.679139 0.633740 0.633740 0.633740
5000 4.679139 4.679139 4.679139 0.633740 0.633740 0.633740
5100 4.679139 4.679139 4.679139 0.633740 0.633740 0.633740
5200 4.679139 4.679139 4.679139 0.633740 0.633740 0.633740
5300 4.679139 4.679139 4.679139 0.633740 0.633740 0.633740
5400 4.679139 4.679139 4.679139 0.633740 0.633740 0.633740
5500 4.679139 4.679139 4.679139 0.633740 0.633740 0.633740
5600 4.679139 4.679139 4.679139 0.633740 0.633740 0.633740
5700 4.679139 4.679139 4.679139 0.633740 0.633740 0.633740
5800 4.679139 4.679139 4.679139 0.633740 0.633740 0.633740
5900 4.679139 4.679139 4.679139 0.633740 0.633740 0.633740
6000 4.679139 4.679139 4.679139 0.633740 0.633740 0.633740
6100 4.679139 4.679139 4.679139 0.633740 0.633740 0.633740
6200 4.679139 4.679139 4.679139 0.633740 0.633740 0.633740
6300 4.679139 4.679139 4.679139 0.633740 0.633740 0.633740
6400 4.679139 4.679139 4.679139 0.633740 0.633740 0.633740
6500 4.679139 4.679139 4.679139 0.633740 0.633740 0.633740
6600 4.679139 4.679139 4.679139 0.633740 0.633740 0.633740
6700 4.679139 4.679139 4.679139 0.633740 0.633740 0.633740
6800 4.679139 4.679139 4.679139 0.633740 0.633740 0.633740
6900 4.679139 4.679139 4.679139 0.633740 0.633740 0.633740
7000 4.679139 4.679139 4.679139 0.633740 0.633740 0.633740
7100 4.679139 4.679139 4.679139 0.633740 0.633740 0.633740
7200 4.679139 4.679139 4.679139 0.633740 0.633740 0.633740
7300 4.679139 4.679139 4.679139 0.633740 0.633740 0.633740
7400 4.679139 4.679139 4.679139 0.633740 0.633740 0.633740
7500 4.679139 4.679139 4.679139 0.633740 0.633740 0.633740
7600 4.679139 4.679139 4.679139 0.633740 0.633740 0.633740
7700 4.679139 4.679139 4.679139 0.633740 0.633740 0.633740
7800 4.679139 4.679139 4.679139 0.633740 0.633740 0.633740
7900 4.679139 4.679139 4.679139 0.633740 0.633740 0.633740
8000 4.679139 4.679139 4.679139 0.633740 0.633740 0.633740
8100 4.679139 4.679139 4.679139 0.633740 0.633740 0.633740
8200 4.679139 4.679139 4.679139 0.633740 0.633740 0.633740
8300 4.679139 4.679139 4.679139 0.633740 0.633740 0.633740
8400 4.679139 4.679139 4.679139 0.633740 0.633740 0.633740
8500 4.679139 4.679139 4.679139 0.633740 0.633740 0.633740
8600 4.679139 4.679139 4.679139 0.633740 0.633740 0.633740
8700 4.679139 4.679139 4.679139 0.633740 0.633740 0.633740
8800 4.679139 4.679139 4.679139 0.633740 0.633740 0.633740
8900 4.679139 4.679139 4.679139 0.633740 0.633740 0.633740
9000 4.679139 4.679139 4.679139 0.633740 0.633740 0.633740
9100 4.679139 4.679139 4.679139 0.633740 0.633740 0.633740
9200 4.679139 4.679139 4.679139 0.633740 0.633740 0.633740
9300 4.679139 4.679139 4.679139 0.633740 0.633740 0.633740
9400 4.679139 4.679139 4.679139 0.633740 0.633740 0.633740
9500 4.679139 4.679139 4.679139 0.633740 0.633740 0.633740
9600 4.679139 4.679139 4.679139 0.633740 0.633740 0.633740
9700 4.679139 4.679139 4.679139 0.633740 0.633740 0.633740
9800 4.679139 4.679139 4.679139 0.633740 0.633740 0.633740
9900 4.679139 4.679139 4.679139 0.633740 0.633740 0.633740
10000 4.679139 4.679139 4.679139 0.633740 0.633740 0.633740
10100 4.679139 4.679139 4.679139 0.633740 0.633740 0.633740
10200 4.679139 4.679139 4.679139 0.633740 0.633740 0.633740
10300 4.679139 4.679139 4.679139 0.633740 0.633740 0.633740
10400 4.679139 4.679139 4.679139 0.633740 0.633740 0.633740
10500 4.679139 4.679139 4.679139 0.633740 0.633740 0.633740
10600 4.679139 4.679139 4.679139 0.633740 0.633740 0.633740
10700 4.679139 4.679139 4.679139 0.633740 0.633740 0.633740
10800 4.679139 4.679139 4.679139 0.633740 0.633740 0.633740
10900 4.679139 4.679139 4.679139 0.633740 0.633740 0.633740
11000 4.679139 4.679139 4.679139 0.633740 0.633740 0.633740
11100 4.679139 4.679139 4.679139 0.633740 0.633740 0.633740
11200 4.679139 4.679139 4.679139 0.633740 0.633740 0.633740
11300 4.679139 4.679139 4.679139 0.633740 0.633740 0.633740
11400 4.679139 4.679139 4.679139 0.633740 0.633740 0.633740
11500 4.679139 4.679139 4.679139 0.633740 0.633740 0.633740
11600 4.679139 4.679139 4.679139 0.633740 0.633740 0.633740
11700 4.679139 4.679139 4.679139 0.633740 0.633740 0.633740
11800 4.679139 4.679139 4.679139 0.633740 0.633740 0.633740
11900 4.679139 4.679139 4.679139 0.633740 0.633740 0.633740
12000 4.679139 4.679139 4.679139 0.633740 0.633740 0.633740
12100 4.679139 4.679139 4.679139 0.633740 0.633740 0.633740
12200 4.679139 4.679139 4.679139 0.633740 0.633740 0.633740
12300 4.679139 4.679139 4.679139 0.633740 0.633740 0.633740
12400 4.679139 4.679139 4.679139 0.633740 0.633740 0.633740
12500 4.679139 4.679139 4.679139 0.633740 0.633740 0.633740
12600 4.679139 4.679139 4.679139 0.633740 0.633740 0.633740
12700 4.679139 4.679139 4.679139 0.633740 0.633740 0.633740
12800 4.679139 4.679139 4.679139 0.633740 0.633740 0.633740
12900 4.679139 4.679139 4.679139 0.633740 0.633740 0.633740
13000 4.679139 4.679139 4.679139 0.633740 0.633740 0.633740
13100 4.679139 4.679139 4.679139 0.633740 0.633740 0.633740
13200 4.679139 4.679139 4.679139 0.633740 0.633740 0.633740
13300 4.679139 4.679139 4.679139 0.633740 0.633740 0.633740
13400 4.679139 4.679139 4.679139 0.633740 0.633740 0.633740
13500 4.679139 4.679139 4.679139 0.633740 0.633740 0.633740
13600 4.679139 4.679139 4.679139 0.633740 0.633740 0.633740
13700 4.679139 4.679139 4.679139 0.633740 0.633740 0.633740
13800 4.679139 4.679139 4.679139 0.633740 0.633740 0.633740
13900 4.679139 4.679139 4.679139 0.633740 0.633740 0.633740
14000 4.679139 4.679139 4.679139 0.633740 0.633740 0.633740
14100 4.679139 4.679139 4.679139 0.633740 0.633740 0.633740
14200 4.679139 4.679139 4.679139 0.633740 0.633740 0.633740
14300 4.679139 4.679139 4.679139 0.633740 0.633740 0.633740
14400 4.679139 4.679139 4.679139 0.633740 0.633740 0.633740
14500 4.679139 4.679139 4.679139 0.633740 0.633740 0.633740
14600 4.679139 4.679139 4.679139 0.633740 0.633740 0.633740
14700 4.679139 4.679139 4.679139 0.633740 0.633740 0.633740
14800 4.679139 4.679139 4.679139 0.633740 0.633740 0.633740
14900 4.679139 4.679139 4.679139 0.633740 0.633740 0.633740
15000 4.679139 4.679139 4.679139 0.633740 0.633740 0.633740
15100 4.679139 4.679139 4.679139 0.633740 0.633740 0.633740
15200 4.679139 4.679139 4.679139 0.633740 0.633740 0.633740
15300 4.679139 4.679139 4.679139 0.633740 0.633740 0.633740
15400 4.679139 4.679139 4.679139 0.633740 0.633740 0.633740
15500 4.679139 4.679139 4.679139 0.633740 0.633740 0.633740
15600 4.679139 4.679139 4.679139 0.633740 0.633740 0.633740
15700 4.679139 4.679139 4.679139 0.633740 0.633740 0.633740
15800 4.679139 4.679139 4.679139 0.633740 0.633740 0.633740
15900 4.679139 4.679139 4.679139 0.633740 0.633740 0.633740
16000 4.679139 4.679139 4.679139 0.633740 0.633740 0.633740
16100 4.679139 4.679139 4.679139 0.633740 0.633740 0.633740
16200 4.679139 4.679139 4.679139 0.633740 0.633740 0.633740
16300 4.679139 4.679139 4.679139 0.633740 0.633740 0.633740
16400 4.679139 4.679139 4.679139 0.633740 0.633740 0.633740
16500 4.679139 4.679139 4.679139 0.633740 0.633740 0.633740
16600 4.679139 4.679139 4.679139 0.633740 0.633740 0.633740
16700 4.679139 4.679139 4.679139 0.633740 0.633740 0.633740
16800 4.679139 4.679139 4.679139 0.633740 0.633740 0.633740
16900 4.679139 4.679139 4.679139 0.633740 0.633740 0.633740
17000 4.679139 4.679139 4.679139 0.633740 0.633740 0.633740
17100 4.679139 4.679139 4.679139 0.633740 0.633740 0.633740
17200 4.679139 4.679139 4.679139 0.633740 0.633740 0.633740
17300 4.679139 4.679139 4.679139 0.633740 0.633740 0.633740
17400 4.679139 4.679139 4.679139 0.633740 0.633740 0.633740
17500 4.679139 4.679139 4.679139 0.633740 0.633740 0.633740
17600 4.679139 4.679139 4.679139 0.633740 0.633740 0.633740
17700 4.679139 4.679139 4.679139 0.633740 0.633740 0.633740
17800 4.679139 4.679139 4.679139 0.633740 0.633740 0.633740
17900 4.679139 4.679139 4.679139 0.633740 0.633740 0.633740
18000 4.679139 4.679139 4.679139 0.633740 0.633740 0.633740
18100 4.679139 4.679139 4.679139 0.633740 0.633740 0.633740
18200 4.679139 4.679139 4.679139 0.633740 0.633740 0.633740
18300 4.679139 4.679139 4.679139 0.633740 0.633740 0.633740
18400 4.679139 4.679139 4.679139 0.633740 0.633740 0.633740
18500 4.679139 4.679139 4.679139 0.633740 0.633740 0.633740
18600 4.679139 4.679139 4.679139 0.633740 0.633740 0.633740
18700 4.679139 4.679139 4.679139 0.633740 0.633740 0.633740
18800 4.679139 4.679139 4.679139 0.633740 0.633740 0.633740
18900 4.679139 4.679139 4.679139 0.633740 0.633740 0.633740
19000 4.679139 4.679139 4.679139 0.633740 0.633740 0.633740
19100 4.679139 4.679139 4.679139 0.633740 0.633740 0.633740
19200 4.679139 4.679139 4.679139 0.633740 0.633740 0.633740
19300 4.679139 4.679139 4.679139 0.633740 0.633740 0.633740
19400 4.679139 4.679139 4.679139 0.633740 0.633740 0.633740
19500 4.679139 4.679139 4.679139 0.633740 0.633740 0.633740
19600 4.679139 4.679139 4.679139 0.633740 0.633740 0.633740
19700 4.679139 4.679139 4.679139 0.633740 0.633740 0.633740
19800 4.679139 4.679139 4.679139 0.633740 0.633740 0.633740
19900 4.679139 4.679139 4.679139 0.633740 0.633740 0.633740
20000 4.679139 4.679139 4.679139 0.633740 0.633740 0.633740
20100 4.679139 4.679139 4.679139 0.633740 0.633740 0.633740
20200 4.679139 4.679139 4.679139 0.633740 0.633740 0.633740
20300 4.679139 4.679139 4.679139 0.633740 0.633740 0.633740
20400 4.679139 4.679139 4.679139 0.633740 0.633740 0.633740
20500 4.679139 4.679139 4.679139 0.633740 0.633740 0.633740
20600 4.679139 4.679139 4.679139 0.633740 0.633740 0.633740
20700 4.679139 4.679139 4.679139 0.633740 0.633740 0.633740
20800 4.679139 4.679139 4.679139 0.633740 0.633740 0.633740
20900 4.679139 4.679139 4.679139 0.633740 0.633740 0.633740
21000 4.679139 4.679139 4.679139 0.633740 0.633740 0.633740
21100 4.679139 4.679139 4.679139 0.633740 0.633740 0.633740
21200 4.679139 4.679139 4.679139 0.633740 0.633740 0.633740
21300 4.679139 4.679139 4.679139 0.633740 0.633740 0.633740
21400 4.679139 4.679139 4.679139 0.633740 0.633740 0.633740
21500 4.679139 4.679139 4.679139 0.633740 0.633740 0.633740
21600 4.679139 4.679139 4.679139 0.633740 0.633740 0.633740
21700 4.679139 4.679139 4.679139 0.633740 0.633740 0.633740
21800 4.679139 4.679139 4.679139 0.633740 0.633740 0.633740
21900 4.679139 4.679139 4.679139 0.633740 0.633740 0.633740
22000 4.679139 4.679139 4.679139 0.633740 0.633740 0.633740
22100 4.679139 4.679139 4.679139 0.633740 0.633740 0.633740
22200 4.679139 4.679139 4.679139 0.633740 0.633740 0.633740
22300 4.679139 4.679139 4.679139 0.633740 0.633740 0.633740
22400 4.679139 4.679139 4.679139 0.633740 0.633740 0.633740
22500 4.679139 4.679139 4.679139 0.633740 0.633740 0.633740
22600 4.679139 4.679139 4.679139 0.633740 0.633740 0.633740
22700 4.679139 4.679139 4.679139 0.633740 0.633740 0.633740
22800 4.679139 4.679139 4.679139 0.633740 0.633740 0.633740
22900 4.679139 4.679139 4.679139 0.633740 0.633740 0.633740
23000 4.679139 4.679139 4.679139 0.633740 0.633740 0.633740
23100 4.679139 4.679139 4.679139 0.633740 0.633740 0.633740
23200 4.679139 4.679139 4.679139 0.633740 0.633740 0.633740
23300 4.679139 4.679139 4.679139 0.633740 0.633740 0.633740
23400 4.679139 4.679139 4.679139 0.633740 0.633740 0.633740
23500 4.679139 4.679139 4.679139 0.633740 0.633740 0.633740
23600 4.679139 4.679139 4.679139 0.633740 0.633740 0.633740
23700 4.679139 4.679139 4.679139 0.633740 0.633740 0.633740
23800 4.679139 4.679139 4.679139 0.633740 0.633740 0.633740
23900 4.679139 4.679139 4.679139 0.633740 0.633740 0.633740
24000 4.679139 4.679139 4.679139 0.633740 0.633740 0.633740
24100 4.679139 4.679139 4.679139 0.633740 0.633740 0.633740
24200 4.679139 4.679139 4.679139 0.633740 0.633740 0.633740
24300 4.679139 4.679139 4.679139 0.633740 0.633740 0.633740
24400 4.679139 4.679139 4.679139 0.633740 0.633740 0.633740
24500 4.679139 4.679139 4.679139 0.633740 0.633740 0.633740
24600 4.679139 4.679139 4.679139 0.633740 0.633740 0.633740
24700 4.679139 4.679139 4.679139 0.633740 0.633740 0.633740
24800 4.679139 4.679139 4.679139 0.633740 0.633740 0.633740
24900 4.679139 4.679139 4.679139 0.633740 0.633740 0.633740
25000 4.679139 4.679139 4.679139 0.633740 0.633740 0.633740
25100 4.679139 4.679139 4.679139 0.633740 0.633740 0.633740
25200 4.679139 4.679139 4.679139 0.633740 0.633740 0.633740
25300 4.679139 4.679139 4.679139 0.633740 0.633740 0.633740
25400 4.679139 4.679139 4.679139 0.633740 0.633740 0.633740
25500 4.679139 4.679139 4.679139 0.633740 0.633740 0.633740
25600 4.679139 4.679139 4.679139 0.633740 0.633740 0.633740
25700 4.679139 4.679139 4.679139 0.633740 0.633740 0.633740
25800 4.679139 4.679139 4.679139 0.633740 0.633740 0.633740
25900 4.679139 4.679139 4.679139 0.633740 0.633740 0.633740
26000 4.679139 4.679139 4.679139 0.633740 0.633740 0.633740
26100 4.679139 4.679139 4.679139 0.633740 0.633740 0.633740
26200 4.679139 4.679139 4.679139 0.633740 0.633740 0.633740
26300 4.679139 4.679139 4.679139 0.633740 0.633740 0.633740
26400 4.679139 4.679139 4.679139 0.633740 0.633740 0.633740
26500 4.679139 4.679139 4.679139 0.633740 0.633740 0.633740
26600 4.679139 4.679139 4.679139 0.633740 0.633740 0.633740
26700 4.679139 4.679139 4.679139 0.633740 0.633740 0.633740
26800 4.679139 4.679139 4.679139 0.633740 0.633740 0.633740
26900 4.679139 4.679139 4.679139 0.633740 0.633740 0.633740
27000 4.679139 4.679139 4.679139 0.633740 0.633740 0.633740
27100 4.679139 4.679139 4.679139 0.633740 0.633740 0.633740
27200 4.679139 4.679139 4.679139 0.633740 0.633740 0.633740
27300 4.679139 4.679139 4.679139 0.633740 0.633740 0.633740
27400 4.679139 4.679139 4.679139 0.633740 0.633740 0.633740
27500 4.679139 4.679139 4.679139 0.633740 0.633740 0.633740
27600 4.679139 4.679139 4.679139 0.633740 0.633740 0.633740
27700 4.679139 4.679139 4.679139 0.633740 0.633740 0.633740
27800 4.679139 4.679139 4.679139 0.633740 0.633740 0.633740
27900 4.679139 4.679139 4.679139 0.633740 0.633740 0.633740
28000 4.679139 4.679139 4.679139 0.633740 0.633740 0.633740
28100 4.679139 4.679139 4.679139 0.633740 0.633740 0.633740
28200 4.679139 4.679139 4.679139 0.633740 0.633740 0.633740
28300 4.679139 4.679139 4.679139 0.633740 0.633740 0.633740
28400 4.679139 4.679139 4.679139 0.633740 0.633740 0.633740
28500 4.679139 4.679139 4.679139 0.633740 0.633740 0.633740
28600 4.679139 4.679139 4.679139 0.633740 0.633740 0.633740
28700 4.679139 4.679139 4.679139 0.633740 0.633740 0.633740
28800 4.679139 4.679139 4.679139 0.633740 0.633740 0.633740
28900 4.679139 4.679139 4.679139 0.633740 0.633740 0.633740
29000 4.679139 4.679139 4.679139 0.633740 0.633740 0.633740
29100 4.679139 4.679139 4.679139 0.633740 0.633740 0.633740
29200 4.679139 4.679139 4.679139 0.633740 0.633740 0.633740
29300 4.679139 4.679139 4.679139 0.633740 0.633740 0.633740
29400 4.679139 4.679139 4.679139 0.633740 0.633740 0.633740
29500 4.679139 4.679139 4.679139 0.633740 0.633740 0.633740
29600 4.679139 4.679139 4.679139 0.633740 0.633740 0.633740
29700 4.679139 4.679139 4.679139 0.633740 0.633740 0.633740
29800 4.679139 4.679139 4.679139 0.633740 0.633740 0.633740
29900 4.679139 4.679139 4.679139 0.633740 0.633740 0.633740
30000 4.679139 4.679139 4.679139 0.633740 0.633740 0.633740
30100 4.679139 4.679139 4.679139 0.633740 0.633740 0.633740
30200 4.679139 4.679139 4.679139 0.633740 0.633740 0.633740
30300 4.679139 4.679139 4.679139 0.633740 0.633740 0.633740
30400 4.679139 4.679139 4.679139 0.633740 0.633740 0.633740
30500 4.679139 4.679139 4.679139 0.633740 0.633740 0.633740
30600 4.679139 4.679139 4.679139 0.633740 0.633740 0.633740
30700 4.679139 4.679139 4.679139 0.633740 0.633740 0.633740
30800 4.679139 4.679139 4.679139 0.633740 0.633740 0.633740
30900 4.679139 4.679139 4.679139 0.633740 0.633740 0.633740
31000 4.679139 4.679139 4.679139 0.633740 0.633740 0.633740
31100 4.679139 4.679139 4.679139 0.633740 0.633740 0.633740
31200 4.679139 4.679139 4.679139 0.633740 0.633740 0.633740
31300 4.679139 4.679139 4.679139 0.633740 0.633740 0.633740
31400 4.679139 4.679139 4.679139 0.633740 0.633740 0.633740
31500 4.679139 4.679139 4.679139 0.633740 0.633740 0.633740
31600 4.679139 4.679139 4.679139 0.633740 0.633740 0.633740
31700 4.679139 4.679139 4.679139 0.633740 0.633740 0.633740
31800 4.679139 4.679139 4.679139 0.633740 0.633740 0.633740
31900 4.679139 4.679139 4.679139 0.633740 0.633740 0.633740
32000 4.679139 4.679139 4.679139 0.633740 0.633740 0.633740
32100 4.679139 4.679139 4.679139 0.633740 0.633740 0.633740
32200 4.679139 4.679139 4.679139 0.633740 0.633740 0.633740
32300 4.679139 4.679139 4.679139 0.633740 0.633740 0.633740
32400 4.679139 4.679139 4.679139 0.633740 0.633740 0.633740
32500 4.679139 4.679139 4.679139 0.633740 0.633740 0.633740
32600 4.679139 4.679139 4.679139 0.633740 0.633740 0.633740
32700 4.679139 4.679139 4.679139 0.633740 0.633740 0.633740
32800 4.679139 4.679139 4.679139 0.633740 0.633740 0.633740
32900 4.679139 4.679139 4.679139 0.633740 0.633740 0.633740
33000 4.679139 4.679139 4.679139 0.633740 0.633740 0.633740
33100 4.679139 4.679139 4.679139 0.633740 0.633740 0.633740
33200 4.679139 4.679139 4.679139 0.633740 0.633740 0.633740
33300 4.679139 4.679139 4.679139 0.633740 0.633740 0.633740
33400 4.679139 4.679139 4.679139 0.633740 0.633740 0.633740
33500 4.679139 4.679139 4.679139 0.633740 0.633740 0.633740
33600 4.679139 4.679139 4.679139 0.633740 0.633740 0.633740
33700 4.679139 4.679139 4.679139 0.633740 0.633740 0.633740
33800 4.679139 4.679139 4.679139 0.633740 0.633740 0.633740
33900 4.679139 4.679139 4.679139 0.633740 0.633740 0.633740
34000 4.679139 4.679139 4.679139 0.633740 0.633740 0.633740
34100 4.679139 4.679139 4.679139 0.633740 0.633740 0.633740
34200 4.679139 4.679139 4.679139 0.633740 0.633740 0.633740
34300 4.679139 4.679139 4.679139 0.633740 0.633740 0.633740
34400 4.679139 4.679139 4.679139 0.633740 0.633740 0.633740
34500 4.679139 4.679139 4.679139 0.633740 0.633740 0.633740
34600 4.679139 4.679139 4.679139 0.633740 0.633740 0.633740
34700 4.679139 4.679139 4.679139 0.633740 0.633740 0.633740
34800 4.679139 4.679139 4.679139 0.633740 0.633740 0.633740
34900 4.679139 4.679139 4.679139 0.633740 0.633740 0.633740
35000 4.679139 4.679139 4.679139 0.633740 0.633740 0.633740
35100 4.679139 4.679139 4.679139 0.633740 0.633740 0.633740
35200 4.679139 4.679139 4.679139 0.633740 0.633740 0.633740
35300 4.679139 4.679139 4.679139 0.633740 0.633740 0.633740
35400 4.679139 4.679139 4.679139 0.633740 0.633740 0.633740
35500 4.679139 4.679139 4.679139 0.633740 0.633740 0.633740
35600 4.679139 4.679139 4.679139 0.633740 0.633740 0.633740
35700 4.679139 4.679139 4.679139 0.633740 0.633740 0.633740
35800 4.679139 4.679139 4.679139 0.633740 0.633740 0.633740
35900 4.679139 4.679139 4.679139 0.633740 0.633740 0.633740
36000 4.679139 4.679139 4.679139 0.633740 0.633740 0.633740
36100 4.679139 4.679139 4.679139 0.633740 0.633740 0.633740
36200 4.679139 4.679139 4.679139 0.633740 0.633740 0.633740
36300 4.679139 4.679139 4.679139 0.633740 0.633740 0.633740
36400 4.679139 4.679139 4.679139 0.633740 0.633740 0.633740
36500 4.679139 4.679139 4.679139 0.633740 0.633740 0.633740
36600 4.679139 4.679139 4.679139 0.633740 0.633740 0.633740
36700 4.679139 4.679139 4.679139 0.633740 0.633740 0.633740
36800 4.679139 4.679139 4.679139 0.633740 0.633740 0.633740
36900 4.679139 4.679139 4.679139 0.633740 0.633740 0.633740
37000 4.679139 4.679139 4.679139 0.633740 0.633740 0.633740
37100 4.679139 4.679139 4.679139 0.633740 0.633740 0.633740
37200 4.679139 4.679139 4.679139 0.633740 0.633740 0.633740
37300 4.679139 4.679139 4.679139 0.633740 0.633740 0.633740
37400 4.679139 4.679139 4.679139 0.633740 0.633740 0.633740
37500 4.679139 4.679139 4.679139 0.633740 0.633740 0.633740
37600 4.679139 4.679139 4.679139 0.633740 0.633740 0.633740
37700 4.679139 4.679139 4.679139 0.633740 0.633740 0.633740
37800 4.679139 4.679139 4.679139 0.633740 0.633740 0.633740
37900 4.679139 4.679139 4.679139 0.633740 0.633740 0.633740
38000 4.679139 4.679139 4.679139 0.633740 0.633740 0.633740
38100 4.679139 4.679139 4.679139 0.633740 0.633740 0.633740
38200 4.679139 4.679139 4.679139 0.633740 0.633740 0.633740
38300 4.679139 4.679139 4.679139 0.633740 0.633740 0.633740
38400 4.679139 4.679139 4.679139 0.633740 0.633740 0.633740
38500 4.679139 4.679139 4.679139 0.633740 0.633740 0.633740
38600 4.679139 4.679139 4.679139 0.633740 0.633740 0.633740
38700 4.679139 4.679139 4.679139 0.633740 0.633740 0.633740
38800 4.679139 4.679139 4.679139 0.633740 0.633740 0.633740
38900 4.679139 4.679139 4.679139 0.633740 0.633740 0.633740
39000 4.679139 4.679139 4.679139 0.633740 0.633740 0.633740
39100 4.679139 4.679139 4.679139 0.633740 0.633740 0.633740
39200 4.679139 4.679139 4.679139 0.633740 0.633740 0.633740
39300 4.679139 4.679139 4.679139 0.633740 0.633740 0.633740
39400 4.679139 4.679139 4.679139 0.633740 0.633740 0.633740
39500 4.679139 4.679139 4.679139 0.633740 0.633740 0.633740
39600 4.679139 4.679139 4.679139 0.633740 0.633740 0.633740
39700 4.679139 4.679139 4.679139 0.633740 0.633740 0.633740
39800 4.679139 4.679139 4.679139 0.633740 0.633740 0.633740
39900 4.679139 4.679139 4.679139 0.633740 0.633740 0.633740
40000 4.679139 4.679139 4.679139 0.633740 0.633740 0.633740
40100 4.679139 4.679139 4.679139 0.633740 0.633740 0.633740
40200 4.679139 4.679139 4.679139 0.633740 0.633740 0.633740
40300 4.679139 4.679139 4.679139 0.633740 0.633740 0.633740
40400 4.679139 4.679139 4.679139 0.633740 0.633740 0.633740
40500 4.679139 4.679139 4.679139 0.633740 0.633740 0.633740
40600 4.679139 4.679139 4.679139 0.633740 0.633740 0.633740
40700 4.679139 4.679139 4.679139 0.633740 0.633740 0.633740
40800 4.679139 4.679139 4.679139 0.633740 0.633740 0.633740
40900 4.679139 4.679139 4.679139 0.633740 0.633740 0.633740
41000 4.679139 4.679139 4.679139 0.633740 0.633740 0.633740
41100 4.679139 4.679139 4.679139 0.633740 0.633740 0.633740
41200 4.679139 4.679139 4.679139 0.633740 0.633740 0.633740
41300 4.679139 4.679139 4.679139 0.633740 0.633740 0.633740
41400 4.679139 4.679139 4.679139 0.633740 0.633740 0.633740
41500 4.679139 4.679139 4.679139 0.633740 0.633740 0.633740
41600 4.679139 4.679139 4.679139 0.633740 0.633740 0.633740
41700 4.679139 4.679139 4.679139 0.633740 0.633740 0.633740
41800 4.679139 4.679139 4.679139 0.633740 0.633740 0.633740
41900 4.679139 4.679139 4.679139 0.633740 0.633740 0.633740
42000 4.679139 4.679139 4.679139 0.633740 0.633740 0.633740
42100 4.679139 4.679139 4.679139 0.633740 0.633740 0.633740
42200 4.679139 4.679139 4.679139 0.633740 0.633740 0.633740
42300 4.679139 4.679139 4.679139 0.633740 0.633740 0.633740
42400 4.679139 4.679139 4.679139 0.633740 0.633740 0.633740
42500 4.679139 4.679139 4.679139 0.633740 0.633740 0.633740
42600 4.679139 4.679139 4.679139 0.633740 0.633740 0.633740
42700 4.679139 4.679139 4.679139 0.633740 0.633740 0.633740
42800 4.679139 4.679139 4.679139 0.633740 0.633740 0.633740
42900 4.679139 4.679139 4.679139 0.633740 0.633740 0.633740
43000 4.679139 4.679139 4.679139 0.633740 0.633740 0.633740
43100 4.679139 4.679139 4.679139 0.633740 0.633740 0.633740
43200 4.679139 4.679139 4.679139 0.633740 0.633740 0.633740
43300 4.679139 4.679139 4.679139 0.633740 0.633740 0.633740
43400 4.679139 4.679139 4.679139 0.633740 0.633740 0.633740
43500 4.679139 4.679139 4.679139 0.633740 0.633740 0.633740
43600 4.679139 4.679139 4.679139 0.633740 0.633740 0.633740
43700 4.679139 4.679139 4.679139 0.633740 0.633740 0.633740
43800 4.679139 4.679139 4.679139 0.633740 0.633740 0.633740
43900 4.679139 4.679139 4.679139 0.633740 0.633740 0.633740
44000 4.679139 4.679139 4.679139 0.633740 0.633740 0.633740
44100 4.679139 4.679139 4.679139 0.633740 0.633740 0.633740
44200 4.679139 4.679139 4.679139 0.633740 0.633740 0.633740
44300 4.679139 4.679139 4.679139 0.633740 0.633740 0.633740
44400 4.679139 4.679139 4.679139 0.633740 0.633740 0.633740
44500 4.679139 4.679139 4.679139 0.633740 0.633740 0.633740
44600 4.679139 4.679139 4.679139 0.633740 0.633740 0.633740
44700 4.679139 4.679139 4.679139 0.633740 0.633740 0.633740
44800 4.679139 4.679139 4.679139 0.633740 0.633740 0.633740
44900 4.679139 4.679139 4.679139 0.633740 0.633740 0.633740
45000 4.679139 4.679139 4.679139 0.633740 0.633740 0.633740
45100 4.679139 4.679139 4.679139 0.633740 0.633740 0.633740
45200 4.679139 4.679139 4.679139 0.633740 0.633740 0.633740
45300 4.679139 4.679139 4.679139 0.633740 0.633740 0.633740
45400 4.679139 4.679139 4.679139 0.633740 0.633740 0.633740
45500 4.679139 4.679139 4.679139 0.633740 0.633740 0.633740
45600 4.679139 4.679139 4.679139 0.633740 0.633740 0.633740
45700 4.679139 4.679139 4.679139 0.633740 0.633740 0.633740
45800 4.679139 4.679139 4.679139 0.633740 0.633740 0.633740
45900 4.679139 4.679139 4.679139 0.633740 0.633740 0.633740
46000 4.679139 4.679139 4.679139 0.633740 0.633740 0.633740
46100 4.679139 4.679139 4.679139 0.633740 0.633740 0.633740
46200 4.679139 4.679139 4.679139 0.633740 0.633740 0.633740
46300 4.679139 4.679139 4.679139 0.633740 0.633740 0.633740
46400 4.679139 4.679139 4.679139 0.633740 0.633740 0.633740
46500 4.679139 4.679139 4.679139 0.633740 0.633740 0.633740
46600 4.679139 4.679139 4.679139 0.633740 0.633740 0.633740
46700 4.679139 4.679139 4.679139 0.633740 0.633740 0.633740
46800 4.679139 4.679139 4.679139 0.633740 0.633740 0.633740
46900 4.679139 4.679139 4.679139 0.633740 0.633740 0.633740
47000 4.679139 4.679139 4.679139 0.633740 0.633740 0.633740
47100 4.679139 4.679139 4.679139 0.633740 0.633740 0.633740
47200 4.679139 4.679139 4.679139 0.633740 0.633740 0.633740
47300 4.679139 4.679139 4.679139 0.633740 0.633740 0.633740
47400 4.679139 4.679139 4.679139 0.633740 0.633740 0.633740
47500 4.679139 4.679139 4.679139 0.633740 0.633740 0.633740
47600 4.679139 4.679139 4.679139 0.633740 0.633740 0.633740
47700 4.679139 4.679139 4.679139 0.633740 0.633740 0.633740
47800 4.679139 4.679139 4.679139 0.633740 0.633740 0.633740
47900 4.679139 4.679139 4.679139 0.633740 0.633740 0.633740
48000 4.679139 4.679139 4.679139 0.633740 0.633740 0.633740
48100 4.679139 4.679139 4.679139 0.633740 0.633740 0.633740
48200 4.679139 4.679139 4.679139 0.633740 0.633740 0.633740
48300 4.679139 4.679139 4.679139 0.633740 0.633740 0.633740
48400 4.679139 4.679139 4.679139 0.633740 0.633740 0.633740
48500 4.679139 4.679139 4.679139 0.633740 0.633740 0.633740
48600 4.679139 4.679139 4.679139 0.633740 0.633740 0.633740
48700 4.679139 4.679139 4.679139 0.633740 0.633740 0.633740
48800 4.679139 4.679139 4.679139 0.633740 0.633740 0.633740
48900 4.679139 4.679139 4.679139 0.633740 0.633740 0.633740
49000 4.679139 4.679139 4.679139 0.633740 0.633740 0.633740
49100 4.679139 4.679139 4.679139 0.633740 0.633740 0.633740
49200 4.679139 4.679139 4.679139 0.633740 0.633740 0.633740
49300 4.679139 4.679139 4.679139 0.633740 0.633740 0.633740
49400 4.679139 4.679139 4.679139 0.633740 0.633740 0.633740
49500 4.679139 4.679139 4.679139 0.633740 0.633740 0.633740
49600 4.679139 4.679139 4.679139 0.633740 0.633740 0.633740
49700 4.679139 4.679139 4.679139 0.633740 0.633740 0.633740
49800 4.679139 4.679139 4.679139 0.633740 0.633740 0.633740
49900 4.679139 4.679139 4.679139 0.633740 0.633740 0.633740
50000 4.679139 4.679139 4.679139 0.633740 0.633740 0.633740
50100 4.679139 4.679139 4.679139 0.633740 0.633740 0.633740
50200 4.679139 4.679139 4.679139 0.633740 0.633740 0.633740
50300 4.679139 4.679139 4.679139 0.633740 0.633740 0.633740
50400 4.679139 4.679139 4.679139 0.633740 0.633740 0.633740
50500 4.679139 4.679139 4.679139 0.633740 0.633740 0.633740
50600 4.679139 4.679139 4.679139 0.633740 0.633740 0.633740
50700 4.679139 4.679139 4.679139 0.633740 0.633740 0.633740
50800 4.679139 4.679139 4.679139 0.633740 0.633740 0.633740
50900 4.679139 4.679139 4.679139 0.633740 0.633740 0.633740
51000 4.679139 4.679139 4.679139 0.633740 0.633740 0.633740
51100 4.679139 4.679139 4.679139 0.633740 0.633740 0.633740
51200 4.679139 4.679139 4.679139 0.633740 0.633740 0.633740
51300 4.679139 4.679139 4.679139 0.633740 0.633740 0.633740
51400 4.679139 4.679139 4.679139 0.633740 0.633740 0.633740
51500 4.679139 4.679139 4.679139 0.633740 0.633740 0.633740
51600 4.679139 4.679139 4.679139 0.633740 0.633740 0.633740
51700 4.679139 4.679139 4.679139 0.633740 0.633740 0.633740
51800 4.679139 4.679139 4.679139 0.633740 0.633740 0.633740
51900 4.679139 4.679139 4.679139 0.633740 0.633740 0.633740
52000 4.679139 4.679139 4.679139 0.633740 0.633740 0.633740
52100 4.679139 4.679139 4.679139 0.633740 0.633740 0.633740
52200 4.679139 4.679139 4.679139 0.633740 0.633740 0.633740
52300 4.679139 4.679139 4.679139 0.633740 0.633740 0.633740
52400 4.679139 4.679139 4.679139 0.633740 0.633740 0.633740
52500 4.679139 4.679139 4.679139 0.633740 0.633740 0.633740
52600 4.679139 4.679139 4.679139 0.633740 0.633740 0.633740
52700 4.679139 4.679139 4.679139 0.633740 0.633740 0.633740
52800 4.679139 4.679139 4.679139 0.633740 0.633740 0.633740
52900 4.679139 4.679139 4.679139 0.633740 0.633740 0.633740
53000 4.679139 4.679139 4.679139 0.633740 0.633740 0.633740
53100 4.679139 4.679139 4.679139 0.633740 0.633740 0.633740
53200 4.679139 4.679139 4.679139 0.633740 0.633740 0.633740
53300 4.679139 4.679139 4.679139 0.633740 0.633740 0.633740
53400 4.679139 4.679139 4.679139 0.633740 0.633740 0.633740
53500 4.679139 4.679139 4.679139 0.633740 0.633740 0.633740
53600 4.679139 4.679139 4.679139 0.633740 0.633740 0.633740
53700 4.679139 4.679139 4.679139 0.633740 0.633740 0.633740
53800 4.679139 4.679139 4.679139 0.633740 0.633740 0.633740
53900 4.679139 4.679139 4.679139 0.633740 0.633740 0.633740
54000 4.679139 4.679139 4.679139 0.633740 0.633740 0.633740
54100 4.679139 4.679139 4.679139 0.633740 0.633740 0.633740
54200 4.679139 4.679139 4.679139 0.633740 0.633740 0.633740
54300 4.679139 4.679139 4.679139 0.633740 0.633740 0.633740
54400 4.679139 4.679139 4.679139 0.633740 0.633740 0.633740
54500 4.679139 4.679139 4.679139 0.633740 0.633740 0.633740
54600 4.679139 4.679139 4.679139 0.633740 0.633740 0.633740
54700 4.679139 4.679139 4.679139 0.633740 0.633740 0.633740
54800 4.679139 4.679139 4.679139 0.633740 0.633740 0.633740
54900 4.679139 4.679139 4.679139 0.633740 0.633740 0.633740
55000 4.679139 4.679139 4.679139 0.633740 0.633740 0.633740
55100 4.679139 4.679139 4.679139 0.633740 0.633740 0.633740
55200 4.679139 4.679139 4.679139 0.633740 0.633740 0.633740
55300 4.679139 4.679139 4.679139 0.633740 0.633740 0.633740
55400 4.679139 4.679139 4.679139 0.633740 0.633740 0.633740
55500 4.679139 4.679139 4.679139 0.633740 0.633740 0.633740
55600 4.679139 4.679139 4.679139 0.633740 0.633740 0.633740
55700 4.679139 4.679139 4.679139 0.633740 0.633740 0.633740
55800 4.679139 4.679139 4.679139 0.633740 0.633740 0.633740
55900 4.679139 4.679139 4.679139 0.633740 0.633740 0.633740
56000 4.679139 4.679139 4.679139 0.633740 0.633740 0.633740
56100 4.679139 4.679139 4.679139 0.633740 0.633740 0.633740
56200 4.679139 4.679139 4.679139 0.633740 0.633740 0.633740
56300 4.679139 4.679139 4.679139 0.633740 0.633740 0.633740
56400 4.679139 4.679139 4.679139 0.633740 0.633740 0.633740
56500 4.679139 4.679139 4.679139 0.633740 0.633740 0.633740
56600 4.679139 4.679139 4.679139 0.633740 0.633740 0.633740
56700 4.679139 4.679139 4.679139 0.633740 0.633740 0.633740
56800 4.679139 4.679139 4.679139 0.633740 0.633740 0.633740
56900 4.679139 4.679139 4.679139 0.633740 0.633740 0.633740
57000 4.679139 4.679139 4.679139 0.633740 0.633740 0.633740
57100 4.679139 4.679139 4.679139 0.633740 0.633740 0.633740
57200 4.679139 4.679139 4.679139 0.633740 0.633740 0.633740
57300 4.679139 4.679139 4.679139 0.633740 0.633740 0.633740
57400 4.679139 4.679139 4.679139 0.633740 0.633740 0.633740
57500 4.679139 4.679139 4.679139 0.633740 0.633740 0.633740
57600 4.679139 4.679139 4.679139 0.633740 0.633740 0.633740
57700 4.679139 4.679139 4.679139 0.633740 0.633740 0.633740
57800 4.679139 4.679139 4.679139 0.633740 0.633740 0.633740
57900 4.679139 4.679139 4.679139 0.633740 0.633740 0.633740
58000 4.679139 4.679139 4.679139 0.633740 0.633740 0.633740
58100 4.679139 4.679139 4.679139 0.633740 0.633740 0.633740
58200 4.679139 4.679139 4.679139 0.633740 0.633740 0.633740
58300 4.679139 4.679139 4.679139 0.633740 0.633740 0.633740
58400 4.679139 4.679139 4.679139 0.633740 0.633740 0.633740
58500 4.679139 4.679139 4.679139 0.633740 0.633740 0.633740
58600 4.679139 4.679139 4.679139 0.633740 0.633740 0.633740
58700 4.679139 4.679139 4.679139 0.633740 0.633740 0.633740
58800 4.679139 4.679139 4.679139 0.633740 0.633740 0.633740
58900 4.679139 4.679139 4.679139 0.633740 0.633740 0.633740
59000 4.679139 4.679139 4.679139 0.633740 0.633740 0.633740
59100 4.679139 4.679139 4.679139 0.633740 0.633740 0.633740
59200 4.679139 4.679139 4.679139 0.633740 0.633740 0.633740
59300 4.679139 4.679139 4.679139 0.633740 0.633740 0.633740
59400 4.679139 4.679139 4.679139 0.633740 0.633740 0.633740
59500 4.679139 4.679139 4.679139 0.633740 0.633740 0.633740
59600 4.679139 4.679139 4.679139 0.633740 0.633740 0.633740
59700 4.679139 4.679139 4.679139 0.633740 0.633740 0.633740
59800 4.679139 4.679139 4.679139 0.633740 0.633740 0.633740
59900 4.679139 4.679139 4.679139 0.633740 0.633740 0.633740
60000 4.679139 4.679139 4.679139 0.633740 0.633740 0.633740
60100 4.679139 4.679139 4.679139 0.633740 0.633740 0.633740
60200 4.679139 4.679139 4.679139 0.633740 0.633740 0.633740
60300 4.679139 4.679139 4.679139 0.633740 0.633740 0.633740
60400 4.679139 4.679139 4.679139 0.633740 0.633740 0.633740
60500 4.679139 4.679139 4.679139 0.633740 0.633740 0.633740
60600 4.679139 4.679139 4.679139 0.633740 0.633740 0.633740
60700 4.679139 4.679139 4.679139 0.633740 0.633740 0.633740
60800 4.679139 4.679139 4.679139 0.633740 0.633740 0.633740
60900 4.679139 4.679139 4.679139 0.633740 0.633740 0.633740
61000 4.679139 4.679139 4.679139 0.633740 0.633740 0.633740
61100 4.679139 4.679139 4.679139 0.633740 0.633740 0.633740
61200 4.679139 4.679139 4.679139 0.633740 0.633740 0.633740
61300 4.679139 4.679139 4.679139 0.633740 0.633740 0.633740
61400 4.679139 4.679139 4.679139 0.633740 0.633740 0.633740
61500 4.679139 4.679139 4.679139 0.633740 0.633740 0.633740
61600 4.679139 4.679139 4.679139 0.633740 0.633740 0.633740
61700 4.679139 4.679139 4.679139 0.633740 0.633740 0.633740
61800 4.679139 4.679139 4.679139 0.633740 0.633740 0.633740
61900 4.679139 4.679139 4.679139 0.633740 0.633740 0.633740
62000 4.679139 4.679139 4.679139 0.633740 0.633740 0.633740
62100 4.679139 4.679139 4.679139 0.633740 0.633740 0.633740
62200 4.679139 4.679139 4.679139 0.633740 0.633740 0.633740
62300 4.679139 4.679139 4.679139 0.633740 0.633740 0.633740
62400 4.679139 4.679139 4.679139 0.633740 0.633740 0.633740
62500 4.679139 4.679139 4.679139 0.633740 0.633740 0.633740
62600 4.679139 4.679139 4.679139 0.633740 0.633740 0.633740
62700 4.679139 4.679139 4.679139 0.633740 0.633740 0.633740
62800 4.679139 4.679139 4.679139 0.633740 0.633740 0.633740
62900 4.679139 4.679139 4.679139 0.633740 0.633740 0.633740
63000 4.679139 4.679139 4.679139 0.633740 0.633740 0.633740
63100 4.679139 4.679139 4.679139 0.633740 0.633740 0.633740
63200 4.679139 4.679139 4.679139 0.633740 0.633740 0.633740
63300 4.679139 4.679139 4.679139 0.633740 0.633740 0.633740
63400 4.679139 4.679139 4.679139 0.633740 0.633740 0.633740
63500 4.679139 4.679139 4.679139 0.633740 0.633740 0.633740
63600 4.679139 4.679139 4.679139 0.633740 0.633740 0.633740
63700 4.679139 4.679139 4.679139 0.633740 0.633740 0.633740
63800 4.679139 4.679139 4.679139 0.633740 0.633740 0.633740
63900 4.679139 4.679139 4.679139 0.633740 0.633740 0.633740
64000 4.679139 4.679139 4.679139 0.633740 0.633740 0.633740
64100 4.679139 4.679139 4.679139 0.633740 0.633740 0.633740
64200 4.679139 4.679139 4.679139 0.633740 0.633740 0.633740
64300 4.679139 4.679139 4.679139 0.633740 0.633740 0.633740
64400 4.679139 4.679139 4.679139 0.633740 0.633740 0.633740
64500 4.679139 4.679139 4.679139 0.633740 0.633740 0.633740
64600 4.679139 4.679139 4.679139 0.633740 0.633740 0.633740
64700 4.679139 4.679139 4.679139 0.633740 0.633740 0.633740
64800 4.679139 4.679139 4.679139 0.633740 0.633740 0.633740
64900 4.679139 4.679139 4.679139 0.633740 0.633740 0.633740
65000 4.679139 4.679139 4.679139 0.633740 0.633740 0.633740
65100 4.679139 4.679139 4.679139 0.633740 0.633740 0.633740
65200 4.679139 4.679139 4.679139 0.633740 0.633740 0.633740
65300 4.679139 4.679139 4.679139 0.633740 0.633740 0.633740
65400 4.679139 4.679139 4.679139 0.633740 0.633740 0.633740
65500 4.679139 4.679139 4.679139 0.633740 0.633740 0.633740
65600 4.679139 4.679139 4.679139 0.633740 0.633740 0.633740
65700 4.679139 4.679139 4.679139 0.633740 0.633740 0.633740
65800 4.679139 4.679139 4.679139 0.633740 0.633740 0.633740
65900 4.679139 4.679139 4.679139 0.633740 0.633740 0.633740
66000 4.679139 4.679139 4.679139 0.633740 0.633740 0.633740
66100 4.679139 4.679139 4.679139 0.633740 0.633740 0.633740
66200 4.679139 4.679139 4.679139 0.633740 0.633740 0.633740
66300 4.679139 4.679139 4.679139 0.633740 0.633740 0.633740
66400 4.679139 4.679139 4.679139 0.633740 0.633740 0.633740
66500 4.679139 4.679139 4.679139 0.633740 0.633740 0.633740
66600 4.679139 4.679139 4.679139 0.633740 0.633740 0.633740
66700 4.679139 4.679139 4.679139 0.633740 0.633740 0.633740
66800 4.679139 4.679139 4.679139 0.633740 0.633740 0.633740
66900 4.679139 4.679139 4.679139 0.633740 0.633740 0.633740
67000 4.679139 4.679139 4.679139 0.633740 0.633740 0.633740
67100 4.679139 4.679139 4.679139 0.633740 0.633740 0.633740
67200 4.679139 4.679139 4.679139 0.633740 0.633740 0.633740
67300 4.679139 4.679139 4.679139 0.633740 0.633740 0.633740
67400 4.679139 4.679139 4.679139 0.633740 0.633740 0.633740
67500 4.679139 4.679139 4.679139 0.633740 0.633740 0.633740
67600 4.679139 4.679139 4.679139 0.633740 0.633740 0.633740
67700 4.679139 4.679139 4.679139 0.633740 0.633740 0.633740
67800 4.679139 4.679139 4.679139 0.633740 0.633740 0.633740
67900 4.679139 4.679139 4.679139 0.633740 0.633740 0.633740
68000 4.679139 4.679139 4.679139 0.633740 0.633740 0.633740
68100 4.679139 4.679139 4.679139 0.633740 0.633740 0.633740
68200 4.679139 4.679139 4.679139 0.633740 0.633740 0.633740
68300 4.679139 4.679139 4.679139 0.633740 0.633740 0.633740
68400 4.679139 4.679139 4.679139 0.633740 0.633740 0.633740
68500 4.679139 4.679139 4.679139 0.633740 0.633740 0.633740
68600 4.679139 4.679139 4.679139 0.633740 0.633740 0.633740
68700 4.679139 4.679139 4.679139 0.633740 0.633740 0.633740
68800 4.679139 4.679139 4.679139 0.633740 0.633740 0.633740
68900 4.679139 4.679139 4.679139 0.633740 0.633740 0.633740
69000 4.679139 4.679139 4.679139 0.633740 0.633740 0.633740
69100 4.679139 4.679139 4.679139 0.633740 0.633740 0.633740
69200 4.679139 4.679139 4.679139 0.633740 0.633740 0.633740
69300 4.679139 4.679139 4.679139 0.633740 0.633740 0.633740
69400 4.679139 4.679139 4.679139 0.633740 0.633740 0.633740
69500 4.679139 4.679139 4.679139 0.633740 0.633740 0.633740
69600 4.679139 4.679139 4.679139 0.633740 0.633740 0.633740
69700 4.679139 4.679139 4.679139 0.633740 0.633740 0.633740
69800 4.679139 4.679139 4.679139 0.633740 0.633740 0.633740
69900 4.679139 4.679139 4.679139 0.633740 0.633740 0.633740
70000 4.679139 4.679139 4.679139 0.633740 0.633740 0.633740
70100 4.679139 4.679139 4.679139 0.633740 0.633740 0.633740
70200 4.679139 4.679139 4.679139 0.633740 0.633740 0.633740
70300 4.679139 4.679139 4.679139 0.633740 0.633740 0.633740
70400 4.679139 4.679139 4.679139 0.633740 0.633740 0.633740
70500 4.679139 4.679139 4.679139 0.633740 0.633740 0.633740
70600 4.679139 4.679139 4.679139 0.633740 0.633740 0.633740
70700 4.679139 4.679139 4.679139 0.633740 0.633740 0.633740
70800 4.679139 4.679139 4.679139 0.633740 0.633740 0.633740
70900 4.679139 4.679139 4.679139 0.633740 0.633740 0.633740
71000 4.679139 4.679139 4.679139 0.633740 0.633740 0.633740
71100 4.679139 4.679139 4.679139 0.633740 0.633740 0.633740
71200 4.679139 4.679139 4.679139 0.633740 0.633740 0.633740
71300 4.679139 4.679139 4.679139 0.633740 0.633740 0.633740
71400 4.679139 4.679139 4.679139 0.633740 0.633740 0.633740
71500 4.679139 4.679139 4.679139 0.633740 0.633740 0.633740
71600 4.679139 4.679139 4.679139 0.633740 0.633740 0.633740
71700 4.679139 4.679139 4.679139 0.633740 0.633740 0.633740
71800 4.679139 4.679139 4.679139 0.633740 0.633740 0.633740
71900 4.679139 4.679139 4.679139 0.633740 0.633740 0.633740
72000 4.679139 4.679139 4.679139 0.633740 0.633740 0.633740
72100 4.679139 4.679139 4.679139 0.633740 0.633740 0.633740
72200 4.679139 4.679139 4.679139 0.633740 0.633740 0.633740
72300 4.679139 4.679139 4.679139 0.633740 0.633740 0.633740
72400 4.679139 4.679139 4.679139 0.633740 0.633740 0.633740
72500 4.679139 4.679139 4.679139 0.633740 0.633740 0.633740
72600 4.679139 4.679139 4.679139 0.633740 0.633740 0.633740
72700 4.679139 4.679139 4.679139 0.633740 0.633740 0.633740
72800 4.679139 4.679139 4.679139 0.633740 0.633740 0.633740
72900 4.679139 4.679139 4.679139 0.633740 0.633740 0.633740
73000 4.679139 4.679139 4.679139 0.633740 0.633740 0.633740
73100 4.679139 4.679139 4.679139 0.633740 0.633740 0.633740
73200 4.679139 4.679139 4.679139 0.633740 0.633740 0.633740
73300 4.679139 4.679139 4.679139 0.633740 0.633740 0.633740
73400 4.679139 4.679139 4.679139 0.633740 0.633740 0.633740
73500 4.679139 4.679139 4.679139 0.633740 0.633740 0.633740
73600 4.679139 4.679139 4.679139 0.633740 0.633740 0.633740
73700 4.679139 4.679139 4.679139 0.633740 0.633740 0.633740
73800 4.679139 4.679139 4.679139 0.633740 0.633740 0.633740
73900 4.679139 4.679139 4.679139 0.633740 0.633740 0.633740
74000 4.679139 4.679139 4.679139 0.633740 0.633740 0.633740
74100 4.679139 4.679139 4.679139 0.633740 0.633740 0.633740
74200 4.679139 4.679139 4.679139 0.633740 0.633740 0.633740
74300 4.679139 4.679139 4.679139 0.633740 0.633740 0.633740
74400 4.679139 4.679139 4.679139 0.633740 0.633740 0.633740
74500 4.679139 4.679139 4.679139 0.633740 0.633740 0.633740
74600 4.679139 4.679139 4.679139 0.633740 0.633740 0.633740
74700 4.679139 4.679139 4.679139 0.633740 0.633740 0.633740
74800 4.679139 4.679139 4.679139 0.633740 0.633740 0.633740
74900 4.679139 4.679139 4.679139 0.633740 0.633740 0.633740
75000 4.679139 4.679139 4.679139 0.633740 0.633740 0.633740
75100 4.679139 4.679139 4.679139 0.633740 0.633740 0.633740
75200 4.679139 4.679139 4.679139 0.633740 0.633740 0.633740
75300 4.679139 4.679139 4.679139 0.633740 0.633740 0.633740
75400 4.679139 4.679139 4.679139 0.633740 0.633740 0.633740
75500 4.679139 4.679139 4.679139 0.633740 0.633740 0.633740
75600 4.679139 4.679139 4.679139 0.633740 0.633740 0.633740
75700 4.679139 4.679139 4.679139 0.633740 0.633740 0.633740
75800 4.679139 4.679139 4.679139 0.633740 0.633740 0.633740
75900 4.679139 4.679139 4.679139 0.633740 0.633740 0.633740
76000 4.679139 4.679139 4.679139 0.633740 0.633740 0.633740
76100 4.679139 4.679139 4.679139 0.633740 0.633740 0.633740
76200 4.679139 4.679139 4.679139 0.633740 0.633740 0.633740
76300 4.679139 4.679139 4.679139 0.633740 0.633740 0.633740
76400 4.679139 4.679139 4.679139 0.633740 0.633740 0.633740
76500 4.679139 4.679139 4.679139 0.633740 0.633740 0.633740
76600 4.679139 4.679139 4.679139 0.633740 0.633740 0.633740
76700 4.679139 4.679139 4.679139 0.633740 0.633740 0.633740
76800 4.679139 4.679139 4.679139 0.633740 0.633740 0.633740
76900 4.679139 4.679139 4.679139 0.633740 0.633740 0.633740
77000 4.679139 4.679139 4.679139 0.633740 0.633740 0.633740
77100 4.679139 4.679139 4.679139 0.633740 0.633740 0.633740
77200 4.679139 4.679139 4.679139 0.633740 0.633740 0.633740
77300 4.679139 4.679139 4.679139 0.633740 0.633740 0.633740
77400 4.679139 4.679139 4.679139 0.633740 0.633740 0.633740
77500 4.679139 4.679139 4.679139 0.633740 0.633740 0.633740
77600 4.679139 4.679139 4.679139 0.633740 0.633740 0.633740
77700 4.679139 4.679139 4.679139 0.633740 0.633740 0.633740
77800 4.679139 4.679139 4.679139 0.633740 0.633740 0.633740
77900 4.679139 4.679139 4.679139 0.633740 0.633740 0.633740
78000 4.679139 4.679139 4.679139 0.633740 0.633740 0.633740
78100 4.679139 4.679139 4.679139 0.633740 0.633740 0.633740
78200 4.679139 4.679139 4.679139 0.633740 0.633740 0.633740
78300 4.679139 4.679139 4.679139 0.633740 0.633740 0.633740
78400 4.679139 4.679139 4.679139 0.633740 0.633740 0.633740
78500 4.679139 4.679139 4.679139 0.633740 0.633740 0.633740
78600 4.679139 4.679139 4.679139 0.633740 0.633740 0.633740
78700 4.679139 4.679139 4.679139 0.633740 0.633740 0.633740
78800 4.679139 4.679139 4.679139 0.633740 0.633740 0.633740
78900 4.679139 4.679139 4.679139 0.633740 0.633740 0.633740
79000 4.679139 4.679139 4.679139 0.633740 0.633740 0.633740
79100 4.679139 4.679139 4.679139 0.633740 0.633740 0.633740
79200 4.679139 4.679139 4.679139 0.633740 0.633740 0.633740
79300 4.679139 4.679139 4.679139 0.633740 0.633740 0.633740
79400 4.679139 4.679139 4.679139 0.633740 0.633740 0.633740
79500 4.679139 4.679139 4.679139 0.633740 0.633740 0.633740
79600 4.679139 4.679139 4.679139 0.633740 0.633740 0.633740
79700 4.679139 4.679139 4.679139 0.633740 0.633740 0.633740
79800 4.679139 4.679139 4.679139 0.633740 0.633740 0.633740
79900 4.679139 4.679139 4.679139 0.633740 0.633740 0.633740
80000 4.679139 4.679139 4.679139 0.633740 0.633740 0.633740
80100 4.679139 4.679139 4.679139 0.633740 0.633740 0.633740
80200 4.679139 4.679139 4.679139 0.633740 0.633740 0.633740
80300 4.679139 4.679139 4.679139 0.633740 0.633740 0.633740
80400 4.679139 4.679139 4.679139 0.633740 0.633740 0.633740
80500 4.679139 4.679139 4.679139 0.633740 0.633740 0.633740
80600 4.679139 4.679139 4.679139 0.633740 0.633740 0.633740
80700 4.679139 4.679139 4.679139 0.633740 0.633740 0.633740
80800 4.679139 4.679139 4.679139 0.633740 0.633740 0.633740
80900 4.679139 4.679139 4.679139 0.633740 0.633740 0.633740
81000 4.679139 4.679139 4.679139 0.633740 0.633740 0.633740
81100 4.679139 4.679139 4.679139 0.633740 0.633740 0.633740
81200 4.679139 4.679139 4.679139 0.633740 0.633740 0.633740
81300 4.679139 4.679139 4.679139 0.633740 0.633740 0.633740
81400 4.679139 4.679139 4.679139 0.633740 0.633740 0.633740
81500 4.679139 4.679139 4.679139 0.633740 0.633740 0.633740
81600 4.679139 4.679139 4.679139 0.633740 0.633740 0.633740
81700 4.679139 4.679139 4.679139 0.633740 0.633740 0.633740
81800 4.679139 4.679139 4.679139 0.633740 0.633740 0.633740
81900 4.679139 4.679139 4.679139 0.633740 0.633740 0.633740
82000 4.679139 4.679139 4.679139 0.633740 0.633740 0.633740
82100 4.679139 4.679139 4.679139 0.633740 0.633740 0.633740
82200 4.679139 4.679139 4.679139 0.633740 0.633740 0.633740
82300 4.679139 4.679139 4.679139 0.633740 0.633740 0.633740
82400 4.679139 4.679139 4.679139 0.633740 0.633740 0.633740
82500 4.679139 4.679139 4.679139 0.633740 0.633740 0.633740
82600 4.679139 4.679139 4.679139 0.633740 0.633740 0.633740
82700 4.679139 4.679139 4.679139 0.633740 0.633740 0.633740
82800 4.679139 4.679139 4.679139 0.633740 0.633740 0.633740
82900 4.679139 4.679139 4.679139 0.633740 0.633740 0.633740
83000 4.679139 4.679139 4.679139 0.633740 0.633740 0.633740
83100 4.679139 4.679139 4.679139 0.633740 0.633740 0.633740
83200 4.679139 4.679139 4.679139 0.633740 0.633740 0.633740
83300 4.679139 4.679139 4.679139 0.633740 0.633740 0.633740
83400 4.679139 4.679139 4.679139 0.633740 0.633740 0.633740
83500 4.679139 4.679139 4.679139 0.633740 0.633740 0.633740
83600 4.679139 4.679139 4.679139 0.633740 0.633740 0.633740
83700 4.679139 4.679139 4.679139 0.633740 0.633740 0.633740
83800 4.679139 4.679139 4.679139 0.633740 0.633740 0.633740
83900 4.679139 4.679139 4.679139 0.633740 0.633740 0.633740
84000 4.679139 4.679139 4.679139 0.633740 0.633740 0.633740
84100 4.679139 4.679139 4.679139 0.633740 0.633740 0.633740
84200 4.679139 4.679139 4.679139 0.633740 0.633740 0.633740
84300 4.679139 4.679139 4.679139 0.633740 0.633740 0.633740
84400 4.679139 4.679139 4.679139 0.633740 0.633740 0.633740
84500 4.679139 4.679139 4.679139 0.633740 0.633740 0.633740
84600 4.679139 4.679139 4.679139 0.633740 0.633740 0.633740
84700 4.679139 4.679139 4.679139 0.633740 0.633740 0.633740
84800 4.679139 4.679139 4.679139 0.633740 0.633740 0.633740
84900 4.679139 4.679139 4.679139 0.633740 0.633740 0.633740
85000 4.679139 4.679139 4.679139 0.633740 0.633740 0.633740
85100 4.679139 4.679139 4.679139 0.633740 0.633740 0.633740
85200 4.679139 4.679139 4.679139 0.633740 0.633740 0.633740
85300 4.679139 4.679139 4.679139 0.633740 0.633740 0.633740
85400 4.679139 4.679139 4.679139 0.633740 0.633740 0.633740
85500 4.679139 4.679139 4.679139 0.633740 0.633740 0.633740
85600 4.679139 4.679139 4.679139 0.633740 0.633740 0.633740
85700 4.679139 4.679139 4.679139 0.633740 0.633740 0.633740
85800 4.679139 4.679139 4.679139 0.633740 0.633740 0.633740
85900 4.679139 4.679139 4.679139 0.633740 0.633740 0.633740
86000 4.679139 4.679139 4.679139 0.633740 0.633740 0.633740
86100 4.679139 4.679139 4.679139 0.633740 0.633740 0.633740
86200 4.679139 4.679139 4.679139 0.633740 0.633740 0.633740
86300 4.679139 4.679139 4.679139 0.633740 0.633740 0.633740
86400 4.679139 4.679139 4.679139 0.633740 0.633740 0.633740
86500 4.679139 4.679139 4.679139 0.633740 0.633740 0.633740
86600 4.679139 4.679139 4.679139 0.633740 0.633740 0.633740
86700 4.679139 4.679139 4.679139 0.633740 0.633740 0.633740
86800 4.679139 4.679139 4.679139 0.633740 0.633740 0.633740
86900 4.679139 4.679139 4.679139 0.633740 0.633740 0.633740
87000 4.679139 4.679139 4.679139 0.633740 0.633740 0.633740
87100 4.679139 4.679139 4.679139 0.633740 0.633740 0.633740
87200 4.679139 4.679139 4.679139 0.633740 0.633740 0.633740
87300 4.679139 4.679139 4.679139 0.633740 0.633740 0.633740
87400 4.679139 4.679139 4.679139 0.633740 0.633740 0.633740
87500 4.679139 4.679139 4.679139 0.633740 0.633740 0.633740
87600 4.679139 4.679139 4.679139 0.633740 0.633740 0.633740
87700 4.679139 4.679139 4.679139 0.633740 0.633740 0.633740
87800 4.679139 4.679139 4.679139 0.633740 0.633740 0.633740
87900 4.679139 4.679139 4.679139 0.633740 0.633740 0.633740
88000 4.679139 4.679139 4.679139 0.633740 0.633740 0.633740
88100 4.679139 4.679139 4.679139 0.633740 0.633740 0.633740
88200 4.679139 4.679139 4.679139 0.633740 0.633740 0.633740
88300 4.679139 4.679139 4.679139 0.633740 0.633740 0.633740
88400 4.679139 4.679139 4.679139 0.633740 0.633740 0.633740
88500 4.679139 4.679139 4.679139 0.633740 0.633740 0.633740
88600 4.679139 4.679139 4.679139 0.633740 0.633740 0.633740
88700 4.679139 4.679139 4.679139 0.633740 0.633740 0.633740
88800 4.679139 4.679139 4.679139 0.633740 0.633740 0.633740
88900 4.679139 4.679139 4.679139 0.633740 0.633740 0.633740
89000 4.679139 4.679139 4.679139 0.633740 0.633740 0.633740
89100 4.679139 4.679139 4.679139 0.633740 0.633740 0.633740
89200 4.679139 4.679139 4.679139 0.633740 0.633740 0.633740
89300 4.679139 4.679139 4.679139 0.633740 0.633740 0.633740
89400 4.679139 4.679139 4.679139 0.633740 0.633740 0.633740
89500 4.679139 4.679139 4.679139 0.633740 0.633740 0.633740
89600 4.679139 4.679139 4.679139 0.633740 0.633740 0.633740
89700 4.679139 4.679139 4.679139 0.633740 0.633740 0.633740
89800 4.679139 4.679139 4.679139 0.633740 0.633740 0.633740
89900 4.679139 4.679139 4.679139 0.633740 0.633740 0.633740
90000 4.679139 4.679139 4.679139 0.633740 0.633740 0.633740
90100 4.679139 4.679139 4.679139 0.633740 0.633740 0.633740
90200 4.679139 4.679139 4.679139 0.633740 0.633740 0.633740
90300 4.679139 4.679139 4.679139 0.633740 0.633740 0.633740
90400 4.679139 4.679139 4.679139 0.633740 0.633740 0.633740
90500 4.679139 4.679139 4.679139 0.633740 0.633740 0.633740
90600 4.679139 4.679139 4.679139 0.633740 0.633740 0.633740
90700 4.679139 4.679139 4.679139 0.633740 0.633740 0.633740
90800 4.679139 4.679139 4.679139 0.633740 0.633740 0.633740
90900 4.679139 4.679139 4.679139 0.633740 0.633740 0.633740
91000 4.679139 4.679139 4.679139 0.633740 0.633740 0.633740
91100 4.679139 4.679139 4.679139 0.633740 0.633740 0.633740
91200 4.679139 4.679139 4.679139 0.633740 0.633740 0.633740
91300 4.679139 4.679139 4.679139 0.633740 0.633740 0.633740
91400 4.679139 4.679139 4.679139 0.633740 0.633740 0.633740
91500 4.679139 4.679139 4.679139 0.633740 0.633740 0.633740
91600 4.679139 4.679139 4.679139 0.633740 0.633740 0.633740
91700 4.679139 4.679139 4.679139 0.633740 0.633740 0.633740
91800 4.679139 4.679139 4.679139 0.633740 0.633740 0.633740
91900 4.679139 4.679139 4.679139 0.633740 0.633740 0.633740
92000 4.679139 4.679139 4.679139 0.633740 0.633740 0.633740
92100 4.679139 4.679139 4.679139 0.633740 0.633740 0.633740
92200 4.679139 4.679139 4.679139 0.633740 0.633740 0.633740
92300 4.679139 4.679139 4.679139 0.633740 0.633740 0.633740
92400 4.679139 4.679139 4.679139 0.633740 0.633740 0.633740
92500 4.679139 4.679139 4.679139 0.633740 0.633740 0.633740
92600 4.679139 4.679139 4.679139 0.633740 0.633740 0.633740
92700 4.679139 4.679139 4.679139 0.633740 0.633740 0.633740
92800 4.679139 4.679139 4.679139 0.633740 0.633740 0.633740
92900 4.679139 4.679139 4.679139 0.633740 0.633740 0.633740
93000 4.679139 4.679139 4.679139 0.633740 0.633740 0.633740
93100 4.679139 4.679139 4.679139 0.633740 0.633740 0.633740
93200 4.679139 4.679139 4.679139 0.633740 0.633740 0.633740
93300 4.679139 4.679139 4.679139 0.633740 0.633740 0.633740
93400 4.679139 4.679139 4.679139 0.633740 0.633740 0.633740
93500 4.679139 4.679139 4.679139 0.633740 0.633740 0.633740
93600 4.679139 4.679139 4.679139 0.633740 0.633740 0.633740
93700 4.679139 4.679139 4.679139 0.633740 0.633740 0.633740
93800 4.679139 4.679139 4.679139 0.633740 0.633740 0.633740
93900 4.679139 4.679139 4.679139 0.633740 0.633740 0.633740
94000 4.679139 4.679139 4.679139 0.633740 0.633740 0.633740
94100 4.679139 4.679139 4.679139 0.633740 0.633740 0.633740
94200 4.679139 4.679139 4.679139 0.633740 0.633740 0.633740
94300 4.679139 4.679139 4.679139 0.633740 0.633740 0.633740
94400 4.679139 4.679139 4.679139 0.633740 0.633740 0.633740
94500 4.679139 4.679139 4.679139 0.633740 0.633740 0.633740
94600 4.679139 4.679139 4.679139 0.633740 0.633740 0.633740
94700 4.679139 4.679139 4.679139 0.633740 0.633740 0.633740
94800 4.679139 4.679139 4.679139 0.633740 0.633740 0.633740
94900 4.679139 4.679139 4.679139 0.633740 0.633740 0.633740
95000 4.679139 4.679139 4.679139 0.633740 0.633740 0.633740
95100 4.679139 4.679139 4.679139 0.633740 0.633740 0.633740
95200 4.679139 4.679139 4.679139 0.633740 0.633740 0.633740
95300 4.679139 4.679139 4.679139 0.633740 0.633740 0.633740
95400 4.679139 4.679139 4.679139 0.633740 0.633740 0.633740
95500 4.679139 4.679139 4.679139 0.633740 0.633740 0.633740
95600 4.679139 4.679139 4.679139 0.633740 0.633740 0.633740
95700 4.679139 4.679139 4.679139 0.633740 0.633740 0.633740
95800 4.679139 4.679139 4.679139 0.633740 0.633740 0.633740
95900 4.679139 4.679139 4.679139 0.633740 0.633740 0.633740
96000 4.679139 4.679139 4.679139 0.633740 0.633740 0.633740
96100 4.679139 4.679139 4.679139 0.633740 0.633740 0.633740
96200 4.679139 4.679139 4.679139 0.633740 0.633740 0.633740
96300 4.679139 4.679139 4.679139 0.633740 0.633740 0.633740
96400 4.679139 4.679139 4.679139 0.633740 0.633740 0.633740
96500 4.679139 4.679139 4.679139 0.633740 0.633740 0.633740
96600 4.679139 4.679139 4.679139 0.633740 0.633740 0.633740
96700 4.679139 4.679139 4.679139 0.633740 0.633740 0.633740
96800 4.679139 4.679139 4.679139 0.633740 0.633740 0.633740
96900 4.679139 4.679139 4.679139 0.633740 0.633740 0.633740
97000 4.679139 4.679139 4.679139 0.633740 0.633740 0.633740
97100 4.679139 4.679139 4.679139 0.633740 0.633740 0.633740
97200 4.679139 4.679139 4.679139 0.633740 0.633740 0.633740
97300 4.679139 4.679139 4.679139 0.633740 0.633740 0.633740
97400 4.679139 4.679139 4.679139 0.633740 0.633740 0.633740
97500 4.679139 4.679139 4.679139 0.633740 0.633740 0.633740
97600 4.679139 4.679139 4.679139 0.633740 0.633740 0.633740
97700 4.679139 4.679139 4.679139 0.633740 0.633740 0.633740
97800 4.679139 4.679139 4.679139 0.633740 0.633740 0.633740
97900 4.679139 4.679139 4.679139 0.633740 0.633740 0.633740
98000 4.679139 4.679139 4.679139 0.633740 0.633740 0.633740
98100 4.679139 4.679139 4.679139 0.633740 0.633740 0.633740
98200 4.679139 4.679139 4.679139 0.633740 0.633740 0.633740
98300 4.679139 4.679139 4.679139 0.633740 0.633740 0.633740
98400 4.679139 4.679139 4.679139 0.633740 0.633740 0.633740
98500 4.679139 4.679139 4.679139 0.633740 0.633740 0.633740
98600 4.679139 4.679139 4.679139 0.633740 0.633740 0.633740
98700 4.679139 4.679139 4.679139 0.633740 0.633740 0.633740
98800 4.679139 4.679139 4.679139 0.633740 0.633740 0.633740
98900 4.679139 4.679139 4.679139 0.633740 0.633740 0.633740
99000 4.679139 4.679139 4.679139 0.633740 0.633740 0.633740
99100 4.679139 4.679139 4.679139 0.633740 0.633740 0.633740
99200 4.679139 4.679139 4.679139 0.633740 0.633740 0.633740
99300 4.679139 4.679139 4.679139 0.633740 0.633740 0.633740
99400 4.679139 4.679139 4.679139 0.633740 0.633740 0.633740
99500 4.679139 4.679139 4.679139 0.633740 0.633740 0.633740
99600 4.679139 4.679139 4.679139 0.633740 0.633740 0.633740
99700 4.679139 4.679139 4.679139 0.633740 0.633740 0.633740
99800 4.679139 4.679139 4.679139 0.633740 0.633740 0.633740
99900 4.679139 4.679139 4.679139 0.633740 0.633740 0.633740
100000 4.687017 4.687017 4.687017 0.637148 0.637148 0.637148
