# generation power_min power_avg power_max util_min util_avg util_max
1 45.106851 47.253918 49.709622 0.268195 0.372337 0.508300
100 44.048598 45.227828 46.247394 0.305426 0.419815 0.519551
200 43.734238 44.164132 44.551612 0.410336 0.491885 0.532852
300 43.651250 43.736030 43.769666 0.510125 0.519652 0.530471
400 43.647297 43.730719 43.734238 0.519100 0.527533 0.530471
500 43.647297 43.720366 43.730285 0.519756 0.528448 0.529119
600 43.381290 43.637543 43.730285 0.519756 0.529362 0.535134
700 43.381290 43.455772 43.647297 0.529119 0.533450 0.535134
800 43.381290 43.381290 43.381290 0.535134 0.535134 0.535134
900 43.381290 43.381290 43.381290 0.535134 0.535134 0.535134
1000 43.381290 43.381290 43.381290 0.535134 0.535134 0.535134
1100 43.381290 43.381290 43.381290 0.535134 0.535134 0.535134
1200 43.381290 43.381290 43.381290 0.535134 0.535134 0.535134
1300 43.381290 43.381290 43.381290 0.535134 0.535134 0.535134
1400 43.381290 43.381290 43.381290 0.535134 0.535134 0.535134
1500 43.381290 43.381290 43.381290 0.535134 0.535134 0.535134
1600 43.381290 43.381290 43.381290 0.535134 0.535134 0.535134
1700 43.381290 43.381290 43.381290 0.535134 0.535134 0.535134
1800 43.381290 43.381290 43.381290 0.535134 0.535134 0.535134
1900 43.381290 43.381290 43.381290 0.535134 0.535134 0.535134
2000 43.381290 43.381290 43.381290 0.535134 0.535134 0.535134
2100 43.381290 43.381290 43.381290 0.535134 0.535134 0.535134
2200 43.381290 43.381290 43.381290 0.535134 0.535134 0.535134
2300 43.381290 43.381290 43.381290 0.535134 0.535134 0.535134
2400 43.381290 43.381290 43.381290 0.535134 0.535134 0.535134
2500 43.381290 43.381290 43.381290 0.535134 0.535134 0.535134
2600 43.381290 43.381290 43.381290 0.535134 0.535134 0.535134
2700 43.381290 43.381290 43.381290 0.535134 0.535134 0.535134
2800 43.381290 43.381290 43.381290 0.535134 0.535134 0.535134
2900 43.381290 43.381290 43.381290 0.535134 0.535134 0.535134
3000 43.381290 43.381290 43.381290 0.535134 0.535134 0.535134
3100 43.381290 43.381290 43.381290 0.535134 0.535134 0.535134
3200 43.381290 43.381290 43.381290 0.535134 0.535134 0.535134
3300 43.381290 43.381290 43.381290 0.535134 0.535134 0.535134
3400 43.381290 43.381290 43.381290 0.535134 0.535134 0.535134
3500 43.381290 43.381290 43.381290 0.535134 0.535134 0.535134
3600 43.381290 43.381290 43.381290 0.535134 0.535134 0.535134
3700 43.381290 43.381290 43.381290 0.535134 0.535134 0.535134
3800 43.381290 43.381290 43.381290 0.535134 0.535134 0.535134
3900 43.381290 43.381290 43.381290 0.535134 0.535134 0.535134
4000 43.381290 43.381290 43.381290 0.535134 0.535134 0.535134
4100 43.381290 43.381290 43.381290 0.535134 0.535134 0.535134
4200 43.381290 43.381290 43.381290 0.535134 0.535134 0.535134
4300 43.381290 43.381290 43.381290 0.535134 0.535134 0.535134
4400 43.381290 43.381290 43.381290 0.535134 0.535134 0.535134
4500 43.381290 43.381290 43.381290 0.535134 0.535134 0.535134
4600 43.381290 43.381290 43.381290 0.535134 0.535134 0.535134
4700 43.381290 43.381290 43.381290 0.535134 0.535134 0.535134
4800 43.381290 43.381290 43.381290 0.535134 0.535134 0.535134
4900 43.381290 43.381290 43.381290 0.535134 0.535134 0.535134
5000 43.381290 43.381290 43.381290 0.535134 0.535134 0.535134
5100 43.381290 43.381290 43.381290 0.535134 0.535134 0.535134
5200 43.381290 43.381290 43.381290 0.535134 0.535134 0.535134
5300 43.381290 43.381290 43.381290 0.535134 0.535134 0.535134
5400 43.381290 43.381290 43.381290 0.535134 0.535134 0.535134
5500 43.381290 43.381290 43.381290 0.535134 0.535134 0.535134
5600 43.381290 43.381290 43.381290 0.535134 0.535134 0.535134
5700 43.381290 43.381290 43.381290 0.535134 0.535134 0.535134
5800 43.381290 43.381290 43.381290 0.535134 0.535134 0.535134
5900 43.381290 43.381290 43.381290 0.535134 0.535134 0.535134
6000 43.381290 43.381290 43.381290 0.535134 0.535134 0.535134
6100 43.381290 43.381290 43.381290 0.535134 0.535134 0.535134
6200 43.381290 43.381290 43.381290 0.535134 0.535134 0.535134
6300 43.381290 43.381290 43.381290 0.535134 0.535134 0.535134
6400 43.381290 43.381290 43.381290 0.535134 0.535134 0.535134
6500 43.381290 43.381290 43.381290 0.535134 0.535134 0.535134
6600 43.381290 43.381290 43.381290 0.535134 0.535134 0.535134
6700 43.381290 43.381290 43.381290 0.535134 0.535134 0.535134
6800 43.381290 43.381290 43.381290 0.535134 0.535134 0.535134
6900 43.381290 43.381290 43.381290 0.535134 0.535134 0.535134
7000 43.381290 43.381290 43.381290 0.535134 0.535134 0.535134
7100 43.381290 43.381290 43.381290 0.535134 0.535134 0.535134
7200 43.381290 43.381290 43.381290 0.535134 0.535134 0.535134
7300 43.381290 43.381290 43.381290 0.535134 0.535134 0.535134
7400 43.381290 43.381290 43.381290 0.535134 0.535134 0.535134
7500 43.381290 43.381290 43.381290 0.535134 0.535134 0.535134
7600 43.381290 43.381290 43.381290 0.535134 0.535134 0.535134
7700 43.381290 43.381290 43.381290 0.535134 0.535134 0.535134
7800 43.381290 43.381290 43.381290 0.535134 0.535134 0.535134
7900 43.381290 43.381290 43.381290 0.535134 0.535134 0.535134
8000 43.381290 43.381290 43.381290 0.535134 0.535134 0.535134
8100 43.381290 43.381290 43.381290 0.535134 0.535134 0.535134
8200 43.381290 43.381290 43.381290 0.535134 0.535134 0.535134
8300 43.381290 43.381290 43.381290 0.535134 0.535134 0.535134
8400 43.381290 43.381290 43.381290 0.535134 0.535134 0.535134
8500 43.381290 43.381290 43.381290 0.535134 0.535134 0.535134
8600 43.381290 43.381290 43.381290 0.535134 0.535134 0.535134
8700 43.381290 43.381290 43.381290 0.535134 0.535134 0.535134
8800 43.381290 43.381290 43.381290 0.535134 0.535134 0.535134
8900 43.381290 43.381290 43.381290 0.535134 0.535134 0.535134
9000 43.381290 43.381290 43.381290 0.535134 0.535134 0.535134
9100 43.381290 43.381290 43.381290 0.535134 0.535134 0.535134
9200 43.381290 43.381290 43.381290 0.535134 0.535134 0.535134
9300 43.381290 43.381290 43.381290 0.535134 0.535134 0.535134
9400 43.381290 43.381290 43.381290 0.535134 0.535134 0.535134
9500 43.381290 43.381290 43.381290 0.535134 0.535134 0.535134
9600 43.381290 43.381290 43.381290 0.535134 0.535134 0.535134
9700 43.381290 43.381290 43.381290 0.535134 0.535134 0.535134
9800 43.381290 43.381290 43.381290 0.535134 0.535134 0.535134
9900 43.381290 43.381290 43.381290 0.535134 0.535134 0.535134
10000 43.381290 43.381290 43.381290 0.535134 0.535134 0.535134
10100 43.381290 43.381290 43.381290 0.535134 0.535134 0.535134
10200 43.381290 43.381290 43.381290 0.535134 0.535134 0.535134
10300 43.381290 43.381290 43.381290 0.535134 0.535134 0.535134
10400 43.381290 43.381290 43.381290 0.535134 0.535134 0.535134
10500 43.381290 43.381290 43.381290 0.535134 0.535134 0.535134
10600 43.381290 43.381290 43.381290 0.535134 0.535134 0.535134
10700 43.381290 43.381290 43.381290 0.535134 0.535134 0.535134
10800 43.381290 43.381290 43.381290 0.535134 0.535134 0.535134
10900 43.381290 43.381290 43.381290 0.535134 0.535134 0.535134
11000 43.381290 43.381290 43.381290 0.535134 0.535134 0.535134
11100 43.381290 43.381290 43.381290 0.535134 0.535134 0.535134
11200 43.381290 43.381290 43.381290 0.535134 0.535134 0.535134
11300 43.381290 43.381290 43.381290 0.535134 0.535134 0.535134
11400 43.381290 43.381290 43.381290 0.535134 0.535134 0.535134
11500 43.381290 43.381290 43.381290 0.535134 0.535134 0.535134
11600 43.381290 43.381290 43.381290 0.535134 0.535134 0.535134
11700 43.381290 43.381290 43.381290 0.535134 0.535134 0.535134
11800 43.381290 43.381290 43.381290 0.535134 0.535134 0.535134
11900 43.381290 43.381290 43.381290 0.535134 0.535134 0.535134
12000 43.381290 43.381290 43.381290 0.535134 0.535134 0.535134
12100 43.381290 43.381290 43.381290 0.535134 0.535134 0.535134
12200 43.381290 43.381290 43.381290 0.535134 0.535134 0.535134
12300 43.381290 43.381290 43.381290 0.535134 0.535134 0.535134
12400 43.381290 43.381290 43.381290 0.535134 0.535134 0.535134
12500 43.381290 43.381290 43.381290 0.535134 0.535134 0.535134
12600 43.381290 43.381290 43.381290 0.535134 0.535134 0.535134
12700 43.381290 43.381290 43.381290 0.535134 0.535134 0.535134
12800 43.381290 43.381290 43.381290 0.535134 0.535134 0.535134
12900 43.381290 43.381290 43.381290 0.535134 0.535134 0.535134
13000 43.381290 43.381290 43.381290 0.535134 0.535134 0.535134
13100 43.381290 43.381290 43.381290 0.535134 0.535134 0.535134
13200 43.381290 43.381290 43.381290 0.535134 0.535134 0.535134
13300 43.381290 43.381290 43.381290 0.535134 0.535134 0.535134
13400 43.381290 43.381290 43.381290 0.535134 0.535134 0.535134
13500 43.381290 43.381290 43.381290 0.535134 0.535134 0.535134
13600 43.381290 43.381290 43.381290 0.535134 0.535134 0.535134
13700 43.381290 43.381290 43.381290 0.535134 0.535134 0.535134
13800 43.381290 43.381290 43.381290 0.535134 0.535134 0.535134
13900 43.381290 43.381290 43.381290 0.535134 0.535134 0.535134
14000 43.381290 43.381290 43.381290 0.535134 0.535134 0.535134
14100 43.381290 43.381290 43.381290 0.535134 0.535134 0.535134
14200 43.381290 43.381290 43.381290 0.535134 0.535134 0.535134
14300 43.381290 43.381290 43.381290 0.535134 0.535134 0.535134
14400 43.381290 43.381290 43.381290 0.535134 0.535134 0.535134
14500 43.381290 43.381290 43.381290 0.535134 0.535134 0.535134
14600 43.381290 43.381290 43.381290 0.535134 0.535134 0.535134
14700 43.381290 43.381290 43.381290 0.535134 0.535134 0.535134
14800 43.381290 43.381290 43.381290 0.535134 0.535134 0.535134
14900 43.381290 43.381290 43.381290 0.535134 0.535134 0.535134
15000 43.381290 43.381290 43.381290 0.535134 0.535134 0.535134
15100 43.381290 43.381290 43.381290 0.535134 0.535134 0.535134
15200 43.381290 43.381290 43.381290 0.535134 0.535134 0.535134
15300 43.381290 43.381290 43.381290 0.535134 0.535134 0.535134
15400 43.381290 43.381290 43.381290 0.535134 0.535134 0.535134
15500 43.381290 43.381290 43.381290 0.535134 0.535134 0.535134
15600 43.381290 43.381290 43.381290 0.535134 0.535134 0.535134
15700 43.381290 43.381290 43.381290 0.535134 0.535134 0.535134
15800 43.381290 43.381290 43.381290 0.535134 0.535134 0.535134
15900 43.381290 43.381290 43.381290 0.535134 0.535134 0.535134
16000 43.381290 43.381290 43.381290 0.535134 0.535134 0.535134
16100 43.381290 43.381290 43.381290 0.535134 0.535134 0.535134
16200 43.381290 43.381290 43.381290 0.535134 0.535134 0.535134
16300 43.381290 43.381290 43.381290 0.535134 0.535134 0.535134
16400 43.381290 43.381290 43.381290 0.535134 0.535134 0.535134
16500 43.381290 43.381290 43.381290 0.535134 0.535134 0.535134
16600 43.381290 43.381290 43.381290 0.535134 0.535134 0.535134
16700 43.381290 43.381290 43.381290 0.535134 0.535134 0.535134
16800 43.381290 43.381290 43.381290 0.535134 0.535134 0.535134
16900 43.381290 43.381290 43.381290 0.535134 0.535134 0.535134
17000 43.381290 43.381290 43.381290 0.535134 0.535134 0.535134
17100 43.381290 43.381290 43.381290 0.535134 0.535134 0.535134
17200 43.381290 43.381290 43.381290 0.535134 0.535134 0.535134
17300 43.381290 43.381290 43.381290 0.535134 0.535134 0.535134
17400 43.381290 43.381290 43.381290 0.535134 0.535134 0.535134
17500 43.381290 43.381290 43.381290 0.535134 0.535134 0.535134
17600 43.381290 43.381290 43.381290 0.535134 0.535134 0.535134
17700 43.381290 43.381290 43.381290 0.535134 0.535134 0.535134
17800 43.381290 43.381290 43.381290 0.535134 0.535134 0.535134
17900 43.381290 43.381290 43.381290 0.535134 0.535134 0.535134
18000 43.381290 43.381290 43.381290 0.535134 0.535134 0.535134
18100 43.381290 43.381290 43.381290 0.535134 0.535134 0.535134
18200 43.381290 43.381290 43.381290 0.535134 0.535134 0.535134
18300 43.381290 43.381290 43.381290 0.535134 0.535134 0.535134
18400 43.381290 43.381290 43.381290 0.535134 0.535134 0.535134
18500 43.381290 43.381290 43.381290 0.535134 0.535134 0.535134
18600 43.381290 43.381290 43.381290 0.535134 0.535134 0.535134
18700 43.381290 43.381290 43.381290 0.535134 0.535134 0.535134
18800 43.381290 43.381290 43.381290 0.535134 0.535134 0.535134
18900 43.381290 43.381290 43.381290 0.535134 0.535134 0.535134
19000 43.381290 43.381290 43.381290 0.535134 0.535134 0.535134
19100 43.381290 43.381290 43.381290 0.535134 0.535134 0.535134
19200 43.381290 43.381290 43.381290 0.535134 0.535134 0.535134
19300 43.381290 43.381290 43.381290 0.535134 0.535134 0.535134
19400 43.381290 43.381290 43.381290 0.535134 0.535134 0.535134
19500 43.381290 43.381290 43.381290 0.535134 0.535134 0.535134
19600 43.381290 43.381290 43.381290 0.535134 0.535134 0.535134
19700 43.381290 43.381290 43.381290 0.535134 0.535134 0.535134
19800 43.381290 43.381290 43.381290 0.535134 0.535134 0.535134
19900 43.381290 43.381290 43.381290 0.535134 0.535134 0.535134
20000 43.381290 43.381290 43.381290 0.535134 0.535134 0.535134
20100 43.381290 43.381290 43.381290 0.535134 0.535134 0.535134
20200 43.381290 43.381290 43.381290 0.535134 0.535134 0.535134
20300 43.381290 43.381290 43.381290 0.535134 0.535134 0.535134
20400 43.381290 43.381290 43.381290 0.535134 0.535134 0.535134
20500 43.381290 43.381290 43.381290 0.535134 0.535134 0.535134
20600 43.381290 43.381290 43.381290 0.535134 0.535134 0.535134
20700 43.381290 43.381290 43.381290 0.535134 0.535134 0.535134
20800 43.381290 43.381290 43.381290 0.535134 0.535134 0.535134
20900 43.381290 43.381290 43.381290 0.535134 0.535134 0.535134
21000 43.381290 43.381290 43.381290 0.535134 0.535134 0.535134
21100 43.381290 43.381290 43.381290 0.535134 0.535134 0.535134
21200 43.381290 43.381290 43.381290 0.535134 0.535134 0.535134
21300 43.381290 43.381290 43.381290 0.535134 0.535134 0.535134
21400 43.381290 43.381290 43.381290 0.535134 0.535134 0.535134
21500 43.381290 43.381290 43.381290 0.535134 0.535134 0.535134
21600 43.381290 43.381290 43.381290 0.535134 0.535134 0.535134
21700 43.381290 43.381290 43.381290 0.535134 0.535134 0.535134
21800 43.381290 43.381290 43.381290 0.535134 0.535134 0.535134
21900 43.381290 43.381290 43.381290 0.535134 0.535134 0.535134
22000 43.381290 43.381290 43.381290 0.535134 0.535134 0.535134
22100 43.381290 43.381290 43.381290 0.535134 0.535134 0.535134
22200 43.381290 43.381290 43.381290 0.535134 0.535134 0.535134
22300 43.381290 43.381290 43.381290 0.535134 0.535134 0.535134
22400 43.381290 43.381290 43.381290 0.535134 0.535134 0.535134
22500 43.381290 43.381290 43.381290 0.535134 0.535134 0.535134
22600 43.381290 43.381290 43.381290 0.535134 0.535134 0.535134
22700 43.381290 43.381290 43.381290 0.535134 0.535134 0.535134
22800 43.381290 43.381290 43.381290 0.535134 0.535134 0.535134
22900 43.381290 43.381290 43.381290 0.535134 0.535134 0.535134
23000 43.381290 43.381290 43.381290 0.535134 0.535134 0.535134
23100 43.381290 43.381290 43.381290 0.535134 0.535134 0.535134
23200 43.381290 43.381290 43.381290 0.535134 0.535134 0.535134
23300 43.381290 43.381290 43.381290 0.535134 0.535134 0.535134
23400 43.381290 43.381290 43.381290 0.535134 0.535134 0.535134
23500 43.381290 43.381290 43.381290 0.535134 0.535134 0.535134
23600 43.381290 43.381290 43.381290 0.535134 0.535134 0.535134
23700 43.381290 43.381290 43.381290 0.535134 0.535134 0.535134
23800 43.381290 43.381290 43.381290 0.535134 0.535134 0.535134
23900 43.381290 43.381290 43.381290 0.535134 0.535134 0.535134
24000 43.381290 43.381290 43.381290 0.535134 0.535134 0.535134
24100 43.381290 43.381290 43.381290 0.535134 0.535134 0.535134
24200 43.381290 43.381290 43.381290 0.535134 0.535134 0.535134
24300 43.381290 43.381290 43.381290 0.535134 0.535134 0.535134
24400 43.381290 43.381290 43.381290 0.535134 0.535134 0.535134
24500 43.381290 43.381290 43.381290 0.535134 0.535134 0.535134
24600 43.381290 43.381290 43.381290 0.535134 0.535134 0.535134
24700 43.381290 43.381290 43.381290 0.535134 0.535134 0.535134
24800 43.381290 43.381290 43.381290 0.535134 0.535134 0.535134
24900 43.381290 43.381290 43.381290 0.535134 0.535134 0.535134
25000 43.381290 43.381290 43.381290 0.535134 0.535134 0.535134
25100 43.381290 43.381290 43.381290 0.535134 0.535134 0.535134
25200 43.381290 43.381290 43.381290 0.535134 0.535134 0.535134
25300 43.381290 43.381290 43.381290 0.535134 0.535134 0.535134
25400 43.381290 43.381290 43.381290 0.535134 0.535134 0.535134
25500 43.381290 43.381290 43.381290 0.535134 0.535134 0.535134
25600 43.381290 43.381290 43.381290 0.535134 0.535134 0.535134
25700 43.381290 43.381290 43.381290 0.535134 0.535134 0.535134
25800 43.381290 43.381290 43.381290 0.535134 0.535134 0.535134
25900 43.381290 43.381290 43.381290 0.535134 0.535134 0.535134
26000 43.381290 43.381290 43.381290 0.535134 0.535134 0.535134
26100 43.381290 43.381290 43.381290 0.535134 0.535134 0.535134
26200 43.381290 43.381290 43.381290 0.535134 0.535134 0.535134
26300 43.381290 43.381290 43.381290 0.535134 0.535134 0.535134
26400 43.381290 43.381290 43.381290 0.535134 0.535134 0.535134
26500 43.381290 43.381290 43.381290 0.535134 0.535134 0.535134
26600 43.381290 43.381290 43.381290 0.535134 0.535134 0.535134
26700 43.381290 43.381290 43.381290 0.535134 0.535134 0.535134
26800 43.381290 43.381290 43.381290 0.535134 0.535134 0.535134
26900 43.381290 43.381290 43.381290 0.535134 0.535134 0.535134
27000 43.381290 43.381290 43.381290 0.535134 0.535134 0.535134
27100 43.381290 43.381290 43.381290 0.535134 0.535134 0.535134
27200 43.381290 43.381290 43.381290 0.535134 0.535134 0.535134
27300 43.381290 43.381290 43.381290 0.535134 0.535134 0.535134
27400 43.381290 43.381290 43.381290 0.535134 0.535134 0.535134
27500 43.381290 43.381290 43.381290 0.535134 0.535134 0.535134
27600 43.381290 43.381290 43.381290 0.535134 0.535134 0.535134
27700 43.381290 43.381290 43.381290 0.535134 0.535134 0.535134
27800 43.381290 43.381290 43.381290 0.535134 0.535134 0.535134
27900 43.381290 43.381290 43.381290 0.535134 0.535134 0.535134
28000 43.381290 43.381290 43.381290 0.535134 0.535134 0.535134
28100 43.381290 43.381290 43.381290 0.535134 0.535134 0.535134
28200 43.381290 43.381290 43.381290 0.535134 0.535134 0.535134
28300 43.381290 43.381290 43.381290 0.535134 0.535134 0.535134
28400 43.381290 43.381290 43.381290 0.535134 0.535134 0.535134
28500 43.381290 43.381290 43.381290 0.535134 0.535134 0.535134
28600 43.381290 43.381290 43.381290 0.535134 0.535134 0.535134
28700 43.381290 43.381290 43.381290 0.535134 0.535134 0.535134
28800 43.381290 43.381290 43.381290 0.535134 0.535134 0.535134
28900 43.381290 43.381290 43.381290 0.535134 0.535134 0.535134
29000 43.381290 43.381290 43.381290 0.535134 0.535134 0.535134
29100 43.381290 43.381290 43.381290 0.535134 0.535134 0.535134
29200 43.381290 43.381290 43.381290 0.535134 0.535134 0.535134
29300 43.381290 43.381290 43.381290 0.535134 0.535134 0.535134
29400 43.381290 43.381290 43.381290 0.535134 0.535134 0.535134
29500 43.381290 43.381290 43.381290 0.535134 0.535134 0.535134
29600 43.381290 43.381290 43.381290 0.535134 0.535134 0.535134
29700 43.381290 43.381290 43.381290 0.535134 0.535134 0.535134
29800 43.381290 43.381290 43.381290 0.535134 0.535134 0.535134
29900 43.381290 43.381290 43.381290 0.535134 0.535134 0.535134
30000 43.381290 43.381290 43.381290 0.535134 0.535134 0.535134
30100 43.381290 43.381290 43.381290 0.535134 0.535134 0.535134
30200 43.381290 43.381290 43.381290 0.535134 0.535134 0.535134
30300 43.381290 43.381290 43.381290 0.535134 0.535134 0.535134
30400 43.381290 43.381290 43.381290 0.535134 0.535134 0.535134
30500 43.381290 43.381290 43.381290 0.535134 0.535134 0.535134
30600 43.381290 43.381290 43.381290 0.535134 0.535134 0.535134
30700 43.381290 43.381290 43.381290 0.535134 0.535134 0.535134
30800 43.381290 43.381290 43.381290 0.535134 0.535134 0.535134
30900 43.381290 43.381290 43.381290 0.535134 0.535134 0.535134
31000 43.381290 43.381290 43.381290 0.535134 0.535134 0.535134
31100 43.381290 43.381290 43.381290 0.535134 0.535134 0.535134
31200 43.381290 43.381290 43.381290 0.535134 0.535134 0.535134
31300 43.381290 43.381290 43.381290 0.535134 0.535134 0.535134
31400 43.381290 43.381290 43.381290 0.535134 0.535134 0.535134
31500 43.381290 43.381290 43.381290 0.535134 0.535134 0.535134
31600 43.381290 43.381290 43.381290 0.535134 0.535134 0.535134
31700 43.381290 43.381290 43.381290 0.535134 0.535134 0.535134
31800 43.381290 43.381290 43.381290 0.535134 0.535134 0.535134
31900 43.381290 43.381290 43.381290 0.535134 0.535134 0.535134
32000 43.381290 43.381290 43.381290 0.535134 0.535134 0.535134
32100 43.381290 43.381290 43.381290 0.535134 0.535134 0.535134
32200 43.381290 43.381290 43.381290 0.535134 0.535134 0.535134
32300 43.381290 43.381290 43.381290 0.535134 0.535134 0.535134
32400 43.381290 43.381290 43.381290 0.535134 0.535134 0.535134
32500 43.381290 43.381290 43.381290 0.535134 0.535134 0.535134
32600 43.381290 43.381290 43.381290 0.535134 0.535134 0.535134
32700 43.381290 43.381290 43.381290 0.535134 0.535134 0.535134
32800 43.381290 43.381290 43.381290 0.535134 0.535134 0.535134
32900 43.381290 43.381290 43.381290 0.535134 0.535134 0.535134
33000 43.381290 43.381290 43.381290 0.535134 0.535134 0.535134
33100 43.381290 43.381290 43.381290 0.535134 0.535134 0.535134
33200 43.381290 43.381290 43.381290 0.535134 0.535134 0.535134
33300 43.381290 43.381290 43.381290 0.535134 0.535134 0.535134
33400 43.381290 43.381290 43.381290 0.535134 0.535134 0.535134
33500 43.381290 43.381290 43.381290 0.535134 0.535134 0.535134
33600 43.381290 43.381290 43.381290 0.535134 0.535134 0.535134
33700 43.381290 43.381290 43.381290 0.535134 0.535134 0.535134
33800 43.381290 43.381290 43.381290 0.535134 0.535134 0.535134
33900 43.381290 43.381290 43.381290 0.535134 0.535134 0.535134
34000 43.381290 43.381290 43.381290 0.535134 0.535134 0.535134
34100 43.381290 43.381290 43.381290 0.535134 0.535134 0.535134
34200 43.381290 43.381290 43.381290 0.535134 0.535134 0.535134
34300 43.381290 43.381290 43.381290 0.535134 0.535134 0.535134
34400 43.381290 43.381290 43.381290 0.535134 0.535134 0.535134
34500 43.381290 43.381290 43.381290 0.535134 0.535134 0.535134
34600 43.381290 43.381290 43.381290 0.535134 0.535134 0.535134
34700 43.381290 43.381290 43.381290 0.535134 0.535134 0.535134
34800 43.381290 43.381290 43.381290 0.535134 0.535134 0.535134
34900 43.381290 43.381290 43.381290 0.535134 0.535134 0.535134
35000 43.381290 43.381290 43.381290 0.535134 0.535134 0.535134
35100 43.381290 43.381290 43.381290 0.535134 0.535134 0.535134
35200 43.381290 43.381290 43.381290 0.535134 0.535134 0.535134
35300 43.381290 43.381290 43.381290 0.535134 0.535134 0.535134
35400 43.381290 43.381290 43.381290 0.535134 0.535134 0.535134
35500 43.381290 43.381290 43.381290 0.535134 0.535134 0.535134
35600 43.381290 43.381290 43.381290 0.535134 0.535134 0.535134
35700 43.381290 43.381290 43.381290 0.535134 0.535134 0.535134
35800 43.381290 43.381290 43.381290 0.535134 0.535134 0.535134
35900 43.381290 43.381290 43.381290 0.535134 0.535134 0.535134
36000 43.381290 43.381290 43.381290 0.535134 0.535134 0.535134
36100 43.381290 43.381290 43.381290 0.535134 0.535134 0.535134
36200 43.381290 43.381290 43.381290 0.535134 0.535134 0.535134
36300 43.381290 43.381290 43.381290 0.535134 0.535134 0.535134
36400 43.381290 43.381290 43.381290 0.535134 0.535134 0.535134
36500 43.381290 43.381290 43.381290 0.535134 0.535134 0.535134
36600 43.381290 43.381290 43.381290 0.535134 0.535134 0.535134
36700 43.381290 43.381290 43.381290 0.535134 0.535134 0.535134
36800 43.381290 43.381290 43.381290 0.535134 0.535134 0.535134
36900 43.381290 43.381290 43.381290 0.535134 0.535134 0.535134
37000 43.381290 43.381290 43.381290 0.535134 0.535134 0.535134
37100 43.381290 43.381290 43.381290 0.535134 0.535134 0.535134
37200 43.381290 43.381290 43.381290 0.535134 0.535134 0.535134
37300 43.381290 43.381290 43.381290 0.535134 0.535134 0.535134
37400 43.381290 43.381290 43.381290 0.535134 0.535134 0.535134
37500 43.381290 43.381290 43.381290 0.535134 0.535134 0.535134
37600 43.381290 43.381290 43.381290 0.535134 0.535134 0.535134
37700 43.381290 43.381290 43.381290 0.535134 0.535134 0.535134
37800 43.381290 43.381290 43.381290 0.535134 0.535134 0.535134
37900 43.381290 43.381290 43.381290 0.535134 0.535134 0.535134
38000 43.381290 43.381290 43.381290 0.535134 0.535134 0.535134
38100 43.381290 43.381290 43.381290 0.535134 0.535134 0.535134
38200 43.381290 43.381290 43.381290 0.535134 0.535134 0.535134
38300 43.381290 43.381290 43.381290 0.535134 0.535134 0.535134
38400 43.381290 43.381290 43.381290 0.535134 0.535134 0.535134
38500 43.381290 43.381290 43.381290 0.535134 0.535134 0.535134
38600 43.381290 43.381290 43.381290 0.535134 0.535134 0.535134
38700 43.381290 43.381290 43.381290 0.535134 0.535134 0.535134
38800 43.381290 43.381290 43.381290 0.535134 0.535134 0.535134
38900 43.381290 43.381290 43.381290 0.535134 0.535134 0.535134
39000 43.381290 43.381290 43.381290 0.535134 0.535134 0.535134
39100 43.381290 43.381290 43.381290 0.535134 0.535134 0.535134
39200 43.381290 43.381290 43.381290 0.535134 0.535134 0.535134
39300 43.381290 43.381290 43.381290 0.535134 0.535134 0.535134
39400 43.381290 43.381290 43.381290 0.535134 0.535134 0.535134
39500 43.381290 43.381290 43.381290 0.535134 0.535134 0.535134
39600 43.381290 43.381290 43.381290 0.535134 0.535134 0.535134
39700 43.381290 43.381290 43.381290 0.535134 0.535134 0.535134
39800 43.381290 43.381290 43.381290 0.535134 0.535134 0.535134
39900 43.381290 43.381290 43.381290 0.535134 0.535134 0.535134
40000 43.381290 43.381290 43.381290 0.535134 0.535134 0.535134
40100 43.381290 43.381290 43.381290 0.535134 0.535134 0.535134
40200 43.381290 43.381290 43.381290 0.535134 0.535134 0.535134
40300 43.381290 43.381290 43.381290 0.535134 0.535134 0.535134
40400 43.381290 43.381290 43.381290 0.535134 0.535134 0.535134
40500 43.381290 43.381290 43.381290 0.535134 0.535134 0.535134
40600 43.381290 43.381290 43.381290 0.535134 0.535134 0.535134
40700 43.381290 43.381290 43.381290 0.535134 0.535134 0.535134
40800 43.381290 43.381290 43.381290 0.535134 0.535134 0.535134
40900 43.381290 43.381290 43.381290 0.535134 0.535134 0.535134
41000 43.381290 43.381290 43.381290 0.535134 0.535134 0.535134
41100 43.381290 43.381290 43.381290 0.535134 0.535134 0.535134
41200 43.381290 43.381290 43.381290 0.535134 0.535134 0.535134
41300 43.381290 43.381290 43.381290 0.535134 0.535134 0.535134
41400 43.381290 43.381290 43.381290 0.535134 0.535134 0.535134
41500 43.381290 43.381290 43.381290 0.535134 0.535134 0.535134
41600 43.381290 43.381290 43.381290 0.535134 0.535134 0.535134
41700 43.381290 43.381290 43.381290 0.535134 0.535134 0.535134
41800 43.381290 43.381290 43.381290 0.535134 0.535134 0.535134
41900 43.381290 43.381290 43.381290 0.535134 0.535134 0.535134
42000 43.381290 43.381290 43.381290 0.535134 0.535134 0.535134
42100 43.381290 43.381290 43.381290 0.535134 0.535134 0.535134
42200 43.381290 43.381290 43.381290 0.535134 0.535134 0.535134
42300 43.381290 43.381290 43.381290 0.535134 0.535134 0.535134
42400 43.381290 43.381290 43.381290 0.535134 0.535134 0.535134
42500 43.381290 43.381290 43.381290 0.535134 0.535134 0.535134
42600 43.381290 43.381290 43.381290 0.535134 0.535134 0.535134
42700 43.381290 43.381290 43.381290 0.535134 0.535134 0.535134
42800 43.381290 43.381290 43.381290 0.535134 0.535134 0.535134
42900 43.381290 43.381290 43.381290 0.535134 0.535134 0.535134
43000 43.381290 43.381290 43.381290 0.535134 0.535134 0.535134
43100 43.381290 43.381290 43.381290 0.535134 0.535134 0.535134
43200 43.381290 43.381290 43.381290 0.535134 0.535134 0.535134
43300 43.381290 43.381290 43.381290 0.535134 0.535134 0.535134
43400 43.381290 43.381290 43.381290 0.535134 0.535134 0.535134
43500 43.381290 43.381290 43.381290 0.535134 0.535134 0.535134
43600 43.381290 43.381290 43.381290 0.535134 0.535134 0.535134
43700 43.381290 43.381290 43.381290 0.535134 0.535134 0.535134
43800 43.381290 43.381290 43.381290 0.535134 0.535134 0.535134
43900 43.381290 43.381290 43.381290 0.535134 0.535134 0.535134
44000 43.381290 43.381290 43.381290 0.535134 0.535134 0.535134
44100 43.381290 43.381290 43.381290 0.535134 0.535134 0.535134
44200 43.381290 43.381290 43.381290 0.535134 0.535134 0.535134
44300 43.381290 43.381290 43.381290 0.535134 0.535134 0.535134
44400 43.381290 43.381290 43.381290 0.535134 0.535134 0.535134
44500 43.381290 43.381290 43.381290 0.535134 0.535134 0.535134
44600 43.381290 43.381290 43.381290 0.535134 0.535134 0.535134
44700 43.381290 43.381290 43.381290 0.535134 0.535134 0.535134
44800 43.381290 43.381290 43.381290 0.535134 0.535134 0.535134
44900 43.381290 43.381290 43.381290 0.535134 0.535134 0.535134
45000 43.381290 43.381290 43.381290 0.535134 0.535134 0.535134
45100 43.381290 43.381290 43.381290 0.535134 0.535134 0.535134
45200 43.381290 43.381290 43.381290 0.535134 0.535134 0.535134
45300 43.381290 43.381290 43.381290 0.535134 0.535134 0.535134
45400 43.381290 43.381290 43.381290 0.535134 0.535134 0.535134
45500 43.381290 43.381290 43.381290 0.535134 0.535134 0.535134
45600 43.381290 43.381290 43.381290 0.535134 0.535134 0.535134
45700 43.381290 43.381290 43.381290 0.535134 0.535134 0.535134
45800 43.381290 43.381290 43.381290 0.535134 0.535134 0.535134
45900 43.381290 43.381290 43.381290 0.535134 0.535134 0.535134
46000 43.381290 43.381290 43.381290 0.535134 0.535134 0.535134
46100 43.381290 43.381290 43.381290 0.535134 0.535134 0.535134
46200 43.381290 43.381290 43.381290 0.535134 0.535134 0.535134
46300 43.381290 43.381290 43.381290 0.535134 0.535134 0.535134
46400 43.381290 43.381290 43.381290 0.535134 0.535134 0.535134
46500 43.381290 43.381290 43.381290 0.535134 0.535134 0.535134
46600 43.381290 43.381290 43.381290 0.535134 0.535134 0.535134
46700 43.381290 43.381290 43.381290 0.535134 0.535134 0.535134
46800 43.381290 43.381290 43.381290 0.535134 0.535134 0.535134
46900 43.381290 43.381290 43.381290 0.535134 0.535134 0.535134
47000 43.381290 43.381290 43.381290 0.535134 0.535134 0.535134
47100 43.381290 43.381290 43.381290 0.535134 0.535134 0.535134
47200 43.381290 43.381290 43.381290 0.535134 0.535134 0.535134
47300 43.381290 43.381290 43.381290 0.535134 0.535134 0.535134
47400 43.381290 43.381290 43.381290 0.535134 0.535134 0.535134
47500 43.381290 43.381290 43.381290 0.535134 0.535134 0.535134
47600 43.381290 43.381290 43.381290 0.535134 0.535134 0.535134
47700 43.381290 43.381290 43.381290 0.535134 0.535134 0.535134
47800 43.381290 43.381290 43.381290 0.535134 0.535134 0.535134
47900 43.381290 43.381290 43.381290 0.535134 0.535134 0.535134
48000 43.381290 43.381290 43.381290 0.535134 0.535134 0.535134
48100 43.381290 43.381290 43.381290 0.535134 0.535134 0.535134
48200 43.381290 43.381290 43.381290 0.535134 0.535134 0.535134
48300 43.381290 43.381290 43.381290 0.535134 0.535134 0.535134
48400 43.381290 43.381290 43.381290 0.535134 0.535134 0.535134
48500 43.381290 43.381290 43.381290 0.535134 0.535134 0.535134
48600 43.381290 43.381290 43.381290 0.535134 0.535134 0.535134
48700 43.381290 43.381290 43.381290 0.535134 0.535134 0.535134
48800 43.381290 43.381290 43.381290 0.535134 0.535134 0.535134
48900 43.381290 43.381290 43.381290 0.535134 0.535134 0.535134
49000 43.381290 43.381290 43.381290 0.535134 0.535134 0.535134
49100 43.381290 43.381290 43.381290 0.535134 0.535134 0.535134
49200 43.381290 43.381290 43.381290 0.535134 0.535134 0.535134
49300 43.381290 43.381290 43.381290 0.535134 0.535134 0.535134
49400 43.381290 43.381290 43.381290 0.535134 0.535134 0.535134
49500 43.381290 43.381290 43.381290 0.535134 0.535134 0.535134
49600 43.381290 43.381290 43.381290 0.535134 0.535134 0.535134
49700 43.381290 43.381290 43.381290 0.535134 0.535134 0.535134
49800 43.381290 43.381290 43.381290 0.535134 0.535134 0.535134
49900 43.381290 43.381290 43.381290 0.535134 0.535134 0.535134
50000 43.381290 43.381290 43.381290 0.535134 0.535134 0.535134
50100 43.381290 43.381290 43.381290 0.535134 0.535134 0.535134
50200 43.381290 43.381290 43.381290 0.535134 0.535134 0.535134
50300 43.381290 43.381290 43.381290 0.535134 0.535134 0.535134
50400 43.381290 43.381290 43.381290 0.535134 0.535134 0.535134
50500 43.381290 43.381290 43.381290 0.535134 0.535134 0.535134
50600 43.381290 43.381290 43.381290 0.535134 0.535134 0.535134
50700 43.381290 43.381290 43.381290 0.535134 0.535134 0.535134
50800 43.381290 43.381290 43.381290 0.535134 0.535134 0.535134
50900 43.381290 43.381290 43.381290 0.535134 0.535134 0.535134
51000 43.381290 43.381290 43.381290 0.535134 0.535134 0.535134
51100 43.381290 43.381290 43.381290 0.535134 0.535134 0.535134
51200 43.381290 43.381290 43.381290 0.535134 0.535134 0.535134
51300 43.381290 43.381290 43.381290 0.535134 0.535134 0.535134
51400 43.381290 43.381290 43.381290 0.535134 0.535134 0.535134
51500 43.381290 43.381290 43.381290 0.535134 0.535134 0.535134
51600 43.381290 43.381290 43.381290 0.535134 0.535134 0.535134
51700 43.381290 43.381290 43.381290 0.535134 0.535134 0.535134
51800 43.381290 43.381290 43.381290 0.535134 0.535134 0.535134
51900 43.381290 43.381290 43.381290 0.535134 0.535134 0.535134
52000 43.381290 43.381290 43.381290 0.535134 0.535134 0.535134
52100 43.381290 43.381290 43.381290 0.535134 0.535134 0.535134
52200 43.381290 43.381290 43.381290 0.535134 0.535134 0.535134
52300 43.381290 43.381290 43.381290 0.535134 0.535134 0.535134
52400 43.381290 43.381290 43.381290 0.535134 0.535134 0.535134
52500 43.381290 43.381290 43.381290 0.535134 0.535134 0.535134
52600 43.381290 43.381290 43.381290 0.535134 0.535134 0.535134
52700 43.381290 43.381290 43.381290 0.535134 0.535134 0.535134
52800 43.381290 43.381290 43.381290 0.535134 0.535134 0.535134
52900 43.381290 43.381290 43.381290 0.535134 0.535134 0.535134
53000 43.381290 43.381290 43.381290 0.535134 0.535134 0.535134
53100 43.381290 43.381290 43.381290 0.535134 0.535134 0.535134
53200 43.381290 43.381290 43.381290 0.535134 0.535134 0.535134
53300 43.381290 43.381290 43.381290 0.535134 0.535134 0.535134
53400 43.381290 43.381290 43.381290 0.535134 0.535134 0.535134
53500 43.381290 43.381290 43.381290 0.535134 0.535134 0.535134
53600 43.381290 43.381290 43.381290 0.535134 0.535134 0.535134
53700 43.381290 43.381290 43.381290 0.535134 0.535134 0.535134
53800 43.381290 43.381290 43.381290 0.535134 0.535134 0.535134
53900 43.381290 43.381290 43.381290 0.535134 0.535134 0.535134
54000 43.381290 43.381290 43.381290 0.535134 0.535134 0.535134
54100 43.381290 43.381290 43.381290 0.535134 0.535134 0.535134
54200 43.381290 43.381290 43.381290 0.535134 0.535134 0.535134
54300 43.381290 43.381290 43.381290 0.535134 0.535134 0.535134
54400 43.381290 43.381290 43.381290 0.535134 0.535134 0.535134
54500 43.381290 43.381290 43.381290 0.535134 0.535134 0.535134
54600 43.381290 43.381290 43.381290 0.535134 0.535134 0.535134
54700 43.381290 43.381290 43.381290 0.535134 0.535134 0.535134
54800 43.381290 43.381290 43.381290 0.535134 0.535134 0.535134
54900 43.381290 43.381290 43.381290 0.535134 0.535134 0.535134
55000 43.381290 43.381290 43.381290 0.535134 0.535134 0.535134
55100 43.381290 43.381290 43.381290 0.535134 0.535134 0.535134
55200 43.381290 43.381290 43.381290 0.535134 0.535134 0.535134
55300 43.381290 43.381290 43.381290 0.535134 0.535134 0.535134
55400 43.381290 43.381290 43.381290 0.535134 0.535134 0.535134
55500 43.381290 43.381290 43.381290 0.535134 0.535134 0.535134
55600 43.381290 43.381290 43.381290 0.535134 0.535134 0.535134
55700 43.381290 43.381290 43.381290 0.535134 0.535134 0.535134
55800 43.381290 43.381290 43.381290 0.535134 0.535134 0.535134
55900 43.381290 43.381290 43.381290 0.535134 0.535134 0.535134
56000 43.381290 43.381290 43.381290 0.535134 0.535134 0.535134
56100 43.381290 43.381290 43.381290 0.535134 0.535134 0.535134
56200 43.381290 43.381290 43.381290 0.535134 0.535134 0.535134
56300 43.381290 43.381290 43.381290 0.535134 0.535134 0.535134
56400 43.381290 43.381290 43.381290 0.535134 0.535134 0.535134
56500 43.381290 43.381290 43.381290 0.535134 0.535134 0.535134
56600 43.381290 43.381290 43.381290 0.535134 0.535134 0.535134
56700 43.381290 43.381290 43.381290 0.535134 0.535134 0.535134
56800 43.381290 43.381290 43.381290 0.535134 0.535134 0.535134
56900 43.381290 43.381290 43.381290 0.535134 0.535134 0.535134
57000 43.381290 43.381290 43.381290 0.535134 0.535134 0.535134
57100 43.381290 43.381290 43.381290 0.535134 0.535134 0.535134
57200 43.381290 43.381290 43.381290 0.535134 0.535134 0.535134
57300 43.381290 43.381290 43.381290 0.535134 0.535134 0.535134
57400 43.381290 43.381290 43.381290 0.535134 0.535134 0.535134
57500 43.381290 43.381290 43.381290 0.535134 0.535134 0.535134
57600 43.381290 43.381290 43.381290 0.535134 0.535134 0.535134
57700 43.381290 43.381290 43.381290 0.535134 0.535134 0.535134
57800 43.381290 43.381290 43.381290 0.535134 0.535134 0.535134
57900 43.381290 43.381290 43.381290 0.535134 0.535134 0.535134
58000 43.381290 43.381290 43.381290 0.535134 0.535134 0.535134
58100 43.381290 43.381290 43.381290 0.535134 0.535134 0.535134
58200 43.381290 43.381290 43.381290 0.535134 0.535134 0.535134
58300 43.381290 43.381290 43.381290 0.535134 0.535134 0.535134
58400 43.381290 43.381290 43.381290 0.535134 0.535134 0.535134
58500 43.381290 43.381290 43.381290 0.535134 0.535134 0.535134
58600 43.381290 43.381290 43.381290 0.535134 0.535134 0.535134
58700 43.381290 43.381290 43.381290 0.535134 0.535134 0.535134
58800 43.381290 43.381290 43.381290 0.535134 0.535134 0.535134
58900 43.381290 43.381290 43.381290 0.535134 0.535134 0.535134
59000 43.381290 43.381290 43.381290 0.535134 0.535134 0.535134
59100 43.381290 43.381290 43.381290 0.535134 0.535134 0.535134
59200 43.381290 43.381290 43.381290 0.535134 0.535134 0.535134
59300 43.381290 43.381290 43.381290 0.535134 0.535134 0.535134
59400 43.381290 43.381290 43.381290 0.535134 0.535134 0.535134
59500 43.381290 43.381290 43.381290 0.535134 0.535134 0.535134
59600 43.381290 43.381290 43.381290 0.535134 0.535134 0.535134
59700 43.381290 43.381290 43.381290 0.535134 0.535134 0.535134
59800 43.381290 43.381290 43.381290 0.535134 0.535134 0.535134
59900 43.381290 43.381290 43.381290 0.535134 0.535134 0.535134
60000 43.381290 43.381290 43.381290 0.535134 0.535134 0.535134
60100 43.381290 43.381290 43.381290 0.535134 0.535134 0.535134
60200 43.381290 43.381290 43.381290 0.535134 0.535134 0.535134
60300 43.381290 43.381290 43.381290 0.535134 0.535134 0.535134
60400 43.381290 43.381290 43.381290 0.535134 0.535134 0.535134
60500 43.381290 43.381290 43.381290 0.535134 0.535134 0.535134
60600 43.381290 43.381290 43.381290 0.535134 0.535134 0.535134
60700 43.381290 43.381290 43.381290 0.535134 0.535134 0.535134
60800 43.381290 43.381290 43.381290 0.535134 0.535134 0.535134
60900 43.381290 43.381290 43.381290 0.535134 0.535134 0.535134
61000 43.381290 43.381290 43.381290 0.535134 0.535134 0.535134
61100 43.381290 43.381290 43.381290 0.535134 0.535134 0.535134
61200 43.381290 43.381290 43.381290 0.535134 0.535134 0.535134
61300 43.381290 43.381290 43.381290 0.535134 0.535134 0.535134
61400 43.381290 43.381290 43.381290 0.535134 0.535134 0.535134
61500 43.381290 43.381290 43.381290 0.535134 0.535134 0.535134
61600 43.381290 43.381290 43.381290 0.535134 0.535134 0.535134
61700 43.381290 43.381290 43.381290 0.535134 0.535134 0.535134
61800 43.381290 43.381290 43.381290 0.535134 0.535134 0.535134
61900 43.381290 43.381290 43.381290 0.535134 0.535134 0.535134
62000 43.381290 43.381290 43.381290 0.535134 0.535134 0.535134
62100 43.381290 43.381290 43.381290 0.535134 0.535134 0.535134
62200 43.381290 43.381290 43.381290 0.535134 0.535134 0.535134
62300 43.381290 43.381290 43.381290 0.535134 0.535134 0.535134
62400 43.381290 43.381290 43.381290 0.535134 0.535134 0.535134
62500 43.381290 43.381290 43.381290 0.535134 0.535134 0.535134
62600 43.381290 43.381290 43.381290 0.535134 0.535134 0.535134
62700 43.381290 43.381290 43.381290 0.535134 0.535134 0.535134
62800 43.381290 43.381290 43.381290 0.535134 0.535134 0.535134
62900 43.381290 43.381290 43.381290 0.535134 0.535134 0.535134
63000 43.381290 43.381290 43.381290 0.535134 0.535134 0.535134
63100 43.381290 43.381290 43.381290 0.535134 0.535134 0.535134
63200 43.381290 43.381290 43.381290 0.535134 0.535134 0.535134
63300 43.381290 43.381290 43.381290 0.535134 0.535134 0.535134
63400 43.381290 43.381290 43.381290 0.535134 0.535134 0.535134
63500 43.381290 43.381290 43.381290 0.535134 0.535134 0.535134
63600 43.381290 43.381290 43.381290 0.535134 0.535134 0.535134
63700 43.381290 43.381290 43.381290 0.535134 0.535134 0.535134
63800 43.381290 43.381290 43.381290 0.535134 0.535134 0.535134
63900 43.381290 43.381290 43.381290 0.535134 0.535134 0.535134
64000 43.381290 43.381290 43.381290 0.535134 0.535134 0.535134
64100 43.381290 43.381290 43.381290 0.535134 0.535134 0.535134
64200 43.381290 43.381290 43.381290 0.535134 0.535134 0.535134
64300 43.381290 43.381290 43.381290 0.535134 0.535134 0.535134
64400 43.381290 43.381290 43.381290 0.535134 0.535134 0.535134
64500 43.381290 43.381290 43.381290 0.535134 0.535134 0.535134
64600 43.381290 43.381290 43.381290 0.535134 0.535134 0.535134
64700 43.381290 43.381290 43.381290 0.535134 0.535134 0.535134
64800 43.381290 43.381290 43.381290 0.535134 0.535134 0.535134
64900 43.381290 43.381290 43.381290 0.535134 0.535134 0.535134
65000 43.381290 43.381290 43.381290 0.535134 0.535134 0.535134
65100 43.381290 43.381290 43.381290 0.535134 0.535134 0.535134
65200 43.381290 43.381290 43.381290 0.535134 0.535134 0.535134
65300 43.381290 43.381290 43.381290 0.535134 0.535134 0.535134
65400 43.381290 43.381290 43.381290 0.535134 0.535134 0.535134
65500 43.381290 43.381290 43.381290 0.535134 0.535134 0.535134
65600 43.381290 43.381290 43.381290 0.535134 0.535134 0.535134
65700 43.381290 43.381290 43.381290 0.535134 0.535134 0.535134
65800 43.381290 43.381290 43.381290 0.535134 0.535134 0.535134
65900 43.381290 43.381290 43.381290 0.535134 0.535134 0.535134
66000 43.381290 43.381290 43.381290 0.535134 0.535134 0.535134
66100 43.381290 43.381290 43.381290 0.535134 0.535134 0.535134
66200 43.381290 43.381290 43.381290 0.535134 0.535134 0.535134
66300 43.381290 43.381290 43.381290 0.535134 0.535134 0.535134
66400 43.381290 43.381290 43.381290 0.535134 0.535134 0.535134
66500 43.381290 43.381290 43.381290 0.535134 0.535134 0.535134
66600 43.381290 43.381290 43.381290 0.535134 0.535134 0.535134
66700 43.381290 43.381290 43.381290 0.535134 0.535134 0.535134
66800 43.381290 43.381290 43.381290 0.535134 0.535134 0.535134
66900 43.381290 43.381290 43.381290 0.535134 0.535134 0.535134
67000 43.381290 43.381290 43.381290 0.535134 0.535134 0.535134
67100 43.381290 43.381290 43.381290 0.535134 0.535134 0.535134
67200 43.381290 43.381290 43.381290 0.535134 0.535134 0.535134
67300 43.381290 43.381290 43.381290 0.535134 0.535134 0.535134
67400 43.381290 43.381290 43.381290 0.535134 0.535134 0.535134
67500 43.381290 43.381290 43.381290 0.535134 0.535134 0.535134
67600 43.381290 43.381290 43.381290 0.535134 0.535134 0.535134
67700 43.381290 43.381290 43.381290 0.535134 0.535134 0.535134
67800 43.381290 43.381290 43.381290 0.535134 0.535134 0.535134
67900 43.381290 43.381290 43.381290 0.535134 0.535134 0.535134
68000 43.381290 43.381290 43.381290 0.535134 0.535134 0.535134
68100 43.381290 43.381290 43.381290 0.535134 0.535134 0.535134
68200 43.381290 43.381290 43.381290 0.535134 0.535134 0.535134
68300 43.381290 43.381290 43.381290 0.535134 0.535134 0.535134
68400 43.381290 43.381290 43.381290 0.535134 0.535134 0.535134
68500 43.381290 43.381290 43.381290 0.535134 0.535134 0.535134
68600 43.381290 43.381290 43.381290 0.535134 0.535134 0.535134
68700 43.381290 43.381290 43.381290 0.535134 0.535134 0.535134
68800 43.381290 43.381290 43.381290 0.535134 0.535134 0.535134
68900 43.381290 43.381290 43.381290 0.535134 0.535134 0.535134
69000 43.381290 43.381290 43.381290 0.535134 0.535134 0.535134
69100 43.381290 43.381290 43.381290 0.535134 0.535134 0.535134
69200 43.381290 43.381290 43.381290 0.535134 0.535134 0.535134
69300 43.381290 43.381290 43.381290 0.535134 0.535134 0.535134
69400 43.381290 43.381290 43.381290 0.535134 0.535134 0.535134
69500 43.381290 43.381290 43.381290 0.535134 0.535134 0.535134
69600 43.381290 43.381290 43.381290 0.535134 0.535134 0.535134
69700 43.381290 43.381290 43.381290 0.535134 0.535134 0.535134
69800 43.381290 43.381290 43.381290 0.535134 0.535134 0.535134
69900 43.381290 43.381290 43.381290 0.535134 0.535134 0.535134
70000 43.381290 43.381290 43.381290 0.535134 0.535134 0.535134
70100 43.381290 43.381290 43.381290 0.535134 0.535134 0.535134
70200 43.381290 43.381290 43.381290 0.535134 0.535134 0.535134
70300 43.381290 43.381290 43.381290 0.535134 0.535134 0.535134
70400 43.381290 43.381290 43.381290 0.535134 0.535134 0.535134
70500 43.381290 43.381290 43.381290 0.535134 0.535134 0.535134
70600 43.381290 43.381290 43.381290 0.535134 0.535134 0.535134
70700 43.381290 43.381290 43.381290 0.535134 0.535134 0.535134
70800 43.381290 43.381290 43.381290 0.535134 0.535134 0.535134
70900 43.381290 43.381290 43.381290 0.535134 0.535134 0.535134
71000 43.381290 43.381290 43.381290 0.535134 0.535134 0.535134
71100 43.381290 43.381290 43.381290 0.535134 0.535134 0.535134
71200 43.381290 43.381290 43.381290 0.535134 0.535134 0.535134
71300 43.381290 43.381290 43.381290 0.535134 0.535134 0.535134
71400 43.381290 43.381290 43.381290 0.535134 0.535134 0.535134
71500 43.381290 43.381290 43.381290 0.535134 0.535134 0.535134
71600 43.381290 43.381290 43.381290 0.535134 0.535134 0.535134
71700 43.381290 43.381290 43.381290 0.535134 0.535134 0.535134
71800 43.381290 43.381290 43.381290 0.535134 0.535134 0.535134
71900 43.381290 43.381290 43.381290 0.535134 0.535134 0.535134
72000 43.381290 43.381290 43.381290 0.535134 0.535134 0.535134
72100 43.381290 43.381290 43.381290 0.535134 0.535134 0.535134
72200 43.381290 43.381290 43.381290 0.535134 0.535134 0.535134
72300 43.381290 43.381290 43.381290 0.535134 0.535134 0.535134
72400 43.381290 43.381290 43.381290 0.535134 0.535134 0.535134
72500 43.381290 43.381290 43.381290 0.535134 0.535134 0.535134
72600 43.381290 43.381290 43.381290 0.535134 0.535134 0.535134
72700 43.381290 43.381290 43.381290 0.535134 0.535134 0.535134
72800 43.381290 43.381290 43.381290 0.535134 0.535134 0.535134
72900 43.381290 43.381290 43.381290 0.535134 0.535134 0.535134
73000 43.381290 43.381290 43.381290 0.535134 0.535134 0.535134
73100 43.381290 43.381290 43.381290 0.535134 0.535134 0.535134
73200 43.381290 43.381290 43.381290 0.535134 0.535134 0.535134
73300 43.381290 43.381290 43.381290 0.535134 0.535134 0.535134
73400 43.381290 43.381290 43.381290 0.535134 0.535134 0.535134
73500 43.381290 43.381290 43.381290 0.535134 0.535134 0.535134
73600 43.381290 43.381290 43.381290 0.535134 0.535134 0.535134
73700 43.381290 43.381290 43.381290 0.535134 0.535134 0.535134
73800 43.381290 43.381290 43.381290 0.535134 0.535134 0.535134
73900 43.381290 43.381290 43.381290 0.535134 0.535134 0.535134
74000 43.381290 43.381290 43.381290 0.535134 0.535134 0.535134
74100 43.381290 43.381290 43.381290 0.535134 0.535134 0.535134
74200 43.381290 43.381290 43.381290 0.535134 0.535134 0.535134
74300 43.381290 43.381290 43.381290 0.535134 0.535134 0.535134
74400 43.381290 43.381290 43.381290 0.535134 0.535134 0.535134
74500 43.381290 43.381290 43.381290 0.535134 0.535134 0.535134
74600 43.381290 43.381290 43.381290 0.535134 0.535134 0.535134
74700 43.381290 43.381290 43.381290 0.535134 0.535134 0.535134
74800 43.381290 43.381290 43.381290 0.535134 0.535134 0.535134
74900 43.381290 43.381290 43.381290 0.535134 0.535134 0.535134
75000 43.381290 43.381290 43.381290 0.535134 0.535134 0.535134
75100 43.381290 43.381290 43.381290 0.535134 0.535134 0.535134
75200 43.381290 43.381290 43.381290 0.535134 0.535134 0.535134
75300 43.381290 43.381290 43.381290 0.535134 0.535134 0.535134
75400 43.381290 43.381290 43.381290 0.535134 0.535134 0.535134
75500 43.381290 43.381290 43.381290 0.535134 0.535134 0.535134
75600 43.381290 43.381290 43.381290 0.535134 0.535134 0.535134
75700 43.381290 43.381290 43.381290 0.535134 0.535134 0.535134
75800 43.381290 43.381290 43.381290 0.535134 0.535134 0.535134
75900 43.381290 43.381290 43.381290 0.535134 0.535134 0.535134
76000 43.381290 43.381290 43.381290 0.535134 0.535134 0.535134
76100 43.381290 43.381290 43.381290 0.535134 0.535134 0.535134
76200 43.381290 43.381290 43.381290 0.535134 0.535134 0.535134
76300 43.381290 43.381290 43.381290 0.535134 0.535134 0.535134
76400 43.381290 43.381290 43.381290 0.535134 0.535134 0.535134
76500 43.381290 43.381290 43.381290 0.535134 0.535134 0.535134
76600 43.381290 43.381290 43.381290 0.535134 0.535134 0.535134
76700 43.381290 43.381290 43.381290 0.535134 0.535134 0.535134
76800 43.381290 43.381290 43.381290 0.535134 0.535134 0.535134
76900 43.381290 43.381290 43.381290 0.535134 0.535134 0.535134
77000 43.381290 43.381290 43.381290 0.535134 0.535134 0.535134
77100 43.381290 43.381290 43.381290 0.535134 0.535134 0.535134
77200 43.381290 43.381290 43.381290 0.535134 0.535134 0.535134
77300 43.381290 43.381290 43.381290 0.535134 0.535134 0.535134
77400 43.381290 43.381290 43.381290 0.535134 0.535134 0.535134
77500 43.381290 43.381290 43.381290 0.535134 0.535134 0.535134
77600 43.381290 43.381290 43.381290 0.535134 0.535134 0.535134
77700 43.381290 43.381290 43.381290 0.535134 0.535134 0.535134
77800 43.381290 43.381290 43.381290 0.535134 0.535134 0.535134
77900 43.381290 43.381290 43.381290 0.535134 0.535134 0.535134
78000 43.381290 43.381290 43.381290 0.535134 0.535134 0.535134
78100 43.381290 43.381290 43.381290 0.535134 0.535134 0.535134
78200 43.381290 43.381290 43.381290 0.535134 0.535134 0.535134
78300 43.381290 43.381290 43.381290 0.535134 0.535134 0.535134
78400 43.381290 43.381290 43.381290 0.535134 0.535134 0.535134
78500 43.381290 43.381290 43.381290 0.535134 0.535134 0.535134
78600 43.381290 43.381290 43.381290 0.535134 0.535134 0.535134
78700 43.381290 43.381290 43.381290 0.535134 0.535134 0.535134
78800 43.381290 43.381290 43.381290 0.535134 0.535134 0.535134
78900 43.381290 43.381290 43.381290 0.535134 0.535134 0.535134
79000 43.381290 43.381290 43.381290 0.535134 0.535134 0.535134
79100 43.381290 43.381290 43.381290 0.535134 0.535134 0.535134
79200 43.381290 43.381290 43.381290 0.535134 0.535134 0.535134
79300 43.381290 43.381290 43.381290 0.535134 0.535134 0.535134
79400 43.381290 43.381290 43.381290 0.535134 0.535134 0.535134
79500 43.381290 43.381290 43.381290 0.535134 0.535134 0.535134
79600 43.381290 43.381290 43.381290 0.535134 0.535134 0.535134
79700 43.381290 43.381290 43.381290 0.535134 0.535134 0.535134
79800 43.381290 43.381290 43.381290 0.535134 0.535134 0.535134
79900 43.381290 43.381290 43.381290 0.535134 0.535134 0.535134
80000 43.381290 43.381290 43.381290 0.535134 0.535134 0.535134
80100 43.381290 43.381290 43.381290 0.535134 0.535134 0.535134
80200 43.381290 43.381290 43.381290 0.535134 0.535134 0.535134
80300 43.381290 43.381290 43.381290 0.535134 0.535134 0.535134
80400 43.381290 43.381290 43.381290 0.535134 0.535134 0.535134
80500 43.381290 43.381290 43.381290 0.535134 0.535134 0.535134
80600 43.381290 43.381290 43.381290 0.535134 0.535134 0.535134
80700 43.381290 43.381290 43.381290 0.535134 0.535134 0.535134
80800 43.381290 43.381290 43.381290 0.535134 0.535134 0.535134
80900 43.381290 43.381290 43.381290 0.535134 0.535134 0.535134
81000 43.381290 43.381290 43.381290 0.535134 0.535134 0.535134
81100 43.381290 43.381290 43.381290 0.535134 0.535134 0.535134
81200 43.381290 43.381290 43.381290 0.535134 0.535134 0.535134
81300 43.381290 43.381290 43.381290 0.535134 0.535134 0.535134
81400 43.381290 43.381290 43.381290 0.535134 0.535134 0.535134
81500 43.381290 43.381290 43.381290 0.535134 0.535134 0.535134
81600 43.381290 43.381290 43.381290 0.535134 0.535134 0.535134
81700 43.381290 43.381290 43.381290 0.535134 0.535134 0.535134
81800 43.381290 43.381290 43.381290 0.535134 0.535134 0.535134
81900 43.381290 43.381290 43.381290 0.535134 0.535134 0.535134
82000 43.381290 43.381290 43.381290 0.535134 0.535134 0.535134
82100 43.381290 43.381290 43.381290 0.535134 0.535134 0.535134
82200 43.381290 43.381290 43.381290 0.535134 0.535134 0.535134
82300 43.381290 43.381290 43.381290 0.535134 0.535134 0.535134
82400 43.381290 43.381290 43.381290 0.535134 0.535134 0.535134
82500 43.381290 43.381290 43.381290 0.535134 0.535134 0.535134
82600 43.381290 43.381290 43.381290 0.535134 0.535134 0.535134
82700 43.381290 43.381290 43.381290 0.535134 0.535134 0.535134
82800 43.381290 43.381290 43.381290 0.535134 0.535134 0.535134
82900 43.381290 43.381290 43.381290 0.535134 0.535134 0.535134
83000 43.381290 43.381290 43.381290 0.535134 0.535134 0.535134
83100 43.381290 43.381290 43.381290 0.535134 0.535134 0.535134
83200 43.381290 43.381290 43.381290 0.535134 0.535134 0.535134
83300 43.381290 43.381290 43.381290 0.535134 0.535134 0.535134
83400 43.381290 43.381290 43.381290 0.535134 0.535134 0.535134
83500 43.381290 43.381290 43.381290 0.535134 0.535134 0.535134
83600 43.381290 43.381290 43.381290 0.535134 0.535134 0.535134
83700 43.381290 43.381290 43.381290 0.535134 0.535134 0.535134
83800 43.381290 43.381290 43.381290 0.535134 0.535134 0.535134
83900 43.381290 43.381290 43.381290 0.535134 0.535134 0.535134
84000 43.381290 43.381290 43.381290 0.535134 0.535134 0.535134
84100 43.381290 43.381290 43.381290 0.535134 0.535134 0.535134
84200 43.381290 43.381290 43.381290 0.535134 0.535134 0.535134
84300 43.381290 43.381290 43.381290 0.535134 0.535134 0.535134
84400 43.381290 43.381290 43.381290 0.535134 0.535134 0.535134
84500 43.381290 43.381290 43.381290 0.535134 0.535134 0.535134
84600 43.381290 43.381290 43.381290 0.535134 0.535134 0.535134
84700 43.381290 43.381290 43.381290 0.535134 0.535134 0.535134
84800 43.381290 43.381290 43.381290 0.535134 0.535134 0.535134
84900 43.381290 43.381290 43.381290 0.535134 0.535134 0.535134
85000 43.381290 43.381290 43.381290 0.535134 0.535134 0.535134
85100 43.381290 43.381290 43.381290 0.535134 0.535134 0.535134
85200 43.381290 43.381290 43.381290 0.535134 0.535134 0.535134
85300 43.381290 43.381290 43.381290 0.535134 0.535134 0.535134
85400 43.381290 43.381290 43.381290 0.535134 0.535134 0.535134
85500 43.381290 43.381290 43.381290 0.535134 0.535134 0.535134
85600 43.381290 43.381290 43.381290 0.535134 0.535134 0.535134
85700 43.381290 43.381290 43.381290 0.535134 0.535134 0.535134
85800 43.381290 43.381290 43.381290 0.535134 0.535134 0.535134
85900 43.381290 43.381290 43.381290 0.535134 0.535134 0.535134
86000 43.381290 43.381290 43.381290 0.535134 0.535134 0.535134
86100 43.381290 43.381290 43.381290 0.535134 0.535134 0.535134
86200 43.381290 43.381290 43.381290 0.535134 0.535134 0.535134
86300 43.381290 43.381290 43.381290 0.535134 0.535134 0.535134
86400 43.381290 43.381290 43.381290 0.535134 0.535134 0.535134
86500 43.381290 43.381290 43.381290 0.535134 0.535134 0.535134
86600 43.381290 43.381290 43.381290 0.535134 0.535134 0.535134
86700 43.381290 43.381290 43.381290 0.535134 0.535134 0.535134
86800 43.381290 43.381290 43.381290 0.535134 0.535134 0.535134
86900 43.381290 43.381290 43.381290 0.535134 0.535134 0.535134
87000 43.381290 43.381290 43.381290 0.535134 0.535134 0.535134
87100 43.381290 43.381290 43.381290 0.535134 0.535134 0.535134
87200 43.381290 43.381290 43.381290 0.535134 0.535134 0.535134
87300 43.381290 43.381290 43.381290 0.535134 0.535134 0.535134
87400 43.381290 43.381290 43.381290 0.535134 0.535134 0.535134
87500 43.381290 43.381290 43.381290 0.535134 0.535134 0.535134
87600 43.381290 43.381290 43.381290 0.535134 0.535134 0.535134
87700 43.381290 43.381290 43.381290 0.535134 0.535134 0.535134
87800 43.381290 43.381290 43.381290 0.535134 0.535134 0.535134
87900 43.381290 43.381290 43.381290 0.535134 0.535134 0.535134
88000 43.381290 43.381290 43.381290 0.535134 0.535134 0.535134
88100 43.381290 43.381290 43.381290 0.535134 0.535134 0.535134
88200 43.381290 43.381290 43.381290 0.535134 0.535134 0.535134
88300 43.381290 43.381290 43.381290 0.535134 0.535134 0.535134
88400 43.381290 43.381290 43.381290 0.535134 0.535134 0.535134
88500 43.381290 43.381290 43.381290 0.535134 0.535134 0.535134
88600 43.381290 43.381290 43.381290 0.535134 0.535134 0.535134
88700 43.381290 43.381290 43.381290 0.535134 0.535134 0.535134
88800 43.381290 43.381290 43.381290 0.535134 0.535134 0.535134
88900 43.381290 43.381290 43.381290 0.535134 0.535134 0.535134
89000 43.381290 43.381290 43.381290 0.535134 0.535134 0.535134
89100 43.381290 43.381290 43.381290 0.535134 0.535134 0.535134
89200 43.381290 43.381290 43.381290 0.535134 0.535134 0.535134
89300 43.381290 43.381290 43.381290 0.535134 0.535134 0.535134
89400 43.381290 43.381290 43.381290 0.535134 0.535134 0.535134
89500 43.381290 43.381290 43.381290 0.535134 0.535134 0.535134
89600 43.381290 43.381290 43.381290 0.535134 0.535134 0.535134
89700 43.381290 43.381290 43.381290 0.535134 0.535134 0.535134
89800 43.381290 43.381290 43.381290 0.535134 0.535134 0.535134
89900 43.381290 43.381290 43.381290 0.535134 0.535134 0.535134
90000 43.381290 43.381290 43.381290 0.535134 0.535134 0.535134
90100 43.381290 43.381290 43.381290 0.535134 0.535134 0.535134
90200 43.381290 43.381290 43.381290 0.535134 0.535134 0.535134
90300 43.381290 43.381290 43.381290 0.535134 0.535134 0.535134
90400 43.381290 43.381290 43.381290 0.535134 0.535134 0.535134
90500 43.381290 43.381290 43.381290 0.535134 0.535134 0.535134
90600 43.381290 43.381290 43.381290 0.535134 0.535134 0.535134
90700 43.381290 43.381290 43.381290 0.535134 0.535134 0.535134
90800 43.381290 43.381290 43.381290 0.535134 0.535134 0.535134
90900 43.381290 43.381290 43.381290 0.535134 0.535134 0.535134
91000 43.381290 43.381290 43.381290 0.535134 0.535134 0.535134
91100 43.381290 43.381290 43.381290 0.535134 0.535134 0.535134
91200 43.381290 43.381290 43.381290 0.535134 0.535134 0.535134
91300 43.381290 43.381290 43.381290 0.535134 0.535134 0.535134
91400 43.381290 43.381290 43.381290 0.535134 0.535134 0.535134
91500 43.381290 43.381290 43.381290 0.535134 0.535134 0.535134
91600 43.381290 43.381290 43.381290 0.535134 0.535134 0.535134
91700 43.381290 43.381290 43.381290 0.535134 0.535134 0.535134
91800 43.381290 43.381290 43.381290 0.535134 0.535134 0.535134
91900 43.381290 43.381290 43.381290 0.535134 0.535134 0.535134
92000 43.381290 43.381290 43.381290 0.535134 0.535134 0.535134
92100 43.381290 43.381290 43.381290 0.535134 0.535134 0.535134
92200 43.381290 43.381290 43.381290 0.535134 0.535134 0.535134
92300 43.381290 43.381290 43.381290 0.535134 0.535134 0.535134
92400 43.381290 43.381290 43.381290 0.535134 0.535134 0.535134
92500 43.381290 43.381290 43.381290 0.535134 0.535134 0.535134
92600 43.381290 43.381290 43.381290 0.535134 0.535134 0.535134
92700 43.381290 43.381290 43.381290 0.535134 0.535134 0.535134
92800 43.381290 43.381290 43.381290 0.535134 0.535134 0.535134
92900 43.381290 43.381290 43.381290 0.535134 0.535134 0.535134
93000 43.381290 43.381290 43.381290 0.535134 0.535134 0.535134
93100 43.381290 43.381290 43.381290 0.535134 0.535134 0.535134
93200 43.381290 43.381290 43.381290 0.535134 0.535134 0.535134
93300 43.381290 43.381290 43.381290 0.535134 0.535134 0.535134
93400 43.381290 43.381290 43.381290 0.535134 0.535134 0.535134
93500 43.381290 43.381290 43.381290 0.535134 0.535134 0.535134
93600 43.381290 43.381290 43.381290 0.535134 0.535134 0.535134
93700 43.381290 43.381290 43.381290 0.535134 0.535134 0.535134
93800 43.381290 43.381290 43.381290 0.535134 0.535134 0.535134
93900 43.381290 43.381290 43.381290 0.535134 0.535134 0.535134
94000 43.381290 43.381290 43.381290 0.535134 0.535134 0.535134
94100 43.381290 43.381290 43.381290 0.535134 0.535134 0.535134
94200 43.381290 43.381290 43.381290 0.535134 0.535134 0.535134
94300 43.381290 43.381290 43.381290 0.535134 0.535134 0.535134
94400 43.381290 43.381290 43.381290 0.535134 0.535134 0.535134
94500 43.381290 43.381290 43.381290 0.535134 0.535134 0.535134
94600 43.381290 43.381290 43.381290 0.535134 0.535134 0.535134
94700 43.381290 43.381290 43.381290 0.535134 0.535134 0.535134
94800 43.381290 43.381290 43.381290 0.535134 0.535134 0.535134
94900 43.381290 43.381290 43.381290 0.535134 0.535134 0.535134
95000 43.381290 43.381290 43.381290 0.535134 0.535134 0.535134
95100 43.381290 43.381290 43.381290 0.535134 0.535134 0.535134
95200 43.381290 43.381290 43.381290 0.535134 0.535134 0.535134
95300 43.381290 43.381290 43.381290 0.535134 0.535134 0.535134
95400 43.381290 43.381290 43.381290 0.535134 0.535134 0.535134
95500 43.381290 43.381290 43.381290 0.535134 0.535134 0.535134
95600 43.381290 43.381290 43.381290 0.535134 0.535134 0.535134
95700 43.381290 43.381290 43.381290 0.535134 0.535134 0.535134
95800 43.381290 43.381290 43.381290 0.535134 0.535134 0.535134
95900 43.381290 43.381290 43.381290 0.535134 0.535134 0.535134
96000 43.381290 43.381290 43.381290 0.535134 0.535134 0.535134
96100 43.381290 43.381290 43.381290 0.535134 0.535134 0.535134
96200 43.381290 43.381290 43.381290 0.535134 0.535134 0.535134
96300 43.381290 43.381290 43.381290 0.535134 0.535134 0.535134
96400 43.381290 43.381290 43.381290 0.535134 0.535134 0.535134
96500 43.381290 43.381290 43.381290 0.535134 0.535134 0.535134
96600 43.381290 43.381290 43.381290 0.535134 0.535134 0.535134
96700 43.381290 43.381290 43.381290 0.535134 0.535134 0.535134
96800 43.381290 43.381290 43.381290 0.535134 0.535134 0.535134
96900 43.381290 43.381290 43.381290 0.535134 0.535134 0.535134
97000 43.381290 43.381290 43.381290 0.535134 0.535134 0.535134
97100 43.381290 43.381290 43.381290 0.535134 0.535134 0.535134
97200 43.381290 43.381290 43.381290 0.535134 0.535134 0.535134
97300 43.381290 43.381290 43.381290 0.535134 0.535134 0.535134
97400 43.381290 43.381290 43.381290 0.535134 0.535134 0.535134
97500 43.381290 43.381290 43.381290 0.535134 0.535134 0.535134
97600 43.381290 43.381290 43.381290 0.535134 0.535134 0.535134
97700 43.381290 43.381290 43.381290 0.535134 0.535134 0.535134
97800 43.381290 43.381290 43.381290 0.535134 0.535134 0.535134
97900 43.381290 43.381290 43.381290 0.535134 0.535134 0.535134
98000 43.381290 43.381290 43.381290 0.535134 0.535134 0.535134
98100 43.381290 43.381290 43.381290 0.535134 0.535134 0.535134
98200 43.381290 43.381290 43.381290 0.535134 0.535134 0.535134
98300 43.381290 43.381290 43.381290 0.535134 0.535134 0.535134
98400 43.381290 43.381290 43.381290 0.535134 0.535134 0.535134
98500 43.381290 43.381290 43.381290 0.535134 0.535134 0.535134
98600 43.381290 43.381290 43.381290 0.535134 0.535134 0.535134
98700 43.381290 43.381290 43.381290 0.535134 0.535134 0.535134
98800 43.381290 43.381290 43.381290 0.535134 0.535134 0.535134
98900 43.381290 43.381290 43.381290 0.535134 0.535134 0.535134
99000 43.381290 43.381290 43.381290 0.535134 0.535134 0.535134
99100 43.381290 43.381290 43.381290 0.535134 0.535134 0.535134
99200 43.381290 43.381290 43.381290 0.535134 0.535134 0.535134
99300 43.381290 43.381290 43.381290 0.535134 0.535134 0.535134
99400 43.381290 43.381290 43.381290 0.535134 0.535134 0.535134
99500 43.381290 43.381290 43.381290 0.535134 0.535134 0.535134
99600 43.381290 43.381290 43.381290 0.535134 0.535134 0.535134
99700 43.381290 43.381290 43.381290 0.535134 0.535134 0.535134
99800 43.381290 43.381290 43.381290 0.535134 0.535134 0.535134
99900 43.381290 43.381290 43.381290 0.535134 0.535134 0.535134
100000 43.574798 43.574798 43.574798 0.536689 0.536689 0.536689
